ms1,b1,e1,id2,ms2,b2,e2,ch_match,matches_percent
3,0,610,Shamela0001242,320,1131,1452,250,49
3,0,793,JK000468,575,1115,1619,399,61
3,843,1364,JK000468,576,0,480,375,88
4,21,719,JK000468,576,488,860,269,47
5,704,1052,Shia001432Vols,30764,692,1040,281,99
5,645,925,Zaydiyya0000015,827,688,954,218,95
5,765,1048,Tafsir09068,4,188,521,226,83
5,727,1052,JK009270,23,157,482,262,99
5,0,171,Sham19Y0150960,594,1193,1363,135,97
5,645,884,Rafed0003150Vols,74,503,728,185,94
5,765,1048,Tafsir07076,77,1082,1456,232,75
5,704,925,Shamela0023591,33,40,261,181,100
5,645,925,JK001110,67,211,470,198,84
5,704,1052,Rafed0003943Vols,14,1331,1679,281,99
5,704,1052,Shia001362Vols,441,650,999,281,98
5,720,1052,QuranAnalysis001,1,184,516,264,97
5,704,925,Kraken22021606122303,4,728,978,179,87
5,424,925,Sham19Y0014579,5,724,1204,214,37
5,645,925,Shamela0000041,25,945,1190,194,84
5,704,1048,Shamela0023578,62,751,1095,281,100
6,910,1575,ShamAY0037152,562,503,1551,524,61
6,790,1416,Shia001432Vols,2465,131,771,488,92
6,1000,1613,Shia001432Vols,22587,0,613,497,99
6,852,1416,JK009268,181,624,1188,460,100
6,1367,1613,JK009268,197,996,1243,176,85
6,852,1155,Sham19Y0023618,28,517,808,226,92
6,1090,1416,Sham19Y0023618,29,1049,1420,258,83
6,1416,1613,Sham19Y0023618,31,286,484,159,99
6,870,1280,Hindawi070427368,58,0,404,293,89
6,969,1298,Shamela0023628,25,896,1225,265,100
6,1307,1613,Shamela0023628,27,936,1243,250,99
6,845,1354,Rafed0003257Vols,90,9,517,405,98
6,1348,1613,Rafed0003257Vols,102,890,1156,216,99
6,1032,1416,Sham19Y0020891,228,568,951,312,99
6,1032,1613,JK000362,558,87,669,472,99
6,790,1416,JK009270,23,403,1042,488,92
6,1416,1613,JK009270,37,379,577,159,99
6,1218,1516,JK000947,2,1347,1644,244,99
6,852,1530,Shia001269,23,654,1331,550,99
6,1032,1375,JK000101,411,171,511,259,93
6,910,1319,JK000081,901,1248,1656,332,99
6,1218,1505,Shamela0001466,39,331,618,233,98
6,1382,1530,Tafsir04040,1646,1278,1426,119,100
6,910,1416,Tafsir04040,1722,1306,1557,190,45
6,852,1307,JK000374,78,148,603,369,100
6,1307,1530,Shamela0037458,73,1267,1490,182,100
6,1416,1613,JK000087,17,120,345,159,87
6,852,1348,Shamela0023833,338,375,1150,392,62
6,1348,1613,Sham19Y0016953Vols,1010,464,730,216,99
6,1416,1613,JK000381,2933,1233,1431,159,99
6,852,1086,JK000381,3557,1380,1613,190,99
6,910,1218,Shamela0021537,1690,956,1264,249,100
6,852,1218,Shamela0021537,4339,917,1283,296,100
6,899,1422,Shamela0004473,3448,0,523,423,99
6,1218,1541,Shamela0004473,6549,245,568,257,97
6,1107,1323,Shia002380Vols,8,834,1500,168,31
6,1463,1613,Zaydiyya0000328,378,603,852,121,60
6,1348,1586,Shamela0012884,71,1227,1597,182,60
6,852,1348,Masaha002028Vols,799,212,980,390,62
6,1032,1416,Shamela0023591,82,736,1119,312,99
6,1032,1416,Shamela0021821,22,224,608,313,100
6,1416,1613,Sham19Y0021505,166,1158,1356,159,99
6,1416,1613,JK000065,109,1236,1434,159,99
6,1416,1593,JK000869,1,394,571,142,100
6,995,1505,Rafed0003943Vols,17,0,509,414,99
6,852,1090,Shamela0012293,4924,1279,1516,193,99
6,1090,1348,Shamela0012293,4925,0,258,210,100
6,845,1234,Masaha000554Vols,51,1291,1683,305,95
6,1348,1530,Zaydiyya0000299,381,986,1168,148,100
6,790,1613,QuranAnalysis001,1,437,1274,647,94
6,852,1115,ShamAY0033872,17,1324,1586,213,99
6,1115,1348,ShamAY0033872,18,0,233,190,100
6,947,1416,Rafed0001713Vols,38,0,468,381,99
6,852,1274,Hindawi017506357,53,1031,1588,338,74
6,1274,1613,Hindawi017506357,54,0,1036,277,32
6,1348,1530,Shia001288,30,128,310,148,100
6,845,1348,JK001414,1214,967,1243,205,49
6,1032,1416,Sham19Y0014579,13,1257,1641,313,100
6,1416,1613,Sham19Y0014579,17,1313,1511,159,99
6,1032,1228,Shamela0000041,35,348,547,153,95
6,1218,1530,Shamela0000041,36,690,1002,255,100
6,852,1416,Shamela0023578,76,588,1151,459,99
6,1382,1613,Shamela0023578,83,403,688,176,76
6,1416,1613,JK000094,131,587,785,159,99
7,0,165,Shia001432Vols,22587,613,774,124,93
7,0,147,Shamela0023632,76,569,716,119,100
7,0,147,JK009268,197,1243,1390,119,100
7,0,147,Sham19Y0023618,31,484,631,119,100
7,21,157,Shamela0023628,31,588,728,106,95
7,0,147,Rafed0003257Vols,102,1156,1303,119,100
7,0,147,Rafed0003257Vols,108,697,844,119,100
7,0,147,Sham19Y0020891,281,124,271,119,100
7,0,157,JK009270,37,577,737,124,96
7,0,157,Rafed0003150Vols,87,548,709,124,95
7,21,160,JK006476,16,713,852,105,94
7,0,151,Shamela0001466,43,434,590,120,94
7,21,147,Sham19Y0147312,69,720,846,101,100
7,21,142,Sham19Y0013550,28,1500,1620,97,99
7,0,147,Sham19Y0013550,31,610,757,111,92
7,0,157,Zaydiyya0000062,26,682,870,124,80
7,26,157,Shamela0037458,77,0,135,102,94
7,1420,1661,Shamela0021766,28,230,875,121,23
7,21,147,Shamela0000922,28,1113,1239,101,100
7,0,147,JK007018,11,1130,1280,119,98
7,0,147,JK009396,32,390,537,119,100
7,0,147,Sham19Y0023608,30,864,1011,119,100
7,0,147,Sham19Y0016953Vols,1010,730,877,119,100
7,0,147,JK000381,2054,438,585,119,100
7,0,139,JK000381,2933,1431,1569,113,99
7,581,1157,JK000818,3,64,598,202,36
7,0,147,Shamela0009231,92,846,993,119,100
7,21,147,Meshkat00042488,18,553,679,101,100
7,21,151,Shamela0022371,28,520,650,102,98
7,0,147,JK001496,61,396,543,119,100
7,21,142,Zaydiyya0000328,379,154,275,97,100
7,0,147,Shamela0008473,217,466,613,119,100
7,0,147,Shamela0012884,72,28,174,119,99
7,21,147,Shamela0023591,132,534,660,101,100
7,0,147,Shamela0021821,26,1168,1315,119,100
7,0,147,Sham19Y0021505,166,1356,1503,119,100
7,0,147,JK009362,119,73,220,119,100
7,0,147,JK009362,338,1437,1584,119,100
7,21,147,JK001420,24,577,703,101,100
7,26,147,Shia003986,106,0,121,97,100
7,0,147,Sham19Y0020643,54,1369,1516,119,100
7,238,869,Tafsir08060,2,846,1559,225,28
7,0,157,Rafed0003943Vols,23,106,267,124,95
7,0,151,Shamela0010273,37,1157,1308,119,98
7,26,147,Shamela0007798,205,0,121,97,100
7,0,147,Shia002334,82,567,714,119,100
7,21,147,Sham19Y0014404,31,347,473,101,100
7,21,147,Meshkat00057178,170,62,188,101,100
7,0,157,QuranAnalysis001,1,1274,1435,124,95
7,21,147,Zaydiyya0000474,57,469,595,101,100
7,0,147,Shamela0023596,128,84,231,119,100
7,0,147,Rafed0001713Vols,50,515,662,119,100
7,0,147,Hindawi017506357,54,1036,1183,119,100
7,0,147,Sham19Y0007849,71,51,201,119,98
7,0,147,Sham19Y0014579,17,1511,1658,119,100
7,0,147,Shamela0000041,38,1130,1277,119,100
7,763,1293,Shamela0023578,79,101,528,175,35
7,0,147,Shamela0023578,83,688,835,119,100
8,0,540,Tafsir08060,3,467,1053,224,36
9,977,1587,ShamAY0037152,563,615,1460,357,47
9,1238,1417,Shia001432Vols,2168,1213,1393,145,99
9,874,1610,Shia001432Vols,2465,787,1280,386,65
9,1061,1610,Shia001432Vols,28459,341,675,257,58
9,1061,1420,Shia001432Vols,28477,447,807,289,98
9,1238,1417,Shamela0023632,84,547,726,145,100
9,1238,1410,Zaydiyya0000015,1429,1398,1570,139,100
9,1238,1417,Shia004012,195,1125,1303,144,99
9,1209,1417,JK009268,230,404,635,161,84
9,986,1238,Sham19Y0023618,34,0,252,205,100
9,1278,1417,AOCP20251104125,129,0,139,110,98
9,1159,1420,Shamela0023628,34,63,325,213,99
9,1238,1610,Rafed0003257Vols,128,913,1287,300,99
9,1238,1420,Sham19Y0020891,348,1362,1544,146,99
9,1238,1417,JK000030,250,1198,1377,145,100
9,1238,1417,Shamela0023606,93,1242,1421,145,100
9,1061,1417,JK009270,54,128,484,289,100
9,1238,1417,Meshkat0014420,66,453,632,145,100
9,1238,1417,Shamela0036076,2,40,219,145,100
9,1238,1559,Rafed0003150Vols,90,1101,1567,259,68
9,1371,1496,JK006476,21,464,592,101,97
9,1238,1417,Shia001171,551,232,411,144,99
9,1238,1401,JK000083,137,395,558,132,100
9,1291,1417,JK000083,176,0,126,102,100
9,1197,1417,Sham19Y0147312,78,1326,1546,153,85
9,1262,1410,AOCP20251117019,313,0,150,119,98
9,1238,1438,Sham19Y0013550,27,338,533,149,92
9,1159,1417,Sham19Y0013550,32,1092,1573,211,53
9,1238,1410,Zaydiyya0000062,29,1132,1304,139,100
9,1159,1420,Shamela0037458,82,1254,1516,213,99
9,1238,1417,Shamela0000922,32,1150,1329,145,100
9,1238,1417,Tafsir07076,3995,186,364,144,99
9,1191,1417,JK007018,13,154,470,175,66
9,1238,1417,Rafed0000705Vols,1293,1260,1439,145,100
9,1238,1417,Shamela0037325,1360,1129,1308,145,100
9,1238,1417,JK009396,34,1130,1309,145,100
9,1202,1417,Sham19Y0023608,36,392,635,165,82
9,1159,1417,Meshkat00042488,22,101,359,211,100
9,1061,1467,Rafed0003726Vols,27,668,1208,242,47
9,1159,1417,Shamela0022371,29,424,900,211,53
9,1238,1417,JK001496,82,847,1028,145,98
9,1238,1417,Shamela0008473,234,880,1059,145,100
9,1238,1417,JK009265,470,549,728,145,100
9,1238,1417,Noorlib0017761Vols,301,585,764,145,100
9,1238,1417,Shamela0012884,83,20,198,145,99
9,1202,1417,Shamela0023591,171,969,1218,175,85
9,1238,1405,JK009266,254,1385,1551,135,99
9,1061,1417,Shamela0021821,30,1160,1516,289,100
9,1238,1417,Shia004549Vols,388,1071,1245,141,97
9,1209,1417,JK001420,27,1295,1490,152,90
9,1238,1417,Sham19Y0020643,86,664,843,145,100
9,1278,1417,JK006478,526,0,140,112,99
9,1368,1610,JK006478,604,598,842,194,98
9,1224,1417,JK000082,53,0,193,157,100
9,817,1417,Rafed0003943Vols,23,196,796,452,93
9,1061,1420,Shamela0010273,41,146,506,291,99
9,1238,1417,Shamela0007798,236,810,989,145,100
9,264,900,Tafsir01006,48,683,1488,397,58
9,1238,1417,Shamela0012293,4907,1143,1322,145,100
9,1061,1417,Shia002334,93,112,468,289,100
9,1238,1417,Sham19Y0014404,33,665,844,145,100
9,1238,1417,Meshkat00057178,197,971,1150,145,100
9,1070,1610,QuranAnalysis001,2,0,541,437,99
9,1209,1417,Rafed0001713Vols,64,1279,1485,155,92
9,1238,1417,Sham19Y0007849,138,129,308,145,100
9,874,1417,Sham19Y0014579,22,166,708,441,99
9,1238,1417,Shia001615Vols,403,155,334,145,100
9,1017,1238,Shamela0000041,41,0,221,180,100
9,874,1484,Shamela0023578,88,672,1290,460,92
10,1075,1250,Shia001432Vols,5564,519,966,105,27
10,0,263,Shamela0023632,89,1016,1279,211,100
10,0,263,Sham19Y0023618,38,154,417,211,100
10,0,263,JK009270,68,688,951,211,100
10,0,191,Shamela0037458,90,1385,1575,154,99
10,1048,1390,Shamela0021766,38,627,1102,170,40
10,392,788,ShamIbadiyya0000075,18,1058,1343,139,36
10,0,263,Shamela0023591,187,760,1023,211,100
10,0,263,Shamela0021821,35,498,760,210,99
10,404,832,Shamela0010273,39,1052,1456,100,20
10,0,263,QuranAnalysis001,2,541,804,211,100
10,0,263,Sham19Y0014579,27,915,1178,211,100
10,0,263,Shamela0000041,47,698,961,211,100
10,0,266,Shamela0023578,93,77,343,211,99
11,401,1282,JK000865,7,105,954,322,38
11,723,1560,JK000818,6,10,852,320,38
11,784,935,Meshkat00042488,25,36,577,119,27
11,606,1038,ShamIbadiyya0000075,21,143,660,199,38
11,606,1053,Tafsir08060,5,951,1573,176,29
12,586,994,Shia001432Vols,3272,715,1118,326,98
12,586,998,Shia001432Vols,3291,504,916,331,99
12,1070,1413,Shia001432Vols,3326,169,512,277,100
12,1070,1478,Shia001432Vols,3359,623,1031,329,99
12,637,909,Shia001432Vols,13551,1249,1520,220,99
12,1129,1287,Shia002185Vols,1383,1444,1601,129,99
12,1266,1474,Shamela0023632,109,1123,1334,165,97
12,586,994,Shamela0000894,1595,912,1320,330,100
12,994,1507,JK009268,284,1104,1601,402,95
12,1070,1333,JK000903,2,26,289,209,98
12,870,1169,Shamela0023628,45,600,899,244,100
12,586,994,Rafed0003257Vols,146,49,457,330,100
12,1070,1311,Rafed0003257Vols,170,1489,1729,195,99
12,1311,1474,Rafed0003257Vols,171,0,163,133,100
12,870,1507,Rafed0000110,9,0,626,499,96
12,586,888,Sham19Y0020891,406,1252,1553,243,99
12,994,1274,Sham19Y0020891,416,1267,1547,229,100
12,1266,1474,Sham19Y0020891,422,446,656,165,97
12,1169,1474,Shamela0023606,97,308,706,183,52
12,1169,1474,JK009270,102,729,1034,248,100
12,1169,1478,ShamAY0036821,95,1044,1349,243,97
12,586,994,Hindawi057380918,85,381,789,330,100
12,994,1333,JK000083,25,356,696,272,98
12,870,1328,Shamela0001466,75,131,580,365,96
12,586,1208,Shamela0004445,93,923,1544,506,99
12,1208,1474,Shamela0004445,94,0,266,215,100
12,586,994,JK001263,120,400,802,323,98
12,586,994,Shamela0006947,19724,1065,1472,329,99
12,1070,1474,Hindawi030536269,250,1142,1546,328,100
12,586,1070,Hindawi049164181,33,0,483,392,99
12,1070,1328,Shamela0037458,107,34,292,209,100
12,586,1024,JK000087,443,633,1069,354,99
12,586,947,Noorlib0038508,198,1125,1464,273,93
12,1076,1321,Shia003752Vols,351,947,1192,198,100
12,1070,1328,Sham19Y0023608,53,1141,1399,209,100
12,586,1474,Shia003721Vols,1,49,934,716,99
12,1212,1474,Shia003721Vols,17,919,1191,212,95
12,586,1012,Shia003636Vols,1070,785,1190,308,87
12,586,1012,Shia003636Vols,1222,885,1289,307,87
12,586,1403,Shamela0004473,7551,845,1661,662,99
12,586,926,Shamela0004473,8307,1325,1664,275,99
12,586,994,Shamela0004473,9160,560,968,330,100
12,586,1474,Sham19Y0145435,4922,575,1461,719,99
12,994,1274,JK001496,103,149,430,229,99
12,586,1413,Hindawi020618509,35,191,1018,670,100
12,586,998,Shamela0023591,222,981,1392,332,99
12,1169,1474,Shamela0023591,264,197,502,248,100
12,586,994,Shia003749,26,120,528,330,100
12,586,1070,Hindawi018502737,3,192,676,393,100
12,586,1413,Hindawi018502737,89,339,1166,670,100
12,1024,1507,Shamela0021821,44,0,485,377,92
12,725,1061,AOCP20251117016Vols,199,144,479,265,97
12,586,1045,AOCP20251117016Vols,253,985,1441,360,97
12,513,994,Hindawi092514250,141,421,856,351,90
12,1070,1333,Shamela0022653,112,852,1115,209,98
12,1070,1328,Hindawi020938505Vols,336,828,1086,209,100
12,994,1333,JK000082,19,960,1293,268,97
12,1041,1274,JK000082,40,0,233,190,100
12,725,1531,Rafed0003943Vols,29,636,1428,624,95
12,586,994,Shamela0010273,47,478,886,330,100
12,1070,1328,Shamela0010273,50,905,1163,209,100
12,586,1012,JK000064,869,739,1172,336,95
12,586,943,Shia004456Vols,2368,1317,1673,288,99
12,1248,1474,Shia002334,140,0,225,183,99
12,747,1328,Rafed0003799Vols,1911,0,575,470,98
12,513,1351,QuranAnalysis001,2,777,1568,641,94
12,1070,1328,Rafed0001713Vols,89,417,675,209,100
12,994,1328,Sham19Y0014579,37,703,1036,272,99
12,978,1328,Shamela0000041,52,19,391,285,94
12,537,1254,Shamela0023578,94,888,1602,558,95
12,1254,1498,Shamela0023578,95,0,273,194,88
13,461,579,Shamela0001466,72,859,1007,63,54
13,233,427,ShamIbadiyya0000075,23,161,403,135,69
13,995,1423,ShamIbadiyya0000075,24,247,981,195,30
13,1059,1562,Shamela0000041,51,603,1171,179,33
14,322,1486,JK000818,8,22,1131,375,33
15,115,446,Shia001432Vols,2465,1297,1596,237,86
15,295,690,Shia001432Vols,2751,46,357,258,77
15,115,574,Shia001432Vols,21745,1031,1516,377,93
15,115,295,Shamela0023632,113,247,427,148,100
15,338,566,Shamela0023632,116,0,229,189,97
15,115,574,JK009268,321,223,683,378,98
15,55,295,Sham19Y0023618,51,1062,1296,189,95
15,115,345,Hindawi070427368,51,700,930,190,100
15,55,574,Shamela0023628,51,1039,1593,351,69
15,115,458,Rafed0003257Vols,194,171,514,286,100
15,115,295,Sham19Y0020891,427,913,1093,148,100
15,115,332,JK000362,119,1343,1559,179,99
15,115,393,JK010001,4075,1222,1499,231,99
15,115,327,JK009270,112,1415,1625,175,99
15,319,690,JK009270,121,325,604,223,71
15,184,393,Rafed0003150Vols,103,920,1151,172,89
15,122,393,ShamAY0036821,102,483,750,219,97
15,115,439,JK000373,150,858,1162,204,71
15,338,559,Shamela0001466,87,0,220,183,97
15,115,295,Shamela0004445,412,452,632,148,100
15,55,295,Sham19Y0013550,37,573,970,189,57
15,55,306,Zaydiyya0000062,38,1363,1613,192,90
15,115,574,Tafsir07076,200,35,529,374,90
15,115,345,JK007018,20,237,475,188,95
15,115,295,JK009396,50,337,517,148,100
15,115,393,Sham19Y0023608,61,1077,1355,231,100
15,115,299,Shia003721Vols,322,369,553,149,98
15,108,295,JK001496,106,524,711,150,96
15,115,295,Shamela0008473,280,404,584,148,100
15,115,332,Tafsir07055,4188,1340,1555,179,99
15,115,393,Shamela0012884,149,713,988,227,97
15,115,393,Shamela0023591,285,1308,1586,231,100
15,115,458,Shamela0010283,3345,455,873,246,71
15,115,589,Shamela0021821,49,327,829,393,94
15,115,513,JK001110,67,547,945,333,100
15,332,690,JK006478,766,7,281,219,71
15,115,690,Rafed0003943Vols,32,691,1181,398,82
15,115,393,Shamela0010273,53,1101,1379,231,100
15,55,513,Shia002394Vols,169,605,1501,368,48
15,130,483,JK009237,6019,1100,1350,209,70
15,295,690,Shia002334,145,1063,1373,260,78
15,205,393,Masaha000554Vols,106,320,508,148,93
15,115,393,Kraken2108160843551,133,279,558,225,96
15,118,393,Kraken2108160843551,168,474,745,223,96
15,55,690,QuranAnalysis001,3,69,612,438,82
15,115,345,Rafed0001713Vols,96,31,267,190,97
15,55,295,Zaydiyya0000476,192,108,504,187,56
15,115,295,Zaydiyya0000476,246,47,228,148,98
15,115,393,Sham19Y0014579,45,361,638,231,99
15,55,215,Shamela0000041,56,1352,1505,124,93
15,215,393,Shamela0000041,57,0,178,148,100
15,393,690,Shamela0000041,59,784,995,177,71
15,205,690,Shamela0023578,106,0,400,333,82
16,1334,1482,Shia001432Vols,1468,901,1049,121,100
16,768,1131,Shia001432Vols,2751,265,577,251,84
16,1025,1187,Shia001432Vols,3955,134,296,134,100
16,1187,1594,Shia001432Vols,4073,797,1204,330,99
16,1334,1486,Shia001432Vols,4107,769,921,122,98
16,867,1127,Shamela0023632,119,1287,1547,211,100
16,1127,1334,Shamela0023632,123,775,982,170,100
16,1294,1536,Shamela0023632,127,1241,1594,196,67
16,1334,1557,Rafed0000040Vols,423,1115,1338,181,100
16,1025,1334,JK009268,336,1075,1384,254,100
16,1294,1694,JK009268,345,1074,1533,314,83
16,1127,1482,Sham19Y0023618,58,993,1348,291,100
16,768,1127,Shamela0023628,56,1225,1532,250,85
16,1187,1486,Shamela0023628,62,551,850,244,100
16,1025,1482,Rafed0003257Vols,212,879,1336,375,100
16,1334,1499,Rafed0003257Vols,218,1003,1164,127,94
16,1290,1482,Sham19Y0020891,451,1224,1416,158,100
16,768,1187,JK009270,121,514,879,297,86
16,1187,1594,JK009270,131,368,773,329,99
16,1025,1165,Meshkat0014420,126,586,876,113,47
16,768,1069,Rafed0003150Vols,105,1331,1597,202,78
16,1029,1231,Rafed0003150Vols,106,1253,1565,167,64
16,1231,1468,Rafed0003150Vols,108,8,235,183,94
16,1431,1677,Rafed0003150Vols,109,245,525,200,87
16,1334,1694,ShamAY0036821,118,769,1122,287,96
16,867,1694,Shamela0004445,412,452,1330,587,72
16,1334,1482,Shamela0004445,422,826,974,121,100
16,937,1187,Sham19Y0013550,39,481,902,203,59
16,1109,1283,Zaydiyya0000062,43,0,178,141,96
16,1025,1269,Shamela0037458,133,598,840,193,96
16,1252,1482,Shamela0037458,137,174,404,188,100
16,1294,1482,JK000791,55,0,239,137,69
16,1334,1494,Shamela0000922,53,22,182,125,96
16,1187,1334,JK007018,22,1435,1589,120,95
16,1334,1499,JK007018,23,667,844,129,87
16,1025,1187,JK009396,54,908,1070,134,100
16,1187,1347,JK009396,56,322,496,128,90
16,1334,1482,JK009396,58,161,309,121,100
16,1131,1334,Sham19Y0023608,74,971,1174,167,100
16,1252,1694,Sham19Y0023608,77,379,1336,361,46
16,1334,1482,Shamela0009231,157,728,876,121,100
16,1334,1482,Zaydiyya0000408,337,128,275,120,99
16,1290,1499,Meshkat00042488,40,180,789,165,32
16,867,1694,Shia003721Vols,322,369,1230,587,73
16,1334,1482,Shia003721Vols,332,354,502,121,100
16,1334,1482,Shamela0004473,13496,1265,1413,121,100
16,1187,1499,Shamela0004473,14140,208,523,213,82
16,1127,1694,Shamela0022371,51,585,1336,253,33
16,1334,1499,Shia001544Vols,229,1081,1241,125,93
16,1215,1594,Shia002380Vols,22,39,1041,300,36
16,1174,1482,JK001496,113,128,933,245,37
16,1025,1187,Shamela0008473,298,812,974,134,100
16,1450,1628,Shamela0008473,305,15,190,120,76
16,1187,1482,Shamela0012884,164,256,1261,235,28
16,867,1127,Shamela0023591,314,412,672,211,100
16,1127,1334,Shamela0023591,328,478,685,170,100
16,1334,1649,Shamela0023591,342,1277,1591,257,99
16,1187,1482,Shia003749,297,68,363,241,100
16,1334,1550,Zaydiyya0000454,86,276,491,175,99
16,1025,1305,Shamela0021821,54,966,1263,220,90
16,1290,1694,Shamela0021821,57,682,1087,332,99
16,1290,1482,JK001420,43,123,403,158,68
16,1225,1518,Tafsir08060,10,938,1534,208,43
16,768,1334,Rafed0003943Vols,32,1089,1603,420,90
16,1334,1694,Rafed0003943Vols,35,1238,1599,295,99
16,1187,1334,Shamela0010273,61,192,339,120,100
16,1334,1482,Shamela0010273,62,464,612,121,100
16,1334,1482,Shamela0007798,402,292,440,121,100
16,1025,1187,Shia002394Vols,171,769,931,134,100
16,1187,1334,Shia002394Vols,174,640,785,118,98
16,977,1499,Tafsir06048,21,313,1235,385,50
16,768,1127,Shia002334,145,1281,1588,250,85
16,1127,1334,Shia002334,154,509,716,170,100
16,1334,1594,Shia002334,158,601,861,211,100
16,1187,1482,Masaha000554Vols,131,1331,1624,237,97
16,1252,1431,Masaha000554Vols,132,1178,1642,146,38
16,768,1694,QuranAnalysis001,3,521,1395,714,94
16,1025,1290,Rafed0001713Vols,104,734,999,217,100
16,1203,1694,Rafed0001713Vols,107,842,1567,396,66
16,1025,1187,Shamela0000432,5292,1379,1541,134,100
16,993,1147,Sham19Y0014579,54,1230,1464,125,65
16,1147,1334,Sham19Y0014579,55,0,187,154,100
16,1252,1594,Sham19Y0014579,58,435,1660,275,27
16,1334,1594,Tafsir07057,1364,267,525,209,98
16,977,1191,Shamela0000041,61,1264,1558,174,72
16,1174,1486,Shamela0000041,65,1074,1415,255,91
16,1025,1486,Shamela0023578,110,1115,1576,378,100
17,7,217,Shamela0008381,977,406,616,172,100
17,0,217,Shia001432Vols,4047,67,284,178,100
17,0,127,Shamela0023632,130,1336,1463,101,96
17,73,217,JK009268,352,0,144,118,100
17,7,217,EShia0071807,1096,177,387,172,100
17,7,217,Shamela0023628,68,250,460,172,100
17,0,217,Rafed0003257Vols,225,255,472,178,100
17,7,217,Rafed0003257Vols,5666,508,718,172,100
17,7,232,Sham19Y0020891,459,378,616,175,90
17,0,217,JK009270,140,219,436,178,100
17,0,161,Rafed0003150Vols,110,539,700,132,100
17,7,210,ShamAY0036821,123,1365,1565,163,98
17,0,122,Sham19Y0147312,114,675,797,101,100
17,7,217,Shamela0004445,480,421,631,172,100
17,7,217,Sham19Y0013550,40,947,1374,172,49
17,7,217,JK007018,24,484,697,172,98
17,7,217,JK009396,60,293,503,172,100
17,7,217,Sham19Y0023608,81,331,541,172,100
17,7,217,Shia003721Vols,389,1221,1431,172,100
17,40,217,JK000894,17,0,624,145,28
17,765,1635,ShamIbadiyya0000075,29,92,1048,403,41
17,7,217,Shamela0004473,14141,1112,1322,172,100
17,7,217,Shamela0001419,33,1106,1316,172,100
17,7,232,Tafsir02102,85,1349,1590,179,90
17,7,217,Shamela0008473,315,900,1110,172,100
17,7,217,Shamela0023591,366,417,627,172,100
17,7,217,JK009266,440,1142,1352,172,100
17,7,217,Shamela0021821,60,1295,1505,172,100
17,7,217,JK009362,542,1132,1343,172,99
17,16,217,Shamela0022653,17,0,641,165,31
17,7,217,Sham19Y0020643,172,175,385,172,100
17,7,217,JK006478,831,81,299,172,96
17,89,217,Rafed0003943Vols,36,0,128,105,100
17,7,217,Shamela0010273,66,471,681,172,100
17,7,217,Shia002394Vols,180,1189,1399,172,100
17,16,217,Shia002334,162,0,201,165,100
17,0,217,QuranAnalysis001,3,1395,1612,178,100
17,49,220,Rafed0001713Vols,108,0,171,138,98
17,7,217,Sham19Y0014579,64,405,615,172,100
17,7,217,Tafsir07057,1364,1414,1623,172,99
17,7,217,Tafsir07057,2078,92,302,172,100
17,7,217,Shamela0000041,71,146,356,172,100
17,0,217,Shamela0023578,118,1021,1238,178,100
18,831,1121,Meshkat00042485,837,302,586,126,40
18,1051,1461,Shia002356Vols,36,914,1535,196,35
18,0,594,Tafsir08060,10,1203,1626,236,45
18,1026,1591,Tafsir01006,95,108,895,288,36
18,239,645,Shia002394Vols,177,886,1393,162,31
18,0,305,Shamela0000041,68,206,453,144,50
18,0,685,JK000876,59,290,1239,243,26
18,1051,1455,JK000876,60,503,1276,220,34
19,661,1009,JK000330,210,1008,1369,263,90
19,875,1009,Shamela0008381,801,621,755,111,100
19,535,692,Shamela0008381,977,1407,1564,127,100
19,190,1041,Shia001432Vols,4047,173,794,480,68
19,574,875,Shia001432Vols,4055,838,1170,170,58
19,535,922,Shia001432Vols,4064,767,1537,288,45
19,709,875,Shia001432Vols,4121,985,1160,133,94
19,435,692,Shamela0023632,134,1126,1328,164,78
19,692,1013,Shamela0023632,136,1114,1433,256,98
19,676,875,Rafed0000040Vols,424,359,558,149,94
19,546,1009,JK009268,356,1059,1522,375,100
19,190,692,Sham19Y0023618,65,349,606,209,51
19,692,1009,Sham19Y0023618,67,1008,1323,255,99
19,190,696,Shamela0023628,68,349,610,212,51
19,692,1025,Shamela0023628,70,727,1059,264,97
19,190,1009,Rafed0003257Vols,225,361,933,464,69
19,692,842,Zaydiyya0000044,115,332,481,120,99
19,585,875,Tafsir09084,71,1247,1500,172,74
19,806,964,Tafsir09084,72,1307,1555,128,62
19,546,692,Sham19Y0020891,462,1184,1330,118,100
19,692,1009,Sham19Y0020891,466,370,685,255,99
19,546,1009,JK009270,146,116,578,373,99
19,546,692,Meshkat0014420,147,0,146,118,100
19,692,1009,Meshkat0014420,148,1145,1461,257,99
19,220,792,Rafed0003150Vols,111,233,831,297,51
19,661,1009,Rafed0003150Vols,112,131,818,277,49
19,846,1009,Noorlib18399BK2,30,871,1032,132,98
19,646,858,JK006476,38,809,1305,169,42
19,858,1009,JK006476,39,858,1009,124,100
19,692,1034,Masaha003709,3,692,1033,264,95
19,546,1009,ShamAY0036821,124,7,466,370,98
19,498,692,Sham19Y0147312,117,902,1082,130,81
19,692,1041,Sham19Y0147312,118,1059,1421,267,90
19,546,762,Shamela0004445,412,1368,1583,172,99
19,762,1009,Shamela0004445,413,0,247,203,100
19,875,1009,Sham19Y0014592,1725,11,145,111,100
19,731,902,Sham19Y0014592,1989,0,171,139,100
19,875,1009,Sham19Y0014592,1998,1358,1492,111,100
19,875,1009,Sham19Y0014592,2243,780,914,111,100
19,546,692,Sham19Y0013550,42,418,564,118,100
19,591,1025,Zaydiyya0000062,48,639,1260,342,68
19,726,875,Hindawi013538483,391,0,149,120,100
19,435,692,Shamela0037458,144,827,1029,164,78
19,692,833,Shamela0037458,146,1413,1553,113,99
19,833,1041,Shamela0037458,147,0,195,156,92
19,540,666,JK000791,58,1477,1602,102,99
19,692,1009,JK000791,59,925,1242,257,100
19,546,692,Noorlib0038508,113,477,623,118,100
19,692,875,Noorlib0038508,114,401,638,146,77
19,574,875,Shamela0023833,342,0,513,179,40
19,546,721,Shamela0000922,56,1226,1388,123,88
19,626,1009,Shamela0000922,57,896,1323,291,82
19,692,875,Tafsir07076,227,932,1114,146,99
19,692,956,Tafsir07076,1167,1295,1556,212,98
19,709,846,Tafsir07076,6354,986,1123,110,100
19,709,875,Tafsir07076,8115,562,728,133,100
19,709,846,Tafsir07076,9171,1216,1353,110,100
19,709,839,Tafsir07076,9215,1484,1613,105,99
19,535,709,JK007018,24,1247,1449,129,79
19,692,1009,JK007018,25,87,404,256,99
19,435,692,Shia003744Vols,34,958,1185,171,78
19,546,709,JK009396,61,677,850,127,90
19,692,1009,JK009396,62,179,496,257,100
19,546,692,Sham19Y0023608,82,1144,1290,118,100
19,692,1009,Sham19Y0023608,86,644,959,255,99
19,875,1009,Shamela0009637,44,1361,1495,111,100
19,846,1009,Sham19Y0016953Vols,933,612,775,134,100
19,875,1009,JK000381,773,450,584,111,100
19,546,692,Shamela0009231,168,46,192,118,100
19,785,1009,Shamela0009231,171,0,224,184,100
19,435,692,Meshkat00042488,43,659,996,187,68
19,546,887,Shia003721Vols,322,1248,1588,274,99
19,435,875,ShamIbadiyya0000075,31,483,1260,313,47
19,875,1009,Shamela0004473,4959,1102,1236,111,100
19,875,1009,Shamela0004473,5597,455,589,111,100
19,220,619,Shamela0004473,13798,707,1348,142,20
19,670,810,Shamela0004473,13799,515,682,110,82
19,540,692,Shamela0004473,14139,173,325,123,100
19,692,1009,Shamela0004473,14140,951,1268,257,100
19,220,1013,Shamela0022371,53,43,975,452,49
19,546,875,Sham19Y0145435,1152,232,540,215,76
19,540,692,Masaha003034,54,1338,1490,123,100
19,546,692,Shia002356Vols,37,812,958,118,100
19,670,1013,Shia002356Vols,38,149,513,272,92
19,881,1009,Zaydiyya0000385,10,917,1045,106,100
19,574,875,Tafsir04038,16,656,1076,94,21
19,709,875,Tafsir04038,475,931,1107,133,94
19,546,887,Shia002380Vols,23,891,1548,267,50
19,546,709,JK001496,117,106,278,127,91
19,692,1009,JK001496,118,252,570,257,99
19,546,692,Shamela0008473,320,919,1065,118,100
19,806,1009,Shamela0008473,324,1039,1334,166,68
19,641,1009,Shia002382Vols,113,28,941,287,38
19,540,875,MMS00013,2750,71,380,216,74
19,540,692,Shamela0012884,170,1022,1183,123,94
19,692,1009,Shamela0012884,171,962,1279,257,100
19,661,1009,JK000378,12,1229,1590,263,90
19,190,1009,Shamela0023591,366,516,1088,464,69
19,546,692,JK009266,451,1177,1323,118,100
19,666,1009,JK009266,458,87,432,265,94
19,692,875,Shamela0010283,2509,237,639,144,45
19,692,1009,Kraken220413202144,100,730,1058,245,92
19,574,875,Shia003749,291,471,787,172,65
19,701,875,Zaydiyya0000076BK16,14,1020,1194,139,100
19,429,1025,Shamela0021821,62,169,1048,418,59
19,546,692,JK009362,548,201,347,118,100
19,498,692,JK001420,45,1339,1546,135,77
19,591,1009,JK001420,46,44,508,289,78
19,574,875,JK000911,122,1120,1456,187,69
19,875,1009,JK000376,117,791,925,111,100
19,546,692,Sham19Y0020643,173,611,757,118,100
19,676,1009,Sham19Y0020643,174,695,1027,261,96
19,540,709,JK006478,840,52,234,127,86
19,666,1009,JK006478,845,548,902,266,92
19,190,696,Rafed0003943Vols,36,17,278,210,51
19,692,1009,Rafed0003943Vols,37,805,1120,255,99
19,546,692,Shamela0010273,67,1167,1313,118,100
19,692,1013,Shamela0010273,69,270,589,255,98
19,220,657,Shamela0007798,429,1077,1484,166,36
19,692,1009,Shamela0007798,433,841,1158,257,100
19,875,1009,JK000805,43,37,170,110,99
19,535,696,Masaha002865,294,19,174,123,95
19,546,1119,Shia002394Vols,182,1131,1341,167,36
19,1239,1497,Shia002394Vols,183,1093,1453,166,55
19,810,1009,Shia002394Vols,184,0,199,163,100
19,701,1009,Kraken210622021806,398,657,957,243,93
19,197,846,Tafsir06048,26,575,1475,294,32
19,875,1009,Sham19Y0018567,342,589,723,111,100
19,190,1009,Shia002334,162,90,664,466,70
19,692,956,Shia002334,164,917,1529,205,41
19,435,709,Sham19Y0014404,53,953,1279,189,71
19,591,1025,Sham19Y0014404,54,386,976,343,71
19,731,956,EScr20112411,28,1073,1300,160,87
19,692,1025,Meshkat00057178,314,237,581,265,94
19,540,692,Masaha000554Vols,139,1310,1462,120,96
19,692,1009,Masaha000554Vols,142,123,437,253,97
19,619,1009,QuranAnalysis001,4,0,390,315,100
19,846,1009,Shamela0011288,15,901,1064,134,100
19,546,1119,Rafed0001713Vols,112,747,1063,177,35
19,692,1009,Rafed0001713Vols,114,51,366,255,99
19,190,692,Sham19Y0014579,64,504,761,209,51
19,692,1009,Sham19Y0014579,69,241,557,257,99
19,546,828,Shamela0009783BK1,327,1350,1600,181,76
19,319,1225,Shamela0000041,72,173,956,276,28
19,603,1025,Shamela0000041,73,421,1066,334,64
19,237,828,Shamela0023578,121,1021,1611,320,58
19,828,1009,Shamela0023578,122,0,179,146,98
20,1374,1607,Shamela0023632,140,1252,1486,191,99
20,1374,1607,JK009268,363,78,312,191,99
20,1374,1604,Sham19Y0023618,67,1323,1552,188,99
20,1374,1607,ShamAY0036821,133,330,562,186,96
20,936,1374,Meshkat00042485,864,722,1284,232,47
20,1374,1607,Rafed0003943Vols,37,1120,1354,191,99
20,831,1374,Tafsir01006,98,459,1346,306,41
20,831,1252,Shia002394Vols,186,114,749,225,39
20,1374,1607,QuranAnalysis001,4,390,624,191,99
20,859,1252,Rafed0001713Vols,115,760,1520,254,39
20,859,1259,Tafsir04042,470,658,1288,132,24
20,1374,1607,Shamela0000041,75,37,271,191,99
21,189,665,JK000908,23,541,1017,378,100
21,170,665,Shia001432Vols,4129,543,1037,393,99
21,219,648,Shia001432Vols,4133,141,753,314,63
21,219,492,Shia001432Vols,23118,1019,1476,193,51
21,492,648,Shia001432Vols,23119,0,154,121,96
21,50,273,Shamela0023632,145,830,1053,182,100
21,219,544,Shamela0023632,149,341,701,227,81
21,189,658,Zaydiyya0000015,2291,44,514,372,99
21,0,170,JK009268,363,312,482,140,100
21,170,665,JK009268,369,817,1312,393,100
21,170,665,Sham19Y0023618,73,374,869,393,100
21,0,273,Shamela0023628,74,305,578,223,100
21,273,519,Shamela0023628,77,1271,1516,193,99
21,519,665,Shamela0023628,78,0,146,117,100
21,0,170,Rafed0003257Vols,238,1534,1705,140,99
21,170,382,Rafed0003257Vols,243,1490,1701,168,99
21,382,665,Rafed0003257Vols,244,0,283,225,100
21,238,456,Zaydiyya0000044,43,0,218,171,100
21,456,680,Tafsir09084,82,5,401,176,55
21,207,640,Tafsir09084,83,23,658,278,54
21,0,174,Sham19Y0020891,472,390,564,143,100
21,145,665,Sham19Y0020891,474,621,1201,410,88
21,4,238,Sham19Y0020966,38,494,925,191,54
21,0,174,JK009270,174,1419,1592,143,99
21,174,665,JK009270,175,0,491,390,100
21,189,479,Masaha003448Vols,155,1226,1515,230,99
21,479,665,Masaha003448Vols,156,0,186,148,100
21,88,619,Shamela0005756,11226,739,1243,123,18
21,0,170,Rafed0003150Vols,114,1288,1459,140,99
21,261,586,Rafed0003150Vols,116,0,325,256,100
21,170,441,ShamAY0036821,135,1248,1517,213,99
21,441,665,ShamAY0036821,136,0,222,176,98
21,1029,1461,Shamela0001466,106,1054,1540,153,32
21,4,273,Shamela0001466,107,245,510,216,98
21,273,536,Shamela0001466,111,1270,1529,202,97
21,536,665,Shamela0001466,112,0,122,96,93
21,287,665,Shamela0004445,431,0,378,299,100
21,403,665,Shamela0004445,432,327,742,183,53
21,319,619,Sham19Y0020892,249,1364,1506,100,41
21,314,648,Shia001142Vols,12,0,460,239,62
21,170,465,Zaydiyya0000062,51,1269,1573,234,96
21,435,658,Zaydiyya0000062,52,1291,1519,162,88
21,0,170,Shamela0037458,154,719,889,140,100
21,170,376,Shamela0037458,156,754,960,163,100
21,446,665,Shamela0037458,158,1145,1351,161,92
21,170,376,JK000791,65,1171,1377,163,100
21,238,501,JK000791,66,957,1518,158,33
21,350,665,Noorlib0038508,128,115,632,225,54
21,131,665,JK007018,27,446,1020,413,90
21,273,665,JK009396,68,270,662,310,100
21,4,170,Sham19Y0023608,92,640,1047,137,40
21,170,665,Sham19Y0023608,94,974,1469,393,100
21,170,665,Shia002333,4,594,1087,390,99
21,238,501,Meshkat00042488,48,1109,1465,204,73
21,4,665,Shia003721Vols,340,626,1248,434,76
21,403,648,Shia003721Vols,341,1132,1520,169,52
21,273,562,Shamela0022371,56,360,1302,209,28
21,131,376,Shia002356Vols,40,1046,1350,187,77
21,376,665,Shia002356Vols,41,711,997,228,98
21,376,665,Tafsir04038,18,33,396,227,78
21,219,425,Shia002380Vols,25,1135,1542,154,48
21,4,174,JK001496,120,970,1143,140,98
21,125,665,JK001496,121,888,1526,422,83
21,283,683,Shamela0008473,339,0,586,299,65
21,178,648,Shamela0008473,341,297,1081,347,56
21,273,465,Shamela0008473,343,458,650,151,100
21,178,575,Shamela0012884,183,316,658,185,51
21,273,665,Shamela0012884,184,963,1348,301,97
21,0,174,Shamela0023591,406,49,223,141,98
21,170,665,Shamela0023591,422,474,969,393,100
21,170,665,JK009266,490,788,1283,393,100
21,279,640,Shia003749,315,22,446,259,76
21,345,640,Tafsir10098,32,13,473,226,62
21,135,665,Shamela0021821,68,259,894,420,83
21,170,544,Rafed0003793Vols,257,466,840,296,100
21,50,544,Rafed0003793Vols,379,1057,1504,346,88
21,219,648,Shia002389Vols,86,430,1045,314,63
21,174,640,Shia002389Vols,88,12,657,328,62
21,189,665,Masaha003390Vols,452,986,1462,378,100
21,314,658,JK000911,121,498,885,244,77
21,174,586,Shia003986,347,981,1476,285,71
21,219,570,Shamela0003118,6944,19,498,241,61
21,170,665,Sham19Y0020643,183,816,1367,383,87
21,162,586,JK006478,866,1081,1519,333,95
21,192,674,Shia002748Vols,244,233,729,376,95
21,189,376,ShamAY0037574,817,579,766,148,100
21,0,233,Rafed0003943Vols,37,1354,1587,191,99
21,233,665,Rafed0003943Vols,38,0,432,342,100
21,170,665,Shamela0010273,74,813,1308,393,100
21,170,376,Shamela0007798,471,20,226,163,100
21,337,683,Shamela0007798,473,0,569,253,55
21,178,640,Shamela0007798,474,639,1429,341,54
21,273,625,Shamela0007798,487,215,694,252,66
21,238,412,Shia002394Vols,190,1356,1560,129,78
21,465,665,Shia002394Vols,192,243,442,158,99
21,109,619,Tafsir06048,29,289,866,197,33
21,273,601,Tafsir06048,30,0,673,253,47
21,0,178,Shia002334,166,746,928,143,96
21,214,665,Shia002334,171,0,448,356,99
21,376,544,Sham19Y0014404,61,986,1362,133,44
21,116,665,Masaha000554Vols,153,191,814,426,85
21,303,668,Masaha000554Vols,154,727,1463,275,47
21,0,665,QuranAnalysis001,4,624,1289,533,100
21,189,536,JK000916,24171,460,1025,262,59
21,0,170,Rafed0001713Vols,117,704,875,140,99
21,145,665,Rafed0001713Vols,119,202,752,410,93
21,0,465,Sham19Y0014579,73,1033,1498,374,100
21,376,665,Sham19Y0014579,77,243,828,230,49
21,465,665,Tafsir07057,142,142,342,159,100
21,219,648,Tafsir04056,185,507,1119,314,63
21,314,544,Tafsir02094,92,1084,1532,115,30
21,4,273,Shamela0000041,77,788,1194,220,66
21,273,590,Shamela0000041,81,778,1120,199,65
21,452,665,Shamela0000041,82,214,458,167,86
21,382,648,Shia001237Vols,3849,147,550,205,63
21,0,665,Shamela0023578,129,183,848,533,100
22,212,435,Zaydiyya0000062,51,21,451,137,35
22,91,1495,Tafsir08060,13,113,1443,529,37
22,33,352,Tafsir01006,100,7,522,196,44
22,1225,1541,Tafsir04042,137,23,422,178,53
22,1420,1548,JK000876,66,616,897,100,44
23,1085,1539,Shamela0008381,833,1083,1536,364,99
23,1188,1357,ShamAY0037152,564,652,821,137,100
23,1085,1539,Shia001432Vols,2466,104,561,364,98
23,914,1092,Shia001432Vols,2755,850,1028,141,100
23,907,1092,Shia001432Vols,21834,353,538,146,99
23,914,1092,Shia001432Vols,21939,96,274,141,100
23,1070,1312,Shia001432Vols,28553,1211,1441,183,93
23,1312,1560,Shia001432Vols,28554,0,249,201,99
23,1188,1407,Shamela0023632,157,1337,1555,177,99
23,792,1053,JK009268,369,1312,1573,211,99
23,1092,1560,JK009268,381,149,619,379,99
23,914,1188,Sham19Y0023618,76,935,1209,218,100
23,1188,1386,Sham19Y0023618,77,1352,1549,161,99
23,1092,1560,Hindawi070427368,52,689,1158,379,99
23,914,1092,Shamela0023628,79,0,178,141,100
23,1092,1312,Shamela0023628,83,323,543,178,100
23,1312,1539,Shamela0023628,85,62,289,183,100
23,914,1161,Rafed0003257Vols,248,1339,1585,197,99
23,1161,1560,Rafed0003257Vols,249,0,400,323,99
23,914,1092,Sham19Y0020891,493,221,399,141,100
23,1092,1332,Sham19Y0020891,496,1361,1601,194,99
23,1092,1539,JK000362,40,602,1050,361,99
23,1085,1539,JK000362,979,327,781,364,99
23,928,1560,JK009270,182,0,633,509,99
23,867,1092,Meshkat0014420,173,609,882,159,73
23,792,928,Rafed0003150Vols,117,254,391,112,99
23,867,1291,Rafed0003150Vols,118,62,784,341,58
23,1101,1560,Rafed0003150Vols,119,427,946,312,68
23,129,867,JK000865,14,464,1149,283,40
23,1085,1539,JK000101,365,746,1200,364,99
23,792,1092,ShamAY0036821,136,222,518,238,98
23,1092,1560,ShamAY0036821,148,443,911,376,98
23,1115,1379,Tafsir02104,14,953,1435,179,44
23,1140,1413,Shamela0001466,117,0,262,208,94
23,832,1092,Sham19Y0147312,130,231,888,209,39
23,847,1010,Sham19Y0013550,42,1391,1611,132,73
23,914,1092,Sham19Y0013550,564,428,606,141,100
23,821,1085,Zaydiyya0000062,54,200,511,212,84
23,907,1092,Shamela0006947,8551,801,985,144,98
23,914,1092,Shamela0037458,163,265,443,141,100
23,1188,1424,Shamela0037458,166,580,821,187,96
23,914,1092,JK000791,70,1376,1561,141,96
23,1188,1357,Shamela0001524,965,135,354,128,72
23,1188,1396,Shamela0023833,343,511,875,169,57
23,914,1092,Shamela0000922,65,1203,1381,141,100
23,535,1092,JK007018,28,434,1167,297,40
23,914,1092,Shia003744Vols,39,926,1104,140,99
23,725,914,JK009396,70,958,1168,134,78
23,1048,1357,JK009396,73,1158,1487,236,89
23,914,1092,Sham19Y0023608,98,1133,1311,141,100
23,1092,1539,Sham19Y0023608,100,4,451,361,100
23,1115,1539,Shamela0009637,65,0,424,342,100
23,907,1092,JK000381,3325,1334,1518,144,98
23,1092,1539,JK000381,4355,75,522,361,100
23,79,621,JK000818,13,780,1423,270,44
23,952,1092,JK000001,2610,1129,1269,111,100
23,914,1092,Shamela0009231,188,430,608,141,100
23,939,1092,Meshkat00042488,52,0,153,122,100
23,914,1092,Shamela0012034,125,551,729,141,100
23,914,1092,Shamela0004473,5372,1162,1340,141,100
23,1188,1357,Shamela0004473,10808,766,935,137,100
23,895,1092,Shamela0004473,13806,1312,1506,144,90
23,914,1092,Shamela0022371,58,608,786,141,100
23,535,914,Shia002356Vols,42,670,1299,194,34
23,914,1092,Shia002356Vols,43,692,868,139,98
23,1111,1357,Shia002356Vols,44,293,717,194,56
23,952,1379,Shia002380Vols,27,153,1182,328,40
23,955,1092,ShamAY0001202,89,0,137,109,100
23,914,1092,JK001496,127,742,921,141,99
23,1092,1357,JK001496,128,827,1094,214,99
23,914,1092,Shamela0008473,349,935,1113,141,100
23,1092,1357,Shamela0008473,353,747,1012,214,100
23,1188,1357,Shamela0008473,355,777,1085,128,51
23,867,1104,Shamela0012884,192,1211,1460,182,91
23,1188,1396,Masaha002028Vols,804,296,660,169,57
23,792,1092,Shamela0023591,422,969,1269,242,100
23,1092,1560,Shamela0023591,461,1072,1541,379,99
23,914,1092,JK009266,514,574,752,141,100
23,1188,1357,JK009266,526,837,1006,137,100
23,1188,1560,Shamela0010283,3346,688,1167,213,50
23,1188,1357,Sham19Y0020594,65,18,271,128,62
23,792,1092,Shamela0021821,68,894,1195,242,99
23,1066,1560,Shamela0021821,73,133,705,400,86
23,914,1092,JK009362,597,1068,1247,141,99
23,914,1198,JK001110,67,951,1239,219,95
23,847,1092,JK000367,72,839,1085,197,99
23,914,1092,Shia001174Vols,848,822,1000,139,98
23,847,1092,JK001420,53,729,1120,197,62
23,914,1092,JK009257,40,788,966,141,100
23,914,1092,Sham19Y0020643,188,568,746,141,100
23,1188,1357,Sham19Y0020643,196,134,303,137,100
23,914,1092,JK006478,886,248,427,141,99
23,110,289,Tafsir08060,13,1374,1540,110,65
23,792,1560,Rafed0003943Vols,38,432,1201,621,99
23,914,1092,Shamela0010273,77,884,1062,141,100
23,907,1092,Shamela0007798,505,191,375,144,98
23,914,1092,Zaydiyya0000373Vols,281,63,241,141,100
23,1092,1407,JK000805,62,1303,1619,254,99
23,847,1188,Shia002394Vols,195,871,1210,271,98
23,1092,1357,Shia002334,183,896,1161,214,100
23,914,1092,Sham19Y0014404,64,141,319,141,100
23,847,1092,Meshkat00057178,340,400,787,176,57
23,792,1092,Masaha000554Vols,153,814,1114,235,97
23,1092,1357,Masaha000554Vols,158,802,1068,213,98
23,792,1053,QuranAnalysis001,4,1289,1550,211,99
23,1053,1560,QuranAnalysis001,5,0,508,410,99
23,914,1092,Rafed0001713Vols,124,131,309,141,100
23,1092,1413,Rafed0001713Vols,125,421,742,259,100
23,1188,1539,Zaydiyya0000476,584,271,693,284,83
23,1188,1539,Zaydiyya0000476,605,1136,1558,284,83
23,792,1092,Sham19Y0014579,77,828,1128,242,100
23,1070,1363,Sham19Y0014579,81,1313,1602,224,94
23,907,1092,Tafsir07057,149,572,756,144,98
23,1188,1357,Tafsir07057,156,455,624,137,100
23,1193,1357,Tafsir04056,984,0,164,133,100
23,142,502,Shamela0000041,82,574,1136,178,37
23,914,1092,Shamela0000041,85,95,273,141,100
23,1092,1317,Shamela0000041,87,1067,1292,180,99
23,914,1396,Shamela0023578,138,1117,1598,387,99
24,0,221,Shamela0023632,160,1085,1306,179,100
24,0,221,JK009268,381,619,840,179,100
24,0,221,Sham19Y0023618,79,409,630,179,100
24,0,221,Rafed0003257Vols,249,400,621,179,100
24,0,221,Sham19Y0020891,501,680,901,179,100
24,0,221,JK009270,182,633,854,179,100
24,0,221,Sham19Y0023608,104,362,583,179,100
24,0,221,Shamela0004473,15237,29,250,179,100
24,50,221,Shamela0023591,462,0,171,139,100
24,0,221,Shamela0021821,73,705,926,179,100
24,0,225,Rafed0003943Vols,38,1201,1426,182,100
24,0,221,Shamela0010273,82,149,370,179,100
24,390,740,Tafsir01006,104,15,532,207,47
24,0,225,QuranAnalysis001,5,508,733,182,100
24,0,221,Rafed0001713Vols,127,1318,1539,179,100
24,0,188,Sham19Y0014579,85,1420,1607,152,99
24,0,225,Shamela0000041,90,1265,1490,182,100
24,0,225,Shamela0023578,143,192,417,182,100
25,103,326,JK009268,382,0,406,92,23
25,540,965,Shamela0022593,92,203,417,116,34
25,1224,1518,Zaydiyya0000062,57,252,859,130,26
25,30,722,JK000818,14,938,1572,300,43
25,0,725,ShamIbadiyya0000075,36,561,1359,308,36
25,0,624,Shia002380Vols,27,456,957,234,41
25,0,319,Shia002382Vols,121,1218,1560,123,38
25,851,1012,ShamIbadiyya0000050,477,1259,1473,102,57
25,0,151,Tafsir01006,105,733,1012,102,44
25,0,588,Shia002394Vols,197,34,790,290,40
25,30,377,Rafed0001713Vols,125,772,1516,157,22
25,945,1263,Shamela0000041,88,1333,1613,87,25
26,1402,1565,ShamAY0037152,566,189,353,136,99
26,1223,1565,Shia001432Vols,2466,572,812,190,66
26,1402,1565,Shia001432Vols,7478,254,418,136,99
26,1402,1565,Shia001432Vols,24107,1018,1182,136,99
26,1223,1488,Shamela0023632,163,806,1071,221,100
26,1223,1565,JK009268,388,870,1213,286,99
26,1336,1565,Sham19Y0023618,81,0,230,191,99
26,1223,1488,Tafsir06051,544,721,986,221,100
26,1127,1488,Shamela0023628,87,158,585,301,84
26,1223,1488,Rafed0003257Vols,195,1366,1631,221,100
26,1223,1565,Rafed0003257Vols,261,970,1313,286,99
26,1402,1565,Sham19Y0020891,507,376,540,136,99
26,1196,1545,JK009270,189,1198,1593,288,87
26,1402,1565,ShamIbadiyya0000198Vols,1282,1013,1177,136,99
26,1402,1565,Shamela0011353,262,1317,1481,136,99
26,292,922,Rafed0003150Vols,120,265,896,223,34
26,816,1465,Rafed0003150Vols,120,792,1280,357,63
26,1325,1565,Rafed0003150Vols,121,689,1246,199,42
26,1441,1565,JK006476,51,332,460,104,96
26,1223,1565,ShamAY0036821,153,199,534,275,96
26,807,1127,Shamela0001466,119,648,1311,199,37
26,766,1223,Sham19Y0147312,135,305,1005,197,30
26,596,1395,Zaydiyya0000062,58,65,866,383,45
26,1402,1565,Shamela0006947,15840,20,184,136,99
26,1127,1402,Shamela0037458,171,1118,1486,230,74
26,1402,1565,JK000791,77,544,708,136,99
26,1437,1565,Shamela0023833,345,239,398,107,80
26,1325,1565,JK009396,78,81,320,150,71
26,1402,1565,Sham19Y0023608,110,300,464,136,99
26,1437,1565,Tafsir04038,22,0,129,107,99
26,1402,1565,JK001496,131,979,1144,136,98
26,1318,1565,Shamela0008473,366,124,404,159,68
26,1402,1565,Shamela0008473,1563,725,889,136,99
26,1402,1565,Tafsir07055,3667,412,576,136,99
26,807,1223,Shamela0012884,203,1027,1289,163,48
26,1364,1565,Shamela0012884,205,842,1087,157,77
26,1437,1565,Masaha002028Vols,806,90,248,107,80
26,1223,1565,Shamela0023591,483,635,978,286,99
26,1402,1565,JK009266,567,119,283,136,99
26,1013,1565,Shamela0010283,3347,8,574,336,62
26,1127,1565,Shamela0021821,77,707,1160,366,96
26,1402,1565,Masaha000001Vols,860,431,596,136,97
26,1402,1565,Shia001122Vols,845,308,472,136,99
26,1402,1565,Shia002759BK1,116,493,657,136,99
26,1402,1565,JK009362,621,1453,1624,136,95
26,1402,1565,Shamela0010463,119,1177,1341,136,99
26,1402,1565,Shia001174Vols,3489,1028,1192,136,99
26,1402,1565,Zaydiyya0000074,39,1185,1349,136,99
26,1402,1565,JK009231,105,1315,1479,136,99
26,1402,1565,PV2024060601,845,308,472,136,99
26,858,1351,Rafed0003943Vols,38,1221,1549,256,61
26,1351,1488,Rafed0003943Vols,39,0,137,113,100
26,1402,1565,JK000064,875,670,834,136,99
26,1085,1402,Shia002394Vols,200,28,377,193,59
26,1013,1336,Tafsir06048,33,1043,1456,199,51
26,1402,1565,ShamAY0007299,2916,1100,1264,136,99
26,1251,1565,JK009237,6023,1136,1490,191,51
26,1402,1565,Shia002334,231,1210,1375,136,98
26,1331,1565,Sham19Y0014404,68,319,883,194,41
26,1223,1488,Masaha000554Vols,104,1086,1312,189,85
26,858,1565,QuranAnalysis001,5,528,1072,434,73
26,1223,1565,Zaydiyya0000474,76,511,854,286,99
26,1402,1565,Shamela0023596,130,1188,1352,136,99
26,1161,1412,Rafed0001713Vols,130,147,527,206,65
26,1402,1565,Rafed0001713Vols,131,1213,1377,136,99
26,1190,1402,Sham19Y0014579,86,0,212,177,100
26,1402,1565,Sham19Y0014579,90,813,977,136,99
26,1402,1565,Tafsir04056,38,404,569,136,98
26,1331,1565,Shamela0000041,92,600,898,194,78
26,858,1488,Shamela0023578,143,212,678,369,69
27,0,278,ShamAY0037152,566,353,646,229,94
27,0,306,Shia001432Vols,23693,1050,1392,252,89
27,0,278,JK009268,388,1213,1491,229,100
27,0,294,Rafed0003257Vols,261,1313,1612,234,95
27,929,1443,Tafsir09083,54,211,820,203,30
27,0,278,Sham19Y0020891,507,540,818,229,100
27,0,288,JK009270,190,21,310,233,98
27,0,288,Rafed0003150Vols,121,1246,1535,233,98
27,0,282,ShamAY0036821,153,534,810,222,96
27,803,1690,Shamela0001466,121,233,1612,395,31
27,9,333,Shamela0023833,345,467,885,234,68
27,0,288,JK007018,31,13,320,237,93
27,0,288,JK009396,78,320,619,237,96
27,0,278,Sham19Y0023608,110,464,742,229,100
27,696,1692,JK000818,16,71,823,360,39
27,0,278,JK001496,131,1144,1426,229,98
27,0,278,Shamela0008473,366,404,682,229,100
27,0,278,Shamela0012884,205,1087,1363,226,98
27,9,333,Masaha002028Vols,806,316,731,236,70
27,0,278,Shamela0023591,483,978,1256,229,100
27,9,333,Shamela0010283,3347,643,1036,233,70
27,0,343,Shamela0021821,77,1160,1499,260,86
27,9,278,JK009362,626,1227,1500,221,98
27,0,271,Zaydiyya0000074,39,1349,1619,223,99
27,749,1452,Tafsir08060,16,322,888,274,39
27,933,1501,Shamela0010273,85,835,1574,213,27
27,1045,1337,Tafsir01006,109,1095,1634,168,37
27,608,1030,Tafsir01006,109,123,748,233,41
27,1404,1608,Tafsir01006,110,257,444,142,82
27,1009,1337,Shia002394Vols,203,265,901,157,28
27,49,282,JK009237,6024,0,439,179,50
27,0,228,Shia002334,231,1375,1601,187,99
27,1452,1608,Sham19Y0014404,69,333,517,125,83
27,0,306,Masaha000554Vols,164,454,773,237,89
27,9,306,Masaha000554Vols,165,472,1170,231,40
27,0,288,QuranAnalysis001,5,1072,1361,233,98
27,0,278,Zaydiyya0000474,76,854,1132,229,100
27,0,278,Rafed0001713Vols,131,1377,1655,229,100
27,1435,1608,Rafed0001713Vols,133,103,272,130,88
27,0,288,Sham19Y0014579,90,977,1275,237,96
27,0,288,Shamela0000041,92,898,1198,237,96
27,0,278,Shamela0023578,146,919,1197,229,100
28,1302,1485,JK000330,956,629,812,149,100
28,1302,1566,Shia001432Vols,1570,1169,1433,213,100
28,609,1439,Shia001432Vols,2466,912,1531,492,73
28,1082,1305,Shia001432Vols,4073,1395,1618,182,99
28,1144,1339,Shia001432Vols,4111,347,537,143,88
28,746,1082,Shia001432Vols,22512,787,1122,268,99
28,312,616,Shamela0023632,169,1347,1595,207,81
28,665,1082,Shamela0023632,172,299,714,332,99
28,1082,1439,Shamela0023632,175,827,1184,293,100
28,1439,1566,Shamela0023632,178,489,616,102,100
28,1439,1566,Shamela0000894,5804,203,330,102,100
28,443,658,JK009268,397,1408,1622,178,99
28,658,1082,JK009268,398,0,424,340,100
28,1082,1295,JK009268,405,1472,1684,176,99
28,1295,1571,JK009268,406,0,271,219,98
28,312,665,Sham19Y0023618,84,514,812,247,84
28,665,1093,Sham19Y0023618,85,918,1356,335,95
28,966,1439,Sham19Y0023618,87,529,1202,377,68
28,1439,1566,Sham19Y0023618,89,336,463,102,100
28,122,665,Shamela0023628,90,410,983,349,65
28,933,1302,Shamela0023628,93,422,791,301,100
28,1302,1566,Shamela0023628,94,518,782,213,100
28,443,1604,Rafed0003257Vols,270,124,1267,923,97
28,799,1082,Sham19Y0020891,518,772,1053,224,99
28,1082,1302,Sham19Y0020891,521,234,454,182,100
28,1287,1566,Sham19Y0020891,523,356,674,225,87
28,665,933,JK010001,1015,548,815,214,99
28,665,933,JK010001,3577,1180,1447,214,99
28,609,1144,JK009270,203,962,1496,430,99
28,1144,1566,JK009270,212,1093,1515,344,100
28,1144,1302,Meshkat0014420,212,1429,1587,131,100
28,1439,1566,Meshkat0014420,218,1114,1241,102,100
28,665,1034,Zaydiyya0000085,3,968,1332,286,96
28,488,746,Rafed0003150Vols,122,1295,1553,212,100
28,775,966,Rafed0003150Vols,124,0,189,151,98
28,913,1287,Rafed0003150Vols,125,103,534,290,80
28,1210,1503,Rafed0003150Vols,126,19,727,239,41
28,815,1019,JK006476,54,1088,1295,163,98
28,1019,1260,JK006476,55,878,1138,171,78
28,1459,1566,JK006476,57,0,107,85,100
28,1144,1302,Masaha003709,32,48,206,131,100
28,409,1582,ShamAY0036821,167,269,1491,917,91
28,443,933,JK000373,181,935,1387,353,88
28,966,1511,Tafsir02104,18,0,1144,353,36
28,670,1093,Shamela0001466,124,0,422,335,98
28,1082,1313,Shamela0001466,125,1388,1618,190,99
28,1131,1302,Sham19Y0147312,151,1245,1426,136,91
28,1411,1566,Sham19Y0147312,153,69,277,124,73
28,1302,1539,Sham19Y0014592,871,1371,1607,191,99
28,509,665,Sham19Y0013550,45,131,485,130,44
28,1144,1302,Sham19Y0013550,45,657,815,131,100
28,933,1144,Zaydiyya0000062,62,166,380,170,97
28,1287,1559,Zaydiyya0000062,63,1056,1287,162,72
28,1439,1577,Shamela0006947,8220,57,195,104,94
28,799,1082,Shamela0037458,180,275,558,226,100
28,1082,1302,Shamela0037458,181,1282,1502,182,100
28,1371,1566,Shamela0037458,184,348,577,158,85
28,665,933,JK000791,80,329,597,215,100
28,1082,1302,JK000791,81,640,860,182,100
28,1287,1566,JK000791,82,697,969,216,96
28,443,933,Shamela0023833,346,249,1387,345,35
28,1406,1566,Shamela0000922,80,678,831,116,90
28,707,933,Sham19Y0009800,276,674,898,180,99
28,1302,1566,Tafsir07076,8271,1128,1417,213,91
28,443,665,JK007018,31,817,1044,182,96
28,933,1302,JK007018,32,876,1441,301,65
28,1302,1566,JK007018,33,245,515,213,97
28,933,1144,JK009396,81,401,612,170,100
28,1037,1302,JK009396,81,1082,1310,146,66
28,1287,1566,JK009396,82,448,720,216,96
28,443,665,Sham19Y0023608,113,659,881,184,100
28,665,1082,Sham19Y0023608,115,939,1354,332,99
28,1082,1566,Sham19Y0023608,118,108,592,395,100
28,1439,1566,Sham19Y0095660,506,550,677,102,100
28,1181,1302,Sham19Y0095660,1230,984,1523,100,22
28,443,665,Shamela0009637,14,1122,1344,184,100
28,558,1082,Shamela0009637,41,0,524,423,100
28,443,670,JK000381,4838,459,684,183,97
28,443,799,JK000381,5803,644,1006,291,97
28,443,1082,JK000381,7814,819,1156,262,49
28,1144,1302,Shamela0009231,211,317,475,131,100
28,1379,1566,Shamela0009231,214,728,954,126,68
28,1075,1302,Meshkat00042488,61,11,344,184,66
28,1358,1566,Meshkat00042488,62,405,774,148,49
28,665,946,Shamela0021537,615,0,276,216,95
28,665,946,Shamela0021537,4286,639,915,216,95
28,558,1082,Rafed0003726Vols,30,991,1490,243,49
28,1148,1571,Rafed0003726Vols,31,185,582,187,48
28,665,933,Shamela0004473,121,873,1141,215,100
28,1439,1566,Shamela0004473,7700,1203,1330,102,100
28,799,1082,Shamela0022371,74,905,1388,225,58
28,1439,1566,Shamela0022371,75,118,245,102,100
28,746,1082,Shia002356Vols,49,680,1099,266,79
28,956,1323,Shia002356Vols,50,0,849,279,40
28,1411,1566,Shia002356Vols,51,808,988,121,83
28,371,799,JK001496,132,1127,1570,304,79
28,956,1305,JK001496,135,244,792,251,56
28,1317,1566,JK001496,136,0,250,202,99
28,746,933,Shamela0008473,376,866,1093,150,82
28,933,1144,Shamela0008473,377,1097,1308,170,100
28,1144,1302,Shamela0008473,379,91,249,131,100
28,1260,1566,Shamela0008473,380,372,1015,247,47
28,1302,1566,Shamela0008473,4771,1278,1542,213,100
28,665,933,Tafsir07055,1071,694,961,214,99
28,775,933,Tafsir07055,3670,0,157,126,99
28,96,746,Tafsir05047,18,518,1491,369,42
28,933,1439,Shamela0012884,213,543,1296,404,65
28,1439,1566,Shamela0012884,214,1282,1409,102,100
28,443,933,Masaha002028Vols,807,54,1192,345,35
28,443,1010,Shamela0023591,510,1011,1575,459,99
28,1010,1566,Shamela0023591,511,0,556,452,100
28,1144,1302,JK009266,609,804,962,131,100
28,1439,1566,JK009266,618,1114,1241,102,100
28,443,933,Shamela0010283,3348,285,1147,382,54
28,977,1305,Tafsir10098,40,242,699,225,56
28,312,1131,Shamela0021821,81,333,1227,626,84
28,1037,1302,Shamela0021821,85,519,823,202,80
28,1260,1566,Shamela0021821,86,221,759,247,56
28,1082,1302,JK009362,647,1118,1339,182,99
28,1439,1571,JK009257,44,1125,1258,101,94
28,1144,1302,Sham19Y0020643,224,1077,1235,131,100
28,1448,1566,Sham19Y0020643,228,1088,1206,94,100
28,500,799,Hindawi025308516Vols,356,0,299,245,100
28,312,822,Rafed0003943Vols,41,1283,1737,374,89
28,822,1566,Rafed0003943Vols,42,0,742,600,99
28,799,1082,Shamela0010273,90,1244,1525,224,99
28,1144,1308,Shamela0010273,93,1168,1333,135,99
28,1210,1439,Shamela0010273,94,575,908,167,61
28,1439,1566,Shamela0010273,96,421,548,102,100
28,1439,1566,Shamela0007798,595,583,710,102,100
28,443,665,JK000805,13,1048,1270,184,100
28,443,1082,JK000805,39,537,1175,517,99
28,665,933,Shamela0010895,68,400,668,215,100
28,225,665,Shia002394Vols,205,96,623,293,63
28,1082,1323,Shia002394Vols,209,81,326,184,91
28,1386,1566,Shia002394Vols,210,406,586,146,100
28,1439,1566,Kraken210622021806,486,496,621,97,94
28,665,1029,Zaydiyya0000334,3,726,1091,292,99
28,438,799,Hindawi020604026,230,1044,1407,295,99
28,1144,1339,Shia002334,268,498,692,142,86
28,1302,1566,Shia002334,281,299,563,213,100
28,1048,1302,Sham19Y0014404,72,853,1427,163,32
28,1448,1566,Sham19Y0014404,73,1336,1454,94,100
28,1082,1386,Meshkat00057178,374,653,1390,249,41
28,1439,1566,Meshkat00057178,379,1061,1188,102,100
28,443,665,Masaha000554Vols,167,1311,1532,179,96
28,933,1302,Masaha000554Vols,173,659,1025,296,98
28,1082,1308,Masaha000554Vols,174,482,1200,184,31
28,1439,1566,Masaha000554Vols,6245,270,397,102,100
28,96,746,QuranAnalysis001,5,1163,1652,401,75
28,746,1566,QuranAnalysis001,6,0,820,664,100
28,665,1082,Rafed0001713Vols,136,799,1214,332,99
28,1082,1302,Rafed0001713Vols,139,170,390,182,100
28,1302,1566,Rafed0001713Vols,140,821,1085,213,100
28,1144,1308,JK000122,336,1085,1251,133,97
28,1144,1302,JK000122,494,1135,1293,131,100
28,1302,1566,Shamela0095735,721,124,544,213,62
28,331,815,Sham19Y0014579,94,1050,1591,344,75
28,981,1439,Sham19Y0014579,100,0,458,374,100
28,1424,1566,Sham19Y0014579,105,718,859,104,88
28,1439,1566,Tafsir07057,191,314,441,102,100
28,1302,1571,Tafsir07057,5050,1329,1598,215,99
28,443,799,JK006950,107,774,1136,291,97
28,443,1082,JK006950,2116,553,890,262,49
28,331,933,Shamela0000041,94,0,579,466,93
28,1000,1386,Shamela0000041,97,389,968,310,65
28,1386,1566,Shamela0000041,98,917,1097,146,100
28,500,933,Shamela0023578,149,0,431,350,99
28,933,1302,Shamela0023578,152,419,788,301,100
28,1237,1566,Shamela0023578,153,301,814,265,63
29,693,1606,Sham19Y0023608,115,117,1146,265,22
29,986,1606,Meshkat00042488,59,759,1343,206,30
29,986,1344,ShamIbadiyya0000075,39,1263,1528,134,40
29,997,1606,Shia002356Vols,49,197,890,237,31
29,1228,1402,JK001496,134,728,1211,123,31
29,861,1551,Tafsir01006,112,199,1091,329,37
29,986,1561,Rafed0001713Vols,137,120,1144,287,30
29,986,1402,JK000876,75,179,624,179,37
30,648,1170,Shamela0001466,126,71,1020,285,34
30,346,1264,ShamIbadiyya0000075,40,549,1493,380,40
30,787,1274,Tafsir02102,128,105,871,218,32
30,896,1559,Tafsir08060,18,87,682,222,35
30,648,1039,Rafed0001713Vols,139,523,1172,217,37
31,926,1330,Shamela0023632,178,528,827,239,73
31,1330,1576,Shamela0023632,182,452,700,201,99
31,1170,1495,JK009268,413,0,326,264,99
31,1170,1495,JK000637,2169,0,326,264,99
31,926,1209,Sham19Y0023618,89,375,553,140,61
31,1209,1576,Sham19Y0023618,90,760,1129,300,99
31,1209,1384,Shamela0023628,97,171,346,143,100
31,1276,1495,Rafed0003257Vols,279,1397,1616,177,100
31,1276,1495,Sham19Y0020891,533,1329,1548,177,100
31,1122,1384,JK009270,206,1247,1414,112,53
31,1146,1384,JK009270,213,0,238,194,100
31,973,1209,Rafed0003150Vols,127,706,859,122,64
31,1209,1576,Rafed0003150Vols,128,1074,1443,300,99
31,936,1479,ShamAY0036821,178,942,1511,322,64
31,1276,1495,Shamela0037458,188,1333,1552,177,100
31,984,1330,JK000791,83,440,780,200,70
31,1119,1576,Shamela0023833,348,849,1217,273,72
31,1119,1384,Shamela0000922,82,305,1279,211,26
31,1276,1576,JK009396,84,715,1018,245,99
31,1119,1384,Sham19Y0023608,121,1214,1479,215,100
31,1276,1535,Shamela0009637,37,389,648,210,100
31,1119,1330,Shamela0009637,41,545,756,171,100
31,1276,1407,Shamela0004473,11574,1581,1711,106,99
31,1209,1550,Shia002380Vols,34,307,966,229,42
31,430,837,Tafsir02102,130,301,912,134,22
31,1276,1576,Shamela0008473,395,988,1289,245,99
31,1119,1576,Masaha002028Vols,809,703,1065,274,72
31,1141,1576,Shamela0023591,548,0,437,355,99
31,1119,1576,Shamela0010283,3350,10,469,372,99
31,932,1384,Shamela0021821,87,753,1310,291,58
31,926,1276,JK009362,656,1018,1263,195,69
31,1119,1457,Rafed0003943Vols,42,1249,1586,273,99
31,1276,1535,JK000805,35,1196,1452,207,98
31,1119,1330,JK000805,39,1186,1397,171,100
31,1209,1495,Shia002394Vols,213,817,1224,228,68
31,926,1576,QuranAnalysis001,6,732,1278,440,83
31,514,981,Rafed0001713Vols,142,32,738,164,25
31,1276,1576,Rafed0001713Vols,144,1299,1601,245,99
31,926,1384,Sham19Y0014579,105,771,1124,283,76
31,991,1330,Shamela0000041,99,297,660,222,68
31,926,1330,Shamela0023578,153,726,1025,239,73
31,1254,1576,Shamela0023578,157,1129,1543,253,73
31,1122,1330,JK000876,79,136,798,161,30
32,361,1368,Tafsir08060,19,14,1003,386,36
33,705,1310,Shamela0000140,2124,0,568,406,81
33,1126,1504,ShamIbadiyya0000075,43,455,770,162,44
33,856,1004,Shamela0009918,1664,6,155,119,99
33,382,1130,Shamela0009918,1666,59,680,355,48
33,1126,1504,Tafsir08060,20,477,1200,186,29
34,1047,1202,Shia001432Vols,948,570,725,119,100
34,846,1390,Shia001432Vols,2467,63,338,214,49
34,924,1448,Shia001432Vols,7085,1255,1548,221,53
34,1126,1469,Shamela0023632,197,35,377,260,96
34,846,1293,JK009268,429,1224,1671,355,100
34,1293,1540,JK009268,442,638,886,198,99
34,919,1126,Sham19Y0023618,93,1395,1601,161,99
34,1126,1293,Sham19Y0023618,96,1127,1294,131,99
34,1293,1540,Sham19Y0023618,97,790,1038,198,99
34,904,1126,Shamela0023628,107,463,732,175,82
34,1126,1293,Shamela0023628,111,787,954,131,99
34,1293,1540,Shamela0023628,112,1005,1253,198,99
34,846,1540,Rafed0003257Vols,287,654,1349,552,99
34,790,1047,Sham19Y0020891,543,1023,1240,176,84
34,970,1304,Sham19Y0020891,548,573,1013,234,67
34,1293,1540,Sham19Y0020891,549,224,472,198,99
34,1293,1540,JK006889,11,285,533,198,99
34,775,1047,JK009270,221,826,1118,187,79
34,1031,1448,JK009270,230,406,885,323,86
34,896,1071,Rafed0003150Vols,132,308,483,140,100
34,1130,1540,Rafed0003150Vols,134,1011,1422,326,99
34,783,1540,ShamAY0036821,189,547,1320,558,90
34,1094,1448,Tafsir02104,22,539,1427,275,39
34,284,1047,Shamela0001466,135,847,1506,303,36
34,1126,1293,Sham19Y0147312,164,256,782,108,24
34,1047,1540,Sham19Y0013550,50,76,1001,257,32
34,790,1135,Zaydiyya0000062,68,606,920,234,82
34,1150,1536,Zaydiyya0000062,70,0,392,308,97
34,1047,1293,Shamela0006947,5905,613,858,191,99
34,846,1126,Shamela0006947,7486,863,1143,223,100
34,1094,1293,Shamela0006947,7784,825,1072,147,75
34,846,1047,Shamela0006947,8221,774,975,163,100
34,924,1126,Shamela0006947,19393,670,872,158,100
34,790,1047,Shamela0037458,198,1158,1375,176,84
34,780,1047,JK007018,35,1267,1564,172,73
34,1047,1293,JK007018,36,299,554,191,96
34,1293,1540,JK007018,36,1196,1449,198,97
34,775,1047,JK009396,87,915,1312,190,59
34,1047,1202,JK009396,88,496,651,119,100
34,1202,1540,JK009396,90,10,349,271,99
34,846,1047,Sham19Y0023608,129,560,761,163,100
34,1047,1293,Sham19Y0023608,131,656,902,191,99
34,1293,1540,Sham19Y0023608,134,418,666,198,99
34,846,1047,JK000381,5265,1013,1214,163,100
34,562,943,Meshkat00042488,68,718,916,108,34
34,1094,1536,ShamIbadiyya0000075,44,602,1393,346,55
34,1047,1202,Shamela0004473,8093,1142,1343,117,76
34,924,1293,Shamela0022371,77,348,1140,234,35
34,274,588,Shia002356Vols,54,987,1396,148,37
34,588,924,Shia002356Vols,55,106,255,107,39
34,924,1202,Shia002356Vols,55,847,1538,217,40
34,1085,1448,Shia002356Vols,56,214,1070,257,38
34,1094,1540,Shia002380Vols,36,420,1284,344,50
34,790,1047,JK001496,143,330,547,174,82
34,970,1249,JK001496,144,1197,1586,198,65
34,1249,1540,JK001496,145,0,295,234,98
34,846,1047,Shamela0008473,429,1071,1272,163,100
34,999,1202,Shamela0008473,432,56,259,158,100
34,1253,1540,Shamela0008473,440,931,1199,208,90
34,1293,1540,Shamela0003055,3618,419,667,198,99
34,846,1202,Shamela0012884,251,71,559,244,63
34,1181,1540,Shamela0012884,257,731,1081,269,93
34,846,1347,Shamela0023591,582,1027,1527,397,99
34,1347,1540,Shamela0023591,583,0,194,155,99
34,1202,1448,Shamela0010283,3352,985,1370,194,63
34,846,1047,Shamela0021821,94,432,631,162,99
34,1010,1202,Shamela0021821,95,338,644,148,62
34,1170,1540,Shamela0021821,97,703,1142,293,83
34,1293,1540,JK009362,714,890,1141,198,98
34,775,1126,Rafed0003943Vols,43,390,762,249,84
34,1229,1540,Rafed0003943Vols,44,0,312,249,99
34,1047,1202,Shamela0010273,107,133,288,119,100
34,1293,1540,Shamela0010273,110,30,278,198,99
34,882,1215,Shia002394Vols,218,7,492,181,41
34,1094,1259,Tafsir06048,44,432,842,120,37
34,1126,1293,Sham19Y0014404,83,0,248,132,67
34,443,943,Meshkat00057178,396,447,936,155,28
34,1293,1540,Masaha000554Vols,194,397,642,194,96
34,793,1540,QuranAnalysis001,7,0,769,565,92
34,474,1050,Rafed0001713Vols,150,187,981,296,37
34,1126,1293,Rafed0001713Vols,152,1366,1532,131,98
34,1373,1540,Rafed0001713Vols,154,0,168,135,99
34,924,1448,Zaydiyya0000476,286,532,859,220,48
34,924,1448,Zaydiyya0000476,303,863,1190,220,48
34,752,1215,Sham19Y0014579,115,1032,1524,318,79
34,1286,1540,Sham19Y0014579,121,426,681,201,98
34,790,1047,Shamela0000041,108,43,260,176,84
34,1040,1293,Shamela0000041,109,298,551,195,98
34,1253,1448,Shamela0000041,111,894,1122,155,85
34,279,1126,Shamela0023578,168,223,1091,351,38
34,1126,1448,Shamela0023578,173,422,744,253,99
34,279,585,JK000876,81,1063,1517,147,34
35,970,1442,JK000818,21,332,800,148,30
36,366,588,Shamela0022593,120,669,1002,122,42
36,889,1293,Tafsir09083,66,796,1373,187,35
36,671,1395,Tafsir02102,151,289,874,302,42
36,314,671,Shamela0008473,440,69,633,149,26
36,671,986,Tafsir01006,122,1201,1526,142,44
36,854,1371,Shia002394Vols,220,637,1346,261,39
36,671,1293,Shamela0000041,112,173,956,242,31
36,866,1495,JK000876,84,240,989,263,34
37,839,966,ShamAY0037152,573,83,210,103,100
37,334,1165,Shia001432Vols,2467,446,1034,449,67
37,711,970,Shamela0023632,206,183,442,207,99
37,966,1250,Shamela0023632,209,729,1013,227,99
37,504,966,JK009268,452,514,976,371,100
37,970,1250,JK009268,465,738,1018,225,100
37,52,711,Sham19Y0023618,99,88,569,386,72
37,839,1165,Sham19Y0023618,102,301,627,260,99
37,781,1022,Shamela0023628,120,184,425,195,99
37,504,839,Rafed0003257Vols,311,214,549,268,100
37,839,1250,Rafed0003257Vols,317,629,1041,330,99
37,316,647,Sham19Y0020891,562,992,1322,256,96
37,839,966,Sham19Y0020891,574,1153,1280,103,100
37,839,1203,Sham19Y0020966,47,326,1017,170,28
37,52,839,JK009270,239,126,735,489,77
37,839,1250,JK009270,252,481,892,331,100
37,839,966,Meshkat0014420,266,189,316,103,100
37,667,877,Rafed0003150Vols,139,390,573,145,84
37,833,1116,Rafed0003150Vols,140,467,851,226,72
37,816,959,JK006476,71,206,353,115,97
37,504,1250,ShamAY0036821,201,157,888,579,97
37,839,966,Shamela0029677,669,829,956,103,100
37,839,966,Shamela0029677,685,261,388,103,100
37,432,647,Sham19Y0147312,168,1022,1284,142,67
37,839,966,Sham19Y0147312,171,851,978,103,100
37,839,966,Sham19Y0014592,1481,234,361,103,100
37,711,896,Zaydiyya0000062,73,1398,1587,149,96
37,942,1241,Zaydiyya0000062,75,33,350,228,88
37,822,966,Shamela0037458,216,631,1110,114,29
37,839,1022,JK000791,98,534,1126,149,30
37,839,966,Shamela0023833,353,785,912,103,100
37,839,966,Shamela0000922,95,903,1030,103,100
37,52,711,JK007018,37,21,763,386,52
37,711,966,JK007018,38,210,474,206,96
37,781,925,Shamela0037325,912,1041,1185,116,100
37,504,839,Sham19Y0023608,140,190,525,268,100
37,865,1165,Sham19Y0023608,143,0,300,239,99
37,839,966,Shamela0009231,245,615,742,103,100
37,781,966,Meshkat00042488,75,1179,1365,150,99
37,711,844,Shia003721Vols,518,1252,1387,105,97
37,746,966,Rafed0003726Vols,33,301,571,178,81
37,105,504,Shia002356Vols,58,0,459,199,47
37,839,1165,Shia002356Vols,60,583,1363,257,40
37,781,1250,Shia002380Vols,38,335,1275,372,49
37,334,647,JK001496,148,104,427,249,95
37,839,970,JK001496,151,1140,1273,103,96
37,706,839,Shamela0008473,456,530,663,107,100
37,827,966,Shamela0008473,459,1247,1395,112,93
37,839,966,JK006474,170,207,700,100,24
37,504,1031,Shamela0023591,616,1022,1548,423,99
37,334,966,Shamela0010283,3353,176,612,241,38
37,52,532,Shamela0021821,98,1242,1543,243,62
37,517,966,Shamela0021821,100,52,649,337,69
37,966,1250,Shamela0021821,103,183,467,228,100
37,839,966,JK009362,735,1152,1281,103,98
37,647,802,JK001110,33,1463,1617,126,99
37,839,1035,JK001420,74,947,1385,125,35
37,839,966,Sham19Y0020643,290,83,210,103,100
37,839,1054,JK006478,1094,743,956,120,69
37,334,844,Rafed0003943Vols,44,729,1239,410,99
37,966,1250,Rafed0003943Vols,46,163,447,227,99
37,839,1042,Shamela0010273,118,290,508,155,88
37,822,966,Zaydiyya0000075BK1,26,640,779,108,93
37,532,839,Shia002394Vols,224,450,764,202,75
37,839,966,Shia002394Vols,226,590,716,102,99
37,839,1022,Sham19Y0014404,88,49,588,149,33
37,816,966,Meshkat00057178,419,529,679,121,100
37,52,896,QuranAnalysis001,7,830,1495,535,78
37,896,1250,QuranAnalysis001,8,0,354,285,100
37,786,966,Sham19Y0020879,357,0,180,146,100
37,781,925,Sham19Y0020879,367,454,598,116,100
37,839,1250,Rafed0001713Vols,160,1100,1512,330,99
37,781,925,JK006833,198,804,948,116,100
37,334,711,Sham19Y0014579,127,368,745,304,100
37,647,966,Sham19Y0014579,130,1238,1608,248,79
37,334,915,Tafsir04056,238,811,1122,176,36
37,781,1026,Shamela0000041,117,247,493,196,97
37,452,839,Shamela0023578,177,374,820,311,86
37,816,1250,Shamela0023578,181,737,1198,348,93
38,400,1016,Shia002356Vols,59,116,777,185,27
38,178,876,Tafsir01006,124,572,1535,306,34
38,876,1278,Tafsir01006,125,19,585,214,42
38,816,1203,Rafed0001713Vols,158,563,1114,215,44
38,816,1016,JK000876,86,932,1325,124,39
39,906,1248,Zaydiyya0000062,75,580,1186,166,33
39,906,1057,ShamAY0033108,79,251,486,86,48
39,906,1057,Tafsir02091,93,556,790,86,48
39,588,1051,Tafsir05047,26,12,422,184,44
39,588,1258,Tafsir08060,24,17,756,267,33
40,611,1169,Shia001432Vols,3626,741,1299,459,100
40,611,904,Shamela0023632,214,1063,1361,240,98
40,219,509,JK009268,465,933,1173,178,76
40,509,928,JK009268,468,978,1395,327,95
40,219,627,Sham19Y0023618,104,811,1171,266,80
40,575,900,Sham19Y0023618,106,508,926,266,77
40,309,611,Shamela0023628,123,546,905,244,83
40,219,509,Rafed0003257Vols,317,956,1196,178,76
40,611,1184,Rafed0003257Vols,338,113,686,459,97
40,674,1072,Tafsir09084,146,168,566,326,100
40,219,513,Sham19Y0020891,578,1011,1255,178,75
40,309,764,Sham19Y0020891,579,667,969,233,61
40,502,645,Sham19Y0020966,47,1282,1421,96,75
40,219,748,JK009270,252,807,1285,374,86
40,748,1110,JK009270,262,1248,1610,294,99
40,681,1072,Shamela0005756,5894,0,392,320,99
40,219,559,Rafed0003150Vols,141,927,1217,219,79
40,611,1072,Sham19Y0016584,1388,502,963,378,100
40,877,1169,ShamAY0036821,207,0,289,237,98
40,297,509,Meshkat00042485,1128,655,893,172,89
40,1169,1641,Shamela0001466,147,831,1616,262,37
40,9,399,Shamela0022769,51,931,1335,142,30
40,611,1072,Sham19Y0018176,673,59,520,378,100
40,204,509,Shamela0037458,219,605,856,183,74
40,602,756,Shamela0037458,225,830,980,126,97
40,611,1072,JK000110,396,402,863,378,100
40,301,611,JK000791,100,0,285,230,91
40,309,509,Shamela0021766,136,126,326,163,100
40,611,1169,Sham19Y0018103,1297,790,1348,459,100
40,219,499,JK009396,95,898,1599,161,26
40,611,1072,JK009396,98,81,542,378,100
40,219,509,Sham19Y0023608,146,661,901,178,76
40,611,900,Sham19Y0023608,150,980,1269,237,100
40,611,1072,Shamela0021715,2632,127,588,378,100
40,509,1169,Shia003721Vols,144,103,763,542,100
40,611,808,Shamela0004473,10029,858,1055,163,100
40,611,900,Shamela0004473,14332,747,1036,237,100
40,611,893,Hindawi091929150,58,1343,1624,231,99
40,893,1169,Hindawi091929150,59,0,276,228,100
40,509,1023,Sham19Y0145435,4990,1038,1551,421,99
40,611,1072,PV2024060602,396,402,863,378,100
40,219,764,JK001496,153,136,929,377,54
40,297,509,Tafsir02102,165,12,262,159,78
40,297,509,Shamela0008473,466,832,1172,150,55
40,674,1072,Shamela0008473,482,683,1081,326,100
40,219,509,Shamela0012884,268,973,1212,177,75
40,219,509,Shamela0023591,617,134,374,178,76
40,509,1169,Shamela0023591,648,261,922,542,99
40,258,509,JK009266,739,14,225,157,77
40,219,509,Shamela0021821,103,382,622,178,76
40,509,851,Shamela0021821,104,1247,1588,280,99
40,851,1169,Shamela0021821,105,0,318,262,100
40,611,1072,Sham19Y0018106,1243,223,684,378,100
40,297,509,JK009362,745,960,1448,150,38
40,748,1139,Sham19Y0147597,263,1260,1650,319,99
40,589,1072,Shamela0007853,37,247,733,392,97
40,219,611,Rafed0003943Vols,46,362,704,261,82
40,589,1169,Rafed0003943Vols,47,176,764,466,96
40,301,509,Shamela0010273,121,0,602,159,32
40,702,979,Hindawi020604026,96,0,277,226,100
40,611,979,ShamAY0007299,2829,9,381,302,98
40,611,1072,Sham19Y0013605,1787,273,1139,378,53
40,219,602,Sham19Y0014404,89,370,1095,142,19
40,354,585,Meshkat00057178,424,1367,1596,187,99
40,219,1169,QuranAnalysis001,8,269,1169,720,92
40,92,509,Rafed0001713Vols,162,1228,1552,215,56
40,219,611,Sham19Y0014579,136,588,929,259,81
40,611,1072,Sham19Y0014579,141,44,505,378,100
40,219,509,Shamela0023578,181,1113,1353,178,76
40,9,904,Shamela0023578,183,732,1578,537,66
41,65,204,Shamela0023628,125,564,703,115,98
41,65,213,Shamela0021766,137,463,626,119,87
41,3,207,JK007018,39,952,1268,132,48
41,713,1308,Shamela0021715,2632,754,1530,405,59
41,56,613,Meshkat00042488,78,900,1354,214,37
41,3,613,Tafsir05047,27,7,471,109,15
41,3,331,Sham19Y0020594,21,46,503,186,42
41,56,613,Kraken210622021806,613,1081,1572,198,36
41,3,204,Kraken220727035853,217,622,961,148,50
41,3,331,Shamela0000041,120,709,1275,177,32
41,69,331,Shamela0023578,185,26,217,137,61
42,924,1194,Shamela0008381,836,1332,1601,215,99
42,1016,1286,Shia001432Vols,21307,312,582,217,100
42,1145,1433,Shamela0023632,223,391,679,230,99
42,914,1286,Hindawi013082050,178,495,872,294,97
42,880,1355,JK009268,485,0,445,357,93
42,928,1286,Sham19Y0023618,111,0,358,288,100
42,1286,1583,Sham19Y0023618,112,497,795,239,99
42,1058,1433,Shamela0023628,140,158,533,300,99
42,924,1355,Rafed0003257Vols,349,56,487,344,99
42,1058,1286,Rafed0003257Vols,2180,824,1052,184,100
42,693,1058,Sham19Y0020891,595,952,1509,218,46
42,776,1286,JK009270,263,0,420,341,82
42,1294,1583,JK009270,278,0,290,234,99
42,964,1297,Rafed0003150Vols,149,1354,1686,268,99
42,1035,1583,ShamAY0036821,220,210,736,421,95
42,924,1583,Shamela0004445,239,639,1298,531,99
42,1118,1583,JK000791,108,708,1509,369,56
42,924,1286,JK000365,155,15,377,291,100
42,1118,1286,Shamela0012014,186,0,168,136,100
42,1279,1433,JK009396,103,0,154,123,100
42,924,1355,Sham19Y0023608,157,97,528,344,99
42,37,581,Shamela0021715,2633,500,1326,407,59
42,924,1433,JK000381,5755,117,825,408,71
42,924,1583,Shia003721Vols,151,406,1064,528,99
42,940,1433,Shamela0004473,5241,0,441,304,76
42,1023,1583,Shamela0004473,7709,0,561,452,99
42,647,1583,Shamela0004473,10489,540,1255,525,69
42,924,1342,Sham19Y0145435,4996,1153,1569,334,99
42,1342,1583,Sham19Y0145435,4997,0,242,197,99
42,607,1407,Shia002380Vols,40,83,1369,516,45
42,629,1058,JK001496,159,126,742,242,47
42,1058,1583,Shamela0023591,692,275,801,423,99
42,924,1286,JK000367,372,925,1287,291,100
42,1058,1286,Sham19Y0147597,352,295,522,184,99
42,1058,1286,JK000103,158,1174,1402,184,100
42,205,782,Tafsir08060,25,1115,1597,273,52
42,1058,1290,Rafed0003943Vols,48,858,1090,184,98
42,1286,1583,Rafed0003943Vols,49,363,661,239,99
42,0,294,Tafsir01006,130,772,1289,170,42
42,688,1097,Shia002394Vols,239,625,1162,166,31
42,1112,1286,Sham19Y0014404,97,368,532,130,92
42,647,1338,QuranAnalysis001,8,1040,1582,433,77
42,1338,1583,QuranAnalysis001,9,0,246,200,99
42,1080,1286,Shamela0009429,4280,1288,1496,161,96
42,924,1355,Rafed0001713Vols,176,851,1188,260,75
42,952,1583,Hindawi017506357,114,0,632,509,99
42,641,1355,Sham19Y0014579,146,543,1107,438,76
42,924,1433,JK006950,59,309,1017,408,71
42,1265,1583,Shamela0000041,131,665,1039,257,85
42,924,1301,Shamela0023578,194,1111,1487,302,99
42,637,827,JK000876,92,1266,1656,122,38
43,0,463,ShamAY0037152,573,1061,1524,371,99
43,160,394,Shia001432Vols,2467,1136,1371,190,99
43,0,394,Shia001432Vols,3189,1023,1307,218,68
43,0,160,Shamela0023632,225,708,868,128,100
43,160,463,Shamela0023632,227,378,681,243,99
43,0,176,Rafed0002679Vols,1714,603,800,127,78
43,0,267,JK009268,506,1391,1657,216,99
43,267,463,JK009268,507,0,196,156,100
43,0,160,Sham19Y0023618,112,795,955,128,100
43,160,463,Sham19Y0023618,113,972,1275,243,99
43,237,463,ShamAY0037500,2,859,1085,181,100
43,0,237,Hindawi070427368,61,864,1101,191,100
43,113,394,Shamela0023628,144,719,1000,227,100
43,163,310,Shamela0023628,145,287,849,121,25
43,0,463,Rafed0003257Vols,355,110,573,371,99
43,160,463,Sham19Y0020891,620,219,521,243,99
43,0,463,JK009270,278,290,753,372,100
43,963,1471,Shamela0000140,1279,694,1564,363,50
43,237,402,Meshkat0014420,298,1163,1328,130,97
43,123,301,Rafed0003150Vols,152,0,178,146,100
43,301,463,Rafed0003150Vols,153,90,252,126,99
43,118,290,JK006476,82,395,581,137,90
43,0,463,ShamAY0036821,220,736,1193,362,97
43,135,377,Tafsir02104,28,148,587,165,46
43,1058,1383,Shamela0001466,156,462,959,160,39
43,95,237,Sham19Y0147312,186,426,571,104,88
43,250,463,Sham19Y0147312,187,0,213,171,100
43,0,267,Shamela0004445,239,1298,1564,216,99
43,267,394,Shamela0004445,240,0,127,102,100
43,0,160,JK006984,7,1139,1299,128,100
43,963,1440,Tafsir02067,45,952,1526,208,38
43,118,394,Tafsir02067,47,740,1353,213,43
43,967,1440,Zaydiyya0000062,85,974,1464,210,45
43,237,456,Zaydiyya0000062,88,419,641,175,98
43,237,394,Zaydiyya0000220,351,1231,1388,127,100
43,237,394,Shamela0037458,241,1141,1298,127,100
43,106,463,JK000791,110,801,1520,263,45
43,1018,1402,Shamela0021766,150,508,1048,207,42
43,1113,1383,Tafsir02011,92,1196,1466,134,53
43,176,394,Shamela0000922,108,22,359,172,62
43,113,463,JK007018,43,187,555,254,85
43,0,237,Sham19Y0029676,933,1290,1527,191,100
43,0,160,JK009396,103,1176,1336,128,100
43,160,463,JK009396,104,572,875,244,100
43,0,160,Sham19Y0023608,161,125,285,128,100
43,160,463,Sham19Y0023608,164,322,625,243,99
43,0,160,Sham19Y0016953Vols,989,298,458,128,100
43,0,160,JK000381,8308,260,420,128,100
43,1113,1440,JK000818,26,23,309,143,47
43,222,394,Shamela0009231,263,338,527,139,91
43,237,398,Meshkat00042488,87,250,412,127,96
43,0,463,Shia003721Vols,151,1064,1526,371,99
43,127,456,ShamIbadiyya0000075,52,496,1186,250,45
43,0,463,Shamela0004473,7709,561,1024,372,100
43,237,394,Shamela0004473,14167,1009,1166,127,100
43,113,398,Shamela0022371,82,255,1324,227,26
43,1113,1440,ShamAY0033108,88,976,1324,124,33
43,0,463,Sham19Y0145435,4997,242,705,372,100
43,237,467,Shia002356Vols,68,1229,1455,179,97
43,160,463,JK001496,166,5,308,243,99
43,113,250,Shamela0011573,24,1226,1372,106,91
43,1113,1440,Tafsir02091,105,975,1323,124,33
43,113,327,Shamela0008473,520,1219,1517,163,66
43,967,1440,Shia002382Vols,165,930,1376,229,51
43,237,394,JK006474,197,254,411,123,96
43,113,237,Shamela0003055,1151,1208,1332,100,100
43,113,463,Shamela0012884,342,89,445,269,93
43,0,463,Shamela0023591,692,801,1264,371,99
43,237,398,JK009266,817,584,745,127,98
43,1045,1405,JK000458,258,0,1045,182,21
43,0,160,Shamela0021821,115,1166,1326,128,100
43,113,463,Shamela0021821,118,1074,1428,252,88
43,19,463,EScr20110913,42,392,853,342,92
43,222,394,JK009362,797,914,1103,136,89
43,237,394,Sham19Y0020643,321,811,968,127,100
43,237,394,JK006478,1179,1337,1494,126,99
43,463,1440,Tafsir08060,26,121,928,353,40
43,0,160,Rafed0003943Vols,49,661,821,128,100
43,160,463,Rafed0003943Vols,50,322,625,243,99
43,0,160,Shamela0010273,131,159,319,128,100
43,160,463,Shamela0010273,133,272,575,243,99
43,237,398,Shamela0007798,795,719,880,127,98
43,1018,1499,Tafsir01006,133,424,1444,224,25
43,237,394,Shamela0010895,124,1166,1323,127,100
43,15,237,Shia002394Vols,244,119,338,176,98
43,274,463,Shia002394Vols,246,0,187,147,98
43,1113,1386,Sham19Y0014404,97,173,869,186,33
43,160,394,Sham19Y0014404,100,209,643,188,53
43,222,394,Meshkat00057178,451,204,383,132,91
43,106,463,Masaha000554Vols,227,1125,1473,273,95
43,0,463,QuranAnalysis001,9,246,709,372,100
43,160,463,Rafed0001713Vols,182,802,1105,243,99
43,237,398,JK000122,1252,1103,1264,127,98
43,90,394,Sham19Y0014579,156,480,780,233,95
43,160,463,Tafsir07057,263,941,1244,244,100
43,0,160,JK006950,2609,573,733,128,100
43,95,463,Shamela0000041,133,1107,1493,296,95
43,160,463,Shamela0000041,135,76,597,188,45
43,1090,1412,Shamela0023578,197,141,510,146,44
43,113,463,Shamela0023578,200,534,884,280,99
43,160,421,Shamela0023578,202,501,948,150,42
44,1373,1538,Shia001432Vols,793,182,546,128,43
44,1327,1538,Shia001432Vols,20900,359,745,131,39
44,1373,1538,Shia001115Vols,639,172,536,128,43
44,299,504,Meshkat00042485,1209,691,967,131,54
44,0,731,Shamela0022769,57,385,1574,361,33
44,69,592,Shia002356Vols,66,898,1443,194,32
44,613,882,Shia002382Vols,166,1192,1650,159,39
44,164,893,Tafsir08060,26,941,1559,297,44
44,136,564,Tafsir01006,134,764,1557,254,36
44,1373,1538,Tafsir01006,136,173,553,127,41
44,173,521,Shia002394Vols,242,666,1340,205,35
44,425,696,Sham19Y0014404,98,991,1579,153,32
45,1045,1397,ShamAY0037152,625,1137,1503,283,95
45,1045,1576,Shia001432Vols,6299,110,641,425,98
45,1045,1576,Shia001432Vols,26149,758,1288,426,98
45,1098,1397,Shamela0023632,229,0,297,239,98
45,1045,1576,JK009268,513,289,820,429,99
45,1002,1397,Sham19Y0023618,114,1061,1444,289,90
45,1045,1397,Shamela0023628,146,37,387,282,98
45,1017,1576,Rafed0003257Vols,363,685,1243,432,94
45,167,816,Tafsir09083,80,476,1413,295,34
45,1045,1397,Sham19Y0020891,623,392,743,283,99
45,1045,1576,JK009270,287,637,1168,429,99
45,1155,1397,Meshkat0014420,304,864,1105,194,98
45,1208,1356,JK006476,84,923,1071,119,100
45,1045,1576,ShamAY0036821,230,275,800,422,97
45,167,360,Meshkat00042485,1227,117,368,111,48
45,273,502,Meshkat00042485,1228,179,549,79,24
45,1155,1397,Sham19Y0147312,188,663,904,194,98
45,1155,1417,Sham19Y0013550,286,1098,1364,195,90
45,1155,1392,Zaydiyya0000062,89,719,955,190,98
45,1155,1397,JK000791,112,298,539,194,98
45,72,593,Shamela0021766,154,173,974,269,38
45,1139,1397,Shamela0000922,109,674,968,207,86
45,1045,1576,Sham19Y0009800,601,1088,1617,428,99
45,1155,1397,Tafsir07076,2716,172,413,194,98
45,1107,1397,JK007018,44,20,308,210,89
45,1045,1397,Sham19Y0023608,168,705,1055,282,98
45,1155,1397,Shamela0009231,265,239,480,194,98
45,1155,1397,Meshkat00042488,88,959,1199,193,98
45,47,853,ShamIbadiyya0000075,52,439,1176,287,34
45,1111,1397,Shia002356Vols,69,1037,1423,229,72
45,1045,1397,JK007021,126,757,1222,283,74
45,47,805,Shia002380Vols,41,738,1632,360,42
45,1038,1397,JK001496,167,270,629,285,97
45,1045,1397,Shamela0008473,522,663,1014,283,99
45,47,510,Shia002382Vols,167,1120,1611,249,54
45,510,1155,Shia002382Vols,168,0,1082,363,38
45,1155,1397,Shamela0012884,349,1252,1493,194,98
45,1045,1576,Shamela0023591,729,59,589,428,99
45,1155,1397,JK009266,828,1208,1449,194,98
45,1269,1576,Shamela0010283,3372,0,411,247,73
45,1155,1397,JK009362,810,1278,1520,194,98
45,1155,1397,JK009362,811,8,250,194,98
45,1045,1397,JK001420,83,145,630,250,63
45,1155,1397,JK006478,1191,1063,1305,194,98
45,801,1576,Rafed0003943Vols,50,556,1155,481,76
45,1155,1576,Shamela0010273,137,419,839,339,98
45,47,360,Tafsir01006,136,648,1202,180,39
45,47,417,Shia002394Vols,245,769,1399,164,30
45,1155,1397,Sham19Y0014404,101,1126,1367,194,98
45,1155,1397,Meshkat00057178,456,1067,1308,194,98
45,1155,1397,Masaha000554Vols,231,372,611,191,97
45,801,1576,QuranAnalysis001,9,640,1240,483,76
45,602,1155,Rafed0001713Vols,183,789,1674,332,45
45,1126,1397,Rafed0001713Vols,184,566,919,216,75
45,1155,1576,JK000122,548,45,479,340,96
45,1208,1397,JK000122,967,0,188,152,99
45,1038,1503,Sham19Y0014579,160,761,1225,371,98
45,1107,1397,Shamela0000041,134,0,289,233,98
45,1045,1397,Shamela0023578,202,981,1331,282,98
46,0,283,ShamAY0037152,625,278,561,230,100
46,0,283,JK009268,513,820,1103,230,100
46,0,183,JK000382,899,1109,1292,148,100
46,0,283,Rafed0003257Vols,363,1243,1526,230,100
46,0,283,JK009270,297,306,589,230,100
46,0,283,Rafed0003150Vols,159,19,324,230,92
46,0,283,ShamAY0036821,230,800,1080,226,98
46,0,283,Sham19Y0023608,172,1069,1352,230,100
46,66,283,Shia002356Vols,72,298,858,161,34
46,1170,1307,JK009365,154,135,272,109,99
46,0,283,Shamela0008473,534,319,609,229,97
46,324,506,Shia002382Vols,168,941,1154,118,64
46,0,283,Shamela0023591,729,589,872,230,100
46,0,283,Shamela0010283,3372,411,694,230,100
46,0,283,JK000367,12,863,1146,230,100
46,283,733,Tafsir08060,27,997,1503,232,48
46,769,1399,Tafsir08060,28,34,377,172,31
46,0,283,Rafed0003943Vols,51,1053,1336,230,100
46,0,283,Shamela0010273,140,130,413,230,100
46,0,283,QuranAnalysis001,9,1240,1523,230,100
46,324,699,Rafed0001713Vols,184,288,751,176,36
46,0,249,Rafed0001713Vols,187,760,1009,203,100
46,0,249,Hindawi017506357,46,143,392,203,100
46,0,283,Sham19Y0014579,165,231,514,230,100
46,94,283,Shamela0000041,141,783,1042,151,70
46,0,283,Shamela0023578,205,873,1156,230,100
47,280,629,Tafsir02102,201,293,987,130,20
47,280,528,Shia002382Vols,173,762,1125,115,33
48,0,482,ShamAY0037152,625,566,1043,390,98
48,96,340,Shia001432Vols,26150,0,244,198,100
48,171,444,Shamela0023632,239,35,309,225,99
48,0,482,JK009268,513,1108,1591,389,98
48,0,160,Sham19Y0023618,118,1353,1512,127,99
48,88,344,Shamela0023628,155,797,1053,205,99
48,96,482,Rafed0003257Vols,364,0,387,317,99
48,68,875,Sham19Y0020891,646,124,771,417,60
48,171,340,JK000100,358,420,588,137,99
48,0,444,JK009270,297,594,1039,361,99
48,164,340,Meshkat0014420,319,702,877,141,98
48,88,444,Rafed0003150Vols,161,683,1012,269,91
48,0,171,Sham19Y0016584,3180,238,616,136,44
48,0,268,JK006476,87,993,1293,208,86
48,0,482,ShamAY0036821,230,1085,1563,389,98
48,88,268,Meshkat00042485,1287,684,882,144,90
48,88,340,Sham19Y0147312,194,41,337,204,85
48,0,682,Zaydiyya0000062,93,245,850,357,54
48,0,171,JK000110,1198,868,1236,136,46
48,15,340,JK000791,116,618,1041,247,72
48,171,340,Shamela0000922,114,1262,1431,138,100
48,46,482,JK007018,46,146,631,347,88
48,0,171,Sham19Y0018103,2815,1038,1429,136,43
48,46,340,JK009396,111,760,1166,232,71
48,0,482,Sham19Y0023608,177,178,661,393,99
48,308,487,JK000381,5,42,221,148,98
48,242,482,JK000381,3697,1427,1667,200,100
48,171,482,JK000381,4930,643,954,257,100
48,171,340,Shamela0009231,275,492,661,138,100
48,24,344,Meshkat00042488,93,417,1086,247,46
48,32,272,ShamIbadiyya0000075,55,414,758,190,69
48,0,340,Shamela0022371,83,766,1268,208,44
48,88,1006,Shia002356Vols,73,780,1249,293,38
48,0,171,PV2024060602,1198,868,1236,136,46
48,15,344,Shamela0008473,535,624,1049,257,75
48,154,340,Shamela0012884,360,0,186,151,99
48,0,482,Shamela0023591,729,877,1360,393,99
48,32,252,Shamela0021821,125,1254,1558,157,63
48,65,340,JK009362,842,826,1145,217,84
48,0,289,JK000367,12,1151,1440,231,100
48,88,340,JK001420,86,93,469,186,59
48,68,344,Sham19Y0020643,345,1159,1449,212,91
48,0,197,Rafed0003943Vols,51,1341,1537,156,99
48,197,482,Rafed0003943Vols,52,0,286,237,99
48,0,171,Shamela0010273,142,195,366,136,100
48,171,344,Shamela0010273,143,435,608,138,98
48,164,340,Shamela0007798,839,826,1001,141,98
48,32,984,Shia002394Vols,259,820,1362,373,46
48,0,171,Sham19Y0013605,3413,231,598,136,46
48,0,211,Sham19Y0014404,106,1016,1569,168,38
48,154,340,Sham19Y0014404,107,0,223,152,83
48,88,340,Meshkat00057178,469,988,1576,175,34
48,88,340,Masaha000554Vols,241,1139,1390,203,99
48,308,482,Masaha000554Vols,243,499,1089,142,28
48,50,482,QuranAnalysis001,10,0,432,352,100
48,88,268,Shamela0009182,24,226,406,144,100
48,0,490,Rafed0001713Vols,190,153,644,396,99
48,204,444,Zaydiyya0000476,115,0,528,199,45
48,171,444,Zaydiyya0000476,142,246,807,225,48
48,0,171,Sham19Y0014579,165,519,690,136,100
48,32,149,Sham19Y0014579,168,1170,1585,91,27
48,149,482,Sham19Y0014579,169,936,1266,262,95
48,0,171,Shamela0000041,141,1047,1217,136,99
48,15,344,Shamela0000041,142,665,1153,258,65
48,0,512,Shamela0023578,208,1003,1515,406,94
48,36,268,Shamela0023578,209,454,1136,126,21
49,579,889,JK000021,2715,607,998,255,79
49,579,889,ShamAY0037152,628,1002,1348,255,89
49,273,889,Shamela0023632,240,626,1238,353,59
49,1181,1324,Shamela0023632,247,1442,1583,116,98
49,579,889,JK009268,541,536,846,255,100
49,889,1252,JK009268,548,1275,1636,295,99
49,579,892,Rafed0003257Vols,396,1296,1612,255,98
49,206,706,Sham19Y0020891,646,371,672,227,54
49,445,1113,JK009270,308,687,1282,456,83
49,1156,1352,JK009270,324,0,195,157,98
49,263,906,Rafed0003150Vols,162,525,1142,364,60
49,983,1335,Rafed0003150Vols,164,1089,1440,287,99
49,889,1352,ShamAY0036821,249,568,1024,367,98
49,1349,1621,Zaydiyya0000062,95,231,863,177,34
49,789,1113,Zaydiyya0000062,96,0,421,261,76
49,1357,1621,GVDB20220427,13,683,1275,150,31
49,1113,1378,Shamela0037458,266,715,981,206,92
49,838,1113,JK000791,119,895,1170,222,100
49,579,850,Sham19Y0023608,182,1382,1652,223,99
49,987,1352,Shia002380Vols,46,0,744,288,47
49,273,844,Shamela0023591,729,1233,1624,321,67
49,889,1352,Shamela0023591,793,99,561,373,99
49,587,889,Shamela0021821,128,532,834,249,100
49,1357,1603,Shamela0021821,128,859,1468,136,27
49,445,801,JK001110,67,1384,1643,215,72
49,1349,1636,Tafsir08060,30,961,1437,173,44
49,736,1349,Rafed0003943Vols,55,764,1480,448,71
49,1349,1528,Shamela0010273,147,545,1096,126,28
49,626,889,Shamela0010273,147,0,263,216,100
49,608,838,Shia002394Vols,262,648,876,185,97
49,1078,1349,Shia002394Vols,271,1049,1462,185,51
49,579,898,Sham19Y0018567,1398,168,571,256,77
49,384,706,Sham19Y0014404,108,0,583,170,31
49,1349,1557,Sham19Y0014404,108,426,692,137,55
49,206,1352,QuranAnalysis001,10,258,1204,752,80
49,206,706,Sham19Y0014579,169,1092,1392,225,54
49,706,1181,Sham19Y0014579,174,500,975,389,100
49,1167,1352,Sham19Y0014579,179,214,398,144,96
49,1349,1603,Shamela0023578,216,925,1425,156,34
49,425,892,Shamela0023578,216,498,928,300,78
49,992,1305,Shamela0023578,219,0,312,257,99
50,290,517,Shamela0021715,2146,742,1259,130,28
50,0,688,JK000818,30,774,1621,271,31
50,1005,1624,JK000818,31,457,1036,277,46
50,268,1567,Tafsir08060,31,69,1150,492,39
50,498,810,Tafsir01006,145,508,945,164,45
50,541,934,Rafed0001713Vols,196,831,1600,187,28
51,666,1008,Shia001432Vols,2468,66,408,276,100
51,666,1008,Shamela0023632,251,431,772,275,99
51,666,1008,JK009268,569,498,840,276,100
51,666,1008,Sham19Y0023618,130,295,636,275,99
51,666,1014,Rafed0003257Vols,431,396,743,276,98
51,666,1008,Sham19Y0020891,663,53,395,276,100
51,813,1008,JK000362,1287,0,195,159,100
51,666,1008,JK009270,336,1127,1469,276,100
51,703,889,Rafed0003150Vols,168,161,347,151,100
51,666,1008,Shia001269,24,281,623,275,99
51,398,959,ShamAY0036821,249,993,1539,426,94
51,666,1002,Zaydiyya0000062,99,150,490,271,98
51,666,1027,JK009396,119,1193,1560,283,95
51,666,1008,JK000381,3028,1082,1423,275,99
51,634,1008,JK000381,3438,629,1009,283,92
51,666,889,Meshkat00042488,99,1035,1258,180,100
51,666,1008,JK001496,178,1014,1358,276,99
51,666,1008,Shamela0011573,34,326,760,275,78
51,666,1002,Zaydiyya0000328,551,855,1192,269,99
51,666,1002,Zaydiyya0000328,626,447,788,271,98
51,420,972,Shamela0008473,551,1008,1488,306,58
51,666,1008,Shamela0003055,1161,365,821,275,74
51,666,1008,Shamela0012884,405,132,474,276,100
51,398,1014,Shamela0023591,793,530,1135,473,95
51,615,857,Shamela0021821,136,1248,1592,196,69
51,666,999,Masaha000001Vols,342,1058,1457,251,78
51,666,1008,Shia001122Vols,349,618,1027,258,78
51,666,1008,Shamela0021499,36,352,694,276,100
51,745,1008,Zaydiyya0000098,932,705,972,212,98
51,666,1008,PV2024060601,349,618,1027,258,78
51,648,1008,Rafed0003943Vols,57,957,1372,290,86
51,666,1018,Shamela0010273,155,1131,1490,275,94
51,398,820,Shia001362Vols,764,793,1206,318,94
51,666,1008,Shia002334,374,702,1044,276,100
51,666,1008,Masaha000554Vols,268,43,383,273,98
51,398,844,QuranAnalysis001,10,1173,1608,338,94
51,666,844,Rafed0001713Vols,202,1398,1575,142,99
51,745,1008,Zaydiyya0000132,26,746,1009,213,100
51,745,1008,Zaydiyya0000132,83,1111,1374,213,100
51,666,1008,JK001414,837,803,1137,270,97
51,666,1008,Sham19Y0014579,184,303,645,276,100
51,659,820,Shamela0023578,226,0,161,129,100
52,307,549,Shia001432Vols,2330,337,612,147,55
52,239,549,Meshkat00042485,1324,949,1336,160,45
52,961,1347,Shamela0001466,183,11,416,193,52
52,1082,1493,Shia002356Vols,79,154,711,236,47
52,1064,1267,JK000458,293,633,1126,125,29
52,7,549,Tafsir01006,148,571,1368,228,32
52,7,461,Shia002394Vols,275,412,1065,199,31
52,307,481,Rafed0001713Vols,203,1357,1611,112,49
52,1064,1498,Rafed0001713Vols,204,930,1577,288,51
52,714,1379,JK000876,108,478,1303,286,37
53,302,525,Shia001432Vols,1896,448,670,182,99
53,305,597,Shia001432Vols,7086,0,292,239,100
53,302,597,Shia001432Vols,8706,201,496,241,100
53,799,1051,Shia001432Vols,19672,0,649,151,28
53,302,525,Shia001432Vols,22982,877,1099,182,99
53,107,453,Shamela0023632,257,669,1015,277,100
53,302,583,Zaydiyya0000015,2044,225,511,203,81
53,107,369,JK009268,577,1330,1591,209,99
53,369,597,JK009268,578,0,228,187,100
53,302,597,Sham19Y0023618,134,583,878,241,100
53,321,597,Rafed0003257Vols,457,0,276,226,100
53,1303,1527,Tafsir09084,193,5,199,134,72
53,297,597,Sham19Y0020891,676,1148,1448,244,99
53,0,597,JK009270,351,577,1172,480,99
53,0,206,Rafed0003150Vols,170,774,980,165,100
53,271,597,Rafed0003150Vols,172,1290,1616,265,100
53,0,597,ShamAY0036821,266,572,1162,473,98
53,259,525,Sham19Y0147312,207,269,874,197,39
53,597,1168,Shamela0022769,69,639,1305,270,45
53,302,549,Zaydiyya0000062,102,343,610,191,87
53,23,302,Shamela0037458,279,112,391,221,100
53,597,898,Shamela0021766,187,295,910,151,29
53,302,597,JK007018,51,921,1224,239,96
53,302,542,Shia004092Vols,187,193,434,186,94
53,302,597,JK009396,123,743,1038,241,100
53,302,597,Sham19Y0023608,207,143,438,241,100
53,255,597,Shia002356Vols,81,57,436,262,81
53,275,592,Zaydiyya0000037Vols,2664,1236,1565,241,88
53,640,1364,Shia002380Vols,48,91,623,252,36
53,321,576,Shia002380Vols,49,364,912,201,44
53,363,640,Shamela0001419,63,97,817,172,29
53,302,611,Zaydiyya0000328,626,141,457,246,95
53,1090,1527,Shamela0008473,556,469,865,194,47
53,302,597,Shamela0008473,560,176,471,241,100
53,431,597,JK009265,278,0,166,137,100
53,0,597,Shamela0023591,835,49,646,481,100
53,302,542,Shia004020,1,790,1032,188,95
53,302,538,Zaydiyya0000258,1,804,1042,188,96
53,302,605,Shamela0021821,144,164,468,241,97
53,302,583,JK007070,159,933,1207,203,88
53,0,369,Rafed0003943Vols,58,1219,1587,294,99
53,369,605,Rafed0003943Vols,59,0,237,187,96
53,302,525,Zaydiyya0000148,30,1378,1601,183,100
53,302,597,Shamela0010273,166,1128,1423,241,100
53,605,898,Tafsir01006,149,894,1456,155,31
53,0,199,Shia002394Vols,279,105,303,148,93
53,939,1391,Shia002394Vols,279,368,1074,271,42
53,410,597,Shia002334,382,0,187,154,100
53,302,597,Sham19Y0014404,115,378,1329,239,30
53,302,559,Masaha000554Vols,279,1383,1634,205,97
53,0,605,QuranAnalysis001,11,398,1004,481,98
53,302,519,Zaydiyya0000474,69,601,818,178,100
53,302,597,Rafed0001713Vols,208,956,1251,241,100
53,107,597,Zaydiyya0000476,116,672,1199,260,50
53,107,597,Zaydiyya0000476,143,977,1504,260,50
53,0,597,Sham19Y0014579,189,468,1064,481,99
53,40,302,Shamela0000041,160,1061,1415,207,74
53,427,605,Shamela0000041,163,1322,1528,140,82
53,107,735,Shamela0023578,231,36,711,471,85
53,302,592,Zaydiyya0000388,34,12,302,237,100
54,419,698,Shia001432Vols,8704,691,958,95,35
54,497,698,Shia001432Vols,20207,1210,1353,73,40
54,245,497,Meshkat00042485,1339,385,981,127,24
54,219,698,Shia002380Vols,48,1073,1464,173,36
54,201,698,Shia002382Vols,185,180,746,202,33
54,963,1142,JK000458,299,946,1165,64,39
54,963,1142,Sham19Y0038093,161,729,1046,69,28
54,219,707,Tafsir01006,151,445,1363,295,39
54,245,707,Shia002394Vols,280,597,1363,272,41
54,419,698,Shia002334,380,394,664,95,35
54,497,698,Shia001237Vols,4102,482,625,73,40
55,983,1254,Shia001432Vols,32346,1084,1338,197,89
55,1023,1266,JK009268,603,144,384,190,96
55,1023,1254,Sham19Y0023618,139,363,595,186,99
55,1023,1254,Rafed0003257Vols,490,848,1080,186,99
55,1023,1272,Sham19Y0020891,691,605,850,190,95
55,975,1254,JK009270,377,528,805,224,99
55,1023,1254,Shamela0005756,8658,143,375,186,99
55,519,1254,Sham19Y0150960,628,770,1461,550,90
55,874,1116,Rafed0003150Vols,178,809,1051,192,97
55,1023,1254,Sham19Y0016584,2126,959,1191,186,99
55,1116,1254,Shia001269,63,1097,1235,109,100
55,1065,1266,Shamela0002300,3248,413,603,118,71
55,519,1254,ShamAY0036821,272,204,930,589,97
55,10,338,Meshkat00042485,1346,469,974,205,47
55,1023,1254,Sham19Y0018176,1064,642,874,186,99
55,1023,1254,Shamela0010517,2475,1212,1444,186,99
55,1023,1254,JK000110,701,194,426,186,99
55,1023,1254,Sham19Y0018103,1925,817,1049,186,99
55,1023,1206,JK009396,128,1343,1526,148,98
55,1023,1254,Sham19Y0023608,219,8,240,186,99
55,1023,1254,Shamela0021715,4434,1211,1443,186,99
55,712,1033,Shia002356Vols,83,14,395,235,71
55,0,584,Shia002380Vols,49,704,1375,271,39
55,1023,1254,PV2024060602,701,194,426,186,99
55,1023,1254,JK001496,188,536,767,186,100
55,1023,1254,Shamela0008473,570,1002,1233,186,100
55,10,298,Shia002382Vols,186,982,1434,124,28
55,458,1254,Shamela0023591,871,230,1027,653,99
55,105,360,JK000458,301,717,1043,110,38
55,995,1244,Shamela0021821,149,1188,1523,201,73
55,422,1023,Rafed0003943Vols,59,214,793,478,96
55,1023,1258,Shamela0010273,173,706,942,186,98
55,1023,1254,Sham19Y0013605,2483,656,888,186,99
55,1023,1254,Masaha000554Vols,290,583,813,185,99
55,422,1072,QuranAnalysis001,11,981,1608,517,96
55,1072,1272,QuranAnalysis001,12,0,202,153,94
55,10,225,Rafed0001713Vols,209,415,882,160,41
55,1023,1254,Rafed0001713Vols,215,1166,1398,186,99
55,975,1254,Sham19Y0014579,204,1139,1456,203,80
55,733,1033,Shamela0000041,167,1112,1406,210,84
55,209,1023,Shamela0023578,242,239,1053,526,68
55,975,1254,Shamela0023578,249,1157,1527,225,74
56,1214,1569,Tafsir09084,200,1019,1383,159,44
56,51,646,ShamIbadiyya0000075,63,673,1409,300,41
56,69,707,JK000876,112,332,1319,314,36
57,989,1320,Shamela0008381,2357,360,691,260,98
57,989,1299,Shia001432Vols,30111,1178,1487,248,99
57,983,1514,JK009268,610,204,736,425,99
57,983,1422,Rafed0003257Vols,497,1113,1552,350,99
57,997,1514,ShamAY0036821,284,150,667,415,99
57,989,1354,Shamela0004445,1378,828,1193,291,100
57,997,1449,Sham19Y0023608,221,0,452,363,100
57,318,959,Shamela0021715,4435,284,1291,325,35
57,7,599,JK000818,35,897,1453,208,32
57,989,1312,Shamela0004473,12873,725,1048,259,100
57,989,1459,JK006896,14,830,1300,371,98
57,1150,1514,Shamela0023591,915,0,365,294,99
57,1019,1442,Zaydiyya0000063,192,0,427,337,98
57,997,1449,Shamela0021821,152,287,740,363,99
57,563,1034,Tafsir08060,36,9,761,233,38
57,989,1449,Shamela0010273,175,496,956,369,100
57,989,1449,Shamela0012293,4487,817,1276,369,99
57,989,1449,Shamela0012293,4764,701,1160,369,99
57,989,1454,Shamela0012293,4786,307,772,370,98
57,989,1408,Shamela0012293,4823,1149,1566,335,99
57,7,673,Sham19Y0014404,118,355,1171,226,27
57,731,1514,QuranAnalysis001,12,96,708,490,77
57,989,1514,SyriacStudies00001,7,869,1399,422,98
57,1009,1514,Shamela0009182,61,502,1143,326,54
57,807,1220,Rafed0001713Vols,217,601,1069,305,76
57,989,1449,Shamela0000432,241,1060,1520,369,100
57,989,1354,Shamela0000432,245,293,658,291,100
57,989,1449,Sham19Y0014579,208,893,1352,369,99
57,989,1514,Shamela0023578,254,237,763,423,99
58,0,379,JK009268,610,736,1115,309,100
58,28,483,Sham19Y0023618,148,1009,1464,373,100
58,245,483,JK009270,397,0,238,197,100
58,621,1588,Shamela0000140,1710,386,1478,684,70
58,0,483,ShamAY0036821,284,667,1143,389,98
58,1325,1588,Shamela0021715,3205,300,565,191,82
58,260,470,Shia002380Vols,55,348,853,170,40
58,0,483,Shamela0023591,915,365,848,396,100
58,0,379,Shamela0021821,159,941,1320,309,100
58,0,483,Rafed0003943Vols,62,396,879,396,100
58,531,818,Tafsir01006,157,1073,1537,121,30
58,0,483,QuranAnalysis001,12,708,1191,396,100
58,531,839,Rafed0001713Vols,218,615,1046,133,35
58,0,483,Sham19Y0014579,213,1082,1565,396,100
58,0,503,Shamela0023578,254,763,1217,325,71
59,652,940,Tafsir09084,210,742,1214,125,29
59,97,580,Shamela0000140,1711,0,697,373,64
59,652,1277,Meshkat00042485,1386,837,1426,218,28
59,667,896,Shamela0037458,306,0,383,90,25
59,0,580,Shamela0021715,3205,565,1132,341,64
59,652,940,Shamela0008473,587,786,1390,128,23
59,652,1082,JK000458,314,20,312,161,38
59,580,1277,Tafsir01006,160,536,1269,262,30
59,430,1093,Shia002394Vols,304,896,1365,241,36
59,580,707,Rafed0001713Vols,223,377,639,89,41
59,580,1031,ShamAY0035035,3138,128,617,168,29
60,1262,1409,ShamAY0037152,633,663,810,120,100
60,1005,1481,Shamela0023632,286,152,475,265,67
60,1270,1409,Shamela0000894,6301,0,139,113,100
60,1005,1409,JK009268,647,1254,1505,207,62
60,1237,1607,Sham19Y0023618,152,1054,1455,303,91
60,1164,1409,Shamela0023628,214,818,1146,180,66
60,1262,1409,Rafed0003257Vols,526,606,753,119,99
60,1237,1409,Sham19Y0020891,720,910,1143,132,69
60,1262,1409,Shamela0009759,29,252,399,119,99
60,1262,1607,JK009270,406,177,523,285,99
60,958,1607,Sham19Y0150960,629,765,1251,379,69
60,1081,1519,Rafed0003150Vols,191,1097,1469,268,72
60,102,610,JK000865,38,31,451,187,38
60,1270,1409,JK006476,112,218,357,113,100
60,1164,1481,Sham19Y0147312,222,334,809,240,61
60,1250,1409,JK000123,1,687,846,124,96
60,1005,1409,Sham19Y0013550,67,1113,1409,205,56
60,783,1262,Zaydiyya0000062,115,28,778,185,26
60,1161,1481,Shamela0037458,314,409,871,230,58
60,1262,1409,JK000791,145,1040,1187,120,100
60,1270,1430,Shamela0000922,137,0,158,120,93
60,1005,1409,JK007018,58,1143,1577,201,42
60,1262,1409,Masaha000989,147,39,186,119,99
60,1262,1409,JK009396,141,942,1089,120,100
60,1262,1409,Sham19Y0023608,235,207,354,119,99
60,1342,1607,Sham19Y0023608,238,248,905,220,40
60,1262,1409,JK000917,85,1144,1291,120,100
60,1262,1409,Shamela0009231,317,736,883,120,100
60,1164,1409,Meshkat00042488,116,76,412,183,65
60,931,1391,ShamIbadiyya0000075,67,493,1135,272,45
60,1262,1409,Shamela0004473,15196,315,462,120,100
60,1005,1409,Shamela0022371,89,36,279,174,52
60,1262,1409,Noorlib0015842,7,189,336,119,99
60,1262,1409,Shamela0008473,607,32,179,120,100
60,958,1262,Shia002382Vols,200,0,854,192,26
60,1262,1607,Shamela0023591,974,177,523,284,99
60,1262,1409,JK009266,1105,1033,1180,120,100
60,1005,1607,Zaydiyya0000063,192,711,1145,350,69
60,1081,1409,Shamela0021821,163,853,1264,212,63
60,1262,1409,Rafed0003793Vols,318,912,1059,119,99
60,1262,1409,JK009362,1002,1171,1319,119,98
60,1262,1409,JK009362,1003,101,249,119,98
60,1262,1409,JK001420,106,235,382,120,100
60,1262,1420,Sham19Y0020643,465,317,471,123,96
60,1262,1409,JK006478,1518,1071,1219,120,99
60,146,753,Tafsir08060,38,0,398,226,43
60,937,1262,Tafsir08060,38,430,792,176,58
60,1262,1409,Rafed0003943Vols,64,819,966,119,99
60,1262,1409,Shamela0010273,184,1282,1429,119,99
60,1262,1430,Shamela0007798,1046,58,229,125,90
60,743,1262,Tafsir01006,162,271,1020,323,48
60,1250,1552,Shamela0012293,6590,349,661,159,55
60,931,1262,Shia002394Vols,311,168,630,232,57
60,1121,1409,Sham19Y0014404,126,307,574,185,78
60,1262,1409,Masaha000554Vols,312,1273,1423,119,96
60,958,1607,QuranAnalysis001,12,1053,1537,399,74
60,1038,1273,Rafed0001713Vols,227,954,1353,140,40
60,1262,1409,Rafed0001713Vols,228,352,499,119,99
60,1262,1409,Zaydiyya0000476,71,1317,1464,120,100
60,1262,1409,Zaydiyya0000476,88,590,737,120,100
60,1262,1607,Sham19Y0014579,218,981,1327,285,99
60,1237,1409,Shamela0000041,193,4,181,141,97
60,958,1417,Shamela0023578,277,37,395,243,57
60,958,1237,JK000876,120,504,875,166,49
61,0,288,ShamAY0037152,634,200,501,231,93
61,347,710,ShamAY0037152,964,790,1153,290,100
61,0,440,Shia001432Vols,6668,299,673,298,82
61,0,267,Shia001432Vols,31261,122,320,160,72
61,39,267,Shamela0023632,289,0,228,187,100
61,267,563,Shamela0023632,291,1246,1540,237,99
61,953,1103,JK009268,652,378,673,74,30
61,0,347,JK009268,654,235,582,286,100
61,347,710,JK009268,663,195,558,290,100
61,58,347,Sham19Y0023618,154,534,823,238,100
61,347,710,Sham19Y0023618,157,551,913,289,99
61,326,710,Shamela0023628,222,286,715,306,89
61,744,1001,Rafed0003257Vols,526,1192,1539,70,18
61,251,710,Rafed0003257Vols,551,433,911,324,84
61,347,710,Sham19Y0020891,730,53,415,289,99
61,326,710,Shamela0009759,35,1037,1433,295,93
61,58,580,JK009270,412,1044,1565,423,99
61,0,371,Sham19Y0150960,629,1251,1628,299,94
61,371,710,Sham19Y0150960,630,0,338,269,99
61,179,371,Rafed0003150Vols,194,3,195,158,100
61,0,728,ShamAY0036821,299,174,896,581,98
61,28,318,Tafsir02104,38,29,662,194,36
61,347,710,Sham19Y0147312,224,569,932,290,100
61,318,703,Zaydiyya0000062,118,179,621,306,86
61,28,267,Shamela0037458,319,553,792,196,100
61,326,710,Shamela0037458,323,116,534,307,91
61,228,710,JK000791,151,283,765,367,94
61,347,710,Shamela0010875,1283,388,750,289,99
61,329,710,Shamela0010875,1284,464,837,293,96
61,347,710,Shamela0010875,1288,224,586,289,99
61,222,710,Shamela0000922,141,961,1447,328,74
61,347,710,JK007018,60,1203,1566,290,100
61,347,710,JK009396,145,47,410,290,100
61,386,710,Sham19Y0023608,244,0,323,257,99
61,347,710,JK000917,102,61,424,290,100
61,347,732,Shamela0009231,324,838,1223,295,96
61,326,710,Meshkat00042488,119,793,1213,306,90
61,347,710,Shamela0004473,5457,300,663,290,100
61,347,710,Shamela0004473,14070,426,789,290,100
61,347,710,Shamela0022371,90,100,463,290,100
61,318,710,Shia002356Vols,91,277,696,312,92
61,435,710,Sham19Y0014827,122,0,275,218,100
61,347,710,JK001496,202,250,614,290,99
61,318,710,Shamela0008473,617,1007,1399,314,100
61,318,710,Shamela0012884,508,1114,1539,314,92
61,0,728,Shamela0023591,974,523,1239,581,98
61,347,710,JK009266,1131,452,815,290,100
61,329,710,JK000154,1454,295,669,294,96
61,0,288,Shamela0021821,165,386,694,232,91
61,318,710,Shamela0021821,167,612,1020,299,91
61,347,710,Shia000181,198,309,671,289,99
61,0,347,Zaydiyya0000075BK23,8,488,1095,195,35
61,347,732,JK006478,1561,933,1328,299,93
61,0,347,Rafed0003943Vols,65,483,830,286,100
61,318,710,Rafed0003943Vols,66,252,746,313,78
61,0,347,Shamela0010273,187,532,879,286,100
61,347,710,Shamela0010273,190,617,979,289,99
61,318,710,Shamela0007798,1075,130,582,314,86
61,347,710,Shamela0012293,4813,701,1065,290,99
61,326,710,Shamela0012293,5749,1014,1391,294,96
61,329,710,Shia002394Vols,320,725,1100,295,97
61,413,710,Sham19Y0014404,129,0,297,236,100
61,306,710,Meshkat00057178,535,198,618,311,92
61,440,710,JK009286,111,1016,1286,214,100
61,79,710,QuranAnalysis001,13,0,631,511,100
61,39,288,Shamela0010013,81,343,624,189,82
61,0,267,Rafed0001713Vols,230,43,310,220,100
61,347,710,Rafed0001713Vols,233,830,1192,289,99
61,347,710,JK000122,203,971,1334,290,100
61,486,710,JK000122,204,0,224,179,100
61,347,710,JK000122,316,346,709,290,100
61,347,710,JK000122,329,948,1311,290,100
61,326,710,JK000122,330,792,1170,295,96
61,347,693,JK000122,393,1146,1491,276,99
61,347,710,JK000122,394,40,403,290,100
61,347,710,JK000122,457,1085,1448,290,100
61,347,710,JK000122,460,511,874,290,100
61,347,710,JK000122,521,1021,1384,290,100
61,347,690,JK000122,1075,1156,1498,274,99
61,326,710,JK000122,1076,0,400,296,93
61,483,710,Shamela0000041,200,0,227,181,100
61,347,710,Shamela0023578,284,0,362,289,99
61,347,710,Noorlib0010584,32,686,1048,289,99
62,831,1130,Shia001432Vols,6671,1039,1551,153,35
62,282,653,Tafsir09083,110,5,504,186,41
62,28,613,Meshkat00042485,1401,1011,1555,217,32
62,831,1028,Meshkat00042485,1402,1000,1189,131,81
62,1218,1593,Meshkat00042485,1405,60,507,226,55
62,1031,1568,Shamela0001466,212,182,1131,293,35
62,533,1258,Zaydiyya0000062,117,0,1157,311,28
62,326,463,JK000906,852,436,791,71,25
62,282,1387,Shia002380Vols,56,565,1678,499,43
62,253,1031,JK001496,200,126,1306,254,22
62,282,507,Tafsir02102,310,614,881,139,55
62,282,1031,Shia002382Vols,202,108,919,325,38
62,1063,1350,Shia002382Vols,203,251,586,178,61
62,831,1593,JK000458,319,39,1286,435,40
62,244,1593,Tafsir08060,39,295,1430,406,28
62,28,1031,Tafsir01006,164,533,1527,358,31
62,1063,1593,Tafsir01006,165,205,812,327,62
62,9,949,Shia002394Vols,316,215,1110,326,30
62,0,424,Rafed0001713Vols,230,785,1655,145,17
62,448,1031,Rafed0001713Vols,231,267,1300,258,26
62,1095,1580,Rafed0001713Vols,232,5,670,293,49
62,685,958,Shamela0000041,196,515,924,170,50
62,685,927,Shamela0023578,282,1197,1590,152,47
62,878,986,Shamela0023578,1342,691,1016,72,27
62,282,448,JK000876,122,748,973,77,42
63,842,1044,Meshkat00042485,1414,971,1306,118,43
63,659,996,Shamela0001466,214,630,1352,173,28
63,1090,1515,Shamela0021715,2793,843,1404,209,41
63,842,963,Shamela0021715,2973,359,469,83,88
63,553,1196,ShamIbadiyya0000075,69,450,973,237,41
63,558,818,ShamAY0034059,496,797,1449,138,23
63,558,1419,Shia002380Vols,57,729,1407,297,39
63,659,963,Shia002382Vols,205,1075,1261,119,48
63,842,1408,JK000458,322,26,933,277,35
63,659,1483,Tafsir08060,40,91,782,268,34
63,562,818,Tafsir01006,166,976,1372,123,33
63,842,1157,Tafsir01006,167,155,579,184,49
63,1090,1419,Tafsir01006,167,510,1100,171,32
63,842,963,Shia002394Vols,328,145,257,82,86
63,659,1016,Rafed0001713Vols,235,13,701,166,27
63,866,1483,JK000876,125,0,686,244,36
64,578,813,Shamela0008381,5896,1014,1249,189,100
64,982,1160,ShamAY0037152,636,0,267,143,66
64,1196,1453,ShamAY0037152,637,459,724,195,91
64,941,1160,Shia001432Vols,2468,753,973,176,99
64,941,1160,Shia001432Vols,7086,307,526,176,100
64,1220,1364,Shia001432Vols,12141,0,143,115,99
64,646,941,Shia001432Vols,31150,0,295,236,99
64,230,517,Shamela0023632,300,391,678,231,100
64,517,945,Shamela0023632,305,987,1415,341,99
64,941,1307,Shamela0023632,310,686,1051,292,99
64,1303,1453,Shamela0023632,316,358,508,121,100
64,1220,1354,Masaha005108Vols,100,1478,1611,108,99
64,190,430,JK009268,682,1328,1631,181,73
64,430,941,JK009268,683,0,511,412,100
64,1012,1453,JK009268,716,0,441,357,100
64,201,842,JK000637,1026,81,1006,364,47
64,337,578,Sham19Y0023618,161,945,1204,180,83
64,578,813,Sham19Y0023618,164,898,1133,189,100
64,813,1096,Sham19Y0023618,166,205,488,227,100
64,1096,1453,Sham19Y0023618,167,1143,1499,288,99
64,941,1160,Hindawi070427368,58,1093,1312,176,100
64,659,941,Shamela0023628,245,49,448,209,65
64,1220,1364,Shamela0023628,255,275,419,116,100
64,51,868,Rafed0003257Vols,551,835,1548,573,87
64,941,1220,Rafed0003257Vols,565,1272,1550,224,99
64,1265,1453,Rafed0003257Vols,572,0,188,152,100
64,261,636,Masaha000722Vols,147,0,306,239,79
64,190,381,Sham19Y0020891,743,25,255,146,79
64,368,813,Sham19Y0020891,750,634,1079,359,100
64,941,1164,Sham19Y0020891,765,1286,1508,178,99
64,1201,1364,Sham19Y0020891,769,949,1149,131,80
64,381,578,Shamela0009759,45,425,622,159,100
64,230,578,JK009270,422,1249,1594,279,99
64,578,813,JK009270,423,0,235,189,100
64,813,1453,JK009270,432,737,1375,515,99
64,51,941,Sham19Y0150960,630,262,1029,527,67
64,941,1160,Zaydiyya0000085,6,642,857,170,96
64,300,439,Rafed0003150Vols,207,1065,1204,112,100
64,545,842,Rafed0003150Vols,211,289,607,240,93
64,890,1033,Rafed0003150Vols,213,1062,1196,108,93
64,1147,1364,JK006476,124,1280,1485,135,74
64,941,1160,Shia001269,24,637,856,176,100
64,456,826,Shamela0002300,714,762,1107,253,84
64,230,813,ShamAY0036821,305,332,911,463,98
64,813,1453,ShamAY0036821,318,618,1252,509,98
64,368,699,Shamela0001466,218,498,848,263,91
64,968,1466,Shamela0001466,224,419,883,352,86
64,1303,1453,Sham19Y0147312,237,202,656,121,33
64,329,941,Sham19Y0013550,70,485,1227,364,58
64,1240,1453,Sham19Y0013550,71,634,1000,172,58
64,67,373,Zaydiyya0000062,120,544,893,172,54
64,373,694,Zaydiyya0000062,121,974,1312,258,94
64,941,1359,Zaydiyya0000062,124,356,792,332,93
64,636,813,Shamela0006947,1453,1046,1223,141,100
64,636,821,Shamela0006947,1531,148,333,142,96
64,636,813,Shamela0006947,6959,13,190,141,100
64,636,813,Shamela0006947,18260,908,1085,141,100
64,578,770,Shamela0037458,335,1407,1599,154,100
64,726,941,Shamela0037458,337,426,635,150,86
64,1220,1364,Shamela0037458,343,1078,1222,116,100
64,324,578,JK000791,159,79,386,191,76
64,664,941,JK000791,161,0,277,222,100
64,1220,1453,JK000791,168,775,1008,188,100
64,1303,1453,Shamela0000922,151,51,422,121,40
64,1220,1453,JK007018,65,90,332,188,96
64,941,1160,Shia003744Vols,54,517,736,176,100
64,1220,1364,Sham19Y0029676,265,1573,1716,116,99
64,578,813,JK009396,150,635,870,189,100
64,941,1220,JK009396,152,475,754,225,100
64,1220,1364,JK009396,153,1268,1412,116,100
64,381,578,Sham19Y0023608,249,281,478,159,100
64,578,941,Sham19Y0023608,251,622,985,292,100
64,941,1220,Sham19Y0023608,255,1070,1348,224,99
64,1220,1453,Sham19Y0023608,259,368,601,188,100
64,578,941,JK000386,823,941,1160,165,56
64,419,951,Sham19Y0016953Vols,91,10,438,280,58
64,646,813,JK000381,3291,414,581,133,100
64,941,1164,JK000381,8142,346,571,178,98
64,1303,1453,Meshkat00042488,129,11,347,121,44
64,381,868,Shamela0021537,1389,770,1047,203,50
64,381,578,Shamela0021537,3921,1372,1569,159,100
64,941,1240,Shamela0004473,7700,379,712,200,69
64,636,813,Shia001544Vols,925,502,678,141,99
64,34,381,Shia002356Vols,92,902,1283,202,65
64,517,813,Shia002356Vols,94,0,294,237,99
64,813,1096,Shia002356Vols,95,317,979,227,42
64,1196,1453,Shia002356Vols,96,464,1174,208,36
64,934,1303,Hindawi079072819,20,1238,1547,246,82
64,904,1201,Shia002380Vols,60,411,1081,235,43
64,230,517,Sham19Y0014827,139,1141,1427,231,99
64,73,381,JK001496,206,239,669,190,52
64,337,813,JK001496,208,292,851,384,85
64,1201,1364,JK001496,214,837,1038,130,79
64,636,813,ShamAY0001760,70,262,439,141,100
64,636,813,Tafsir02102,1091,914,1091,141,100
64,563,813,Shamela0008473,648,1186,1437,195,96
64,904,1220,Shamela0008473,654,727,1120,255,80
64,1160,1364,Shamela0008473,658,1192,1396,164,99
64,636,813,Shamela0008473,1384,995,1172,141,100
64,578,813,Shamela0012884,568,241,476,189,100
64,1220,1364,Shamela0012884,591,134,278,116,100
64,941,1164,JK000378,75,451,676,178,98
64,230,813,Shamela0023591,1019,557,1140,469,100
64,813,1250,Shamela0023591,1062,1089,1524,351,99
64,1250,1453,Shamela0023591,1063,0,203,164,100
64,578,813,JK009266,1191,917,1152,189,100
64,813,1160,JK009266,1202,905,1252,279,100
64,1228,1364,JK009266,1228,1284,1420,110,100
64,1303,1453,JK009266,1235,822,1091,117,54
64,1220,1420,JK009266,1246,244,545,145,58
64,230,904,Zaydiyya0000063,193,176,656,377,69
64,337,578,Shamela0021821,172,234,522,179,77
64,674,941,Shamela0021821,174,0,267,214,100
64,941,1173,Shamela0021821,176,1200,1458,186,89
64,1190,1453,Shamela0021821,178,830,1124,198,82
64,578,813,Rafed0003793Vols,331,1079,1314,189,100
64,659,813,JK000077,87,0,154,123,100
64,636,813,Masaha003390Vols,266,1366,1543,141,100
64,520,829,JK009362,1057,0,402,223,69
64,941,1173,JK009362,1067,1186,1434,181,91
64,646,795,JK009362,2100,870,1019,117,99
64,941,1160,JK009362,2804,622,841,176,100
64,941,1160,JK007070,798,142,361,176,100
64,563,834,Shamela0010463,84,1021,1273,167,78
64,230,578,Shamela0007853,37,826,1172,278,99
64,1234,1453,JK001420,114,0,437,135,38
64,941,1164,JK000008,50,791,1016,176,97
64,941,1201,Shia003986,109,457,721,182,84
64,929,1212,Zaydiyya0000074,24,574,863,223,96
64,941,1212,Zaydiyya0000074,69,167,438,218,100
64,167,381,JK006478,1574,338,719,156,50
64,941,1173,JK006478,1623,1149,1400,186,92
64,1220,1364,Shia002932VolsBK2,80,201,345,116,100
64,51,699,Rafed0003943Vols,66,670,1215,437,83
64,694,993,Rafed0003943Vols,69,731,1001,208,86
64,723,1220,Rafed0003943Vols,70,35,492,261,64
64,1303,1453,Rafed0003943Vols,72,154,304,121,100
64,278,578,Shamela0010273,194,574,1116,226,51
64,527,813,Shamela0010273,196,1080,1473,226,70
64,941,1136,Shamela0010273,199,1364,1558,156,99
64,1220,1364,Shamela0010273,201,1363,1507,116,100
64,368,636,Shamela0012293,6060,204,416,163,75
64,190,381,Shia002394Vols,336,36,254,152,87
64,278,534,Shia002394Vols,338,1037,1510,175,44
64,517,813,Shia002394Vols,343,65,376,223,89
64,1303,1453,Shia002394Vols,357,517,667,121,100
64,941,1153,Zaydiyya0000334,6,547,760,170,99
64,555,795,Sham19Y0018567,945,1095,1325,179,93
64,941,1160,ShamIbadiyya0000095,1206,192,411,176,100
64,419,813,Shia002334,395,1065,1458,317,99
64,941,1160,Shia002334,401,1003,1222,176,100
64,1220,1364,Shia002334,407,499,643,116,100
64,1250,1453,Sham19Y0014404,140,256,696,154,42
64,190,381,Meshkat00057178,539,335,559,153,84
64,1220,1364,Meshkat00057178,552,709,1115,116,35
64,230,578,Masaha000554Vols,338,814,1157,274,97
64,578,813,Masaha000554Vols,344,1356,1594,189,98
64,904,1164,Masaha000554Vols,349,1069,1540,207,54
64,1228,1396,Masaha000554Vols,354,247,409,115,82
64,51,1147,QuranAnalysis001,13,555,1547,794,90
64,1147,1453,QuranAnalysis001,14,0,306,248,100
64,636,813,JK000028,279,330,507,141,100
64,368,578,Rafed0001713Vols,238,526,748,170,94
64,578,945,Rafed0001713Vols,241,502,869,292,99
64,904,1160,Rafed0001713Vols,243,1088,1444,207,71
64,1196,1453,Rafed0001713Vols,245,1188,1496,207,82
64,636,813,JK001414,269,534,712,141,99
64,941,1164,JK006950,2443,1262,1487,178,98
64,34,167,Shamela0000041,209,1113,1451,89,34
64,167,517,Shamela0000041,210,1117,1479,265,91
64,517,813,Shamela0000041,216,1055,1351,238,100
64,899,1201,Shamela0000041,222,1133,1468,235,86
64,1220,1453,Shamela0000041,228,1049,1282,188,100
64,358,954,Shamela0023578,302,504,1143,470,91
64,941,1453,Shamela0023578,314,22,533,412,99
64,51,248,JK000876,125,1015,1205,102,53
65,720,913,Meshkat00042485,1428,557,799,96,48
65,1049,1180,Meshkat00042485,1435,511,740,100,54
65,1328,1527,Meshkat00042485,1436,1175,1471,95,39
65,1049,1180,Tafsir02102,326,764,918,103,83
65,1137,1404,JK007044,3079,283,629,71,20
65,720,926,JK000458,324,617,877,102,48
65,1000,1527,JK000458,325,769,1550,227,31
65,1137,1404,Sham19Y0014601,3013,531,1026,69,15
65,939,1410,Tafsir01006,170,807,1459,189,30
66,1406,1536,Shia001432Vols,7099,742,911,94,68
66,543,747,Shamela0000140,1913,10,438,133,37
66,1130,1333,Meshkat00042485,1443,626,927,122,52
66,1130,1362,Shamela0021766,282,318,566,122,53
66,420,818,JK001496,211,718,1305,136,26
66,1073,1280,Shia002382Vols,211,808,1063,113,55
66,464,1480,Tafsir08060,41,898,1558,296,33
66,977,1495,Tafsir01006,172,63,958,273,37
66,428,923,Shia002394Vols,344,613,1120,246,51
66,1065,1296,Shia002394Vols,347,9,302,139,56
66,1006,1450,Rafed0001713Vols,243,698,1642,203,24
67,0,658,Shia001432Vols,7099,883,1538,304,48
67,645,817,ShamIbadiyya0000193,245,195,596,90,24
67,645,817,Tafsir09050,249,937,1340,90,23
67,683,1424,JK000865,43,121,695,205,28
67,250,645,Meshkat00042485,1447,725,1189,237,61
67,1257,1505,Shamela0021766,291,961,1638,151,27
67,471,986,Shia002356Vols,96,8,567,184,37
67,429,769,Shia002382Vols,213,505,1011,199,46
67,250,635,JK000458,329,221,928,218,38
67,0,349,Tafsir01006,172,1171,1596,157,38
67,429,1055,Tafsir01006,173,95,1021,333,41
67,0,488,Shia002394Vols,350,836,1425,212,39
67,1153,1510,Sham19Y0014404,140,57,636,196,40
67,0,645,Rafed0001713Vols,244,305,1376,296,31
68,248,459,ShamAY0037152,637,844,1120,168,75
68,209,465,Shamela0023632,316,480,731,192,91
68,248,784,JK009268,726,1115,1650,434,99
68,205,455,Sham19Y0023618,169,540,828,184,79
68,286,459,Shamela0023628,259,367,809,138,38
68,209,455,Rafed0003257Vols,572,160,395,187,94
68,248,711,JK009270,441,1085,1547,375,99
68,209,426,Rafed0003150Vols,219,1162,1368,164,93
68,455,984,ShamAY0036821,331,1068,1592,421,97
68,248,875,Shamela0001466,228,189,811,503,98
68,209,450,Zaydiyya0000062,125,601,835,183,92
68,342,565,Shamela0006947,10894,63,286,184,100
68,209,455,Shamela0037458,344,1331,1566,187,94
68,718,1001,Shamela0037458,351,440,723,231,100
68,222,455,JK007018,65,998,1230,172,89
68,248,455,JK009396,155,205,412,167,100
68,718,1001,JK009396,157,27,310,231,100
68,248,455,Sham19Y0023608,262,406,613,167,100
68,251,426,Tafsir02091,195,484,949,134,35
68,286,455,Shamela0008473,662,0,169,137,100
68,209,455,Shamela0023591,1063,175,410,187,94
68,455,1119,Shamela0023591,1109,315,979,537,99
68,209,1001,Rafed0003943Vols,72,276,1058,631,97
68,286,455,Shamela0010273,204,359,750,137,43
68,248,485,Shia002394Vols,358,1246,1473,175,92
68,140,312,Sham19Y0014404,140,1300,1575,103,42
68,312,455,Sham19Y0014404,141,0,507,117,28
68,209,1119,QuranAnalysis001,14,278,1177,725,98
68,248,455,Rafed0001713Vols,247,180,387,167,100
68,1119,1543,Rafed0001713Vols,247,595,1211,176,31
68,140,342,Shamela0000041,230,940,1236,126,50
68,305,718,Shamela0000041,231,33,446,336,100
68,248,575,Shamela0023578,325,1216,1542,266,99
68,575,1001,Shamela0023578,326,0,426,345,99
69,1302,1583,Sham19Y0020891,786,204,509,131,46
69,896,1389,Meshkat00042485,1462,550,1062,219,38
69,497,1059,ShamIbadiyya0000075,74,837,1560,244,33
69,1265,1598,ShamIbadiyya0000075,75,163,558,188,56
69,1302,1546,Shia002356Vols,98,1230,1540,130,47
69,536,760,ShamAY0034059,527,824,1028,110,52
69,1302,1583,JK001496,218,748,1053,139,46
69,575,760,JK000458,333,1091,1400,119,46
69,1090,1619,JK007126,775,76,784,219,32
69,891,1619,Tafsir01006,176,35,839,295,35
69,536,957,Rafed0001713Vols,249,349,778,199,46
69,425,1110,JK000876,132,873,1583,276,37
69,1265,1619,JK000876,133,550,1094,216,47
70,639,1031,ShamAY0037152,640,108,558,316,86
70,1031,1324,ShamAY0037152,642,1083,1376,241,100
70,1131,1324,Shamela0023632,328,0,193,157,99
70,1180,1324,Shamela0000894,4421,83,227,118,100
70,440,1031,JK009268,738,986,1492,405,84
70,1180,1545,JK009268,751,0,365,300,100
70,622,1048,Sham19Y0023618,173,1024,1460,333,94
70,1031,1298,Sham19Y0023618,175,1365,1631,217,98
70,622,1059,Shamela0023628,268,723,1159,333,94
70,639,1031,Rafed0003257Vols,615,1240,1632,318,99
70,1031,1344,Rafed0003257Vols,635,611,920,245,95
70,1140,1306,Tafsir09084,255,547,1020,137,35
70,486,958,Sham19Y0020891,790,1117,1563,306,78
70,943,1324,Sham19Y0020891,794,1009,1543,280,64
70,689,1545,Sham19Y0020966,61,109,860,332,38
70,943,1180,JK009270,462,501,738,194,99
70,1180,1556,JK009270,475,112,489,309,99
70,706,1031,JK006476,130,1188,1516,260,96
70,1180,1324,JK006476,133,962,1106,118,100
70,943,1467,ShamAY0036821,347,998,1612,403,79
70,943,1210,Sham19Y0147312,246,25,404,204,64
70,1145,1324,Sham19Y0147312,247,307,465,129,88
70,916,1319,Zaydiyya0000062,130,1013,1447,330,92
70,440,1556,Hindawi013538483,605,428,1460,830,91
70,1140,1324,Shamela0037458,361,609,878,150,68
70,1180,1328,JK000791,183,125,274,118,96
70,486,1048,JK007018,67,243,854,392,76
70,1031,1324,JK007018,68,360,657,241,98
70,486,1074,JK009396,158,145,780,384,70
70,1031,1328,JK009396,160,108,406,241,98
70,440,1031,Sham19Y0023608,274,294,800,403,84
70,1031,1344,Sham19Y0023608,280,95,408,244,95
70,1180,1324,Shamela0009231,353,703,847,118,100
70,486,928,Shia002356Vols,99,1034,1545,288,62
70,1131,1324,Shia002356Vols,101,0,193,157,99
70,560,1110,Shia002380Vols,63,104,1041,399,51
70,1140,1545,Shia002380Vols,64,56,871,319,47
70,486,834,JK001496,219,1205,1528,209,72
70,943,1324,JK001496,221,613,1150,292,66
70,639,1031,Shamela0008473,668,117,509,318,99
70,1031,1324,Shamela0008473,674,1004,1297,241,100
70,629,1031,Shamela0012884,613,874,1275,314,96
70,1180,1324,Shamela0012884,626,922,1066,118,100
70,440,1031,Shamela0023591,1109,865,1371,403,84
70,1031,1556,Shamela0023591,1147,274,801,428,98
70,1031,1328,JK009266,1300,513,811,241,98
70,526,1031,Shamela0021821,184,0,441,357,87
70,1275,1556,Shamela0021821,189,0,302,230,93
70,802,1087,Tafsir03033,70,99,527,184,52
70,1180,1324,JK000196,5151,1127,1271,118,100
70,1110,1324,JK009362,1160,612,827,174,98
70,1180,1328,JK001420,119,721,870,118,96
70,1110,1545,JK009257,82,391,1294,348,47
70,440,1031,Rafed0003943Vols,75,251,757,403,84
70,1031,1467,Rafed0003943Vols,76,1263,1699,355,98
70,781,1031,Shamela0010273,211,0,250,205,100
70,486,943,Shamela0007798,1267,38,812,318,51
70,943,1324,Shamela0007798,1282,723,1270,312,69
70,429,663,Tafsir01006,177,40,688,147,29
70,350,943,Shia002394Vols,363,355,1045,363,59
70,1257,1545,Shia002394Vols,369,599,1000,232,70
70,1140,1324,Kraken210622021806,866,1052,1234,144,95
70,1140,1324,Sham19Y0014404,148,77,261,151,100
70,1180,1324,Meshkat00057178,578,489,633,118,100
70,639,1031,Masaha000554Vols,371,601,994,317,99
70,1031,1324,Masaha000554Vols,374,1022,1315,238,98
70,440,1048,QuranAnalysis001,14,1063,1585,416,84
70,1048,1556,QuranAnalysis001,15,0,509,418,99
70,1140,1545,Shia004015,245,164,358,151,45
70,1005,1324,Rafed0001713Vols,254,489,820,248,91
70,1180,1324,JK000122,1280,341,485,118,100
70,729,1095,Shamela0000041,239,819,1584,276,43
70,1095,1328,Shamela0000041,240,0,234,188,97
70,440,1031,Shamela0023578,332,832,1338,403,84
70,916,1577,Shamela0023578,338,103,973,523,73
71,1273,1463,Meshkat00042485,1482,1388,1541,74,43
71,416,899,Shamela0021715,10292,539,1024,280,57
71,416,1067,JK001496,221,16,763,307,43
71,551,1554,Shia002382Vols,220,100,833,427,47
71,873,1073,Tafsir01006,178,1073,1557,125,30
71,1273,1554,Tafsir01006,179,1243,1561,134,43
71,1371,1554,Shia002394Vols,366,898,1089,106,65
71,416,1045,Rafed0001713Vols,253,483,1220,343,51
71,228,873,JK000876,135,76,965,355,43
72,199,615,JK009268,758,217,1151,219,28
72,282,1414,Shamela0022593,243,141,1443,346,26
72,99,368,Tafsir09084,255,475,796,145,50
72,592,1031,Tafsir09084,256,32,344,156,40
72,282,615,Meshkat00042485,1487,81,423,157,44
72,774,1360,Meshkat00042485,1488,224,957,259,38
72,282,1153,Zaydiyya0000062,133,261,1195,307,34
72,368,1153,JK001496,224,514,1403,304,35
72,592,1031,Shamela0008473,678,1133,1440,152,39
72,771,1563,Tafsir08060,46,26,876,332,41
72,282,1075,Tafsir01006,180,851,1594,323,40
72,876,1153,Shia002394Vols,369,599,807,137,58
72,449,1153,Rafed0001713Vols,257,625,1430,291,37
72,187,1089,JK000876,137,720,1596,303,31
73,737,896,Shia001432Vols,32663,632,791,131,100
73,491,828,Shamela0023632,337,251,581,268,96
73,479,999,JK009268,765,1112,1630,421,98
73,737,896,Sham19Y0023618,181,71,230,131,100
73,963,1216,Shamela0023628,294,1287,1540,206,100
73,15,446,Tafsir09084,257,737,1193,195,42
73,737,896,Sham19Y0020891,811,568,727,131,100
73,801,1216,Sham19Y0020891,816,544,911,289,85
73,15,817,JK009270,475,256,803,393,54
73,812,1216,JK009270,483,1069,1473,326,99
73,491,1216,Sham19Y0150960,631,250,978,584,97
73,676,817,Rafed0003150Vols,234,1303,1444,118,100
73,737,973,JK006476,138,30,719,190,33
73,864,1216,ShamAY0036821,356,0,348,282,98
73,15,491,Meshkat00042485,1489,817,1396,250,47
73,607,918,Zaydiyya0000062,135,975,1399,237,64
73,104,737,Shamela0037458,364,157,952,377,54
73,728,973,Shamela0037458,369,1062,1308,190,94
73,944,1216,Shamela0037458,373,862,1179,221,85
73,676,896,JK007018,70,800,1048,148,72
73,737,999,Sham19Y0023608,299,486,746,212,99
73,737,999,Shamela0021729,199,1185,1472,214,91
73,948,1216,Sham19Y0016953Vols,134,942,1211,210,96
73,963,1161,Sham19Y0016953Vols,135,587,785,155,97
73,737,999,JK000381,9725,881,1154,214,95
73,753,999,JK000381,9783,0,246,201,100
73,15,851,ShamIbadiyya0000075,77,209,1102,428,46
73,604,817,Shia002356Vols,103,138,701,172,36
73,1398,1645,ShamAY0034059,556,492,842,114,36
73,801,1216,JK001496,229,798,1168,291,85
73,15,661,Shamela0008473,681,953,1578,334,52
73,737,1216,Shamela0023591,1184,804,1281,389,99
73,737,896,JK009266,1349,763,922,131,100
73,980,1216,Zaydiyya0000063,194,0,242,192,97
73,0,737,Shamela0021821,190,624,1171,346,52
73,414,1216,Tafsir07053,1,211,959,605,92
73,191,1085,Tafsir07053,6,210,1159,345,34
73,737,989,Tafsir07053,14,1425,1676,206,99
73,593,817,JK001420,120,1039,1590,157,33
73,963,1216,Shia002928,129,253,475,181,87
73,0,295,Tafsir08060,46,884,1072,133,52
73,414,1228,Rafed0003943Vols,77,47,824,624,92
73,737,896,Shamela0010273,222,415,574,131,100
73,15,550,Tafsir01006,181,769,1463,270,44
73,15,510,Shia002394Vols,370,864,1621,255,37
73,599,833,Shia002394Vols,374,878,1197,184,68
73,15,1216,QuranAnalysis001,15,276,1222,718,69
73,896,1152,Hindawi047174958,79,20,276,207,100
73,15,324,Rafed0001713Vols,258,1138,1635,175,42
73,737,999,Rafed0001713Vols,261,911,1171,212,99
73,737,999,JK006950,4025,723,996,214,95
73,737,984,JK006950,4082,1268,1514,202,99
73,15,741,Shamela0000041,248,311,848,369,58
73,676,896,Shamela0000041,255,70,361,183,75
73,880,1216,Shamela0000041,257,1004,1339,264,97
73,414,896,Shamela0023578,354,374,860,359,87
73,896,1216,Shamela0023578,367,858,1176,258,99
74,0,617,Tafsir01006,182,777,1555,277,39
75,1283,1572,Shia001432Vols,32600,148,438,231,99
75,1283,1572,Shamela0000894,3755,662,952,232,99
75,1283,1572,Shamela0000894,3801,801,1091,232,99
75,1283,1572,Shamela0000894,5820,377,667,232,99
75,1283,1572,Shamela0000894,5881,1189,1479,232,99
75,1283,1572,Shamela0000894,5952,538,828,232,99
75,339,596,Tafsir09084,267,898,1099,102,49
75,1283,1572,Sham19Y0020891,828,984,1274,232,99
75,329,596,Shamela0005756,12855,581,782,120,53
75,946,1210,Meshkat00042485,1513,895,1172,98,36
75,1037,1522,Sham19Y0147312,254,12,478,257,59
75,759,1408,Zaydiyya0000062,139,657,1554,303,36
75,1283,1532,Shamela0006105,177,1183,1431,201,99
75,1283,1572,JK009396,172,1153,1443,232,99
75,1168,1572,Sham19Y0016953Vols,134,1176,1501,261,80
75,1283,1572,JK000381,9249,607,897,230,98
75,946,1458,ShamIbadiyya0000075,78,213,1275,304,35
75,1283,1569,Shamela0004473,1741,1360,1645,229,99
75,329,1201,Shia002380Vols,66,356,1001,283,34
75,1103,1572,JK001496,233,74,627,315,70
75,315,596,Shamela0008473,708,288,520,112,47
75,1240,1572,Shamela0008473,712,754,1124,247,83
75,563,1201,Shia002382Vols,229,150,632,193,36
75,182,324,JK007044,3661,4,146,112,99
75,1240,1572,Shamela0021821,195,1102,1482,257,84
75,1283,1572,Sham19Y0020878,1825,131,421,232,99
75,1168,1572,Shia002928,129,440,765,260,79
75,1283,1572,Rafed0003943Vols,79,730,1020,232,99
75,1283,1572,Shamela0010273,226,952,1242,232,99
75,596,1210,Tafsir01006,185,296,1110,209,27
75,710,1522,Shia002394Vols,383,73,863,364,42
75,1168,1572,QuranAnalysis001,15,1187,1512,261,80
75,946,1210,Rafed0001713Vols,265,595,1098,163,40
75,1283,1572,Rafed0001713Vols,266,489,779,232,99
75,1283,1569,Shamela0000432,785,645,931,229,100
75,1168,1550,JK001414,1140,1240,1546,242,77
75,1168,1572,JK006950,3600,513,838,261,80
75,1283,1572,Shamela0000041,263,966,1256,232,99
76,0,520,Shia001432Vols,32600,438,959,421,99
76,22,340,Shamela0023632,354,0,318,259,100
76,340,520,Shamela0023632,356,718,898,147,100
76,0,520,JK009268,781,225,745,423,99
76,0,520,Sham19Y0023618,185,652,1172,424,100
76,59,358,Shamela0023628,306,343,765,238,68
76,340,520,Shamela0023628,307,1202,1382,147,100
76,93,473,Rafed0003257Vols,707,1154,1550,249,74
76,93,382,Rafed0003257Vols,709,363,689,214,80
76,93,370,Rafed0003257Vols,711,502,770,211,93
76,234,520,Rafed0003257Vols,714,292,1237,233,30
76,93,520,Sham19Y0020891,835,379,806,349,100
76,93,340,Shamela0009759,71,745,992,202,100
76,340,527,Shamela0009759,72,385,572,150,98
76,0,520,JK009270,494,563,1083,423,99
76,93,340,Meshkat0014420,516,392,639,202,100
76,340,520,Meshkat0014420,518,891,1071,147,100
76,132,425,Rafed0003150Vols,243,98,429,240,88
76,15,283,JK006476,142,1010,1281,215,97
76,399,520,JK006476,144,205,359,98,78
76,93,533,ShamAY0036821,368,653,1090,350,97
76,0,370,Sham19Y0147312,255,294,1011,287,48
76,340,520,Sham19Y0147312,256,329,509,147,100
76,59,370,Zaydiyya0000062,142,140,495,251,86
76,385,513,Zaydiyya0000062,143,0,128,104,100
76,93,520,Shamela0006947,20324,426,860,349,98
76,0,351,Shamela0037458,383,550,900,280,98
76,374,520,Shamela0037458,387,0,146,119,100
76,234,520,JK000791,200,1225,1604,232,75
76,142,370,JK000791,200,0,268,182,83
76,40,340,Shamela0000922,170,725,1145,245,71
76,208,520,Shamela0000922,171,275,616,176,52
76,93,340,JK007018,73,1335,1583,202,99
76,123,520,JK007018,74,79,512,207,56
76,93,340,Zaydiyya0000075BK22,7,1136,1391,199,95
76,340,520,JK009396,175,1127,1307,147,100
76,86,370,JK009396,175,64,359,223,92
76,93,340,Sham19Y0023608,313,1013,1260,202,100
76,340,520,Sham19Y0023608,316,1291,1471,147,100
76,81,520,Sham19Y0016953Vols,135,0,506,358,86
76,0,340,JK000381,9300,89,429,276,99
76,36,340,Shamela0009231,371,827,1209,243,76
76,340,520,Shamela0009231,373,533,713,147,100
76,59,370,Meshkat00042488,145,94,570,248,63
76,370,520,JK000201,3695,702,852,122,100
76,340,520,Shamela0022371,98,456,637,147,99
76,93,370,Shia002356Vols,107,493,752,208,92
76,905,1216,ShamAY0034059,574,213,752,140,28
76,182,493,Shia002380Vols,67,1084,1562,249,64
76,36,340,Sham19Y0014827,185,296,646,224,78
76,340,520,Sham19Y0014827,186,804,984,147,100
76,93,520,JK001496,236,883,1313,349,99
76,86,340,Shamela0008473,734,594,846,204,98
76,234,520,Shamela0008473,736,603,1076,232,60
76,746,1207,Shia002382Vols,230,33,607,210,36
76,40,340,Shamela0012884,700,853,1155,217,84
76,340,520,Shamela0012884,703,1207,1387,147,100
76,267,520,Shamela0023591,1240,0,253,206,100
76,93,351,JK009266,1405,815,1084,210,95
76,340,527,JK009266,1411,4,191,151,98
76,93,520,Shamela0021821,198,7,434,349,100
76,0,370,Tafsir07053,1,1246,1614,298,98
76,160,520,Tafsir07053,7,0,275,221,76
76,54,520,Tafsir07053,26,502,1272,380,60
76,182,340,Tafsir07053,28,340,498,126,99
76,0,307,Kraken220413194022,1175,1253,1561,248,97
76,340,520,Rafed0000185Vols,43,107,287,147,100
76,0,340,JK001420,123,782,1269,276,69
76,340,520,JK001420,124,288,468,147,100
76,186,520,Shia000181,524,1195,1546,195,65
76,149,312,Shia003986,329,480,650,132,95
76,340,520,JK009257,86,195,376,144,97
76,93,358,JK006478,1790,1012,1291,217,94
76,0,520,Rafed0003943Vols,79,1020,1540,424,100
76,93,370,Shamela0010273,228,19,359,223,80
76,340,520,Shamela0010273,229,366,546,147,100
76,93,370,Shamela0007798,1450,69,379,225,88
76,358,537,Shamela0007798,1456,0,180,134,91
76,340,520,Hindawi069179508,75,280,460,147,100
76,0,340,Shia002394Vols,387,900,1443,276,62
76,234,520,Tafsir06048,104,614,1232,229,45
76,59,370,Sham19Y0014404,156,643,971,255,94
76,258,520,Sham19Y0014404,157,142,483,213,76
76,93,358,Meshkat00057178,597,797,1074,217,95
76,312,520,Meshkat00057178,599,534,800,169,78
76,93,340,Masaha000554Vols,409,1359,1606,202,99
76,234,520,Masaha000554Vols,411,382,1038,231,43
76,123,520,QuranAnalysis001,16,0,397,324,100
76,49,340,Shamela0009182,114,16,289,215,91
76,93,370,Rafed0001713Vols,269,1138,1446,227,89
76,258,520,Rafed0001713Vols,270,1267,1621,194,67
76,0,340,JK001414,1141,23,363,276,99
76,340,520,Tafsir04056,1959,1293,1473,147,100
76,0,340,JK006950,3600,838,1178,276,99
76,59,370,Shamela0000041,269,702,1059,250,85
76,234,520,Shamela0000041,270,732,1068,232,84
76,0,520,Shamela0023578,377,675,1195,424,100
77,1101,1453,Shia001432Vols,32441,1217,1569,288,100
77,674,1101,Shia001432Vols,32600,531,959,346,99
77,1400,1608,Shia001432Vols,32638,368,580,140,79
77,674,921,Shamela0023632,354,71,318,202,100
77,921,1101,Shamela0023632,356,718,898,147,100
77,1101,1600,Shamela0023632,360,805,1304,410,100
77,1283,1448,Tafsir03097,215,128,389,135,63
77,674,1101,JK009268,781,318,745,348,99
77,1101,1608,JK009268,801,300,808,417,99
77,674,1101,Sham19Y0023618,185,745,1172,349,100
77,1101,1453,Sham19Y0023618,187,469,821,288,100
77,674,939,Shamela0023628,306,488,765,217,95
77,921,1101,Shamela0023628,307,1202,1382,147,100
77,1054,1453,Shamela0023628,309,16,540,326,76
77,674,1054,Rafed0003257Vols,707,1154,1550,249,74
77,666,963,Rafed0003257Vols,709,355,689,216,79
77,674,951,Rafed0003257Vols,711,502,770,211,93
77,815,1111,Rafed0003257Vols,714,292,1252,238,30
77,1101,1453,Rafed0003257Vols,717,1241,1593,288,100
77,666,1101,Sham19Y0020891,835,371,806,352,99
77,1074,1453,Sham19Y0020891,841,470,845,297,96
77,1453,1608,Sham19Y0020891,849,774,930,129,99
77,1226,1600,Sham19Y0020966,63,0,407,154,40
77,674,921,Shamela0009759,71,745,992,202,100
77,921,1101,Shamela0009759,72,385,565,147,100
77,1101,1453,Shamela0009759,73,286,638,288,100
77,674,1453,JK009270,494,656,1435,636,99
77,1448,1608,JK009270,505,470,631,129,96
77,1248,1608,Sham19Y0150960,632,0,360,294,98
77,674,921,Meshkat0014420,516,392,639,202,100
77,921,1101,Meshkat0014420,518,891,1071,147,100
77,1101,1429,Meshkat0014420,520,1220,1547,269,99
77,713,1006,Rafed0003150Vols,243,98,429,240,88
77,972,1268,Rafed0003150Vols,244,305,601,218,89
77,1268,1604,Rafed0003150Vols,246,790,1209,265,77
77,1101,1349,JK006476,144,1159,1530,181,60
77,980,1204,JK006476,144,205,466,184,85
77,1283,1559,JK006476,145,746,1128,205,65
77,674,1453,ShamAY0036821,368,653,1424,626,98
77,1453,1608,ShamAY0036821,376,961,1116,128,98
77,26,265,Meshkat00042485,1522,187,427,141,65
77,674,951,Sham19Y0147312,255,740,1011,212,94
77,921,1117,Sham19Y0147312,256,329,530,153,93
77,1054,1453,Sham19Y0147312,256,1077,1476,304,91
77,1101,1600,Sham19Y0013550,78,1030,1621,410,84
77,674,951,Zaydiyya0000062,142,215,495,226,98
77,1021,1453,Zaydiyya0000062,143,818,1429,340,66
77,966,1094,Zaydiyya0000062,143,0,128,104,100
77,674,1101,Shamela0006947,20324,426,860,349,98
77,674,932,Shamela0037458,383,643,900,205,97
77,955,1101,Shamela0037458,387,0,146,119,100
77,1101,1453,Shamela0037458,388,535,887,288,100
77,815,1101,JK000791,200,1225,1604,232,75
77,723,951,JK000791,200,0,268,182,83
77,1101,1453,JK000791,202,482,834,288,100
77,674,921,Shamela0000922,170,898,1145,202,100
77,789,1125,Shamela0000922,171,275,645,185,52
77,1010,1453,Shamela0000922,172,164,751,350,73
77,674,921,JK007018,73,1335,1583,202,99
77,984,1453,JK007018,74,928,1327,309,80
77,704,1101,JK007018,74,79,512,207,56
77,674,921,Zaydiyya0000075BK22,7,1136,1391,199,95
77,674,951,JK009396,175,71,359,226,95
77,921,1101,JK009396,175,1127,1307,147,100
77,1101,1453,JK009396,176,1049,1401,288,100
77,674,921,Sham19Y0023608,313,1013,1260,202,100
77,921,1101,Sham19Y0023608,316,1291,1471,147,100
77,1313,1453,Sham19Y0023608,320,0,140,115,100
77,1453,1608,Sham19Y0023608,324,891,1047,129,99
77,674,1101,Sham19Y0016953Vols,135,12,506,348,86
77,1101,1409,JK000917,178,437,745,252,100
77,674,921,JK000381,9300,182,429,201,99
77,331,921,Shamela0009231,371,571,1209,277,39
77,921,1101,Shamela0009231,373,533,713,147,100
77,1101,1460,Shamela0009231,375,208,566,291,99
77,674,951,Meshkat00042488,145,216,570,227,78
77,1101,1453,Meshkat00042488,146,1059,1411,288,100
77,1336,1595,ShamIbadiyya0000075,80,0,342,214,75
77,1101,1453,Shamela0004473,5147,321,673,288,100
77,951,1101,JK000201,3695,702,852,122,100
77,1101,1453,Shamela0022371,98,1175,1527,288,100
77,921,1101,Shamela0022371,98,456,637,147,99
77,1101,1409,JK000961,20,898,1206,252,100
77,1101,1441,JK007064,535,982,1325,266,95
77,176,951,Shia002356Vols,107,32,752,348,50
77,1074,1453,Shia002356Vols,108,482,875,303,93
77,1231,1453,Shamela0000767,4049,0,222,181,100
77,763,1074,Shia002380Vols,67,1084,1562,249,64
77,1283,1608,Shia002380Vols,68,975,1424,258,70
77,1074,1244,Shia002380Vols,68,0,168,134,95
77,674,921,Sham19Y0014827,185,399,646,202,100
77,921,1101,Sham19Y0014827,186,804,984,147,100
77,1101,1453,Sham19Y0014827,192,224,576,288,100
77,674,1101,JK001496,236,883,1313,349,99
77,1074,1453,JK001496,238,668,1045,297,95
77,1467,1608,JK001496,242,0,142,117,99
77,674,921,Shamela0008473,734,599,846,201,99
77,815,1101,Shamela0008473,736,603,1076,232,60
77,1054,1453,Shamela0008473,738,398,877,325,82
77,651,921,Shamela0012884,700,877,1155,206,91
77,921,1101,Shamela0012884,703,1207,1387,147,100
77,1074,1453,Shamela0012884,705,560,1017,310,82
77,848,1453,Shamela0023591,1240,0,605,494,100
77,1453,1608,Shamela0023591,1267,87,243,129,99
77,674,932,JK009266,1405,815,1084,210,95
77,921,1101,JK009266,1411,4,184,147,100
77,1074,1453,JK009266,1417,396,815,305,89
77,1101,1409,JK000095,123,1038,1346,252,100
77,1226,1453,ShamIbadiyya0000760,688,0,227,185,100
77,1283,1453,ShamIbadiyya0000760,690,885,1055,139,100
77,1101,1340,ShamIbadiyya0000760,696,1188,1426,195,99
77,1101,1453,ShamIbadiyya0000760,704,884,1236,288,100
77,1101,1453,ShamIbadiyya0000760,1031,1078,1430,288,100
77,1162,1460,ShamIbadiyya0000760,1070,551,848,240,98
77,921,1608,Zaydiyya0000063,194,643,1188,431,75
77,674,1101,Shamela0021821,198,7,434,349,100
77,1085,1608,Shamela0021821,200,43,614,430,91
77,674,951,Tafsir07053,1,1339,1614,223,98
77,951,1608,Tafsir07053,2,0,652,529,98
77,741,1600,Tafsir07053,7,0,556,340,45
77,666,1101,Tafsir07053,26,837,1272,350,98
77,763,921,Tafsir07053,28,340,498,126,99
77,1101,1453,Tafsir07053,31,610,962,288,100
77,1453,1608,Tafsir07053,33,159,315,129,99
77,921,1101,Rafed0000185Vols,43,107,287,147,100
77,1074,1437,JK009362,1246,1226,1640,297,87
77,1204,1416,JK000875,32,0,209,166,96
77,674,921,JK001420,123,1022,1269,201,99
77,921,1101,JK001420,124,288,468,147,100
77,1068,1453,JK001420,124,989,1364,294,93
77,767,1101,Shia000181,524,1195,1546,195,65
77,730,893,Shia003986,329,480,650,132,95
77,921,1091,JK009257,86,195,366,136,97
77,1201,1453,JK009257,86,1054,1514,204,54
77,674,939,JK006478,1790,1012,1291,217,94
77,1101,1375,JK006478,1800,1308,1582,224,99
77,1409,1600,JK006478,1812,326,546,156,85
77,674,1138,Rafed0003943Vols,79,1113,1576,381,99
77,1138,1608,Rafed0003943Vols,80,0,471,385,99
77,674,951,Shamela0010273,228,19,359,223,80
77,921,1101,Shamela0010273,229,366,546,147,100
77,1080,1453,Shamela0010273,230,0,418,305,89
77,1201,1608,Shamela0010273,231,609,1233,289,56
77,674,951,Shamela0007798,1450,69,379,225,88
77,939,1101,Shamela0007798,1456,0,162,132,100
77,1101,1453,Shamela0007798,1464,307,659,288,100
77,26,280,Tafsir01006,187,322,576,138,61
77,1254,1453,Shamela0012293,4379,1000,1202,157,95
77,921,1101,Hindawi069179508,75,280,460,147,100
77,26,238,Shia002394Vols,386,166,380,134,68
77,331,921,Shia002394Vols,387,896,1443,303,55
77,1010,1453,Shia002394Vols,389,979,1452,339,85
77,1358,1608,Shia002394Vols,393,344,638,165,65
77,815,1162,Tafsir06048,104,614,1361,280,45
77,83,381,Tafsir04003,538,474,1077,108,21
77,1101,1453,JK000147,2161,669,1021,288,100
77,674,951,Sham19Y0014404,156,689,971,227,98
77,839,1101,Sham19Y0014404,157,142,483,213,76
77,1010,1453,Sham19Y0014404,157,987,1548,361,78
77,1329,1600,Sham19Y0014404,159,758,1296,214,48
77,674,939,Meshkat00057178,597,797,1074,217,95
77,893,1101,Meshkat00057178,599,534,800,169,78
77,1074,1453,Meshkat00057178,601,778,1167,310,97
77,1409,1600,Meshkat00057178,606,238,499,158,73
77,674,921,Masaha000554Vols,409,1359,1606,202,99
77,815,1101,Masaha000554Vols,411,382,1038,231,43
77,1101,1453,Masaha000554Vols,413,1270,1622,288,99
77,1409,1608,Masaha000554Vols,417,164,840,165,29
77,704,1608,QuranAnalysis001,16,0,905,741,99
77,674,921,Shamela0009182,114,42,289,202,100
77,331,951,Rafed0001713Vols,269,272,1446,369,35
77,839,1101,Rafed0001713Vols,270,1267,1621,194,67
77,1010,1358,Rafed0001713Vols,271,1108,1604,283,69
77,1101,1453,JK000122,270,920,1272,288,100
77,1101,1460,JK000122,317,653,1016,292,98
77,1101,1453,JK000122,331,371,723,288,100
77,1101,1453,JK000122,332,0,352,288,100
77,1283,1453,JK000122,431,0,170,139,100
77,1101,1453,JK000122,1052,1173,1525,288,100
77,674,921,JK001414,1141,116,363,201,99
77,921,1101,Tafsir04056,1959,1293,1473,147,100
77,674,921,JK006950,3600,931,1178,201,99
77,558,951,Shamela0000041,269,675,1059,252,74
77,815,1101,Shamela0000041,270,732,1068,232,84
77,1074,1416,Shamela0000041,271,1144,1538,280,86
77,1381,1600,Shamela0000041,275,106,343,168,86
77,674,1101,Shamela0023578,377,768,1195,349,100
77,1074,1600,Shamela0023578,382,614,1195,432,90
77,1320,1460,Shamela0023578,386,1138,1534,115,35
78,0,238,Shia001432Vols,32638,580,818,192,99
78,0,238,Shamela0023632,363,1208,1446,193,100
78,0,238,Shamela0000894,3851,952,1190,193,100
78,0,256,JK009268,801,808,1076,205,94
78,0,238,Sham19Y0023618,190,242,480,193,100
78,0,238,Shamela0023628,316,596,834,193,100
78,0,238,Rafed0003257Vols,727,251,489,193,100
78,0,238,Sham19Y0020891,849,930,1168,193,100
78,0,238,Shamela0023606,108,142,380,193,100
78,0,238,Shamela0009759,79,1117,1355,193,100
78,0,256,JK009270,505,631,899,205,94
78,0,256,Sham19Y0150960,632,360,639,204,90
78,0,238,Meshkat0014420,530,137,375,193,100
78,79,228,JK006476,147,128,277,121,100
78,0,256,ShamAY0036821,376,1116,1383,204,94
78,325,654,Meshkat00042485,1526,202,677,198,48
78,659,1066,Meshkat00042485,1527,875,1380,234,46
78,637,1069,Shamela0001466,251,195,783,253,45
78,0,238,JK000088,73,1231,1469,193,100
78,69,238,Sham19Y0147312,262,0,169,138,100
78,0,238,Sham19Y0013550,79,487,725,193,100
78,0,233,Zaydiyya0000062,146,704,937,189,100
78,0,238,Shamela0037458,396,528,766,193,100
78,69,238,JK000791,207,0,169,138,100
78,712,1123,Shamela0021766,373,910,1475,223,48
78,0,238,Shamela0000922,175,698,936,193,100
78,0,238,JK007018,76,116,354,193,100
78,0,238,Sham19Y0023608,324,1047,1285,193,100
78,912,1163,Shamela0021715,6785,583,1043,117,27
78,568,1581,JK000818,49,0,869,384,40
78,0,238,Shamela0009231,380,775,1013,193,100
78,912,1523,Meshkat00042488,146,65,762,207,26
78,0,238,Meshkat00042488,149,995,1233,193,100
78,0,238,Shamela0022371,99,870,1108,193,100
78,0,238,Shia002356Vols,110,312,550,193,100
78,378,969,Shia002380Vols,67,767,1372,300,49
78,0,238,JK001496,242,142,381,193,99
78,555,1553,Tafsir02102,402,629,1546,378,35
78,0,238,Shamela0008473,746,311,549,193,100
78,385,999,Shia002382Vols,231,764,1499,323,48
78,0,238,Noorlib0010712,69,639,877,193,100
78,0,238,Shamela0012884,714,5,243,193,100
78,0,256,Shamela0023591,1267,243,511,205,94
78,0,238,JK009266,1444,222,460,193,100
78,0,238,Shamela0021821,200,614,852,193,100
78,0,256,Tafsir07053,2,652,919,204,94
78,28,249,Tafsir07053,7,588,809,159,87
78,0,238,Tafsir07053,33,315,553,193,100
78,912,1163,Sham19Y0018106,2949,322,738,116,29
78,0,256,JK001420,126,1225,1489,201,94
78,0,238,JK006478,1817,1143,1380,193,98
78,354,1499,Tafsir08060,49,626,1524,435,41
78,0,256,Rafed0003943Vols,80,471,739,205,94
78,0,238,Shamela0010273,231,1233,1471,193,100
78,0,238,Shamela0007798,1501,1115,1353,193,100
78,295,1117,Tafsir01006,188,235,1544,494,42
78,912,1375,Tafsir01006,189,178,772,198,36
78,238,577,Shia002394Vols,388,532,1045,206,43
78,577,1278,Shia002394Vols,389,23,821,310,37
78,0,238,Shia002394Vols,393,638,875,192,99
78,84,238,JK009237,6021,605,759,125,100
78,712,1157,Sham19Y0014404,157,23,656,208,33
78,0,238,Sham19Y0014404,160,471,709,193,100
78,0,238,Meshkat00057178,607,747,985,193,100
78,0,238,Masaha000554Vols,417,840,1078,193,100
78,0,256,QuranAnalysis001,16,905,1173,205,94
78,0,256,Rafed0001713Vols,275,245,507,203,95
78,0,256,JK000122,331,1189,1469,205,90
78,0,238,JK000122,1087,1241,1479,193,100
78,55,238,Tafsir07057,520,519,755,149,77
78,0,238,Shamela0000041,278,534,772,193,100
78,0,256,Shamela0023578,388,786,1054,205,94
79,202,638,Meshkat00042485,1537,187,678,189,40
79,1093,1383,Shia002356Vols,109,816,1152,132,45
79,680,1335,JK001496,241,121,925,180,21
79,164,498,Tafsir02102,403,906,1480,183,35
79,229,613,Shia002382Vols,232,1306,1548,122,36
79,202,618,Tafsir01006,190,67,555,184,38
79,1093,1413,Shia002394Vols,392,791,1467,164,29
79,1085,1354,JK000876,148,332,981,160,30
80,863,1443,Tafsir09084,286,175,1251,182,16
80,427,717,Meshkat00042485,1547,1039,1454,220,65
80,1314,1577,Meshkat00042485,1552,1264,1409,108,50
80,940,1577,Shamela0001466,257,364,1275,219,22
80,427,606,Shamela0021715,6787,983,1212,148,78
80,886,1520,Shia002356Vols,110,834,1551,250,32
80,427,635,ShamAY0034059,590,992,1376,132,42
80,643,967,Tafsir02102,407,309,590,96,29
80,427,1361,Shia002382Vols,235,552,1313,341,38
80,519,693,ShamIbadiyya0000050,1072,692,1147,112,30
80,350,717,JK000458,359,773,1356,226,47
80,940,1510,Shia002369Vols,361,1014,1580,135,18
80,134,550,Tafsir08060,50,1191,1442,153,40
80,134,635,Shamela0010273,232,63,551,216,42
80,427,1250,Tafsir01006,192,92,1294,414,37
80,1314,1577,Tafsir01006,193,16,160,107,50
80,427,964,Shia002394Vols,394,868,1526,316,52
80,1005,1582,Shia002394Vols,395,60,922,225,25
80,570,717,Rafed0001713Vols,275,200,735,115,26
80,886,1577,Rafed0001713Vols,276,79,1094,295,30
81,6,317,Shia001432Vols,32460,491,802,251,100
81,6,670,Shia001432Vols,32600,970,1369,311,57
81,6,317,JK009268,801,1046,1357,251,100
81,293,670,JK009268,818,190,601,305,90
81,69,317,Sham19Y0023618,191,0,249,201,99
81,6,317,Sham19Y0020891,858,137,449,251,99
81,6,317,JK009270,505,869,1181,251,99
81,317,592,JK009270,513,872,1147,225,100
81,6,632,Sham19Y0150960,632,609,1227,500,98
81,125,351,Rafed0003150Vols,251,147,586,175,49
81,395,670,Rafed0003150Vols,253,1151,1441,225,94
81,369,670,ShamAY0036821,385,818,1114,241,98
81,219,592,Tafsir07076,1367,0,429,243,67
81,81,522,Tafsir07076,2394,0,663,361,66
81,142,449,Tafsir07076,2516,1210,1556,249,88
81,406,670,JK007018,77,1149,1448,211,86
81,6,317,Sham19Y0023608,329,1063,1375,251,99
81,6,785,JK000961,25,147,580,273,43
81,6,317,JK001496,244,1121,1433,251,99
81,6,449,Shamela0023591,1267,481,925,360,99
81,182,647,Zaydiyya0000063,195,0,440,341,88
81,6,317,Shamela0021821,204,687,998,251,100
81,6,670,Tafsir07053,2,889,1545,528,97
81,249,449,Tafsir07053,7,924,1628,164,28
81,6,317,Tafsir07053,35,843,1152,249,99
81,6,317,JK009362,1277,964,1287,251,96
81,6,328,Rafed0003943Vols,80,709,1032,253,97
81,317,592,Rafed0003943Vols,81,61,336,225,100
81,6,317,Shamela0010273,233,811,1123,251,99
81,271,592,Shia002394Vols,401,182,649,259,67
81,6,317,Masaha000554Vols,421,14,323,251,98
81,6,502,QuranAnalysis001,16,1143,1638,405,99
81,6,317,Tafsir07057,4159,303,615,251,99
81,395,592,Shamela0000041,288,602,835,160,84
81,6,317,Shamela0023578,388,1024,1336,251,99
81,293,678,Shamela0023578,398,1129,1540,308,91
82,1047,1453,JK009268,824,456,1095,179,29
82,835,1344,Tafsir09083,142,705,1341,176,24
82,1054,1306,Sham19Y0020891,867,245,536,148,52
82,1085,1344,Sham19Y0023608,336,677,977,134,44
82,254,1156,JK000818,51,194,917,229,23
82,1047,1496,Shia002356Vols,112,586,1219,180,28
82,903,1344,JK001496,247,883,1444,221,41
82,296,448,JK000458,364,255,511,91,41
82,903,1306,Sham19Y0013252,6678,167,629,195,42
82,51,545,Tafsir01006,194,1063,1602,208,36
82,618,1431,Tafsir01006,195,94,1543,353,26
82,254,448,Rafed0001713Vols,279,558,1145,122,24
82,903,1295,Rafed0001713Vols,280,1181,1633,178,38
82,554,1565,JK000876,152,6,857,272,26
83,1091,1330,Shia001432Vols,4279,1328,1566,190,99
83,1330,1548,Shia001432Vols,4280,0,219,175,99
83,1091,1548,Shia001432Vols,10730,1098,1566,364,97
83,1091,1548,Shia001432Vols,11484,817,1275,365,99
83,959,1362,Shamela0023632,384,1120,1523,323,99
83,35,218,JK009268,825,32,236,120,73
83,825,1091,JK009268,827,968,1234,213,100
83,1084,1548,JK009268,832,674,1139,367,98
83,1091,1548,Shia004552Vols,478,464,924,362,97
83,877,1111,Sham19Y0023618,197,0,251,184,92
83,1130,1548,Sham19Y0023618,200,0,419,335,99
83,959,1091,Shamela0023628,332,864,996,106,99
83,1091,1362,Shamela0023628,334,1045,1316,217,100
83,991,1490,Rafed0003257Vols,752,970,1504,368,86
83,35,393,Sham19Y0020891,868,731,1089,169,51
83,1091,1371,Sham19Y0020891,874,1113,1393,220,98
83,759,1431,JK009270,526,936,1574,509,94
83,1091,1371,Rafed0003150Vols,257,286,566,224,100
83,1245,1548,Rafed0003150Vols,258,213,804,243,51
83,1153,1388,JK006476,153,1098,1337,189,98
83,825,1548,ShamAY0036821,387,758,1472,566,98
83,3,315,Meshkat00042485,1568,1167,1522,125,36
83,179,779,Meshkat00042485,1570,96,878,255,33
83,867,1067,Sham19Y0147312,267,1236,1513,112,49
83,1091,1362,Sham19Y0147312,269,287,558,217,100
83,1091,1548,Shamela0004445,509,98,556,365,99
83,1190,1407,Shamela0004445,510,170,640,175,46
83,1313,1548,Sham19Y0013550,81,0,544,189,43
83,967,1352,Zaydiyya0000062,153,104,465,287,92
83,1091,1548,Rafed0001121,212,19,477,365,99
83,933,1091,Shamela0037458,413,80,277,128,80
83,1091,1362,JK000791,218,1064,1335,217,100
83,959,1102,Shamela0000922,180,101,470,107,36
83,1108,1362,Shamela0000922,181,0,254,204,100
83,1091,1362,Tafsir07076,1153,456,727,217,100
83,1091,1362,Tafsir07076,1940,94,365,217,100
83,1202,1341,Tafsir07076,5923,0,139,113,100
83,1084,1341,Tafsir07076,7314,613,896,199,88
83,1111,1341,Tafsir07076,7452,662,869,135,73
83,1006,1352,JK007018,78,800,1204,252,76
83,593,1102,JK007018,78,0,418,258,58
83,832,1111,JK009396,185,0,296,221,93
83,1084,1362,JK009396,186,433,711,219,98
83,1091,1425,Sham19Y0023608,344,1257,1590,266,99
83,1091,1362,Shamela0009231,394,94,365,217,100
83,1091,1362,Meshkat00042488,155,1251,1522,217,100
83,1091,1453,Shia003721Vols,418,1154,1515,289,99
83,1190,1362,Shia003721Vols,419,1205,1522,140,54
83,1091,1313,Shamela0004473,7064,1315,1536,176,99
83,1091,1478,Shamela0004473,14142,1242,1628,308,99
83,1091,1367,Shamela0022371,101,123,398,220,99
83,1091,1362,Shia002356Vols,114,162,430,214,98
83,1193,1548,Shia002380Vols,72,0,437,284,80
83,0,393,JK001496,248,634,1054,187,48
83,967,1362,JK001496,250,78,870,307,48
83,1091,1362,Zaydiyya0000191,43,969,1241,217,99
83,759,1098,Shamela0008473,772,633,1072,268,76
83,1006,1367,Shamela0008473,777,699,1218,288,69
83,1241,1548,Shamela0008473,779,0,420,247,73
83,1190,1548,Shia002382Vols,244,945,1439,284,71
83,949,1546,Shamela0012884,770,752,1457,434,75
83,825,1263,Shamela0023591,1313,1093,1530,347,99
83,1263,1548,Shamela0023591,1314,0,286,230,99
83,1078,1362,JK009266,1502,185,487,228,94
83,1091,1548,Sham19Y0026523,6416,561,983,329,88
83,797,1111,Shamela0021821,209,312,676,232,78
83,1061,1548,Shamela0021821,210,524,1060,379,88
83,1091,1548,Shia002389Vols,254,187,647,365,99
83,1138,1478,Shia002389Vols,255,984,1372,261,82
83,1095,1548,Masaha001842Vols,130,410,864,362,99
83,1091,1362,JK009362,1306,273,555,213,94
83,877,1102,JK001420,130,1054,1410,136,47
83,1091,1362,JK001420,132,296,567,217,100
83,1091,1362,JK009257,90,60,556,215,54
83,1091,1362,JK006478,1867,1021,1292,216,98
83,759,1078,Rafed0003943Vols,81,1385,1670,228,89
83,1078,1548,Rafed0003943Vols,82,0,471,376,99
83,1091,1367,Shamela0010273,242,676,952,219,99
83,1173,1362,Shamela0007798,1612,352,548,149,94
83,1231,1548,Shamela0007798,1615,608,1049,255,71
83,1091,1396,Shia004456Vols,2383,1303,1607,243,99
83,0,779,Tafsir01006,196,55,1091,358,35
83,0,567,Shia002394Vols,405,362,1185,210,25
83,1061,1352,Shia002394Vols,411,1196,1511,230,89
83,1138,1478,Shia002394Vols,414,1019,1403,261,83
83,1091,1352,Kraken210622021806,927,829,1105,198,82
83,18,281,JK000264,1755,1286,1549,214,99
83,141,810,Sham19Y0014404,164,727,1586,270,31
83,959,1091,Sham19Y0014404,165,1073,1356,107,46
83,1084,1362,Sham19Y0014404,166,802,1089,223,96
83,1091,1362,Meshkat00057178,626,759,1030,217,100
83,1091,1548,Masaha000554Vols,438,334,792,365,99
83,759,1548,QuranAnalysis001,17,135,892,603,95
83,1135,1362,JK000372,3,2,231,183,99
83,0,575,Rafed0001713Vols,281,814,1561,353,55
83,567,1091,Rafed0001713Vols,282,499,1083,292,58
83,1091,1548,Rafed0001713Vols,285,292,750,365,99
83,1199,1457,Tafsir04042,328,1149,1473,208,79
83,35,274,Tafsir07057,533,533,889,150,52
83,1091,1362,Tafsir02094,342,122,393,217,100
83,610,1111,Shamela0000041,289,1045,1540,280,62
83,1078,1362,Shamela0000041,293,1203,1487,224,98
83,1289,1548,Shamela0000041,296,537,923,204,65
83,759,1102,Shamela0023578,408,159,496,240,84
83,1091,1362,Shamela0023578,415,119,390,217,100
84,1014,1148,JK000436,32,626,778,92,76
84,0,165,Shia001432Vols,4280,219,384,131,100
84,21,176,Shamela0023632,390,772,927,116,95
84,1017,1221,Shamela0023632,425,641,819,112,61
84,0,165,JK009268,832,1139,1304,131,100
84,21,165,Shia004552Vols,481,709,853,114,100
84,0,191,Sham19Y0023618,200,419,615,144,90
84,0,165,Rafed0003257Vols,753,59,224,131,100
84,1014,1215,Shamela0022593,2217,535,789,136,66
84,1017,1283,Tafsir09084,297,333,663,154,56
84,21,165,Sham19Y0020891,879,796,940,114,100
84,21,165,JK009270,542,181,325,114,100
84,21,165,Meshkat0014420,555,764,908,114,100
84,1014,1215,ShamAY0032751,2,424,715,144,62
84,21,165,Sham19Y0147312,271,327,471,114,100
84,0,165,Shamela0004445,509,556,721,131,100
84,5,165,Shamela0004445,511,178,338,127,100
84,1014,1215,Shamela0037458,414,1070,1328,132,65
84,5,165,JK000791,220,985,1143,122,95
84,521,839,Shamela0021766,407,588,1408,179,27
84,21,165,Shamela0000922,183,1067,1211,114,100
84,1017,1205,JK000080,458,1229,1471,93,48
84,1021,1215,Shamela0026514,10,0,296,132,56
84,21,165,JK009396,187,546,690,114,100
84,21,165,Sham19Y0023608,349,134,278,114,100
84,1014,1205,JK000465,438,1236,1482,124,63
84,0,165,Meshkat00042488,156,1319,1484,131,100
84,0,165,Shia003721Vols,419,96,261,131,100
84,5,165,Shia003721Vols,420,1145,1305,127,100
84,21,182,Shamela0004473,12804,425,602,121,87
84,21,165,Shamela0022371,101,756,900,114,100
84,521,875,Shia002356Vols,113,1119,1460,164,48
84,0,165,Shia002356Vols,115,581,787,129,79
84,1017,1215,JK010250,27,842,1113,138,64
84,0,176,Shia002380Vols,72,437,665,131,73
84,626,1484,JK001496,250,22,694,268,33
84,21,165,Zaydiyya0000191,40,203,343,111,97
84,1014,1215,Shamela0008473,777,151,419,131,61
84,1014,1215,JK006474,381,499,747,131,66
84,1014,1221,Shamela0012884,768,1124,1401,143,65
84,21,165,Shamela0012884,778,356,500,114,100
84,21,165,Shamela0023591,1335,855,999,114,100
84,1014,1215,Shamela0023591,1418,796,949,101,56
84,21,169,JK009266,1514,553,702,117,99
84,0,165,Shamela0010283,2547,991,1173,130,90
84,21,141,Shamela0021821,211,1431,1550,95,99
84,1014,1221,Shamela0026324,2860,207,477,150,68
84,21,165,Masaha001842Vols,170,362,506,114,100
84,21,165,Shia001174Vols,1555,495,639,114,100
84,0,176,Rafed0003943Vols,82,471,647,134,96
84,21,169,Shamela0010273,244,681,829,115,98
84,21,165,Shamela0007798,1622,159,303,114,100
84,273,917,Tafsir01006,197,76,1277,307,30
84,273,606,Shia002394Vols,407,316,571,104,34
84,666,885,Shia002394Vols,409,764,1189,136,39
84,1014,1215,JK001329,177,420,657,138,73
84,21,176,Meshkat00057178,630,980,1136,119,96
84,0,165,Masaha000554Vols,438,792,957,128,96
84,0,165,QuranAnalysis001,17,892,1057,131,100
84,1014,1215,JK000707,372,99,329,101,44
84,521,820,Rafed0001713Vols,283,851,1603,161,26
84,917,1312,Rafed0001713Vols,284,777,1067,118,29
84,0,165,Rafed0001713Vols,285,750,915,131,100
84,1017,1210,Kraken220218125253,226,1127,1368,123,60
84,0,165,Shamela0023578,418,460,625,131,100
85,171,848,Tafsir09084,298,440,1277,298,39
85,6,274,Meshkat00042485,1580,1192,1472,167,61
85,6,474,Tafsir01006,198,722,1441,295,47
85,6,474,Rafed0001713Vols,286,455,1139,289,48
86,222,763,Shia001432Vols,4280,384,925,437,99
86,278,522,Shamela0023632,393,0,245,194,98
86,504,763,Shamela0023632,396,379,690,213,82
86,763,956,Shamela0023632,398,1069,1518,156,42
86,222,417,JK009268,832,1304,1498,155,99
86,417,772,JK009268,833,0,354,286,97
86,763,1073,JK009268,849,164,474,249,100
86,222,362,Shia004552Vols,484,850,990,111,100
86,222,813,Sham19Y0023618,203,375,966,478,99
86,222,469,Shamela0023628,342,1372,1619,196,98
86,399,733,Shamela0023628,344,797,1660,227,30
86,222,813,Rafed0003257Vols,753,224,816,478,99
86,222,522,Sham19Y0020891,881,172,473,239,99
86,522,763,Sham19Y0020891,886,1111,1351,198,99
86,222,813,JK009270,542,325,916,478,99
86,222,522,Meshkat0014420,557,472,772,240,100
86,763,972,Meshkat0014420,561,1361,1569,168,99
86,245,632,Rafed0003150Vols,261,856,1287,309,87
86,563,860,Rafed0003150Vols,262,1069,1468,241,73
86,313,540,JK006476,156,972,1202,180,95
86,362,750,JK006476,157,153,938,311,48
86,222,813,ShamAY0036821,394,622,1210,474,98
86,249,587,Tafsir02104,55,787,1542,271,44
86,222,399,Sham19Y0147312,271,1337,1513,141,99
86,510,763,Sham19Y0147312,273,58,431,203,65
86,222,763,Shamela0004445,509,721,1261,438,99
86,362,614,Shamela0004445,512,985,1422,206,57
86,222,763,Sham19Y0013550,84,95,871,371,59
86,69,540,Zaydiyya0000062,156,71,483,288,73
86,522,754,Zaydiyya0000062,157,444,678,191,98
86,727,1068,Zaydiyya0000062,158,281,665,272,88
86,69,540,Shamela0037458,421,118,651,302,71
86,479,763,Shamela0037458,423,716,1135,234,67
86,689,906,Shamela0037458,425,1235,1531,156,65
86,304,522,JK000791,223,0,219,174,98
86,504,763,JK000791,224,801,1309,209,49
86,721,1073,JK000791,225,992,1547,253,55
86,69,522,Shamela0000922,184,751,1194,282,69
86,463,763,Shamela0000922,185,950,1529,246,51
86,689,1073,Shamela0000922,186,754,1472,269,46
86,222,522,Tafsir07076,3777,494,1411,236,32
86,222,522,JK007018,79,1093,1395,239,98
86,399,1073,JK007018,80,134,902,497,77
86,214,399,Shia001373,60,692,885,124,79
86,222,522,JK009396,188,333,634,239,99
86,522,813,JK009396,189,1060,1350,239,99
86,222,813,Sham19Y0023608,349,278,869,478,99
86,222,522,Shamela0009231,398,232,532,240,100
86,17,527,Meshkat00042488,158,205,722,313,66
86,222,772,Shia003721Vols,419,261,811,438,98
86,362,632,Shia003721Vols,422,451,889,211,58
86,291,605,ShamIbadiyya0000075,84,735,1401,254,47
86,252,763,Shamela0004473,495,0,510,414,99
86,417,649,Shamela0004473,2436,0,378,189,60
86,614,933,Shamela0022371,101,1114,1514,221,63
86,222,772,JK010729,84,440,992,437,97
86,222,399,Kraken210622021811,139,1259,1435,141,98
86,295,522,Shia002356Vols,116,0,226,178,98
86,362,763,Shia002356Vols,116,839,1398,286,63
86,632,1073,Shia002356Vols,117,261,1308,320,37
86,362,704,Shia002380Vols,73,1050,1501,266,72
86,772,1073,Shia002380Vols,74,462,761,237,98
86,522,763,JK001496,255,148,390,199,99
86,393,632,Tafsir02091,266,903,1574,195,35
86,222,513,Shamela0008473,781,1270,1560,232,99
86,362,574,Shamela0008473,782,1173,1494,148,56
86,574,813,Shamela0008473,783,0,238,196,99
86,763,969,Shamela0008473,784,1098,1512,166,49
86,1065,1408,Shia002382Vols,247,1277,1548,147,47
86,362,689,Shia002382Vols,248,314,765,264,71
86,222,522,Noorlib0010712,52,253,554,239,99
86,222,399,Noorlib0010712,85,1522,1698,141,99
86,257,522,Shamela0012884,781,0,266,211,98
86,522,813,Shamela0012884,783,128,418,239,99
86,222,813,Shamela0023591,1335,999,1590,478,99
86,222,522,JK009266,1519,472,773,239,99
86,362,649,Shamela0010283,2552,634,1001,232,76
86,222,522,Shamela0021821,212,24,324,240,100
86,473,813,Shamela0021821,214,6,449,273,74
86,431,587,Tafsir10066,125,10,302,126,52
86,177,772,JK009362,1318,921,1534,449,89
86,222,632,JK009362,1319,15,441,328,95
86,222,522,JK001420,134,527,828,239,99
86,494,813,JK001420,135,556,1305,243,39
86,336,522,JK009257,91,781,1164,149,48
86,222,522,JK006478,1874,862,1163,239,98
86,362,504,Shamela0010011,24,1358,1500,114,100
86,194,813,Rafed0003943Vols,83,459,1067,482,95
86,222,522,Shamela0010273,246,21,322,239,99
86,522,813,Shamela0010273,248,319,609,239,99
86,331,522,Shamela0007798,1637,0,191,154,100
86,249,504,Shamela0007798,1639,267,933,183,34
86,362,522,Shamela0007798,1645,519,679,129,100
86,1073,1415,Tafsir01006,200,888,1503,201,38
86,222,466,Shia002394Vols,417,1309,1552,192,98
86,1148,1494,Shia002394Vols,418,734,1169,191,49
86,504,829,Shia002394Vols,419,931,1283,250,83
86,222,522,Kraken210622021806,934,1091,1380,233,93
86,522,877,Tafsir06048,114,257,822,287,62
86,304,522,Sham19Y0014404,169,0,218,175,100
86,767,1073,Sham19Y0014404,172,65,371,246,100
86,222,522,Meshkat00057178,633,724,1024,240,100
86,733,1073,Meshkat00057178,640,664,1380,268,46
86,222,813,Masaha000554Vols,438,957,1551,478,98
86,362,513,Masaha000554Vols,447,771,1138,120,40
86,763,1073,Masaha000554Vols,451,755,1356,247,51
86,222,689,QuranAnalysis001,17,1057,1523,379,99
86,689,1073,QuranAnalysis001,18,0,384,309,100
86,222,763,Rafed0001713Vols,285,915,1457,437,99
86,733,1039,Rafed0001713Vols,291,1173,1538,245,83
86,222,522,Shamela0095735,602,343,643,240,100
86,522,689,Tafsir07057,3159,774,940,138,99
86,31,540,Shamela0000041,300,1080,1565,291,63
86,362,813,Shamela0000041,302,286,1226,357,46
86,689,1073,Shamela0000041,309,962,1296,268,86
86,31,813,Shamela0023578,424,125,924,522,77
86,689,1073,Shamela0023578,434,85,509,308,90
87,481,1208,JK000818,54,437,1188,379,51
87,22,1547,Tafsir08060,55,133,1200,532,39
87,61,719,Tafsir01006,201,508,1258,320,42
87,922,1562,Tafsir01006,202,256,1080,299,37
88,622,1128,Shia001432Vols,28193,968,1474,407,99
88,788,1128,Shia001432Vols,28673,5,565,228,47
88,622,1128,JK009268,859,879,1385,408,100
88,622,1087,JK009270,567,1094,1558,374,99
88,918,1121,Rafed0003150Vols,267,755,958,168,100
88,780,1128,ShamAY0036821,398,0,342,278,97
88,1238,1424,Meshkat00042485,1612,217,362,94,63
88,853,1142,Zaydiyya0000062,162,584,882,228,93
88,860,1128,Sham19Y0023608,369,1007,1275,220,100
88,1128,1411,Shamela0021715,2349,438,739,158,54
88,860,1128,Shamela0004473,8251,1203,1471,220,100
88,1219,1484,Tafsir02102,436,771,1046,190,80
88,0,480,Shia002382Vols,251,342,715,179,40
88,627,1142,Noorlib0023588,149,548,1066,403,96
88,622,1128,Shia001111,17,416,989,407,87
88,249,1128,Shamela0023591,1356,698,1423,580,82
88,1219,1424,JK000458,382,120,327,99,51
88,860,1128,Shamela0021821,219,826,1094,220,100
88,736,1128,Shia002389Vols,272,238,896,253,45
88,860,1128,Rafed0003943Vols,90,342,610,220,100
88,0,480,Tafsir01006,203,22,484,187,40
88,721,1128,Shia002394Vols,432,807,1337,331,76
88,622,1128,Shia001362Vols,473,69,575,408,100
88,79,634,Sham19Y0014404,172,707,1144,267,56
88,249,1128,QuranAnalysis001,18,273,999,581,82
88,38,634,Rafed0001713Vols,293,142,796,284,45
88,622,1128,Rafed0001713Vols,294,294,799,407,99
88,622,1107,AOCP202502141176,85,1160,1627,382,94
88,765,1136,Shamela0023578,436,0,370,297,98
89,306,702,Shia002382Vols,252,1102,1492,124,32
89,299,745,JK000458,383,657,1510,207,27
89,306,712,Tafsir01006,204,701,1415,205,35
89,380,745,Shia002394Vols,429,366,818,180,44
90,399,900,Shia001432Vols,1770,577,1075,391,98
90,187,916,JK009268,872,579,1311,571,98
90,187,730,Sham19Y0023618,213,498,1064,422,94
90,1214,1501,Tafsir09084,312,184,575,186,59
90,399,900,JK009270,581,297,797,393,99
90,445,980,ShamAY0036821,402,0,547,376,79
90,399,911,Shia001171,14,25,544,399,97
90,130,399,JK007018,82,9,422,204,61
90,576,900,Rafed0000705Vols,344,0,324,257,100
90,885,1330,Tafsir02102,442,540,1583,172,19
90,0,408,Shamela0008473,805,466,773,245,74
90,1214,1501,Shamela0008473,806,485,882,182,57
90,463,904,Shamela0023591,1381,0,441,345,99
90,187,714,JK006478,1941,171,697,413,98
90,390,900,Rafed0003943Vols,92,190,699,399,99
90,0,694,QuranAnalysis001,18,913,1505,474,85
90,321,714,Rafed0001713Vols,301,0,393,311,100
90,370,714,Shamela0000041,319,887,1231,272,100
90,187,616,Shamela0023578,447,1060,1488,340,99
90,616,1007,Shamela0023578,448,0,315,126,30
91,1248,1352,Tafsir02079,639,970,1362,76,25
91,1248,1352,ShamAY0036821,407,937,1479,76,18
91,0,665,Shia002380Vols,76,469,1136,192,27
91,1248,1352,Shamela0023591,1400,999,1540,76,18
91,986,1520,Shia002394Vols,450,356,1085,201,28
91,1248,1352,Kraken220727035853,466,837,1331,76,20
92,831,1563,Shia001432Vols,29960,117,860,585,97
92,831,1219,Shia001432Vols,29962,788,1178,196,58
92,1214,1507,Shia001432Vols,29963,118,754,238,46
92,710,947,Shamela0023632,424,1013,1250,189,100
92,947,1214,Shamela0023632,427,158,425,217,100
92,993,1214,JK009325,1499,208,426,175,97
92,844,1547,JK009268,891,0,703,569,100
92,710,1240,Sham19Y0023618,219,364,904,427,97
92,1214,1563,Sham19Y0023618,223,799,1162,285,96
92,710,951,Shamela0023628,378,16,257,190,99
92,900,1214,Shamela0023628,380,298,711,254,76
92,1214,1466,Shamela0023628,381,1305,1556,204,99
92,710,1547,Rafed0003257Vols,817,130,967,677,100
92,947,1214,Sham19Y0020891,927,88,355,217,100
92,1002,1214,Shamela0023606,117,1032,1244,173,100
92,1022,1214,JK010001,772,0,192,157,100
92,871,1053,JK010001,3588,0,322,144,55
92,1002,1214,Shamela0009759,89,633,845,173,100
92,710,1175,JK009270,592,1115,1576,372,99
92,1175,1563,JK009270,593,0,397,308,95
92,993,1214,Meshkat0014420,587,658,907,178,87
92,831,1185,Rafed0003150Vols,273,324,715,285,90
92,1168,1427,Rafed0003150Vols,274,675,944,208,95
92,900,1168,JK006476,168,245,520,200,84
92,1276,1557,JK006476,169,1106,1399,218,92
92,710,1547,ShamAY0036821,411,547,1373,665,98
92,1053,1320,ShamIbadiyya0000129,421,909,1152,197,90
92,644,1214,Shamela0001466,290,126,649,410,88
92,1002,1225,Sham19Y0147312,285,1274,1503,173,92
92,831,1214,Sham19Y0013550,91,687,1118,229,53
92,653,940,Zaydiyya0000062,167,910,1229,211,83
92,919,1205,Zaydiyya0000062,168,1077,1432,229,79
92,1185,1563,Zaydiyya0000062,169,924,1386,304,80
92,1219,1507,Shamela0006947,1915,813,1192,191,61
92,831,1016,Shamela0037458,451,596,773,141,95
92,1002,1225,Shamela0037458,453,636,862,178,96
92,919,1214,JK000791,239,553,1093,230,52
92,993,1214,Shamela0021735,895,1137,1356,173,96
92,753,1214,Shamela0000922,196,764,1119,242,65
92,1053,1214,Tafsir07076,2209,0,161,131,100
92,1053,1214,Tafsir07076,6632,741,902,131,100
92,1040,1214,Tafsir07076,6934,94,276,138,92
92,1010,1364,Tafsir07076,7644,300,994,290,51
92,983,1240,JK007018,84,0,276,204,90
92,1214,1547,JK007018,84,817,1433,271,54
92,831,1168,JK009396,201,1229,1565,272,99
92,710,1214,Sham19Y0023608,380,1095,1599,406,100
92,1214,1547,Sham19Y0023608,386,1244,1577,271,100
92,1002,1364,JK000381,2474,995,1356,295,99
92,831,1324,JK000381,4347,53,387,231,57
92,1002,1364,JK000381,4494,819,1181,296,100
92,81,700,JK000818,57,265,640,193,35
92,1002,1214,Shamela0009231,429,1001,1213,173,100
92,831,1005,Meshkat00042488,169,1207,1381,136,98
92,964,1214,Meshkat00042488,170,533,895,201,68
92,1002,1364,Shamela0022371,104,654,1181,296,68
92,1199,1477,ShamAY0033108,208,497,886,185,59
92,710,1022,JK010729,46,1222,1485,205,82
92,1010,1240,JK010729,157,1140,1412,184,82
92,794,1002,Shia002356Vols,123,1129,1382,161,78
92,964,1225,Shia002356Vols,124,248,595,206,71
92,821,1219,Tafsir04038,56,1097,1517,196,55
92,1205,1507,Tafsir04038,57,366,1005,241,46
92,81,435,Shia002380Vols,77,779,1502,182,28
92,947,1214,JK001496,266,161,428,217,99
92,1010,1214,Tafsir02102,2507,69,272,166,99
92,794,1240,Shamela0008473,815,44,578,351,81
92,1158,1364,Shamela0008473,817,683,889,167,99
92,1002,1214,Shamela0008473,2619,853,1065,173,100
92,81,700,Shia002382Vols,264,237,911,233,31
92,865,1108,Shia002382Vols,267,0,849,195,28
92,1010,1214,Tafsir07055,823,800,1004,167,100
92,831,1053,Tafsir07055,3691,33,386,176,62
92,710,1064,Shamela0023591,1410,1154,1507,284,99
92,1064,1547,Shamela0023591,1411,0,483,393,100
92,1010,1369,JK009266,1624,230,589,291,99
92,582,947,Shamela0021821,224,387,850,249,64
92,947,1214,Shamela0021821,225,542,807,216,99
92,1158,1563,Shamela0021821,226,380,927,317,71
92,1046,1547,Sham19Y0021505,167,0,501,408,100
92,1002,1364,JK000351,54,305,667,296,100
92,1002,1219,Shia002389Vols,296,498,881,175,56
92,1214,1507,Shia002389Vols,297,88,727,237,45
92,947,1214,JK009362,1367,432,699,217,99
92,831,1135,JK007070,326,1102,1360,201,82
92,664,1022,JK001110,68,830,1125,220,77
92,821,1135,JK010181,46,310,673,202,69
92,81,218,Shia001174Vols,5082,287,499,76,45
92,1214,1547,Hindawi092480704,43,529,890,271,92
92,1016,1214,Shia000181,173,0,198,162,100
92,947,1547,Shia003986,212,774,1286,205,32
92,710,1342,Shia003986,217,227,605,293,57
92,831,1364,Sham19Y0038093,217,872,1193,259,60
92,947,1359,Sham19Y0038093,246,1088,1498,336,99
92,947,1364,JK006478,1976,246,665,340,99
92,831,1563,Rafed0003943Vols,97,527,1270,585,97
92,0,218,Shamela0010273,264,295,721,112,30
92,710,951,Shamela0010273,265,794,1035,190,99
92,831,1002,Shamela0007798,1744,704,937,136,73
92,1002,1214,Shamela0007798,1746,236,448,173,100
92,993,1214,Shamela0012293,4326,238,455,172,94
92,964,1214,Shia002394Vols,457,719,1026,196,78
92,1108,1547,Shia002394Vols,458,736,1301,334,72
92,218,865,Sham19Y0014404,179,28,786,288,41
92,892,1225,Sham19Y0014404,180,12,509,250,62
92,1002,1225,Meshkat00057178,671,741,977,180,92
92,1010,1364,Masaha000554Vols,495,260,614,290,99
92,644,1563,QuranAnalysis001,19,162,1071,706,94
92,653,1547,Rafed0001713Vols,306,46,1164,711,78
92,968,1364,Tafsir02094,370,82,268,143,44
92,815,1240,Shamela0000041,331,169,634,336,89
92,1333,1563,Shamela0000041,335,660,899,172,88
92,664,1240,Shamela0023578,465,812,1392,448,93
92,1214,1563,Shamela0023578,471,83,443,276,94
93,826,1454,Shamela0000140,2043,230,905,353,57
93,896,1359,Meshkat00042485,1647,38,353,163,40
93,0,427,Shamela0021766,442,322,794,168,36
93,806,1016,Shamela0021715,2334,984,1401,115,29
93,659,1182,Shia002356Vols,124,89,858,238,33
93,422,1504,Shia002380Vols,78,779,1546,442,44
93,427,1511,Shia002382Vols,267,0,1251,455,33
93,0,520,JK000458,398,426,1319,226,30
93,0,454,Tafsir01006,210,365,1010,241,41
93,896,1501,Tafsir01006,211,421,1071,262,38
93,0,281,Shia002394Vols,456,141,475,122,34
93,1094,1511,Shia002394Vols,458,742,1031,173,49
93,567,1400,Sham19Y0014404,180,22,1055,316,32
93,110,385,Rafed0001713Vols,307,86,610,152,35
93,806,1344,ShamAY0035035,2106,906,1603,301,45
93,826,1329,JK000876,167,363,679,167,36
94,1029,1607,Shia001432Vols,29960,793,1210,331,69
94,1326,1588,Shamela0023632,439,311,677,183,61
94,1090,1607,JK009268,900,815,1334,420,99
94,1090,1407,Sham19Y0023618,226,177,495,258,99
94,1390,1588,Sham19Y0023618,228,1164,1360,152,94
94,865,1245,Shamela0023628,384,373,851,208,46
94,1326,1588,Shamela0023628,390,894,1309,203,60
94,1090,1607,Rafed0003257Vols,831,895,1414,420,99
94,1407,1588,Sham19Y0020891,939,716,1183,146,38
94,1346,1607,JK009270,604,0,263,211,99
94,1390,1588,Meshkat0014420,597,963,1163,153,94
94,1206,1338,Rafed0003150Vols,276,1168,1301,109,99
94,1098,1451,ShamAY0036821,417,1189,1539,282,98
94,1407,1607,Shamela0001466,301,597,798,159,97
94,1034,1473,Zaydiyya0000062,171,780,1325,344,77
94,1381,1588,Shamela0037458,461,1065,1307,167,85
94,1390,1588,JK007018,85,895,1099,151,92
94,1189,1407,JK009396,205,0,219,178,99
94,1407,1588,JK009396,206,489,670,146,100
94,0,381,Shamela0021715,2344,528,1086,213,46
94,1407,1588,Meshkat00042488,174,671,1146,146,38
94,1326,1588,JK001496,270,173,885,199,34
94,1029,1407,Shamela0008473,819,996,1490,297,72
94,1381,1588,Shamela0008473,825,425,708,167,73
94,1090,1607,Shamela0023591,1435,992,1511,420,99
94,1090,1407,Shamela0021821,228,150,465,257,99
94,1346,1588,Shamela0021821,229,780,1112,195,72
94,1407,1588,JK001420,149,591,892,146,60
94,77,665,Shia000181,174,189,1191,310,37
94,1029,1407,Rafed0003943Vols,97,1203,1561,291,94
94,1331,1607,Rafed0003943Vols,102,705,963,196,85
94,231,477,Shamela0010273,270,37,411,104,34
94,1390,1588,Shamela0010273,275,699,895,152,94
94,1265,1479,Sham19Y0014404,182,845,1434,169,35
94,1399,1588,Masaha000554Vols,504,652,841,150,98
94,1029,1597,QuranAnalysis001,19,1004,1550,444,96
94,1090,1381,Shamela0007380,86,335,628,237,99
94,1029,1607,Rafed0001713Vols,310,367,955,469,97
94,1326,1607,Shamela0000041,341,741,1064,217,83
94,1220,1588,Shamela0023578,477,801,1190,288,91
95,0,311,Shia001432Vols,29960,1210,1508,239,94
95,0,120,Shamela0023632,442,1045,1165,96,100
95,0,311,JK009268,900,1334,1631,239,94
95,0,284,Sham19Y0023618,230,289,573,229,99
95,0,120,Shamela0023628,393,1244,1364,96,100
95,0,120,Tafsir02100,23,248,368,96,100
95,0,276,Rafed0003257Vols,831,1414,1689,223,99
95,0,120,Sham19Y0020891,941,57,177,96,100
95,0,311,JK009270,604,263,560,239,94
95,0,120,Shamela0005756,15267,1309,1429,96,100
95,0,120,Meshkat0014420,599,1271,1391,96,100
95,0,128,Rafed0003150Vols,279,224,352,103,100
95,10,174,JK006476,173,0,168,132,97
95,0,558,ShamAY0036821,418,155,700,281,56
95,969,1256,Meshkat00042485,1655,156,558,167,48
95,0,311,Shamela0001466,301,798,1080,224,89
95,0,120,Sham19Y0147312,293,1326,1446,96,100
95,284,1040,Shamela0022769,129,929,1554,207,24
95,0,113,Zaydiyya0000062,173,38,151,90,100
95,0,120,Shamela0037458,463,1090,1210,96,100
95,0,120,JK006800,405,1284,1404,96,100
95,0,120,JK000791,245,916,1036,96,100
95,0,271,JK007018,85,1298,1572,219,97
95,0,311,JK009396,206,1279,1576,239,94
95,0,284,Sham19Y0023608,395,1152,1436,229,99
95,0,120,JK000917,207,1514,1633,96,99
95,0,120,JK000381,8870,471,591,96,100
95,5,120,ShamIbadiyya0000229,2526,0,115,92,100
95,0,120,Shamela0009231,439,1258,1378,96,100
95,0,120,Meshkat00042488,175,565,685,96,100
95,5,284,JK010729,163,0,278,225,99
95,0,120,Shia002356Vols,127,756,876,96,100
95,741,1000,ShamAY0034059,694,858,1159,81,27
95,0,120,JK000475,2419,481,601,96,100
95,0,120,Sham19Y0014827,477,257,377,96,100
95,0,120,JK001496,271,277,397,96,100
95,0,311,Shamela0008473,827,976,1273,239,94
95,94,284,Shamela0023591,1436,0,190,154,99
95,0,120,JK009266,1662,915,1035,96,100
95,0,284,Shamela0021821,230,1297,1581,230,100
95,18,284,Shia000181,164,563,1032,216,56
95,0,120,Shamela0011788,155,49,169,96,100
95,0,120,JK006478,2012,106,226,96,100
95,0,120,Rafed0003943Vols,102,963,1083,96,100
95,0,120,Shamela0010273,277,138,258,96,100
95,0,120,Shamela0007798,1784,690,810,96,100
95,0,120,Tafsir06048,124,104,224,96,100
95,0,120,Sham19Y0014404,183,1276,1396,96,100
95,49,284,Sham19Y0014404,184,18,508,190,47
95,0,120,Masaha000554Vols,507,94,213,96,99
95,0,311,QuranAnalysis001,20,11,308,239,94
95,76,284,Shamela0010541,124,878,1086,169,100
95,0,525,Rafed0001713Vols,310,955,1579,274,47
95,0,120,JK006950,3171,99,219,96,100
95,0,120,Tafsir02094,379,908,1028,96,100
95,0,120,Shamela0000041,341,1064,1184,96,100
95,18,311,Shamela0000041,343,884,1531,224,41
95,0,284,Shamela0023578,481,1101,1385,229,99
96,806,1119,Shamela0000140,1054,0,310,234,91
96,201,646,Shamela0000140,1090,580,1025,330,86
96,11,104,Meshkat00042485,1656,665,792,72,73
96,0,326,ShamIbadiyya0000075,93,45,413,168,48
96,11,646,Shia002380Vols,80,1143,1631,249,42
96,51,326,Shia002382Vols,271,0,298,169,60
96,473,1119,Shia002382Vols,271,759,1473,212,25
96,755,987,JK006474,444,826,1146,101,36
96,11,427,Shamela0010273,276,50,526,197,42
96,11,137,Tafsir01006,213,1397,1556,99,78
96,258,836,Tafsir01006,214,282,1272,298,33
96,11,137,Rafed0001713Vols,311,1442,1639,94,60
96,250,716,Rafed0001713Vols,312,288,951,231,36
97,575,820,Shia001432Vols,20806,15,214,152,77
97,396,1044,Hindawi013082050,83,0,648,520,100
97,359,1044,JK009268,921,495,1180,550,100
97,186,766,Sham19Y0023618,233,902,1513,428,87
97,752,1044,Sham19Y0023618,236,833,1124,231,99
97,359,875,Rafed0003257Vols,847,1101,1616,416,99
97,875,1044,Rafed0003257Vols,848,0,168,133,99
97,646,1044,Sham19Y0020891,948,673,1070,318,99
97,880,1050,JK009270,625,0,176,135,96
97,752,1044,Shamela0005756,7156,330,622,232,100
97,0,186,Shamela0000140,1023,1036,1352,122,46
97,548,796,Rafed0003150Vols,286,580,828,201,100
97,646,1007,Rafed0003150Vols,287,767,1207,254,65
97,752,1044,Sham19Y0016584,1684,145,437,232,100
97,646,1044,ShamAY0036821,427,169,565,307,96
97,359,778,Sham19Y0147312,295,799,1223,327,95
97,752,1044,Sham19Y0018176,840,136,428,232,100
97,359,909,Shamela0010517,1359,899,1449,444,100
97,359,909,Shamela0010517,1424,1095,1645,444,100
97,359,891,Shamela0010517,1444,1072,1603,429,99
97,359,909,Shamela0010517,1450,797,1347,444,99
97,359,909,Shamela0010517,1480,7,557,444,99
97,359,909,Shamela0010517,1488,0,550,444,100
97,359,909,Shamela0010517,1587,546,1096,444,100
97,466,909,Shamela0010517,1601,799,1242,357,99
97,359,909,Shamela0010517,1608,79,628,444,99
97,359,909,Shamela0010517,1682,192,742,444,99
97,466,841,Shamela0010517,1719,1205,1579,302,98
97,359,909,Shamela0010517,1759,955,1504,444,99
97,752,1044,Shamela0010517,1796,654,945,232,99
97,359,880,Shamela0010517,1802,1063,1580,418,98
97,359,909,Shamela0010517,2093,286,836,444,100
97,590,820,Shamela0037458,469,662,892,186,100
97,752,1050,JK000110,518,787,1086,235,98
97,752,1044,Sham19Y0018103,1543,275,566,232,99
97,752,1044,JK009396,210,1258,1550,232,100
97,359,1044,Sham19Y0023608,401,250,934,549,99
97,752,1044,Sham19Y0023608,407,433,724,231,99
97,620,909,Shia002356Vols,129,950,1308,233,80
97,556,925,Shia002380Vols,82,77,806,292,49
97,752,1050,PV2024060602,518,787,1086,235,98
97,646,1044,Shamela0008473,843,665,1063,319,100
97,17,359,Shia002382Vols,272,248,623,217,68
97,359,1044,Shamela0003055,4092,885,1496,464,84
97,646,1050,Shamela0023591,1472,368,774,321,98
97,359,1025,Shamela0021821,235,879,1542,534,99
97,752,1044,Sham19Y0018106,1530,516,808,232,100
97,612,1044,Shamela0008476,1003,0,336,255,74
97,359,1044,JK007070,381,455,1041,463,84
97,705,1044,JK001110,68,1052,1397,269,98
97,359,909,Shamela0010463,105,1019,1568,444,99
97,752,1044,JK006478,2039,1022,1316,232,98
97,17,875,Rafed0003943Vols,103,902,1618,575,82
97,17,170,Shamela0010273,278,1031,1213,106,71
97,359,909,Shamela0010273,280,808,1357,443,99
97,17,311,Tafsir01006,215,595,1156,201,44
97,646,909,Shia002394Vols,473,553,816,212,99
97,778,1044,Sham19Y0013605,2064,0,266,211,100
97,760,1044,Masaha000554Vols,520,1471,1751,220,97
97,17,1050,QuranAnalysis001,20,191,1090,715,85
97,359,909,Zaydiyya0000474,70,588,1138,444,100
97,646,1044,Rafed0001713Vols,317,191,848,318,60
97,752,1044,Shamela0000432,2698,1090,1382,232,100
97,752,1044,JK006950,3024,1076,1368,232,100
97,263,792,Shamela0000041,347,388,941,386,87
97,752,1044,Shamela0000041,351,1072,1364,232,100
97,186,655,Shamela0023578,486,738,1206,340,89
97,590,875,Shamela0023578,491,1090,1503,230,68
97,646,805,Shamela0023578,492,168,327,129,100
98,1074,1304,Shia001432Vols,20818,1334,1525,103,45
98,178,640,Tafsir09084,328,101,1031,192,24
98,1074,1447,Tafsir09084,332,985,1531,235,48
98,99,1318,Shamela0000140,2042,0,1180,887,86
98,1074,1506,Meshkat00042485,1680,1091,1545,227,51
98,852,1231,Shamela0001466,307,1045,1510,202,52
98,1026,1231,Shamela0021766,484,51,383,138,51
98,885,1236,Shamela0021715,2335,1129,1539,218,56
98,504,768,Shamela0021715,3409,0,265,205,95
98,178,640,Shamela0008473,835,534,1471,197,24
98,768,1527,Tafsir01006,217,6,842,321,41
98,996,1519,Sham19Y0014404,186,203,849,100,13
98,996,1304,Rafed0001713Vols,317,25,625,224,46
99,715,1394,Shia001432Vols,32315,33,714,548,99
99,715,1150,Shia001432Vols,32739,1121,1554,349,99
99,1150,1394,Shia001432Vols,32740,0,244,199,100
99,715,1249,Shamela0023632,466,1038,1571,431,99
99,1249,1394,Shamela0023632,467,0,145,118,100
99,715,1271,Shia000812Vols,354,996,1548,447,98
99,968,1170,Tafsir03097,270,960,1566,165,33
99,1170,1351,Tafsir03097,271,0,179,146,98
99,913,1536,JK009268,939,0,624,507,99
99,715,1006,Sham19Y0023618,239,1292,1582,234,99
99,1006,1394,Sham19Y0023618,240,0,388,315,99
99,715,1394,Shamela0023628,409,344,1023,549,99
99,715,1536,Rafed0003257Vols,880,368,1190,665,99
99,715,1394,Rafed0003257Vols,1376,530,1209,549,99
99,640,1407,Sham19Y0020891,952,378,1574,596,60
99,715,1394,Shamela0023606,130,0,679,549,99
99,715,1085,Shamela0009759,91,1194,1563,299,99
99,1085,1394,Shamela0009759,92,0,309,250,99
99,502,1394,JK009270,625,95,841,602,83
99,715,1394,Shamela0005756,8372,767,1453,550,98
99,715,1536,Sham19Y0150960,633,548,1375,657,97
99,715,1394,Meshkat0014420,617,111,789,550,99
99,840,1092,Rafed0003150Vols,290,79,331,204,100
99,1077,1326,Rafed0003150Vols,291,243,541,201,82
99,1326,1517,Rafed0003150Vols,292,524,721,147,92
99,715,1394,Sham19Y0016584,2034,745,1428,550,99
99,1234,1386,JK006476,179,1403,1556,121,95
99,975,1240,JK006476,179,210,704,212,52
99,723,1536,ShamAY0036821,428,440,1251,654,98
99,574,1394,Sham19Y0147312,298,172,958,579,83
99,715,1394,Sham19Y0018176,1016,630,1313,550,99
99,715,1394,Sham19Y0013550,275,4,683,549,99
99,562,1150,Zaydiyya0000062,178,968,1529,392,75
99,1150,1459,Zaydiyya0000062,179,0,307,212,76
99,739,1536,Shamela0010517,233,0,798,647,99
99,715,1275,Shamela0010517,1573,1032,1591,453,99
99,1275,1536,Shamela0010517,1574,0,262,213,99
99,798,1536,Shamela0010517,1819,0,737,597,99
99,739,1394,Shamela0010517,1825,0,655,531,100
99,747,1394,Shamela0037458,473,0,647,524,100
99,715,1394,JK000110,660,252,931,550,100
99,403,1394,JK000791,251,419,1527,667,69
99,715,1394,JK000252,126,479,1158,550,100
99,502,995,Shamela0000922,204,1041,1481,292,73
99,995,1394,Shamela0000922,205,0,399,325,100
99,873,1394,Tafsir07076,916,0,521,422,100
99,723,1002,Tafsir07076,5280,1316,1594,225,99
99,1002,1394,Tafsir07076,5281,0,392,319,100
99,489,1342,JK007018,87,629,1522,593,78
99,715,1394,Sham19Y0018103,1837,174,852,550,99
99,627,1170,JK009396,212,948,1511,409,87
99,1170,1394,JK009396,213,0,224,183,100
99,559,1536,Sham19Y0023608,415,309,1500,753,78
99,403,622,Shamela0021715,3412,15,305,154,63
99,715,1394,Shamela0021715,4226,177,860,550,99
99,715,1440,Shamela0021729,95,102,826,587,99
99,735,1440,Sham19Y0016546,557,140,844,564,98
99,715,1394,JK000917,216,201,880,550,100
99,1216,1448,JK000381,8344,736,968,184,97
99,715,1394,Shamela0009231,452,659,1338,550,100
99,715,1394,Meshkat00042488,180,409,1088,549,99
99,1326,1536,ShamIbadiyya0000075,97,71,549,171,43
99,715,1326,Shamela0021537,4525,96,402,240,48
99,975,1283,Shamela0021537,6211,1021,1329,252,100
99,780,1498,Shamela0004473,1137,0,406,326,56
99,903,1398,Shamela0022371,107,0,495,400,99
99,715,1015,Shia002356Vols,130,1231,1530,241,99
99,1015,1394,Shia002356Vols,131,0,379,308,99
99,715,1108,Shamela0000767,2600,1158,1550,318,99
99,1108,1517,Shamela0000767,2601,0,409,332,100
99,715,1394,PV2024060602,660,252,931,550,100
99,660,1394,Sham19Y0014827,222,629,1368,566,94
99,828,1536,JK001496,276,0,711,575,99
99,521,1394,Shamela0008473,851,0,729,588,83
99,715,1170,Shia002758,15,1089,1543,364,99
99,1170,1536,Shia002758,16,0,367,299,99
99,715,1483,Shamela0023591,1481,760,1527,621,99
99,723,1337,JK009266,1706,932,1545,498,99
99,1056,1536,Zaydiyya0000063,196,0,450,351,88
99,502,1170,Shamela0021821,240,840,1526,420,66
99,1170,1536,Shamela0021821,241,0,367,299,99
99,946,1394,Sham19Y0018106,1881,0,452,365,99
99,715,1134,JK009362,1418,1126,1556,337,96
99,715,1394,JK001420,153,735,1407,545,98
99,715,1394,JK006478,2050,233,914,550,99
99,1326,1536,JK006478,2065,1354,1552,148,86
99,502,1394,Rafed0003943Vols,107,264,1012,603,83
99,715,1108,Shamela0010273,285,1175,1567,318,99
99,1108,1459,Shamela0010273,286,0,361,245,80
99,715,1021,Shamela0007798,1811,1213,1518,246,99
99,1021,1394,Shamela0007798,1812,0,373,304,100
99,115,316,Tafsir01006,217,1120,1389,116,48
99,403,756,Tafsir01006,218,164,913,237,39
99,496,1092,Shia002394Vols,477,590,1461,438,61
99,1092,1459,Shia002394Vols,478,0,359,260,81
99,715,1056,Rafed0003882,78,545,886,275,100
99,715,1071,ShamAY0007299,2398,1257,1612,287,99
99,1071,1536,ShamAY0007299,2399,0,466,379,99
99,735,1160,JK009237,6021,1169,1593,341,99
99,918,1394,Sham19Y0013605,2391,290,770,387,99
99,502,975,Sham19Y0014404,187,802,1543,315,51
99,975,1394,Sham19Y0014404,188,0,419,342,100
99,1115,1303,Sham19Y0014591,2717,1021,1348,151,56
99,715,1394,Meshkat00057178,694,816,1494,550,99
99,765,1394,Masaha000554Vols,525,0,627,509,99
99,502,1190,QuranAnalysis001,20,1007,1550,437,78
99,1190,1536,QuranAnalysis001,21,0,347,283,99
99,403,723,Rafed0001713Vols,318,758,1465,201,35
99,715,1394,Rafed0001713Vols,319,92,771,549,99
99,715,1312,JK000122,182,880,1476,484,99
99,715,1394,JK000122,332,364,1043,550,100
99,715,1303,JK000122,377,1016,1603,477,99
99,715,1394,JK000122,385,376,1055,550,100
99,985,1394,JK000122,386,0,409,333,100
99,715,1394,JK000122,486,708,1387,550,100
99,715,1398,JK000122,739,757,1440,552,99
99,715,1394,JK000122,1094,663,1342,550,100
99,1026,1536,Shamela0000432,5949,0,168,124,29
99,975,1216,Tafsir04056,2255,616,859,197,99
99,1216,1448,JK006950,2645,1022,1254,184,97
99,963,1394,Tafsir02094,387,0,429,350,99
99,833,1394,Shamela0000041,356,0,561,455,100
99,715,1198,Shamela0023578,498,1028,1510,389,99
99,1198,1394,Shamela0023578,499,0,196,160,100
100,469,880,Tafsir09084,338,1149,1453,182,54
100,1178,1480,Meshkat00042485,1694,107,590,175,37
100,605,1433,Shamela0021715,4227,264,1197,380,41
100,334,796,Tafsir02102,480,642,1455,194,28
100,469,815,Shamela0008473,854,1234,1464,140,49
100,343,712,JK000458,415,802,1322,170,39
100,1221,1575,Shia000181,397,483,1012,184,36
100,27,1013,Tafsir08060,63,98,938,314,35
100,688,1304,Shamela0010273,286,871,1422,260,44
100,0,448,Shamela0010273,286,263,784,180,36
100,600,1575,Tafsir01006,219,185,1606,530,41
100,286,835,Shia002394Vols,479,820,1402,249,43
100,697,1236,Rafed0001713Vols,320,621,1521,291,38
100,712,1575,JK000876,175,61,1102,368,36
101,448,967,Meshkat00042485,1699,893,1619,239,36
101,594,967,Shamela0001466,314,1096,1622,182,40
101,69,240,Shamela0021766,509,6,154,94,65
101,769,1026,Shamela0021766,511,981,1309,158,57
101,271,409,Shamela0021715,3350,1414,1573,93,62
101,769,1033,JK000818,62,1286,1552,117,41
101,594,1585,Shia002380Vols,84,0,858,352,34
101,967,1119,Shamela0008473,859,280,523,101,52
101,15,1315,Shia002382Vols,280,48,1604,578,37
101,291,1067,JK000458,418,201,1522,348,31
101,448,915,Tafsir01006,220,966,1578,195,35
101,30,409,Tafsir01006,220,144,716,254,54
101,1141,1585,Tafsir01006,221,607,1317,214,33
101,769,928,Shia002394Vols,483,194,359,101,76
101,142,346,Tafsir04003,650,1128,1463,110,38
101,15,372,Rafed0001713Vols,321,512,1135,227,45
101,1215,1576,Rafed0001713Vols,323,79,597,173,36
101,171,485,JK000876,176,75,684,138,27
102,65,510,Shia001432Vols,30765,0,445,357,100
102,0,510,JK009268,953,234,744,409,100
102,1010,1223,Sham19Y0017063,322,988,1177,148,86
102,1002,1223,Shamela0023628,419,396,604,154,83
102,0,510,JK009270,637,376,886,409,100
102,1002,1223,JK007045,240,1184,1392,154,83
102,1020,1232,JK000140,983,0,198,143,81
102,1002,1223,Shamela0021765,2018,674,892,143,71
102,1065,1223,JK009390,2598,948,1100,116,91
102,1002,1223,JK000470,334,1071,1289,141,70
102,1101,1223,Sham19Y0145212,1213,871,986,88,90
102,1002,1232,Shamela0000782,1013,44,270,156,78
102,1010,1223,JK009336,301,365,556,146,85
102,1061,1223,Shamela0021659,1583,1079,1235,120,92
102,1010,1223,Sham19Y0014309,341,144,340,147,83
102,1020,1223,JK009274,1012,216,395,132,81
102,0,542,JK009396,216,196,749,433,97
102,1002,1223,Shamela0021715,8652,588,808,142,73
102,1010,1223,Sham19Y0017791,521,81,271,149,86
102,1002,1223,Shamela0036446,933,588,796,154,83
102,1061,1223,Shamela0021477,598,0,173,112,76
102,1002,1223,Sham19Y0122257,954,0,208,154,83
102,1010,1228,Sham19Y0016976,565,109,304,150,85
102,1061,1228,JK007104,31,1110,1271,123,92
102,1002,1232,PV2024060602,6767,1137,1363,156,78
102,987,1282,ShamIbadiyya0000050,1242,901,1244,153,50
102,987,1223,ShamAY0036031,140,226,481,152,70
102,1002,1223,Shamela0012884,925,759,987,152,76
102,997,1223,Shamela0012884,1488,179,416,145,71
102,0,510,Shamela0023591,1482,91,601,409,100
102,1010,1223,Sham19Y0013614,215,837,1027,149,86
102,0,510,JK000367,37,255,765,409,100
102,0,585,Shamela0010463,108,459,1021,433,91
102,1061,1223,Shamela0010463,216,5,163,118,89
102,1010,1223,Sham19Y0014119,143,423,613,149,86
102,1002,1223,Sham19Y0133367,20,212,416,145,78
102,109,510,Shia001362Vols,442,0,401,319,98
102,987,1223,JK000447,72,801,1052,158,73
102,0,536,QuranAnalysis001,21,384,933,420,94
102,1061,1223,Shamela0095735,230,423,581,117,89
102,987,1223,Shamela0000041,364,891,1136,161,76
102,0,510,Shamela0023578,506,176,686,409,100
102,1002,1223,Shamela0023578,509,1018,1255,149,73
103,1352,1543,Shia004673Vols,1123,420,611,154,100
103,1352,1550,Shia001432Vols,1047,592,791,159,98
103,1284,1543,Shamela0023632,484,200,447,188,90
103,1352,1543,Shia004012,7,182,373,154,100
103,1284,1550,JK009268,971,220,499,185,76
103,1140,1543,Sham19Y0023618,251,25,549,264,63
103,1387,1550,Shamela0023628,428,989,1153,133,99
103,1329,1546,Rafed0003257Vols,904,1411,1627,175,99
103,1284,1543,Sham19Y0020891,978,842,1100,184,85
103,1284,1550,JK009270,654,826,1056,173,80
103,1329,1543,Meshkat0014420,633,437,662,173,95
103,1329,1485,Rafed0003150Vols,296,108,264,125,99
103,1352,1550,ShamAY0036821,437,681,878,158,98
103,1352,1546,Shamela0004445,464,1183,1377,155,99
103,1380,1546,Sham19Y0013550,97,1280,1446,130,96
103,1352,1546,Shamela0006947,6530,651,845,155,99
103,1329,1550,Shamela0037458,490,569,791,179,99
103,1289,1485,JK000791,260,642,832,135,86
103,1352,1550,Shamela0009770,298,856,1055,160,99
103,1284,1550,JK009396,220,824,1055,166,76
103,1284,1550,Sham19Y0023608,433,7,256,194,89
103,1284,1522,Sham19Y0016953Vols,1523,699,901,150,78
103,1284,1543,Meshkat00042488,187,739,1243,188,44
103,1352,1543,Shia003721Vols,374,760,951,154,100
103,1329,1533,Shia002356Vols,135,1358,1561,165,99
103,1284,1543,JK001496,285,508,757,189,89
103,1345,1543,Shamela0008473,873,1284,1482,156,97
103,104,515,Shia002382Vols,282,95,610,165,34
103,1284,1550,Shamela0023591,1530,1026,1282,194,89
103,1352,1517,JK009266,1773,1351,1515,133,99
103,1352,1550,Shamela0021821,248,472,671,160,99
103,1356,1543,JK009362,1465,1354,1547,149,95
103,1284,1550,JK001110,34,877,1115,172,80
103,1352,1543,JK001420,159,897,1125,153,82
103,1352,1543,Tafsir08060,65,751,1063,150,59
103,1284,1550,Rafed0003943Vols,112,79,315,190,88
103,1387,1546,Shamela0007798,1881,775,934,128,99
103,104,336,Tafsir01006,222,1110,1510,130,39
103,1352,1550,Shamela0010895,107,933,1132,160,99
103,670,1074,Shia002394Vols,489,551,1236,228,39
103,21,330,Sham19Y0014404,193,540,1110,144,26
103,1345,1543,Masaha000554Vols,538,37,235,156,97
103,1352,1550,QuranAnalysis001,21,905,1104,160,99
103,1329,1543,Rafed0001713Vols,327,275,489,173,100
103,1284,1482,Shia002374Vols,70,1329,1496,135,84
103,1387,1543,Zaydiyya0000476,521,594,1033,127,35
103,1387,1543,Zaydiyya0000476,568,339,778,127,35
103,1356,1550,Shamela0023578,520,0,195,157,99
104,0,474,JK009268,971,499,974,378,99
104,0,345,Sham19Y0023618,253,389,735,277,99
104,0,474,ShamAY0036821,437,878,1345,367,97
104,0,474,JK009396,221,1020,1495,378,99
104,0,484,Sham19Y0023608,433,256,742,378,97
104,1013,1366,Shamela0022549,38,0,446,150,33
104,74,474,Shamela0008473,875,618,1022,307,95
104,1161,1518,ShamIbadiyya0000050,1258,610,1244,122,19
104,0,270,Shamela0023591,1530,1282,1551,217,99
104,74,474,Shamela0021821,249,573,998,319,93
104,0,170,Shia004695Vols,561,899,1069,135,100
104,0,345,Rafed0003943Vols,112,315,661,277,99
104,502,853,Tafsir01006,224,823,1547,171,27
104,0,345,Shamela0010895,107,1132,1477,277,100
104,0,423,QuranAnalysis001,21,1104,1526,338,99
104,0,345,Shamela0023578,520,195,541,277,99
104,0,156,Shamela0023578,523,170,408,123,65
105,1315,1531,Shia001432Vols,2317,488,705,177,99
105,1315,1482,Shamela0023632,498,210,377,134,98
105,1018,1479,JK009268,971,779,1138,241,58
105,1122,1479,Shamela0023628,436,170,444,220,76
105,1285,1531,Sham19Y0020891,997,329,591,194,91
105,1122,1531,JK009270,684,792,1118,263,79
105,1376,1531,Rafed0003150Vols,304,408,563,128,100
105,1122,1479,ShamAY0036821,437,1235,1507,217,75
105,1315,1479,JK000373,295,1252,1416,134,100
105,1315,1479,JK000373,297,771,935,134,100
105,1122,1482,Sham19Y0013550,99,936,1374,221,53
105,1226,1479,Shamela0037458,507,817,1041,181,88
105,1307,1482,JK000791,265,216,587,138,45
105,1235,1479,Shamela0000922,216,7,396,155,43
105,1315,1479,JK007018,90,1411,1579,134,96
105,1315,1479,JK009396,223,1405,1569,134,100
105,1315,1554,Sham19Y0023608,444,215,455,195,99
105,1226,1479,Meshkat00042488,190,592,1347,185,30
105,1251,1479,Shia002356Vols,138,13,233,150,71
105,1027,1531,Shia002380Vols,87,975,1574,327,62
105,1046,1218,Tafsir02102,534,0,208,76,40
105,452,765,Shamela0008473,881,331,726,107,26
105,1397,1554,Shamela0008473,888,6,297,129,53
105,1226,1531,Shia002382Vols,292,101,487,235,74
105,1018,1479,Shamela0023591,1531,10,369,241,58
105,1122,1554,Shamela0021821,251,647,1132,277,62
105,1315,1479,JK001420,163,133,756,134,26
105,819,1546,Tafsir08060,66,509,1277,305,39
105,1315,1554,Rafed0003943Vols,117,0,240,195,99
105,1315,1479,Shamela0010273,301,171,335,134,100
105,1315,1479,Shia002394Vols,513,4,168,134,100
105,1226,1479,Tafsir06048,134,862,1248,180,54
105,1307,1479,Masaha000554Vols,558,592,773,138,93
105,1235,1554,QuranAnalysis001,22,0,291,235,90
105,1315,1554,Rafed0001713Vols,333,206,446,195,99
105,492,765,Tafsir07057,662,348,689,95,27
105,1291,1531,Shamela0000041,378,4,244,196,100
105,1122,1554,Shamela0023578,529,620,970,281,80
106,306,893,JK000330,120,638,1117,346,71
106,522,893,JK000330,172,437,808,301,100
106,491,908,JK000330,265,0,427,313,88
106,270,401,Shia001432Vols,2169,102,233,107,100
106,1120,1366,Shia001432Vols,2331,392,727,134,47
106,56,401,Shia001432Vols,22725,475,804,244,86
106,152,401,Shia001432Vols,24229,332,566,194,93
106,522,745,Shamela0023632,509,1007,1238,136,72
106,294,491,Sham19Y0023625,2772,746,943,164,100
106,612,745,Shamela0000894,3723,887,1020,107,100
106,294,522,Shamela0000894,4958,429,657,192,100
106,121,401,Shia001340,391,412,692,232,100
106,0,923,JK009268,997,106,1026,751,98
106,230,522,Sham19Y0023618,260,0,292,243,99
106,522,893,Sham19Y0023618,262,1154,1525,301,99
106,270,522,Tafsir06051,161,1270,1522,211,100
106,522,902,JK000382,514,820,1219,304,94
106,612,933,Shamela0023628,446,414,698,126,35
106,113,522,Rafed0003257Vols,940,1228,1636,338,98
106,513,893,Rafed0003257Vols,954,50,429,304,98
106,294,522,JK001249,363,752,980,192,100
106,170,542,Sham19Y0020891,1006,0,394,304,92
106,612,745,Shamela0023606,151,54,187,107,100
106,255,401,JK010001,902,0,146,119,100
106,142,367,JK010001,1290,0,225,187,100
106,121,401,JK010001,3974,1080,1459,232,73
106,0,401,JK009270,691,899,1300,330,100
106,401,745,JK009270,699,1089,1434,283,99
106,745,923,JK009270,708,458,633,138,94
106,270,401,Meshkat0014420,651,74,205,107,100
106,522,745,Meshkat0014420,653,835,1058,179,100
106,230,559,Rafed0003150Vols,308,1309,1615,194,60
106,667,824,Rafed0003150Vols,311,329,486,127,100
106,320,531,JK006476,191,138,358,178,95
106,522,755,JK006476,192,1260,1443,141,75
106,160,625,ShamAY0036821,450,683,1129,316,81
106,598,923,ShamAY0036821,456,45,373,245,89
106,612,896,Shamela0029677,687,568,852,230,99
106,893,1444,Meshkat00042485,1736,940,1565,217,33
106,401,923,Shamela0001466,337,693,1192,395,91
106,270,401,Sham19Y0147312,317,585,716,107,100
106,531,745,Sham19Y0147312,319,1015,1269,128,57
106,612,745,JK009158,3,726,859,107,100
106,273,401,Sham19Y0014592,1427,288,416,105,100
106,612,745,Sham19Y0013550,7,96,229,107,100
106,612,745,Sham19Y0013550,297,1465,1598,107,100
106,264,605,Zaydiyya0000062,191,977,1324,279,96
106,598,936,Zaydiyya0000062,192,1358,1687,243,86
106,522,896,Shamela0006947,20663,1118,1491,301,99
106,587,745,Zaydiyya0000220,278,1314,1476,113,88
106,107,407,Shamela0037458,512,1059,1363,244,96
106,587,902,Shamela0037458,518,299,640,249,89
106,270,401,JK000791,269,982,1113,107,100
106,535,745,JK000791,271,605,816,130,73
106,121,401,Shamela0011363,17,738,1017,232,99
106,121,401,Shamela0021751,7148,622,926,190,76
106,522,893,Shamela0023833,376,531,1168,297,57
106,242,481,Shamela0000922,219,440,1149,179,30
106,745,896,Shamela0000922,221,1021,1172,124,100
106,522,893,JK000368,378,708,1079,301,100
106,270,471,JK000127,7,941,1142,160,97
106,270,401,Tafsir07076,996,1111,1242,107,100
106,612,893,Hindawi095964739,18,1143,1424,229,100
106,121,401,JK007018,91,837,1121,230,97
106,401,893,JK007018,92,332,1095,404,64
106,612,745,Shamela0037325,1326,570,703,107,100
106,612,745,Shamela0037325,1422,774,907,107,100
106,270,462,Shia004092Vols,5555,998,1189,155,98
106,121,401,JK009396,225,1253,1533,232,100
106,522,893,JK009396,227,1148,1519,301,100
106,270,522,Sham19Y0023608,452,174,426,210,99
106,522,893,Sham19Y0023608,455,697,1069,301,99
106,612,896,Shamela0036427,294,498,782,230,99
106,612,896,Shamela0036427,303,964,1248,229,99
106,270,462,JK000381,202,997,1189,157,100
106,235,401,Shamela0009231,475,161,318,122,90
106,612,745,Shamela0009231,477,673,806,107,100
106,612,749,Meshkat00042488,195,208,344,109,99
106,142,584,ShamIbadiyya0000075,101,495,1295,369,55
106,612,893,Shamela0021537,462,912,1193,229,100
106,612,893,Shamela0021537,524,997,1278,229,100
106,219,522,Rafed0003726Vols,190,0,505,250,59
106,612,896,Shamela0004473,5241,1034,1318,230,99
106,121,382,Shamela0004473,6293,131,392,216,100
106,113,522,Shamela0004473,8011,373,782,338,98
106,462,807,Shamela0022371,113,130,713,256,53
106,210,522,Shia002356Vols,140,353,656,229,83
106,0,526,Shia002380Vols,88,247,1270,421,49
106,591,896,Hindawi018613191,52,988,1293,234,95
106,612,745,ShamAY0001202,222,1329,1462,107,100
106,66,522,JK001496,291,503,964,353,91
106,522,745,JK001496,292,1009,1235,179,98
106,66,401,Shamela0008473,890,1002,1478,276,70
106,522,784,Shamela0008473,895,1255,1516,210,99
106,179,522,Shia002382Vols,293,470,1464,270,32
106,270,462,Tafsir05044,2,1199,1391,157,100
106,121,367,Tafsir07055,1350,362,608,204,100
106,121,401,Tafsir07055,4086,1056,1429,232,75
106,270,462,Rafed0002654Vols,5004,610,802,156,99
106,273,462,Rafed0002654Vols,5223,772,961,154,99
106,522,893,JK000378,30,813,1184,301,100
106,42,612,Shamela0023591,1578,293,909,342,63
106,612,759,Shamela0023591,1590,1414,1560,118,99
106,759,923,Shamela0023591,1591,0,161,127,93
106,270,522,JK009266,1845,700,952,211,100
106,598,745,JK009266,1863,434,594,119,91
106,242,522,Shamela0021821,254,381,662,218,92
106,549,896,Shamela0021821,255,0,347,282,99
106,121,401,JK000046,16,58,338,232,100
106,612,885,Zaydiyya0000046,158,993,1266,222,100
106,121,481,Tafsir10066,157,1001,1692,220,37
106,286,522,JK009362,1501,0,239,198,98
106,121,522,JK001110,69,760,1161,336,100
106,270,401,JK001420,166,169,300,107,100
106,121,401,JK009245,976,550,827,225,97
106,270,462,JK000376,108,208,400,157,100
106,522,745,Shia000210,25,209,434,178,98
106,328,522,JK000057,147,0,262,163,73
106,598,745,JK006478,2177,695,848,119,96
106,612,745,Shamela0008206,37,822,955,107,100
106,56,559,Tafsir08060,67,86,989,314,38
106,0,462,Rafed0003943Vols,117,240,702,379,99
106,587,774,Rafed0003943Vols,123,1354,1554,140,84
106,270,522,Shamela0010273,306,868,1120,210,99
106,612,749,Shamela0010273,309,1291,1427,109,99
106,270,401,Shamela0007798,1934,229,360,107,100
106,612,745,Shamela0007798,1942,26,159,107,100
106,522,745,Shamela0008514,9,1124,1348,179,99
106,270,401,Shia002394Vols,516,1055,1185,106,99
106,612,893,Sham19Y0096629,13,802,1083,229,100
106,401,638,Shia001362Vols,417,327,561,194,97
106,219,513,Sham19Y0014404,200,79,987,224,29
106,584,745,Sham19Y0014404,201,31,209,129,90
106,270,401,Meshkat00057178,728,4,135,107,100
106,612,724,Meshkat00057178,733,1422,1533,90,99
106,270,393,Masaha000554Vols,564,1555,1677,100,99
106,522,745,Masaha000554Vols,569,553,753,129,65
106,0,923,QuranAnalysis001,22,291,1211,751,98
106,612,724,JK006892,88,944,1056,90,100
106,121,401,JK000028,203,1181,1461,232,100
106,273,401,Shia004015,92,748,876,105,100
106,893,1346,Rafed0001713Vols,333,567,1479,210,26
106,235,522,Rafed0001713Vols,336,148,529,236,74
106,522,745,Rafed0001713Vols,337,653,877,179,99
106,612,745,JK000122,127,92,225,107,100
106,121,382,Shamela0000432,6294,150,411,216,100
106,270,471,Shamela0095735,810,329,530,161,98
106,226,522,Shamela0000041,382,440,818,244,77
106,584,749,Shamela0000041,384,1282,1446,131,99
106,270,923,Shamela0023578,540,312,963,527,98
107,663,1031,Meshkat00042485,1740,1188,1624,142,34
107,943,1638,Shia002380Vols,88,359,799,286,45
107,943,1638,Shia002382Vols,293,49,822,336,41
107,149,1050,Tafsir01006,228,679,1477,290,35
107,636,1140,Shia002394Vols,515,42,788,225,35
108,863,1376,Meshkat00042485,1754,44,675,213,34
108,779,1652,Shia002380Vols,89,395,1221,422,47
108,443,682,Tafsir02102,542,1302,1619,151,55
108,853,1591,Shia002382Vols,294,884,1646,364,46
108,1071,1652,Rafed0001713Vols,339,0,886,345,44
109,26,278,Shamela0023632,513,122,375,200,98
109,643,859,Shamela0023632,521,0,215,169,99
109,26,261,Tafsir03097,293,328,932,188,38
109,0,275,JK009268,997,1140,1415,220,100
109,314,862,JK009268,1020,0,548,432,99
109,0,275,Sham19Y0023618,265,169,444,220,100
109,275,737,Sham19Y0023618,266,341,803,367,100
109,127,275,Zaydiyya0000413Vols,2367,609,758,118,98
109,26,391,Shamela0023628,452,746,1362,290,59
109,637,862,Shamela0023628,457,1202,1426,173,98
109,0,275,Rafed0003257Vols,962,733,1008,220,100
109,8,275,Rafed0003257Vols,966,770,1035,202,95
109,498,859,Rafed0003257Vols,984,815,1175,285,99
109,26,300,Sham19Y0020891,1021,325,599,204,94
109,0,391,JK009270,708,747,1138,311,100
109,372,862,JK009270,720,316,835,386,94
109,498,862,Shamela0005756,15461,1083,1448,287,99
109,26,275,Meshkat0014420,660,335,584,199,100
109,498,737,Meshkat0014420,667,412,651,190,100
109,127,314,Rafed0003150Vols,314,595,782,149,100
109,579,722,Rafed0003150Vols,319,37,182,113,97
109,26,862,ShamAY0036821,460,545,1370,650,98
109,483,737,Sham19Y0147312,323,877,1132,199,98
109,0,268,Sham19Y0013550,103,1050,1611,136,26
109,0,207,Shamela0037458,520,1073,1280,167,100
109,372,637,Shamela0037458,524,688,977,212,91
109,630,840,Shamela0037458,527,1324,1533,159,97
109,127,391,JK000791,275,145,874,203,35
109,137,275,Shamela0036091,192,679,817,110,100
109,284,707,JK007018,93,1103,1534,337,97
109,26,275,JK007018,93,416,671,199,97
109,85,289,JK009396,230,0,213,153,89
109,480,862,JK009396,232,0,435,296,86
109,8,275,Sham19Y0023608,462,863,1158,213,90
109,498,859,Sham19Y0023608,470,258,618,285,99
109,37,278,Meshkat00042488,197,427,996,167,36
109,26,275,Shia002356Vols,142,751,1000,198,99
109,200,602,Shia002380Vols,90,0,824,313,48
109,26,275,JK001496,297,415,665,199,99
109,0,152,Shamela0008473,900,1363,1514,122,99
109,207,498,Shamela0008473,901,1119,1431,230,93
109,152,275,Shamela0008473,901,0,123,98,100
109,610,859,Shamela0008473,904,1290,1539,181,86
109,26,835,Shamela0023591,1603,731,1539,642,99
109,127,275,JK009266,1881,268,416,118,100
109,137,275,Shamela0096337,316,144,282,110,100
109,26,300,Shamela0021821,258,232,517,201,89
109,445,862,Shamela0021821,260,442,1037,328,69
109,26,275,JK009362,1525,613,863,199,99
109,127,405,JK001420,169,213,894,207,38
109,376,737,Zaydiyya0000075BK23,3,1137,1576,210,56
109,26,275,JK006478,2187,1232,1482,199,99
109,0,289,Rafed0003943Vols,124,260,546,221,95
109,391,859,Rafed0003943Vols,126,1011,1478,371,99
109,26,278,Shamela0010273,313,1076,1329,201,99
109,498,859,Shamela0010273,318,472,832,285,99
109,127,278,Shamela0007798,1953,82,627,64,13
109,26,275,Shia002394Vols,524,574,911,177,63
109,602,862,Shia002394Vols,529,337,627,194,85
109,26,261,Zaydiyya0000075BK28,9,963,1198,188,100
109,26,275,Masaha000554Vols,575,163,423,199,95
109,0,309,QuranAnalysis001,22,1325,1633,247,99
109,309,862,QuranAnalysis001,23,0,553,436,99
109,8,275,Rafed0001713Vols,340,577,863,213,93
109,592,859,Rafed0001713Vols,346,27,304,187,86
109,26,284,Shamela0000041,389,821,1080,200,96
109,620,933,Shamela0000041,394,8,401,212,69
109,26,862,Shamela0023578,550,540,1375,661,99
111,967,1441,Shamela0023628,458,22,574,198,36
111,310,615,Meshkat00042485,1767,653,1131,180,42
111,911,1167,Zaydiyya0000295Vols,2701,371,739,107,30
111,523,1426,Shia002356Vols,144,532,1489,291,30
111,559,1311,Shamela0010273,319,60,1305,273,23
111,134,776,Tafsir01006,234,725,1575,279,39
112,330,568,JK000330,181,1274,1511,189,99
112,568,1172,JK000330,182,0,849,449,62
112,813,1172,Shia001432Vols,4438,101,460,287,100
112,813,1126,Shia001432Vols,4443,121,498,246,81
112,354,813,Shia001432Vols,4462,0,459,368,99
112,507,813,Shamela0023632,526,783,1089,247,100
112,813,1076,Shamela0000894,5645,945,1207,209,99
112,344,1172,JK009268,1036,214,1176,642,83
112,507,695,Sham19Y0023618,271,1375,1562,155,99
112,880,1172,Sham19Y0023618,274,1043,1335,235,100
112,423,671,Rafed0003257Vols,1007,1378,1625,201,99
112,813,1172,Rafed0003257Vols,1012,913,1272,287,100
112,330,813,Sham19Y0020891,1038,634,1117,388,100
112,813,1175,Sham19Y0020891,1049,1056,1418,287,99
112,423,813,JK010001,1405,1168,1557,311,99
112,309,880,JK009270,734,438,997,442,96
112,873,1145,JK009270,746,1236,1513,216,96
112,423,640,Meshkat0014420,675,108,325,175,100
112,992,1172,Meshkat0014420,685,60,240,143,100
112,443,682,Rafed0003150Vols,326,421,660,194,100
112,671,961,Rafed0003150Vols,327,550,839,223,95
112,967,1126,Rafed0003150Vols,328,862,1021,126,100
112,426,695,Shamela0010284,712,748,994,192,88
112,389,663,JK006476,199,911,1194,220,96
112,500,1163,ShamAY0036821,469,0,658,525,98
112,196,695,Tafsir02104,70,62,864,324,50
112,682,1175,Shamela0004445,571,458,951,391,99
112,321,813,Shamela0004445,585,491,983,392,99
112,992,1175,Sham19Y0013550,110,1209,1469,143,69
112,394,633,Zaydiyya0000062,200,547,851,189,77
112,837,1163,Zaydiyya0000062,203,863,1261,260,81
112,305,716,Shamela0006947,11821,477,895,318,94
112,330,640,Shamela0006947,20965,540,850,249,99
112,813,1172,Hindawi052082590,84,130,489,287,100
112,330,640,Shamela0037458,530,883,1198,249,98
112,633,992,Shamela0037458,534,527,885,284,98
112,992,1172,Shamela0037458,538,383,563,143,100
112,485,695,Shamela0023833,378,0,280,172,74
112,785,1076,Tafsir07076,2250,787,1161,231,77
112,423,640,JK007018,94,1220,1440,175,98
112,777,1172,JK007018,95,824,1272,308,86
112,423,611,JK009396,232,1369,1556,150,98
112,746,1172,JK009396,234,554,1030,297,78
112,330,813,Sham19Y0023608,475,769,1252,388,100
112,813,1172,Sham19Y0023608,479,723,1082,287,100
112,426,695,Sham19Y0016953Vols,540,416,662,192,88
112,423,640,JK000917,234,169,386,174,99
112,426,724,JK000381,9519,541,761,179,73
112,813,1172,Hindawi049069206,3,158,517,287,100
112,682,1172,Shia003721Vols,480,853,1346,390,99
112,321,813,Shia003721Vols,494,810,1301,391,98
112,423,813,Shamela0012034,371,948,1340,313,99
112,330,695,Rafed0003726Vols,234,857,1038,106,36
112,423,640,Shamela0004473,5666,727,944,175,100
112,389,813,Shamela0022371,114,86,505,212,50
112,880,1172,Shamela0022371,115,103,511,191,55
112,682,1175,Sham19Y0145435,5104,634,1126,391,99
112,321,813,Sham19Y0145435,5110,947,1438,392,98
112,423,813,JK000961,29,824,1214,312,99
112,358,640,Shia002356Vols,146,384,638,190,83
112,980,1172,Shia002356Vols,149,218,406,150,97
112,458,682,ShamAY0033632,95,1001,1257,161,76
112,426,695,JK000235,474,397,643,192,88
112,704,1045,Tafsir04038,65,1082,1499,253,76
112,833,1130,Shia002380Vols,94,217,690,232,61
112,330,813,JK001496,303,270,721,361,92
112,947,1172,JK001496,308,0,226,179,98
112,413,640,Shamela0008473,907,856,1083,175,96
112,813,1172,Shamela0008473,911,986,1345,287,100
112,568,813,Tafsir07055,1468,0,243,196,98
112,330,880,JK000378,4,35,830,402,60
112,190,689,Masaha002028Vols,864,32,905,389,54
112,330,671,Shamela0023591,1629,1223,1563,276,99
112,671,1172,Shamela0023591,1630,0,501,399,100
112,423,813,JK009266,1925,1124,1512,310,98
112,813,1172,JK009266,1945,1029,1388,287,100
112,413,682,Shamela0010283,2670,161,844,207,37
112,196,710,Shamela0010283,3751,593,1430,408,60
112,272,813,Shamela0021821,262,399,1066,431,80
112,739,1172,Shamela0021821,264,945,1527,343,74
112,423,813,Sham19Y0005414,225,1004,1392,310,98
112,689,873,Shia000026Vols,795,584,768,143,100
112,413,640,JK009362,1548,24,259,178,92
112,423,746,Shamela0010463,111,1184,1506,262,99
112,941,1172,JK001420,174,227,821,166,34
112,282,563,Shamela0000107,796,1212,1492,190,77
112,563,813,Shamela0000107,797,0,276,201,89
112,682,880,Shia001625,57,979,1177,155,100
112,423,813,JK006478,2221,147,540,310,97
112,689,873,PV2024060601,8790,581,765,143,100
112,330,880,Rafed0003943Vols,133,237,838,385,79
112,873,1172,Rafed0003943Vols,136,367,666,237,98
112,330,813,Shamela0010273,322,979,1462,388,100
112,813,1172,Shamela0010273,327,1077,1436,287,100
112,992,1172,Shia002394Vols,547,1044,1223,142,99
112,873,1135,Tafsir06048,143,125,878,198,32
112,423,640,Masaha000554Vols,598,1205,1430,175,96
112,689,1072,Masaha000554Vols,603,793,1293,292,73
112,0,1135,QuranAnalysis001,23,428,1488,796,83
112,330,1175,Rafed0001713Vols,348,63,905,675,99
112,640,880,Tafsir07057,3401,815,1053,189,99
112,682,880,Tafsir04056,2342,762,960,155,100
112,640,880,Tafsir04056,5074,940,1180,190,100
112,426,724,JK006950,3819,819,1039,179,73
112,813,996,Shamela0000041,401,840,1023,147,100
112,330,1172,Shamela0023578,563,199,1041,675,100
113,1202,1534,Meshkat00042485,1782,521,983,186,45
113,1107,1467,Shamela0001466,352,164,791,199,36
113,1202,1558,JK000818,70,847,1216,173,44
113,5,816,Shia002380Vols,92,573,1338,278,31
113,1293,1534,Shia002382Vols,303,184,614,168,45
113,885,1377,Shia002394Vols,540,202,1112,185,22
114,1012,1190,Masaha001961Vols,79,974,1186,79,42
114,744,1190,Tafsir09084,374,804,1420,193,34
114,206,535,Shamela0000140,1934,583,956,241,78
114,206,381,Meshkat00042485,1785,416,766,107,35
114,913,1190,ShamAY0034059,775,839,1445,156,33
114,744,1190,Shamela0008473,912,122,902,192,28
114,206,824,Tafsir01006,239,86,1329,323,29
114,289,582,Shia002394Vols,542,38,335,132,46
114,589,971,Rafed0001713Vols,352,737,1396,172,29
115,747,1522,JK000330,182,803,1543,593,93
115,1074,1303,JK000330,428,551,780,183,100
115,1370,1522,JK000330,905,1241,1395,124,98
115,1049,1317,Shamela0008381,799,1028,1309,211,93
115,830,1522,Shia001432Vols,4462,473,1167,562,99
115,1161,1303,Shamela0023632,544,1008,1150,112,100
115,1303,1522,Shamela0023632,546,628,848,181,99
115,1201,1522,Tafsir03097,307,802,1397,259,53
115,851,1522,JK009268,1050,0,673,545,99
115,948,1354,Sham19Y0023618,279,240,647,325,98
115,1161,1343,Shamela0023628,474,1236,1418,147,100
115,1267,1522,Shamela0023628,476,529,1007,209,53
115,1049,1249,Rafed0003257Vols,1032,1332,1531,161,99
115,1291,1522,Rafed0003257Vols,1036,883,1132,190,92
115,1366,1500,Rafed0003257Vols,1037,1348,1482,108,100
115,995,1522,Sham19Y0020891,1057,25,568,406,90
115,1049,1303,Hindawi019640759,42,1185,1439,203,100
115,1303,1522,Hindawi019640759,43,167,388,181,99
115,1343,1522,JK010001,34,556,737,146,98
115,1074,1522,JK010001,1406,862,1230,288,77
115,948,1522,JK009270,760,856,1430,463,99
115,1124,1303,Shamela0005756,9871,221,400,143,100
115,1303,1522,Shamela0005756,15347,430,650,181,99
115,1124,1396,Rafed0003150Vols,332,146,412,204,93
115,1350,1522,Rafed0003150Vols,333,403,607,140,84
115,830,1522,ShamAY0036821,478,745,1422,547,97
115,185,590,Meshkat00042485,1792,117,798,231,42
115,1244,1522,Sham19Y0147312,334,0,456,200,53
115,823,1522,Shamela0004445,589,686,1388,563,98
115,1161,1457,Sham19Y0013550,113,382,1357,178,21
115,142,590,Zaydiyya0000062,204,369,924,188,39
115,1249,1522,Zaydiyya0000062,206,756,1186,223,63
115,903,1161,Shamela0037458,540,1215,1473,209,100
115,1267,1522,Shamela0037458,545,705,1017,206,80
115,1303,1522,Shamela0009702,395,11,232,181,99
115,1161,1522,Shamela0000922,237,375,1110,293,49
115,1310,1522,JK009313,4480,519,730,153,82
115,1343,1522,Tafsir07076,295,1382,1562,146,99
115,1343,1522,Tafsir07076,848,349,529,146,99
115,10,136,Shamela0012579,648,1059,1201,97,85
115,839,1366,Shamela0009770,299,305,1380,416,47
115,1049,1522,JK007018,97,595,1083,383,96
115,1049,1317,JK009396,237,819,1087,206,96
115,1303,1522,JK009396,238,399,620,181,99
115,1366,1500,Sham19Y0023608,84,110,244,108,100
115,1049,1366,Sham19Y0023608,484,1233,1549,257,99
115,1366,1522,Sham19Y0023608,485,0,157,127,99
115,1303,1522,Shamela0001340,47,450,671,181,99
115,1161,1334,Shamela0009231,498,423,1070,118,23
115,1201,1522,Shamela0009231,499,124,808,260,46
115,1317,1522,Meshkat00042488,208,1196,1460,169,77
115,834,1522,Shia003721Vols,498,815,1504,558,99
115,1303,1522,Shia003721Vols,537,1066,1287,181,99
115,1343,1522,ShamIbadiyya0000075,107,0,227,146,78
115,1201,1522,Rafed0003726Vols,188,322,817,221,53
115,823,1201,Shamela0004473,12804,938,1291,228,74
115,823,1478,Sham19Y0145435,5112,896,1547,526,98
115,1303,1522,Sham19Y0145435,5129,239,459,181,99
115,1009,1303,Shia002356Vols,150,876,1201,234,89
115,1303,1522,Shia002356Vols,151,572,792,180,99
115,129,590,Shia002380Vols,94,440,695,115,28
115,1094,1522,Shia002380Vols,95,0,483,347,88
115,995,1522,JK001496,311,183,726,405,90
115,10,136,Tafsir02091,349,280,424,99,86
115,10,611,Shamela0008473,914,814,1468,249,38
115,1049,1303,Shamela0008473,918,509,763,203,100
115,1303,1522,Shamela0008473,919,1172,1393,181,99
115,10,209,JK006474,532,1070,1332,121,53
115,1343,1522,Tafsir07055,35,480,661,146,98
115,1074,1522,Tafsir07055,1468,1156,1524,288,77
115,1049,1294,Masaha002028Vols,865,412,898,193,49
115,830,1522,Shamela0023591,1668,706,1399,562,99
115,830,1522,JK009266,1966,840,1528,557,98
115,839,1366,Shamela0010283,2681,1152,1496,244,54
115,1366,1522,Tafsir10098,188,1221,1453,122,64
115,1303,1522,Sham19Y0020594,55,396,622,181,96
115,1009,1384,Shamela0021821,267,1220,1592,279,92
115,1280,1522,JK009362,1563,13,267,189,90
115,1240,1414,JK000875,46,1409,1614,97,59
115,1350,1522,Rafed0002565Vols,701,310,483,140,99
115,1161,1522,JK001420,176,451,1156,293,51
115,1310,1522,JK001303,727,61,267,153,84
115,10,136,Shamela0036357,578,995,1119,97,96
115,1049,1343,Hindawi025308516Vols,357,485,779,238,100
115,830,1512,Rafed0003943Vols,138,965,1646,553,99
115,1049,1522,Shamela0010273,332,987,1461,384,99
115,1343,1522,Shamela0007798,2024,1088,1269,146,98
115,136,504,Tafsir01006,240,731,1386,226,41
115,1049,1317,Shamela0010895,87,1035,1312,210,94
115,340,504,Shia002394Vols,548,771,968,66,38
115,486,1082,Shia002394Vols,549,704,1500,209,25
115,1152,1343,Shia002394Vols,554,967,1154,145,93
115,1188,1522,Shia002394Vols,555,237,992,271,44
115,1286,1522,Tafsir06048,145,0,411,194,57
115,1069,1366,Tafsir06048,1224,1008,1314,241,97
115,1049,1522,Hindawi020604026,14,941,1416,384,99
115,1334,1522,Sham19Y0014404,212,886,1075,154,99
115,1343,1508,Rafed0003799Vols,1734,1387,1551,134,99
115,1343,1522,Rafed0003799Vols,1736,808,988,146,99
115,1303,1522,Rafed0003799Vols,1937,418,638,180,99
115,1303,1522,Rafed0003799Vols,2138,668,888,181,99
115,1303,1522,Masaha000554Vols,613,1276,1498,180,97
115,756,1522,QuranAnalysis001,24,0,731,592,94
115,830,1522,SyriacStudies00001,92,892,1468,462,81
115,10,136,JK000682,479,976,1129,99,81
115,10,136,JK000916,25349,499,643,97,84
115,142,670,Rafed0001713Vols,353,570,1491,274,35
115,676,948,Rafed0001713Vols,354,6,407,158,41
115,1057,1522,Rafed0001713Vols,355,0,466,378,99
115,1358,1522,ShamIbadiyya0000185,296,1021,1187,134,98
115,1343,1522,Tafsir04056,66,518,699,146,98
115,1350,1522,Tafsir04056,1142,168,378,140,81
115,948,1206,Shamela0000041,407,267,525,207,99
115,1133,1522,Shamela0000041,408,660,1036,279,82
115,10,136,Shamela0023578,575,743,892,99,83
115,922,1522,Shamela0023578,577,749,1378,487,95
115,136,756,JK000876,196,295,1017,234,33
115,1343,1522,Noorlib0010584,55,828,1008,146,99
116,7,398,JK000330,183,0,389,315,99
116,192,353,JK000330,262,749,910,132,100
116,0,192,Shia001432Vols,4462,1167,1359,154,100
116,192,389,Shia001432Vols,4531,1258,1455,162,100
116,51,192,Shamela0023632,551,866,1007,114,100
116,150,389,Shamela0023632,552,793,1143,193,67
116,192,398,Shamela0000894,1325,1059,1263,167,98
116,0,398,JK009268,1050,673,1069,321,99
116,0,192,Sham19Y0023618,281,97,289,154,100
116,130,389,Sham19Y0023618,283,338,751,200,59
116,51,192,Rafed0003257Vols,1049,1018,1159,114,100
116,192,353,Rafed0003257Vols,1051,1572,1732,132,99
116,7,244,Tafsir09084,380,508,1185,181,33
116,0,192,Sham19Y0020891,1057,568,760,154,100
116,110,389,Sham19Y0020891,1064,1136,1385,186,82
116,0,150,Hindawi019640759,43,388,538,120,100
116,0,137,JK009270,760,1430,1566,109,99
116,137,365,JK009270,768,1376,1599,180,96
116,0,398,Shamela0005756,15347,650,1048,321,98
116,51,192,Meshkat0014420,698,1010,1151,114,100
116,130,389,Meshkat0014420,700,93,364,177,79
116,51,308,Rafed0003150Vols,334,631,888,208,100
116,17,224,JK006476,207,1163,1381,165,94
116,0,150,ShamAY0036821,478,1422,1571,120,99
116,795,1287,Shamela0001466,359,376,1187,172,19
116,110,389,Sham19Y0147312,336,981,1230,186,82
116,0,142,Shamela0004445,589,1388,1529,113,99
116,51,192,Shamela0012820,95,1104,1245,114,100
116,0,298,Sham19Y0013550,114,66,795,213,36
116,17,291,Zaydiyya0000062,207,757,1062,212,84
116,17,298,Shamela0037458,548,205,573,226,76
116,51,298,JK000791,295,542,1101,200,44
116,0,298,Shamela0023833,379,857,1447,236,49
116,0,192,JK007018,97,1083,1282,154,96
116,0,389,JK009396,238,620,1009,316,100
116,0,192,Sham19Y0023608,485,157,349,154,100
116,192,398,Sham19Y0023608,495,803,1007,167,98
116,150,298,Meshkat00042488,211,164,312,120,100
116,10,192,Shia003721Vols,499,0,182,146,100
116,0,269,Shia003721Vols,537,1287,1555,216,99
116,0,254,ShamIbadiyya0000075,107,227,692,204,54
116,51,192,Shamela0021537,525,1315,1456,114,100
116,0,192,Rafed0003726Vols,188,817,1009,154,100
116,0,192,Sham19Y0145435,5113,45,237,154,100
116,0,389,Sham19Y0145435,5129,459,848,316,100
116,0,150,Shia002356Vols,151,792,942,115,92
116,91,389,Shia002356Vols,152,415,755,235,82
116,0,360,Shia002380Vols,95,483,1012,290,67
116,0,192,JK001496,311,726,920,154,98
116,110,389,JK001496,314,158,409,182,80
116,58,192,Shamela0008473,920,0,134,108,100
116,7,398,Shamela0008473,921,236,1040,302,46
116,0,389,Masaha002028Vols,866,113,945,312,46
116,0,142,Shamela0023591,1668,1399,1540,113,99
116,192,398,Shamela0023591,1696,1217,1421,167,98
116,51,192,JK009266,1967,0,141,114,100
116,150,380,JK009266,2005,1271,1544,180,80
116,0,353,Shamela0010283,3754,924,1494,282,61
116,0,192,Sham19Y0020594,55,622,814,154,100
116,0,192,Shamela0021821,268,140,332,154,100
116,176,370,Shamela0021821,269,1294,1522,159,84
116,0,353,Tafsir03033,95,887,1590,248,43
116,51,298,JK001420,178,110,771,166,29
116,192,353,AOCP20250220654Vols,128,153,315,132,99
116,180,389,JK006478,2266,0,212,168,95
116,192,353,ShamAY0034385,8,997,1158,132,100
116,0,456,Rafed0003943Vols,139,11,452,349,92
116,0,117,Shamela0010273,332,1461,1577,93,99
116,192,389,Shamela0010273,337,450,647,162,100
116,51,192,Shamela0007798,2032,1123,1264,114,100
116,785,1362,Tafsir01006,242,44,824,227,28
116,51,192,Tafsir06048,145,1122,1536,114,34
116,51,298,Sham19Y0014404,214,15,643,200,39
116,51,192,Masaha000554Vols,617,779,926,113,94
116,192,389,Masaha000554Vols,618,998,1207,158,90
116,0,398,QuranAnalysis001,24,731,1127,321,99
116,0,153,SyriacStudies00001,92,1468,1621,121,99
116,0,192,Rafed0001713Vols,355,466,658,154,100
116,192,398,Rafed0001713Vols,360,926,1130,167,98
116,192,398,Shamela0000432,4030,1090,1294,167,98
116,192,398,Sham19Y0014579,232,1032,1236,167,98
116,17,298,Shamela0000041,411,371,662,226,96
116,0,201,Shamela0023578,577,1378,1578,161,99
116,201,389,Shamela0023578,578,0,188,155,100
117,218,482,Tafsir09083,195,1212,1484,116,47
118,866,1600,JK000330,183,237,747,413,68
118,1238,1541,JK000330,246,984,1287,245,98
118,1235,1541,Shia001432Vols,4583,726,1030,250,99
118,363,989,Shamela0023632,552,733,1107,172,27
118,1235,1541,Shamela0023632,555,1124,1430,251,100
118,866,1398,Shamela0000894,1325,1111,1419,247,56
118,866,1600,JK009268,1050,917,1428,414,68
118,1342,1541,JK009268,1070,982,1341,162,54
118,330,989,Sham19Y0023618,283,338,715,170,26
118,1370,1580,Sham19Y0023618,285,0,210,174,100
118,1305,1512,Shamela0023628,488,1147,1589,164,44
118,1398,1580,Rafed0003257Vols,1063,604,786,151,100
118,1299,1471,Tafsir09084,383,1349,1521,141,100
118,1235,1541,Sham19Y0020891,1066,197,503,251,100
118,1201,1580,JK009270,769,5,367,298,95
118,1201,1600,Shamela0005756,15347,1022,1409,314,94
118,1238,1580,Meshkat0014420,704,0,341,281,99
118,1235,1476,Rafed0003150Vols,336,1232,1476,193,97
118,1305,1532,Rafed0003150Vols,337,1256,1643,186,57
118,1235,1519,Shamela0036543,162,11,295,233,100
118,1235,1519,Shamela0036543,214,596,880,233,100
118,1299,1541,Shamela0036543,406,1288,1530,200,100
118,1350,1541,Shamela0036543,2410,0,191,158,100
118,866,1600,ShamAY0036821,488,871,1376,401,66
118,1235,1600,Tafsir02104,72,517,1049,192,43
118,1277,1541,Sham19Y0147312,338,40,378,160,59
118,1398,1573,JK009158,91,751,930,125,84
118,1235,1592,Sham19Y0014592,1721,744,1099,265,89
118,433,1390,Zaydiyya0000062,208,48,906,345,33
118,1201,1471,Shamela0037458,551,579,918,221,79
118,1305,1600,Shamela0037458,556,982,1469,213,53
118,1376,1541,JK000791,298,547,854,137,53
118,1398,1541,Shamela0000922,242,730,1124,119,36
118,1201,1600,Shamela0009770,300,343,634,166,45
118,1235,1580,JK007018,98,1209,1564,283,97
118,1398,1528,Shamela0037325,1360,1461,1590,108,99
118,1235,1580,JK009396,239,981,1326,283,100
118,866,1580,Sham19Y0023608,495,855,1345,398,67
118,1123,1541,JK000818,74,103,780,286,50
118,1116,1398,Shamela0009231,503,592,994,169,49
118,1398,1541,Shamela0009231,504,459,884,119,33
118,1299,1580,Shia002356Vols,153,922,1330,206,60
118,1273,1519,JK001036,16,0,246,203,100
118,695,1183,Shia002380Vols,95,745,1118,196,44
118,1266,1600,Shia002380Vols,96,75,451,271,87
118,551,1525,JK001496,314,424,1642,438,40
118,1398,1541,Tafsir02102,570,56,203,119,97
118,1311,1580,Shamela0008473,923,0,269,222,100
118,1299,1471,Shamela0008473,925,1029,1216,141,91
118,428,1183,Shia002382Vols,311,29,1336,336,26
118,866,1423,Shamela0023591,1696,1269,1601,268,58
118,1423,1600,Shamela0023591,1697,0,178,146,99
118,1211,1580,JK009266,2006,0,352,290,95
118,1235,1580,Shamela0010283,3755,340,685,283,100
118,1201,1583,Shamela0021821,270,0,367,300,95
118,1398,1541,JK000875,47,508,651,119,100
118,969,1541,JK001420,179,11,1018,302,32
118,1235,1600,Rafed0003943Vols,141,131,497,299,99
118,1235,1580,Shamela0010273,339,1092,1437,283,100
118,1322,1541,Shamela0007798,2049,0,429,171,48
118,19,507,Tafsir01006,244,456,1125,241,41
118,531,1183,Tafsir01006,245,130,1162,339,35
118,1299,1580,Shia002394Vols,567,247,697,229,61
118,1247,1583,JK000447,93,252,712,221,52
118,866,1600,QuranAnalysis001,24,975,1486,414,68
118,1235,1583,SyriacStudies00001,106,1093,1441,284,99
118,531,1592,Rafed0001713Vols,360,904,1482,466,53
118,608,1049,Rafed0001713Vols,361,0,753,222,31
118,866,1398,Shamela0000432,4030,1142,1450,247,56
118,866,1398,Sham19Y0014579,232,1084,1391,246,56
118,1342,1600,Shamela0000041,418,475,765,209,86
118,1235,1482,Shamela0023578,588,1293,1539,201,99
118,1350,1600,Shamela0023578,591,807,1195,196,60
118,1398,1541,JK000876,201,6,149,119,100
119,0,322,JK000330,183,747,1072,252,97
119,73,322,JK009268,1075,1249,1501,196,96
119,0,322,Hindawi070427368,56,515,840,252,97
119,73,315,Rafed0003257Vols,1067,152,394,196,100
119,0,305,Shia004266Vols,199,227,531,242,99
119,0,322,JK009270,776,954,1276,251,98
119,780,1222,Meshkat0014420,706,60,758,216,36
119,622,1262,Meshkat00042485,1820,959,1591,295,42
119,0,322,Shamela0004445,606,986,1310,252,97
119,0,315,JK009396,240,579,894,251,99
119,0,315,Sham19Y0023608,500,675,990,252,100
119,0,315,Shia003721Vols,515,351,666,251,99
119,0,318,Sham19Y0145435,5124,1020,1338,253,99
119,622,1289,Shia002356Vols,153,594,1316,253,30
119,183,315,Shamela0022549,90,1176,1452,90,41
119,622,1289,Shia002380Vols,96,75,416,265,48
119,947,1410,Tafsir02102,570,56,497,186,38
119,0,315,Shamela0008473,926,315,631,251,99
119,565,1219,Shia002382Vols,312,190,712,302,47
119,73,322,JK000378,15,263,515,196,96
119,0,318,Shamela0021821,272,273,591,252,99
119,0,360,Rafed0003943Vols,141,497,854,276,93
119,756,1289,Shamela0010273,340,554,1205,228,35
119,73,315,Shamela0010273,343,728,970,196,100
119,0,315,Shia004456Vols,4509,1103,1418,251,99
119,622,1325,Tafsir01006,246,107,851,316,41
119,780,1289,Shia002394Vols,567,266,683,239,49
119,0,322,Hindawi020604026,459,286,611,253,97
119,96,322,QuranAnalysis001,25,0,229,180,96
119,622,936,Rafed0001713Vols,362,1095,1510,166,42
119,41,315,Rafed0001713Vols,364,573,847,221,100
119,64,315,Hindawi017506357,49,582,833,199,98
119,0,315,Hindawi052718095,214,638,953,251,99
119,0,254,Masaha002880Vols,387,1043,1297,202,100
119,0,322,Shamela0023578,589,119,444,253,97
119,285,684,JK000876,200,638,852,85,23
120,1138,1314,Shamela0023653,241,949,1251,106,44
120,1138,1314,Tafsir09084,386,774,1064,104,45
120,278,628,Sham19Y0020891,1074,184,417,106,31
120,40,382,Meshkat00042485,1823,189,542,144,42
120,1138,1314,Shamela0023833,381,704,1004,106,44
120,1138,1314,Shamela0009770,301,387,690,105,43
120,137,495,Shia004092Vols,13113,697,1044,183,53
120,1138,1314,Shamela0022549,90,155,477,100,39
120,278,628,JK001496,316,1018,1251,106,31
120,1138,1314,Tafsir02102,573,968,1270,106,44
120,1138,1314,Shamela0008473,929,84,375,106,46
120,704,1314,Rafed0002654Vols,7761,17,566,196,33
120,22,382,Tafsir08060,74,861,1154,162,52
120,1138,1314,Shamela0010895,106,669,957,102,45
120,291,773,Sham19Y0014404,218,593,824,113,25
120,1138,1314,Meshkat00057178,709,611,907,105,44
120,148,701,Rafed0001713Vols,364,847,1451,250,40
120,148,500,Shamela0000041,419,729,1413,185,32
120,1019,1314,Shamela0000041,420,239,1042,173,27
120,190,726,Shamela0023578,592,368,1024,166,22
120,1138,1314,Shamela0023578,593,56,621,121,27
121,58,554,JK000330,183,1062,1558,401,100
121,58,749,Shia001432Vols,2469,181,881,555,98
121,219,459,Shia001432Vols,3549,1353,1592,191,98
121,219,400,Shamela0023632,564,1224,1405,145,100
121,475,732,Shamela0023632,567,1234,1487,169,81
121,219,554,Shamela0000894,1454,927,1262,272,100
121,466,669,Tafsir03097,313,627,1023,119,34
121,219,732,JK009268,1076,0,513,417,100
121,219,475,Sham19Y0023618,288,1311,1566,206,99
121,475,732,Sham19Y0023618,289,1304,1573,169,77
121,219,407,Shamela0023628,496,306,494,146,97
121,466,749,Shamela0023628,500,1071,1401,223,82
121,219,554,Rafed0003257Vols,1084,1015,1350,272,100
121,554,732,Rafed0003257Vols,1092,766,944,145,100
121,58,995,Sham19Y0020891,1079,328,1064,505,62
121,475,732,Sham19Y0020891,1083,273,486,172,82
121,58,749,JK009270,787,655,1355,549,95
121,58,749,Shamela0005756,15348,118,808,545,96
121,254,589,Rafed0003150Vols,347,675,1010,272,100
121,455,749,Rafed0003150Vols,348,452,966,230,55
121,439,698,JK006476,214,1076,1540,206,54
121,58,554,ShamAY0036821,491,957,1442,392,97
121,113,554,Hindawi041584975,251,0,441,357,100
121,426,732,Tafsir02104,74,0,612,234,45
121,264,554,Shamela0004445,239,0,290,236,100
121,305,554,Sham19Y0014592,1749,64,312,201,99
121,305,749,Sham19Y0013550,118,74,1280,289,28
121,207,407,Shamela0037458,563,784,990,154,93
121,403,676,Shamela0037458,565,0,273,219,98
121,219,554,Shamela0001524,3145,701,1036,272,100
121,219,749,Shamela0023833,356,756,1429,327,52
121,219,554,Sham19Y0009800,1125,959,1294,272,100
121,331,554,JK009313,2761,0,223,181,100
121,554,756,JK007018,100,424,645,155,87
121,264,749,JK009396,241,1034,1488,264,61
121,144,581,JK009396,241,258,810,316,69
121,222,578,Sham19Y0023608,505,0,363,279,94
121,554,749,Sham19Y0023608,509,1388,1592,154,93
121,735,1138,Shamela0021715,4710,422,734,171,42
121,219,400,Shamela0009637,42,322,503,145,100
121,58,554,JK000381,5756,113,698,396,83
121,478,662,Meshkat00042488,217,408,907,113,26
121,219,578,Shia003721Vols,150,1078,1439,281,96
121,400,714,ShamIbadiyya0000075,109,162,905,228,37
121,219,400,Shamela0012034,403,1324,1505,145,100
121,219,554,Shamela0004473,12857,300,635,272,100
121,219,554,Shamela0004473,14167,662,997,272,100
121,219,554,Hindawi091929150,61,1015,1350,272,100
121,475,732,ShamAY0033108,270,672,1433,167,26
121,219,578,Sham19Y0145435,4996,292,663,280,91
121,219,554,JK000105,960,1120,1455,272,100
121,219,475,Shia002356Vols,156,653,908,204,99
121,443,732,Shia002356Vols,157,4,821,208,29
121,219,535,Shamela0008473,936,1191,1506,256,99
121,535,749,Shamela0008473,938,734,984,170,84
121,335,749,Masaha002028Vols,818,0,609,228,38
121,58,489,Shamela0023591,1717,1092,1522,346,99
121,554,749,Shamela0023591,1730,1239,1441,154,94
121,313,554,JK009266,2052,1332,1572,196,99
121,219,554,Shamela0010283,3354,1144,1479,272,100
121,58,821,Shamela0021821,274,796,1390,450,71
121,535,749,Shamela0021821,276,1107,1353,168,82
121,219,475,JK009362,4673,1012,1268,206,100
121,298,554,JK006478,2302,660,918,202,96
121,58,1003,Rafed0003943Vols,143,355,1481,610,62
121,735,1138,Shamela0010273,346,329,943,205,34
121,219,558,Shamela0010273,347,831,1170,273,99
121,554,732,Shamela0010273,349,14,192,145,100
121,219,554,Sham19Y0014328,134,15,350,272,100
121,738,1138,Shia002394Vols,574,608,1296,196,33
121,455,589,Sham19Y0014404,220,1277,1603,110,40
121,226,483,Masaha000554Vols,639,1241,1504,202,94
121,475,749,JK000447,95,35,473,139,38
121,58,749,QuranAnalysis001,25,219,919,555,98
121,200,554,Rafed0001713Vols,370,483,837,288,100
121,554,738,Rafed0001713Vols,372,197,382,145,96
121,331,554,Hindawi017506357,50,0,223,181,100
121,58,554,JK006950,60,301,886,396,83
121,61,335,Shamela0000041,422,1259,1532,221,99
121,475,749,Shamela0000041,426,1008,1291,220,95
121,82,749,Shamela0023578,595,0,600,454,83
122,14,1571,Shia001432Vols,2469,431,1190,582,46
122,615,1024,Shamela0023632,567,1167,1461,175,49
122,1237,1435,Shamela0023632,569,1360,1557,158,99
122,1333,1571,Shamela0023632,575,1135,1374,189,99
122,14,1024,JK009268,1076,89,487,296,36
122,1237,1571,JK009268,1087,608,943,268,99
122,615,1024,Sham19Y0023618,289,1237,1547,170,46
122,1237,1537,Sham19Y0023618,290,1177,1500,236,91
122,1333,1480,Shamela0023628,502,1237,1384,115,100
122,1237,1522,Rafed0003257Vols,1096,659,944,228,100
122,484,833,Shamela0022593,355,1086,1483,156,41
122,1383,1522,Tafsir09084,391,149,709,108,24
122,1237,1522,Sham19Y0020891,1084,1183,1468,228,100
122,19,1024,JK009270,787,914,1303,292,35
122,968,1435,JK009270,787,1255,1526,219,57
122,19,1024,Shamela0005756,15348,370,763,290,35
122,968,1571,Shamela0005756,15348,714,1127,330,66
122,1237,1522,Meshkat0014420,720,1025,1310,228,100
122,1362,1571,Rafed0003150Vols,349,935,1202,165,77
122,1237,1537,Shamela0010284,677,266,552,203,77
122,1237,1459,JK006476,215,1103,1328,177,98
122,1193,1522,ShamAY0036821,498,773,1098,236,87
122,680,938,Meshkat00042485,1833,1279,1612,150,51
122,990,1402,Sham19Y0013550,118,1185,1536,183,42
122,1344,1515,Zaydiyya0000062,214,1389,1561,134,98
122,1333,1522,Shamela0037458,567,629,818,149,100
122,1344,1480,JK000791,304,1397,1533,106,100
122,987,1399,Shamela0023833,356,1340,1564,182,54
122,1333,1480,Shamela0000922,248,937,1084,115,100
122,1237,1480,Sham19Y0009800,648,857,1100,194,100
122,14,1537,JK007018,100,325,939,435,35
122,721,1368,JK009396,241,1284,1592,239,45
122,1368,1537,JK009396,242,0,177,131,93
122,1315,1522,Sham19Y0023608,510,0,207,164,100
122,1237,1522,Shamela0009637,53,403,688,228,100
122,1237,1450,JK000381,2101,846,1059,170,100
122,1275,1480,Shamela0009231,514,480,702,135,76
122,1333,1480,Meshkat00042488,218,523,670,115,100
122,83,1320,ShamIbadiyya0000075,109,32,1247,483,36
122,1237,1526,Shamela0012034,386,581,870,228,98
122,1333,1522,Shamela0004473,12847,287,476,149,100
122,1237,1571,Shamela0022371,118,105,639,231,54
122,690,1522,Shia002356Vols,157,401,1439,388,38
122,968,1522,Shamela0008473,938,882,1243,291,65
122,11,573,Shia002382Vols,317,287,1341,297,33
122,1320,1571,Shia002382Vols,319,24,793,195,31
122,987,1480,Masaha002028Vols,818,520,826,246,62
122,1237,1537,Shamela0023591,1736,1242,1553,240,96
122,612,833,JK009266,2063,47,250,107,49
122,1333,1522,JK009266,2071,1109,1298,149,100
122,987,1480,Shamela0010283,3355,111,417,246,62
122,265,958,JK000458,502,12,1196,352,36
122,233,1024,Shamela0021821,276,589,1301,297,38
122,968,1509,Shamela0021821,276,1253,1598,278,63
122,1237,1537,JK009362,1592,19,377,230,80
122,1237,1480,JK001420,182,929,1255,185,71
122,1333,1522,JK006478,2310,986,1175,149,100
122,14,1337,Rafed0003943Vols,143,605,1130,393,36
122,1333,1526,Rafed0003943Vols,144,1453,1645,152,99
122,11,706,Shamela0010273,348,120,1026,312,37
122,1333,1522,Shamela0010273,350,1277,1466,149,100
122,1333,1480,Shamela0007798,2076,290,437,115,100
122,987,1526,JK000805,51,116,865,273,36
122,1344,1480,Shia002394Vols,579,925,1057,102,95
122,1237,1480,Sham19Y0014404,221,721,1123,192,59
122,1333,1480,Meshkat00057178,799,882,1029,115,100
122,1237,1526,Masaha000554Vols,644,98,400,224,93
122,680,1464,JK000447,95,98,945,303,33
122,14,1571,QuranAnalysis001,25,469,1228,582,46
122,987,1522,Rafed0001713Vols,372,1077,1582,310,63
122,1237,1480,Shamela0000041,427,1136,1455,194,76
122,14,1537,Shamela0023578,595,150,873,551,45
122,910,1409,JK000876,205,143,814,263,40
123,0,378,Shia001432Vols,2469,1190,1565,305,99
123,0,608,JK009268,1087,943,1550,490,99
123,0,467,Sham19Y0023618,293,373,840,376,100
123,0,175,Rafed0003257Vols,1100,1011,1186,140,100
123,892,1222,Tafsir09083,204,28,685,215,39
123,0,178,Sham19Y0020891,1090,568,746,141,99
123,0,467,JK009270,788,137,604,376,100
123,0,456,Shamela0005756,15348,1127,1584,367,99
123,0,249,Rafed0003150Vols,350,1020,1442,198,58
123,308,544,Rafed0003150Vols,352,0,236,190,100
123,3,615,ShamAY0036821,502,0,603,485,98
123,0,191,Sham19Y0014592,1919,1293,1564,153,69
123,0,167,Zaydiyya0000062,215,1281,1449,133,98
123,0,175,Shamela0037458,569,302,477,140,100
123,0,184,Sham19Y0009800,38,1065,1253,145,96
123,0,175,JK007018,101,343,521,140,98
123,0,175,JK009396,243,703,878,140,100
123,0,163,Sham19Y0023608,513,1409,1571,130,99
123,0,318,Shamela0021729,175,719,1063,256,92
123,0,318,JK000381,8423,1258,1581,256,98
123,0,322,JK010729,132,901,1223,258,99
123,0,175,Shia002356Vols,159,557,731,139,99
123,0,175,Shamela0008473,940,431,606,140,100
123,0,584,Shamela0023591,1745,996,1579,470,99
123,0,367,Shamela0021821,278,607,971,263,88
123,130,450,Rafed0003943Vols,146,1291,1610,258,99
123,32,318,Zaydiyya0000148,224,1061,1348,218,93
123,0,175,Shamela0010273,352,839,1014,140,100
123,0,178,ShamAY0036039,26,0,180,140,97
123,0,175,Masaha000554Vols,647,78,260,139,95
123,0,334,QuranAnalysis001,25,1228,1561,269,99
123,0,201,Rafed0001713Vols,374,649,840,145,90
123,695,1222,Shamela0000041,427,1136,1404,186,42
123,134,695,Shamela0023578,603,0,561,456,100
124,3,347,Sham19Y0020891,1087,854,1214,132,32
124,0,352,Tafsir02079,882,500,1112,134,22
124,994,1334,Meshkat00042485,1840,254,882,173,32
124,592,1267,Shamela0001466,377,774,1464,326,49
124,3,352,JK001496,321,939,1546,132,22
124,1075,1423,JK001496,322,635,1281,181,34
124,1079,1477,JK000458,504,795,1548,228,35
124,931,1483,Tafsir01006,251,649,1508,343,45
124,1075,1423,Rafed0001713Vols,374,950,1508,194,38
124,3,144,JK000876,205,1465,1573,84,74
125,314,608,Shia001432Vols,21566,946,1310,142,37
125,288,608,Meshkat00042485,1843,277,790,183,37
125,127,787,Shamela0001466,379,64,631,276,44
125,861,1485,Shamela0021766,641,604,1426,162,17
125,288,787,Shamela0021715,4313,57,555,192,38
125,288,661,Sham19Y0017791,1250,198,508,179,51
125,820,1547,JK000818,78,178,561,190,31
125,288,646,Meshkat00042488,221,89,440,150,40
125,323,608,Shia002356Vols,160,0,384,120,30
125,37,546,JK000458,505,448,1066,192,27
125,565,917,JK000458,506,11,801,190,30
125,10,314,Tafsir08060,77,442,760,168,54
125,37,917,Tafsir01006,252,319,1524,354,29
125,484,651,Sham19Y0014404,223,700,848,102,72
125,288,907,JK000876,207,855,1418,252,41
125,1041,1273,JK000876,208,86,332,143,63
126,425,909,JK000330,171,689,1284,390,80
126,398,909,Shamela0008381,440,28,550,415,97
126,398,722,Shamela0008381,830,1311,1634,263,99
126,398,909,Shamela0008381,2856,1147,1658,415,100
126,900,1243,Shia001432Vols,7086,589,933,276,97
126,613,909,Shia001432Vols,21307,1236,1467,180,75
126,1167,1358,Shia001432Vols,22513,679,869,152,98
126,900,1358,Shia001432Vols,24913,220,675,367,98
126,909,1243,JK000370,309,185,518,272,99
126,890,1167,Shamela0023632,591,390,661,215,95
126,1167,1358,Shamela0023632,593,950,1141,153,100
126,398,739,JK009268,1103,1252,1592,277,99
126,739,1358,JK009268,1104,0,618,501,99
126,665,909,Sham19Y0023618,298,0,244,198,100
126,890,1194,Sham19Y0023618,301,114,434,232,88
126,1167,1358,Sham19Y0023618,301,1255,1446,153,100
126,613,923,JK000382,514,515,829,244,96
126,689,1010,Shamela0023628,516,198,519,261,100
126,909,1258,Shamela0023628,518,342,884,245,54
126,909,1258,Rafed0003257Vols,627,578,968,280,87
126,909,1167,Rafed0003257Vols,1126,1175,1432,210,99
126,1167,1358,Rafed0003257Vols,1129,826,1017,153,100
126,844,1167,Sham19Y0020891,1110,570,857,228,86
126,1152,1358,Sham19Y0020891,1112,707,919,158,93
126,273,1148,JK009270,798,721,1538,668,93
126,1148,1358,JK009270,799,0,210,168,100
126,1117,1358,Shamela0005756,14779,704,960,170,81
126,273,1358,Shamela0005756,15349,171,1207,835,93
126,900,1167,ShamIbadiyya0000198Vols,1092,641,907,214,98
126,613,909,Meshkat0014420,741,96,392,240,100
126,909,1167,Meshkat0014420,743,1271,1528,210,99
126,707,1167,Rafed0003150Vols,360,220,680,340,90
126,909,1258,Sham19Y0016584,4563,187,545,279,95
126,613,923,Sham19Y0017581,286,278,584,246,98
126,613,1148,ShamAY0036821,512,1088,1610,419,96
126,1148,1358,ShamAY0036821,513,0,208,166,99
126,883,1010,Sham19Y0147312,353,1173,1305,104,96
126,909,1258,Sham19Y0018176,2466,952,1319,280,93
126,1010,1351,Zaydiyya0000062,221,1019,1487,274,72
126,568,848,Shamela0037458,575,0,279,223,97
126,808,1010,Shamela0037458,576,882,1183,163,67
126,1010,1243,Shamela0037458,578,144,376,189,99
126,909,1194,JK000110,1852,1254,1537,232,99
126,689,1067,JK000791,313,519,896,308,99
126,1087,1258,JK000791,314,0,532,132,31
126,909,1167,JK000365,983,866,1123,210,99
126,1167,1362,Shamela0000922,256,76,558,154,40
126,398,844,JK007018,102,832,1569,360,60
126,844,1358,JK007018,103,0,806,409,62
126,909,1123,Sham19Y0018103,4014,1348,1560,175,99
126,909,1385,JK009396,246,971,1443,371,95
126,516,909,JK009396,246,27,455,289,80
126,966,1167,Sham19Y0023608,528,0,200,164,99
126,1235,1358,Sham19Y0023608,530,0,123,98,100
126,909,1167,Shamela0021813,212,742,998,208,98
126,909,1246,Shamela0021715,10288,761,1097,273,99
126,909,1320,Sham19Y0016953Vols,1620,1059,1469,333,99
126,1167,1358,JK000381,4847,1211,1403,153,99
126,909,1167,JK000381,4847,426,685,210,98
126,909,1167,Shamela0004473,16214,582,839,210,99
126,909,1170,JK000105,846,370,630,211,99
126,478,844,Shia002356Vols,162,970,1326,231,70
126,844,1167,Shia002356Vols,163,649,1065,257,75
126,1113,1358,Shia002356Vols,164,124,392,180,80
126,72,248,ShamAY0034059,815,1039,1575,117,27
126,718,1358,Tafsir04038,71,822,1435,396,65
126,568,1358,Shia002380Vols,101,48,1373,626,58
126,909,1194,PV2024060602,1852,1254,1537,232,99
126,844,1307,Shamela0006549,262,1150,1611,375,99
126,613,909,Shamela0008473,950,594,890,240,100
126,844,1167,Shamela0008473,952,444,870,261,75
126,1042,1358,Shamela0008473,953,597,1088,250,63
126,981,1162,Shia002382Vols,324,42,222,147,99
126,613,1283,Shamela0023591,1772,963,1631,544,99
126,909,1170,Shamela0021821,284,1317,1576,211,98
126,1167,1358,Shamela0021821,285,1222,1413,153,100
126,613,923,Kraken220413194022,2677,1257,1562,244,97
126,909,1246,Sham19Y0018106,4084,415,751,273,99
126,909,1170,Sham19Y0014280,1099,424,684,211,99
126,909,1162,JK006478,2350,1296,1549,206,98
126,909,1246,Sham19Y0013252,10030,624,960,273,99
126,577,844,Rafed0003943Vols,152,348,997,217,41
126,844,1358,Rafed0003943Vols,154,279,792,415,99
126,844,1010,Shamela0010273,361,604,770,135,100
126,613,879,Shamela0008514,9,1377,1641,215,99
126,909,1167,Sham19Y0020860,321,1233,1490,210,99
126,1113,1371,Shia002394Vols,600,206,510,169,68
126,909,1258,Sham19Y0013605,4782,0,358,279,95
126,1113,1358,Sham19Y0014404,227,879,1501,190,38
126,1167,1362,Masaha000554Vols,664,1315,1518,153,94
126,273,1358,QuranAnalysis001,26,292,1320,836,94
126,398,1392,Rafed0001713Vols,378,533,1461,657,75
126,613,909,JK001414,2642,267,564,239,99
126,909,1258,Tafsir04056,1759,433,687,192,68
126,577,1243,Shamela0000041,438,57,794,541,90
126,689,1186,Shamela0000041,439,609,1542,320,38
126,273,909,Shamela0023578,603,492,1072,473,91
126,844,1232,Shamela0023578,616,1186,1600,315,92
126,1232,1358,Shamela0023578,617,0,126,100,100
127,244,762,Tafsir09083,209,601,1081,259,49
127,235,383,Tafsir09084,396,547,702,118,95
127,244,383,Shamela0004445,968,99,258,111,87
127,531,1587,JK000818,79,36,675,293,30
127,239,383,Tafsir02102,586,0,151,115,95
127,244,383,Shamela0008473,949,391,532,111,98
127,232,664,Shia002389Vols,377,193,791,170,29
127,333,1276,Tafsir08060,78,938,1546,313,36
127,1175,1600,Tafsir01006,255,528,1179,244,41
127,1386,1600,Shia002394Vols,598,0,526,162,37
127,499,664,Shamela0000041,438,0,186,93,54
127,437,664,Shamela0023578,614,1121,1548,122,33
128,383,684,Shamela0021766,649,34,474,160,39
128,695,1325,Meshkat00042488,226,11,541,165,23
128,769,1107,Shamela0009918,1894,600,1229,159,27
128,765,1325,Shia002380Vols,101,1057,1373,167,37
128,1104,1470,Tafsir02102,592,829,1317,179,38
128,486,899,Shamela0023591,1780,1126,1596,158,30
128,371,963,JK000458,513,287,1020,259,35
128,378,981,Tafsir01006,256,662,1193,228,38
128,378,614,Shia002394Vols,599,1406,1619,128,55
128,118,598,Shia002394Vols,599,396,1042,214,33
128,190,1325,Sham19Y0014404,227,235,1501,412,30
128,1144,1531,Sham19Y0014404,228,48,434,180,53
128,1343,1470,Shamela0001438,4636,620,756,91,83
128,0,812,JK000876,211,307,1304,375,38
129,34,791,Shia001432Vols,2470,534,1127,460,75
129,21,212,Shia001432Vols,20153,1148,1356,147,88
129,0,157,Shamela0023632,595,1115,1272,125,100
129,157,322,Shamela0023632,599,950,1115,133,100
129,446,606,Shamela0023632,610,1257,1417,127,100
129,0,490,JK009268,1116,1014,1503,392,99
129,490,781,JK009268,1117,0,291,235,100
129,157,446,Sham19Y0023618,304,991,1280,232,100
129,446,781,Sham19Y0023618,307,858,1193,270,100
129,116,326,Shamela0023628,527,649,1010,168,57
129,421,690,Shamela0023628,537,309,627,212,83
129,34,270,Rafed0003257Vols,1135,853,1089,190,100
129,430,606,Rafed0003257Vols,1149,245,423,131,92
129,65,224,Tafsir09084,401,1147,1336,113,74
129,34,212,Sham19Y0020891,1118,932,1110,143,100
129,446,606,Sham19Y0020891,1129,469,629,127,100
129,34,270,Shamela0023606,161,740,976,190,100
129,446,606,JK000362,972,223,383,127,100
129,0,791,JK009270,807,740,1521,624,97
129,0,322,Shamela0005756,14779,996,1319,258,99
129,0,359,Shamela0005756,15349,1243,1602,288,99
129,359,781,Shamela0005756,15350,0,420,338,97
129,781,1081,Shamela0000140,1090,1036,1333,234,95
129,34,270,Meshkat0014420,751,81,317,190,100
129,446,606,Meshkat0014420,760,427,585,127,98
129,395,555,Rafed0003150Vols,371,947,1136,117,79
129,568,751,Rafed0003150Vols,373,1408,1590,150,99
129,0,1118,ShamAY0036821,517,263,1409,620,56
129,402,606,Shamela0023695,233,1359,1553,140,86
129,446,606,Sham19Y0147312,359,765,923,127,98
129,17,215,Sham19Y0014592,1904,893,1089,149,94
129,0,203,Zaydiyya0000062,222,1152,1358,161,98
129,142,452,Zaydiyya0000062,224,765,1264,245,61
129,446,729,Zaydiyya0000062,228,222,507,204,82
129,157,326,Shamela0037458,583,928,1097,134,98
129,437,614,Shamela0037458,591,1028,1205,134,93
129,17,270,JK000087,590,1084,1335,195,96
129,446,606,JK000791,322,74,234,127,100
129,34,270,Shamela0001524,916,140,376,190,100
129,446,812,Shamela0023833,359,317,797,268,68
129,402,781,JK009313,1399,714,1219,285,68
129,449,812,Shamela0009770,289,483,969,266,67
129,34,212,JK010427,19,246,424,143,100
129,125,452,JK007018,104,0,705,259,45
129,446,781,JK007018,105,66,649,270,57
129,34,212,Sham19Y0020986,75,663,841,143,100
129,34,273,JK009396,247,1115,1354,190,99
129,446,614,JK009396,249,1078,1248,130,95
129,52,446,Sham19Y0023608,538,0,394,317,100
129,446,606,Sham19Y0023608,544,1062,1222,127,100
129,446,580,Sham19Y0023608,546,523,921,106,33
129,21,212,Meshkat00042488,227,539,731,145,94
129,446,614,Meshkat00042488,230,412,866,100,25
129,212,446,Shamela0021537,1386,1205,1439,188,100
129,212,446,Shamela0021537,3919,91,325,188,100
129,437,606,Shamela0004473,122,100,269,130,97
129,34,368,Hindawi091929150,59,520,854,269,100
129,34,446,Shamela0022371,120,371,1241,287,38
129,446,580,ShamAY0033108,289,1023,1447,106,30
129,17,273,Shia002356Vols,165,61,344,200,87
129,250,446,Shia002356Vols,166,98,291,153,97
129,446,606,Shia002356Vols,167,446,605,126,99
129,34,270,Shamela0008473,956,590,826,190,100
129,446,606,Shamela0008473,969,143,303,127,100
129,446,606,Masaha002028Vols,820,1277,1437,127,100
129,0,629,Shamela0023591,1789,808,1491,502,91
129,76,212,JK009266,2143,0,136,110,100
129,402,626,JK009266,2175,873,1112,155,80
129,446,812,Shamela0010283,3356,1093,1533,269,75
129,4,449,Shamela0021821,287,750,1191,342,95
129,413,606,Shamela0021821,291,1100,1298,148,92
129,479,791,Shamela0012935,154,379,682,199,75
129,509,781,ShamIbadiyya0000066,109,275,542,214,95
129,11,270,JK009362,1622,733,998,193,88
129,446,606,JK009362,1638,508,667,126,97
129,17,270,JK006478,2363,194,466,203,92
129,446,606,JK006478,2390,842,1001,127,98
129,337,757,Tafsir08060,80,401,1222,215,30
129,21,258,Rafed0003943Vols,162,1343,1571,184,96
129,509,781,Rafed0003943Vols,176,451,723,220,100
129,34,270,Shamela0010273,366,881,1117,190,100
129,446,606,Shamela0010273,370,1381,1541,127,100
129,434,606,Shamela0007798,2153,336,568,125,68
129,413,690,Shamela0007798,2155,897,1280,178,59
129,368,690,Shia002394Vols,617,603,961,244,82
129,484,781,Shia002394Vols,618,1110,1387,176,74
129,392,757,Tafsir06048,157,622,1462,277,40
129,413,606,Sham19Y0014404,231,741,1111,150,50
129,446,606,Meshkat00057178,833,171,814,127,24
129,0,270,Masaha000554Vols,669,597,936,213,78
129,463,781,Masaha000554Vols,680,795,1126,254,93
129,0,219,QuranAnalysis001,26,1356,1574,174,99
129,219,812,QuranAnalysis001,27,0,588,458,95
129,14,281,Rafed0001713Vols,384,34,314,206,91
129,446,606,Rafed0001713Vols,389,1173,1333,127,100
129,466,781,Rafed0001713Vols,390,1155,1467,191,74
129,34,212,Shamela0000041,443,3,181,143,100
129,119,512,Shamela0000041,445,223,670,316,87
129,4,421,Shamela0023578,621,1087,1525,328,91
129,421,812,Shamela0023578,622,0,386,295,93
130,703,1270,Zaydiyya0000062,225,449,1158,186,30
130,703,1221,JK000876,214,455,1007,167,28
131,86,508,Shamela0001466,392,771,1387,135,22
132,355,585,Shia001432Vols,1896,939,1169,189,100
132,1346,1505,Shia001432Vols,5912,672,929,88,39
132,726,1176,Sham19Y0023625,2155,902,1155,141,36
132,13,532,JK009268,1138,1201,1719,426,99
132,532,700,JK009268,1139,0,168,136,100
132,310,700,Sham19Y0023618,313,251,674,302,87
132,271,700,Rafed0003257Vols,1168,980,1409,351,99
132,13,434,Shamela0026464,1,797,1218,346,100
132,720,1126,Tafsir09084,407,1046,1535,256,59
132,286,585,Sham19Y0020891,1140,364,790,226,64
132,67,700,Sham19Y0020966,84,890,1433,253,40
132,271,560,JK009270,816,1317,1605,239,99
132,560,700,JK009270,817,0,140,113,100
132,13,700,Shamela0005756,15350,420,1109,562,98
132,271,532,Meshkat0014420,768,392,653,216,100
132,434,645,Meshkat0014420,771,1135,1346,173,100
132,336,459,Rafed0003150Vols,380,948,1071,101,100
132,454,700,Rafed0003150Vols,381,1091,1337,198,97
132,13,459,Shamela0010284,322,331,631,240,65
132,21,700,ShamAY0036821,523,219,893,543,97
132,434,645,ShamIbadiyya0000129,82,788,999,173,100
132,13,585,Shamela0011578,26,317,889,470,100
132,708,1097,Shamela0001466,395,1195,1561,134,34
132,346,700,Sham19Y0147312,363,240,734,285,70
132,80,626,Shamela0006947,410,14,540,325,58
132,13,459,Shamela0006947,6713,135,581,366,100
132,124,434,Shamela0006947,8118,0,310,255,100
132,80,434,Shamela0006947,14177,1105,1459,292,100
132,252,585,Shamela0006947,19526,0,427,275,77
132,80,434,Shamela0006947,21740,267,621,292,100
132,39,585,JK000365,1128,522,938,314,70
132,13,434,Hindawi083828042,208,918,1339,346,100
132,271,700,JK001276,89,388,816,351,99
132,13,434,Sham19Y0009800,650,106,527,346,100
132,13,434,Shamela0037325,1327,133,554,346,100
132,271,700,JK009396,251,724,1153,352,100
132,782,1176,Sham19Y0023608,549,64,403,198,54
132,271,700,Sham19Y0023608,552,1040,1469,351,99
132,277,700,Sham19Y0095660,1622,1221,1644,347,100
132,140,459,Sham19Y0016953Vols,668,0,319,262,100
132,13,585,Sham19Y0016953Vols,961,882,1454,469,99
132,355,585,Sham19Y0016953Vols,1405,6,236,189,100
132,185,589,JK000381,722,0,481,329,83
132,13,459,JK000381,6031,950,1396,365,99
132,13,585,JK000381,7201,228,800,469,99
132,13,459,JK000381,8196,634,1080,365,99
132,39,589,Shamela0012034,810,691,1091,314,69
132,329,594,Shamela0004473,7550,901,1189,202,85
132,355,589,Shamela0004473,7930,225,459,189,98
132,13,389,Shamela0004473,11237,1372,1747,310,99
132,389,589,Shamela0004473,11238,0,200,160,98
132,80,585,Shamela0004473,14690,11,516,416,100
132,302,645,Shia002356Vols,169,306,692,241,76
132,13,459,JK000235,415,696,996,240,65
132,355,700,Shia002380Vols,105,804,1237,280,78
132,13,434,Shamela0011573,48,46,467,346,100
132,850,1126,Shamela0008473,971,339,648,197,76
132,271,700,Shamela0008473,975,42,471,352,100
132,873,1067,JK006474,599,52,213,116,72
132,80,585,Sham19Y0018318,100,1035,1540,416,100
132,13,434,Shamela0003055,1994,540,961,346,100
132,39,585,Shamela0003055,2325,200,652,350,78
132,13,464,Shamela0003055,2356,434,766,240,65
132,13,464,Shamela0003055,2359,1121,1451,239,65
132,13,434,Shamela0003055,3903,255,676,346,100
132,116,645,Masaha002064Vols,194,790,1319,434,99
132,13,700,Shamela0023591,1814,536,1223,562,99
132,21,434,JK009266,2183,504,917,339,99
132,57,434,Shamela0010283,3357,0,377,311,100
132,238,585,Shamela0021821,294,771,1138,286,94
132,13,543,Kraken220413194022,1964,397,916,395,90
132,13,700,JK000998,374,534,1220,552,96
132,13,599,Shamela0008476,2622,612,1206,475,97
132,192,626,Shamela0008476,2634,0,425,335,94
132,13,589,Shamela0011730,726,372,1026,469,87
132,271,700,JK006478,2402,624,1058,352,98
132,47,470,Rafed0003943Vols,179,0,412,326,93
132,434,665,Rafed0003943Vols,182,1494,1724,188,99
132,13,434,Zaydiyya0000148,486,1205,1625,345,99
132,1346,1513,Shamela0010273,374,1029,1210,104,63
132,355,700,Shamela0010273,377,1045,1390,281,99
132,700,1126,Shamela0008514,106,377,886,234,48
132,1339,1639,Tafsir01006,263,676,1186,175,38
132,355,585,Shia002394Vols,629,733,964,186,97
132,355,589,JK001173,209,11,245,189,98
132,13,700,QuranAnalysis001,27,562,1249,563,100
132,271,585,Shamela0010541,84,1283,1597,259,100
132,13,585,JK000028,124,38,611,469,99
132,1339,1513,Rafed0001713Vols,392,1382,1570,99,57
132,238,700,Rafed0001713Vols,393,477,983,378,91
132,47,459,JK001414,509,0,412,338,99
132,13,532,JK001414,1950,172,691,426,99
132,80,434,Rafed0002163Vols,1693,173,527,292,100
132,80,434,Rafed0002163Vols,1829,853,1207,292,100
132,13,459,JK006950,335,545,991,365,99
132,13,578,JK006950,1503,1080,1644,463,99
132,99,459,JK006950,2498,0,360,295,99
132,233,520,Shamela0023578,633,1288,1603,237,90
132,520,700,Shamela0023578,634,0,180,145,99
132,13,429,Zaydiyya0000388,47,713,1128,341,99
132,13,380,Zaydiyya0000388,335,1254,1619,301,99
132,21,429,Zaydiyya0000388,403,0,413,335,98
133,707,1526,Tafsir09084,411,131,877,315,38
133,19,171,Tafsir01006,263,1356,1624,120,54
133,1045,1547,Tafsir01006,265,3,773,264,40
133,19,571,Shia002394Vols,625,928,1222,151,29
133,40,567,Sham19Y0014404,233,1249,1582,133,23
133,317,1332,Sham19Y0014404,234,0,835,232,19
134,840,1260,Shamela0022651,8,386,805,340,99
134,21,438,JK000330,205,720,1144,341,98
134,140,403,JK000330,210,600,867,215,98
134,216,403,JK000330,339,879,1066,152,100
134,157,403,JK000330,956,162,408,200,100
134,403,624,Shamela0008381,793,59,280,183,100
134,216,396,Shamela0008381,801,877,1057,146,100
134,414,627,Shamela0008381,833,667,884,174,96
134,93,556,Shia001432Vols,2470,1133,1594,380,99
134,93,575,Shia001432Vols,7086,950,1431,394,99
134,984,1260,Shia001432Vols,7087,0,276,225,100
134,414,624,Shia001432Vols,21746,598,808,174,100
134,624,860,Shia001432Vols,22513,972,1223,183,90
134,840,1260,Shia001432Vols,23757,1111,1531,339,99
134,157,403,Shamela0023632,624,1173,1417,198,99
134,575,740,Shamela0023632,630,1376,1540,133,99
134,996,1151,Shamela0023632,635,263,418,127,100
134,21,216,JK009268,1139,168,363,161,100
134,93,1260,JK009268,1156,262,1552,908,84
134,21,403,Sham19Y0023618,314,862,1242,311,99
134,575,840,Sham19Y0023618,318,368,777,215,64
134,907,1151,Sham19Y0023618,319,0,244,198,100
134,840,1151,Hindawi070427368,30,1293,1603,252,99
134,157,403,Shamela0023628,561,523,767,198,99
134,327,575,Shamela0023628,562,928,1292,206,68
134,575,962,Shamela0023628,564,1261,1647,313,99
134,974,1265,Shamela0023628,568,565,852,221,92
134,157,403,Rafed0003257Vols,1185,473,717,198,99
134,277,840,Rafed0003257Vols,1188,373,1174,460,69
134,840,1260,Rafed0003257Vols,1191,554,974,340,100
134,438,888,Tafsir09083,220,13,1283,354,34
134,21,216,Sham19Y0020891,1142,975,1170,161,100
134,403,719,Sham19Y0020891,1151,306,622,260,100
134,848,1151,Sham19Y0020891,1159,0,303,246,100
134,624,840,Shamela0023606,162,689,905,175,100
134,21,403,JK009270,817,140,522,313,100
134,403,806,JK009270,823,1203,1605,330,99
134,798,1151,JK009270,827,220,580,264,86
134,21,610,Shamela0005756,15350,1109,1701,483,98
134,69,403,Meshkat0014420,776,632,936,223,80
134,403,624,Meshkat0014420,779,228,449,183,100
134,545,840,Meshkat0014420,782,481,774,189,79
134,984,1151,Meshkat0014420,787,428,593,128,93
134,175,417,Rafed0003150Vols,385,869,1144,195,86
134,309,589,Rafed0003150Vols,386,296,861,226,48
134,556,840,Rafed0003150Vols,387,783,1149,231,77
134,962,1151,Rafed0003150Vols,389,1180,1389,154,90
134,40,403,JK006476,229,1203,1573,297,97
134,317,652,JK006476,230,645,1270,275,53
134,652,1046,JK006476,231,855,1262,320,96
134,915,1260,JK006476,232,193,971,280,44
134,216,403,Shamela0036543,186,393,579,152,99
134,840,1269,Shamela0036543,410,626,1055,342,98
134,21,403,ShamAY0036821,523,893,1273,307,98
134,403,1269,ShamAY0036821,534,260,1114,683,96
134,72,579,ShamIbadiyya0000129,230,0,584,212,34
134,195,403,Sham19Y0147312,365,1033,1228,159,93
134,624,816,Sham19Y0147312,367,1173,1494,155,59
134,996,1139,Sham19Y0147312,369,1409,1550,117,98
134,996,1151,JK009158,744,284,439,127,100
134,496,806,Tafsir02067,138,620,1293,249,45
134,1030,1236,Shamela0012820,101,756,962,168,100
134,403,633,Sham19Y0014592,299,382,683,185,74
134,989,1255,Kraken2107192213411,9,24,288,211,96
134,989,1216,Kraken2107192213411,62,1375,1599,180,96
134,87,428,Zaydiyya0000062,234,235,902,262,48
134,575,833,Zaydiyya0000062,236,570,832,209,97
134,840,1144,Zaydiyya0000062,237,400,704,244,98
134,840,1154,Shamela0006947,7380,1289,1612,253,96
134,840,1260,Shamela0006947,15081,746,1166,340,100
134,840,1260,Shamela0006947,17205,20,440,340,100
134,157,403,Shamela0037458,603,565,811,200,100
134,563,740,Shamela0037458,606,1091,1271,128,87
134,785,1151,Shamela0037458,608,706,1074,265,89
134,175,403,JK000791,329,855,1070,176,94
134,476,840,JK000791,331,653,1395,299,49
134,996,1154,JK000791,333,900,1058,128,99
134,93,317,JK000365,1120,1280,1503,182,99
134,317,575,JK000365,1121,0,258,214,100
134,216,403,JK000365,1686,1087,1274,152,100
134,840,1126,Shamela0023833,360,392,778,231,73
134,167,403,Shamela0000922,267,47,318,175,79
134,593,840,Shamela0000922,269,228,866,173,33
134,996,1151,Shamela0000922,270,728,883,127,100
134,414,627,Sham19Y0009800,650,1143,1356,175,99
134,1018,1260,Sham19Y0009800,654,0,242,197,100
134,21,624,JK007018,106,824,1621,496,75
134,785,1260,JK007018,107,747,1246,357,85
134,627,840,JK007018,107,0,216,172,97
134,840,1260,Kraken220413194135,7,887,1303,332,95
134,848,1260,Kraken220413194135,190,611,1019,325,96
134,21,403,JK009396,252,203,589,313,98
134,403,840,JK009396,252,1090,1527,358,100
134,984,1260,JK009396,254,0,276,225,100
134,21,403,Sham19Y0023608,558,521,901,311,99
134,403,624,Sham19Y0023608,563,957,1178,183,100
134,624,840,Sham19Y0023608,566,1186,1402,175,100
134,840,1260,Sham19Y0023608,569,1072,1492,340,100
134,840,1151,Sham19Y0095660,1478,442,753,252,100
134,974,1260,Sham19Y0095660,1481,0,286,233,100
134,840,1260,JK000381,2188,318,612,233,68
134,216,403,JK000381,3177,358,544,152,99
134,915,1260,JK000381,3266,0,345,280,100
134,902,1260,JK000381,3340,0,358,290,100
134,157,384,JK000381,4449,1386,1612,184,99
134,93,575,JK000381,5823,439,920,396,99
134,816,1260,JK000381,8326,400,841,346,96
134,216,403,JK000381,9718,1159,1346,152,100
134,216,403,Shamela0009231,551,863,1050,152,100
134,624,840,Shamela0009231,555,231,784,175,39
134,989,1151,Shamela0009231,558,18,179,130,98
134,476,840,Meshkat00042488,237,83,1414,265,23
134,876,1260,Meshkat00042488,239,107,487,241,77
134,840,1260,Sham19Y0020587,3,77,494,340,99
134,1101,1260,Shamela0021537,459,0,159,128,100
134,840,1260,Shamela0021537,1300,43,463,340,100
134,414,624,Shamela0021537,1335,449,659,174,100
134,414,624,Shamela0021537,6093,974,1184,174,100
134,403,627,Shamela0004473,4702,749,973,184,99
134,910,1154,Shamela0004473,4916,0,244,197,99
134,216,403,Shamela0004473,7701,633,820,152,100
134,216,428,Shamela0004473,14162,488,692,161,93
134,21,216,Shamela0022371,121,1180,1559,161,51
134,195,389,Shamela0022371,122,108,298,143,91
134,962,1151,ShamAY0035451,6,0,189,153,97
134,93,403,Shia002356Vols,170,529,969,251,69
134,277,854,Shia002356Vols,171,201,1480,407,38
134,777,1151,Shia002356Vols,172,75,560,295,74
134,216,403,JK001036,40,97,284,152,100
134,175,589,Shia002380Vols,106,41,876,332,48
134,876,1260,Shia002380Vols,107,75,892,306,46
134,21,403,Shamela0008473,977,730,1112,313,100
134,403,840,Shamela0008473,991,260,697,358,100
134,806,1260,Shamela0008473,993,18,472,368,100
134,483,870,Shia002382Vols,340,104,1013,280,37
134,21,438,JK000378,8,352,776,341,98
134,140,403,JK000378,12,812,1079,215,98
134,840,1260,JK000378,223,258,678,340,100
134,974,1126,Masaha002028Vols,822,0,252,124,59
134,21,403,Shamela0023591,1814,1223,1603,311,99
134,258,1260,Shamela0023591,1839,499,1583,805,90
134,157,403,JK009266,2219,385,631,200,100
134,403,624,JK009266,2224,656,877,183,100
134,403,1260,Shamela0010283,3357,690,1497,493,62
134,996,1260,Tafsir10098,217,280,900,202,39
134,21,195,Shamela0021821,295,1421,1594,144,99
134,195,403,Shamela0021821,296,0,208,169,100
134,216,624,Shamela0021821,297,668,1188,236,48
134,483,860,Shamela0021821,298,25,580,250,56
134,1093,1260,Shamela0021821,299,0,167,135,100
134,21,403,JK000998,374,1220,1581,295,94
134,157,403,JK000351,8,1235,1481,200,100
134,941,1260,JK000077,61,0,319,259,100
134,840,1260,Shamela0011730,7,567,986,338,98
134,840,1231,Shamela0011730,181,1162,1553,317,99
134,403,840,JK001110,70,348,785,358,100
134,21,536,Zaydiyya0000457,22,1146,1409,197,46
134,21,216,JK001420,191,986,1459,161,41
134,575,840,JK001420,193,127,379,144,54
134,1077,1236,JK001420,194,0,529,106,23
134,216,403,Shamela0022653,221,1203,1389,152,99
134,237,409,JK000376,117,0,174,138,97
134,216,403,JK000103,160,517,704,152,100
134,840,1260,JK000103,167,128,552,249,68
134,996,1151,JK009257,135,123,447,127,47
134,21,216,JK006478,2417,439,636,161,98
134,403,624,JK006478,2429,314,538,182,97
134,996,1151,JK006478,2446,351,507,127,98
134,624,840,JK000869,32,1274,1490,175,100
134,21,409,Rafed0003943Vols,183,1284,1669,316,99
134,409,1260,Rafed0003943Vols,184,0,851,693,100
134,21,403,Shamela0010273,379,1094,1474,311,99
134,403,624,Shamela0010273,383,1230,1451,183,100
134,840,1260,Shamela0010273,386,408,828,340,100
134,216,403,Shamela0007798,2185,963,1149,152,99
134,989,1151,Shamela0007798,2207,537,698,130,98
134,996,1260,Shamela0012293,4925,893,1157,215,100
134,157,417,Shia002394Vols,634,187,444,201,95
134,317,624,Shia002394Vols,636,15,391,209,67
134,996,1216,Shia002394Vols,638,1354,1573,179,98
134,140,403,Sham19Y0014404,235,18,529,215,51
134,556,833,Sham19Y0014404,236,73,849,221,35
134,922,1151,Sham19Y0014404,237,11,308,181,75
134,216,403,JK001173,309,472,654,149,97
134,216,403,Meshkat00057178,847,829,1016,152,100
134,996,1151,Meshkat00057178,854,971,1125,127,99
134,403,624,Masaha000554Vols,707,175,409,182,93
134,624,840,Masaha000554Vols,708,1247,1471,175,96
134,806,1260,Masaha000554Vols,711,190,812,361,71
134,840,1151,Zaydiyya0000299,449,803,1110,245,97
134,21,389,QuranAnalysis001,27,1249,1616,301,99
134,389,1260,QuranAnalysis001,28,0,871,710,100
134,996,1198,JK001214,87,1084,1286,165,100
134,403,624,Shia004015,103,1122,1573,181,48
134,996,1151,Shia004015,104,858,1011,125,98
134,157,403,Rafed0001713Vols,397,825,1069,198,99
134,333,624,Rafed0001713Vols,398,944,1486,241,53
134,615,840,Rafed0001713Vols,400,701,926,178,97
134,785,1269,Rafed0001713Vols,401,861,1351,353,89
134,93,575,JK006950,127,521,1002,396,99
134,816,1260,JK006950,2627,696,1137,346,96
134,216,403,JK006950,4018,1022,1209,152,100
134,46,476,Shamela0000041,469,11,453,352,97
134,680,840,Shamela0000041,471,0,160,130,100
134,965,1151,Shamela0000041,472,0,186,152,100
134,21,624,Shamela0023578,634,180,781,494,99
134,575,1260,Shamela0023578,644,208,990,555,87
134,624,840,JK000094,162,1347,1563,175,100
135,9,313,Sham19Y0020891,1145,994,1244,134,51
135,149,329,Meshkat00042485,1908,1124,1263,83,56
135,149,789,ShamIbadiyya0000075,116,414,1114,259,36
135,9,313,JK001496,345,356,606,134,51
135,0,778,Shia002382Vols,339,494,1151,314,42
135,28,1263,Tafsir01006,266,0,1643,503,31
135,0,329,Shia002394Vols,634,613,988,146,44
135,318,1050,Shia002394Vols,635,407,1274,257,25
135,590,1056,Rafed0001713Vols,115,636,1414,173,24
135,149,329,Rafed0001713Vols,397,1204,1421,86,45
135,362,1131,Rafed0001713Vols,398,427,1569,345,32
136,1021,1596,Tafsir09084,419,23,706,189,25
136,14,464,Meshkat00042485,1918,342,897,226,44
136,1288,1601,Meshkat00042485,1923,682,1194,187,41
136,14,757,Shamela0001466,403,246,1394,333,31
136,387,688,Shamela0037458,608,56,523,125,31
136,1021,1596,Shamela0023833,360,454,724,192,39
136,9,1108,ShamIbadiyya0000075,117,20,1072,383,33
136,1108,1601,ShamIbadiyya0000075,118,258,659,163,35
136,1050,1495,Shia002356Vols,172,1104,1561,142,34
136,801,1601,Shia002380Vols,107,75,514,244,34
136,1127,1542,JK001496,349,496,1220,152,22
136,1288,1601,Tafsir02102,637,602,1305,130,20
136,1076,1596,Shamela0008473,995,254,888,163,24
136,112,1601,Shia002382Vols,340,491,1620,547,40
136,1288,1596,Masaha002028Vols,822,22,198,117,42
136,1021,1596,Shamela0010283,3357,1039,1309,192,39
136,721,1265,JK000458,542,1345,1590,83,17
136,421,694,JK000458,542,135,750,139,26
136,304,1211,Tafsir08060,82,572,1230,278,32
136,729,1542,Tafsir01006,268,386,1591,400,37
136,669,1322,Shia002394Vols,638,821,1388,178,24
136,1021,1601,Shia002394Vols,639,59,1207,305,30
136,219,1065,Sham19Y0014404,236,591,1606,285,26
136,801,1222,Rafed0001713Vols,402,110,935,221,32
136,1108,1596,JK000876,223,854,1517,220,36
137,682,1226,Shia001432Vols,6437,664,1208,439,99
137,707,1051,Shamela0023632,642,18,372,215,65
137,1060,1303,Shamela0023632,647,0,243,195,100
137,690,1538,JK009268,1168,759,1637,539,65
137,750,1033,Sham19Y0023618,322,1178,1504,200,75
137,1118,1303,Sham19Y0023618,324,0,185,148,100
137,699,1033,Shamela0023628,572,864,1346,274,69
137,840,1170,Rafed0003257Vols,1204,0,330,270,100
137,802,998,Rafed0003257Vols,2557,1551,1746,153,94
137,486,622,Sham19Y0020891,1165,0,412,56,18
137,819,1170,Sham19Y0020891,1171,1004,1355,287,100
137,750,1124,JK009270,833,1184,1639,282,72
137,792,1170,Shamela0005756,10595,458,821,288,93
137,819,1118,Meshkat0014420,794,1108,1407,244,100
137,858,1047,Rafed0003150Vols,393,991,1174,144,93
137,819,1042,Sham19Y0016584,2877,953,1175,179,97
137,690,1170,ShamAY0036821,539,1014,1494,389,98
137,690,1033,Shamela0004445,1518,723,1066,282,100
137,690,1033,Hindawi074603536Vols,117,410,753,282,100
137,819,1170,Sham19Y0018176,1486,787,1138,287,100
137,690,949,Shamela0037458,612,277,552,188,79
137,819,1147,JK000110,1040,1104,1431,267,99
137,690,1118,Shamela0001524,122,1125,1499,243,71
137,690,879,Sham19Y0009800,653,823,1012,154,99
137,819,1170,Sham19Y0009800,687,172,523,287,100
137,876,1303,JK007018,108,1013,1460,345,95
137,869,1170,Sham19Y0018103,2558,0,301,246,100
137,690,893,JK009396,254,877,1094,164,92
137,876,1312,JK009396,255,773,1208,348,99
137,690,1303,Sham19Y0023608,575,960,1573,498,100
137,819,1170,Shamela0021715,6099,574,925,287,100
137,846,1118,Meshkat00042488,241,609,955,218,76
137,876,1104,Shamela0012034,430,102,330,185,100
137,819,1118,Rafed0003726Vols,193,954,1253,244,100
137,846,1033,Shamela0004473,10187,0,187,154,100
137,819,1033,Shamela0004473,10824,276,490,176,100
137,819,1118,Shamela0004473,12814,544,933,236,72
137,151,819,Shia002356Vols,173,172,1185,303,34
137,792,1118,Shia002356Vols,174,679,1069,267,83
137,0,228,ShamAY0034059,866,578,1216,132,26
137,819,1147,PV2024060602,1040,1104,1431,267,99
137,690,876,Shamela0008473,996,833,1019,153,100
137,851,1047,Shamela0008473,999,1348,1560,161,91
137,1047,1303,Shamela0008473,1000,0,256,205,100
137,858,1104,Sham19Y0013572,117,444,690,190,95
137,690,1170,Shamela0023591,1858,1114,1594,393,100
137,876,1104,JK000371,388,522,750,185,100
137,907,1170,JK009266,2257,0,263,215,100
137,858,1118,Sham19Y0020594,91,494,757,202,92
137,0,313,JK000458,544,295,622,158,49
137,690,1337,Shamela0021821,300,872,1528,511,95
137,876,1170,Shamela0007597,159,1230,1523,240,99
137,802,1118,Shamela0012935,174,360,676,246,95
137,819,1170,Sham19Y0018106,2686,767,1118,287,100
137,819,1170,Rafed0000185Vols,556,382,733,287,100
137,750,1033,JK001420,195,18,683,233,42
137,876,1118,JK000385,43,736,978,197,100
137,690,1197,Shamela0009789,288,666,881,164,40
137,925,1303,Rafed0003943Vols,185,0,378,305,100
137,1033,1303,Shamela0010273,392,379,649,216,100
137,0,690,Tafsir01006,269,61,1061,318,35
137,1303,1421,Tafsir01006,269,1122,1277,90,72
137,819,1170,Sham19Y0013605,3140,557,908,287,100
137,0,502,Sham19Y0014404,237,620,1045,164,33
137,819,1170,Masaha000554Vols,721,861,1227,280,93
137,640,1303,QuranAnalysis001,28,847,1484,517,96
137,1303,1421,Rafed0001713Vols,404,628,778,79,64
137,745,1234,Rafed0001713Vols,407,1110,1599,398,99
137,819,1033,Shamela0000432,4253,799,1013,176,100
137,802,1118,Tafsir04056,3216,171,487,250,97
137,830,1033,Shamela0000041,476,123,513,154,47
137,1033,1303,Shamela0000041,478,929,1199,216,100
137,640,1303,Shamela0023578,644,966,1602,517,95
138,202,462,Meshkat00042485,1931,914,1323,146,42
138,1159,1276,Shamela0001466,408,968,1194,93,51
138,526,940,Sham19Y0147312,373,628,1312,191,34
138,630,856,Shamela0021766,703,1140,1482,124,39
138,557,1078,Shamela0021715,6100,963,1476,239,43
138,258,1531,Shia002356Vols,175,210,1542,411,29
138,819,1531,Shia002380Vols,108,879,1420,252,36
138,553,1531,Shia002382Vols,345,47,1237,361,27
138,223,1276,Tafsir01006,271,0,1533,463,32
138,600,953,Shia002394Vols,645,1097,1475,150,39
138,305,764,Shia002394Vols,645,483,847,166,40
138,1149,1531,Shia002394Vols,646,437,1164,194,29
138,630,953,Rafed0001713Vols,409,770,1148,170,45
138,305,933,JK000876,226,451,1463,277,31
139,172,416,Shia001432Vols,5450,52,494,170,48
139,1329,1581,Shia001432Vols,6437,1223,1476,207,99
139,865,1227,Shia001432Vols,21746,819,1170,291,96
139,1227,1508,Shamela0023632,656,617,898,229,100
139,641,1234,JK009268,1182,1102,1687,427,78
139,1234,1547,JK009268,1183,0,313,257,100
139,1142,1581,Sham19Y0023618,330,391,863,317,78
139,799,1015,Shamela0023628,583,61,277,182,100
139,1329,1508,Shamela0023628,592,379,558,146,100
139,865,1227,Rafed0003257Vols,1217,128,490,300,100
139,1329,1581,Rafed0003257Vols,1224,498,751,207,99
139,865,1294,Sham19Y0020891,1181,299,728,354,100
139,774,1303,JK009270,845,846,1368,421,96
139,1294,1581,JK009270,850,19,307,236,99
139,1329,1581,Shamela0005756,10726,602,855,207,99
139,1329,1508,Meshkat0014420,812,85,264,146,100
139,569,972,Rafed0003150Vols,397,249,609,275,79
139,1060,1294,Rafed0003150Vols,399,682,956,190,85
139,1329,1581,Sham19Y0016584,2930,1075,1328,207,99
139,839,1227,Shamela0002300,1393,232,612,303,94
139,865,1227,Shamela0002300,4391,455,816,299,99
139,865,1227,Shamela0002300,4654,823,1184,299,99
139,760,1189,ShamAY0036821,544,1198,1599,280,79
139,1204,1547,ShamAY0036821,545,6,347,277,98
139,172,416,Meshkat00042485,1938,792,1243,169,47
139,865,1227,JK000083,95,1210,1571,299,99
139,172,852,Sham19Y0147312,375,614,944,227,40
139,865,1227,ShamAY0035288,248,906,1268,300,100
139,1329,1547,JK000375,105,545,763,179,100
139,1329,1581,Sham19Y0018176,1518,566,819,207,99
139,1285,1581,Shamela0006947,11176,363,660,240,98
139,1333,1508,Shamela0037458,622,0,175,143,100
139,1329,1492,JK000087,490,1561,1723,133,99
139,1329,1581,JK000110,1067,569,822,207,99
139,865,1227,JK000365,458,355,717,300,100
139,865,1227,JK000365,1097,949,1311,300,100
139,1294,1581,Sham19Y0009800,703,271,559,236,99
139,724,1164,Tafsir07076,1363,1120,1559,366,99
139,1164,1329,Tafsir07076,1364,0,165,135,100
139,175,416,Sham19Y0013667,1534,409,698,120,44
139,1015,1581,JK007018,110,331,985,353,62
139,1329,1581,Sham19Y0018103,2608,352,605,207,99
139,172,325,JK000906,1509,1244,1413,112,82
139,724,1227,JK009396,257,224,727,418,100
139,1227,1581,JK009396,258,507,862,290,99
139,724,1227,Sham19Y0023608,587,597,1101,418,99
139,1227,1547,Sham19Y0023608,597,1148,1468,262,100
139,1329,1581,Shamela0021715,6215,1160,1413,207,99
139,990,1227,JK000381,3421,0,237,195,100
139,865,1142,JK000381,3465,229,506,230,100
139,865,1227,JK000381,5163,151,513,300,100
139,1227,1547,JK000381,9813,916,1236,262,100
139,724,1065,Shamela0021537,2032,1263,1750,285,69
139,865,1227,Shamela0021537,3830,1248,1610,300,100
139,1329,1550,JK000105,680,1292,1513,180,99
139,172,865,Shia002356Vols,176,759,1304,266,40
139,1209,1382,Shia002356Vols,178,520,715,139,87
139,437,1142,Shia002380Vols,109,369,1323,412,47
139,1329,1581,PV2024060602,1067,569,822,207,99
139,172,416,JK001496,355,628,916,122,45
139,947,1227,JK006896,23,0,280,232,100
139,724,1218,Zaydiyya0000328,597,407,901,408,99
139,569,1227,Shamela0008473,1005,780,1457,481,81
139,1112,1581,Shamela0008473,1016,694,1322,383,74
139,865,1227,JK000378,131,52,414,300,100
139,865,1547,Shamela0023591,1878,863,1545,562,100
139,172,416,JK000458,554,276,562,161,69
139,831,1175,Shamela0021821,304,1193,1590,285,85
139,1142,1550,Shamela0021821,307,371,794,300,82
139,1329,1581,Sham19Y0018106,2729,612,865,207,99
139,175,416,JK007126,766,271,557,119,44
139,540,1227,JK001110,70,834,1292,369,65
139,865,1227,Shamela0010463,345,95,457,300,100
139,865,1227,Shamela0021499,18,1064,1426,300,100
139,865,1142,Shamela0021499,64,963,1240,230,100
139,1142,1547,JK001420,197,608,1374,298,47
139,1329,1547,Shamela0022653,325,169,387,179,100
139,799,1142,Rafed0003943Vols,186,567,910,286,100
139,1142,1581,Rafed0003943Vols,189,381,821,360,99
139,724,1015,Shamela0010273,394,339,631,244,99
139,1227,1379,Shamela0010273,400,532,684,124,100
139,172,626,Tafsir01006,272,535,1259,251,43
139,865,1142,Shamela0012293,4912,339,616,230,100
139,1329,1508,Shia002394Vols,657,7,187,146,99
139,1329,1581,Sham19Y0013605,3194,954,1207,207,99
139,1329,1547,JK000379,82,812,1030,179,100
139,944,1227,Masaha000554Vols,730,0,295,234,95
139,873,1581,QuranAnalysis001,29,0,709,583,99
139,831,1227,Zaydiyya0000474,72,447,843,329,100
139,172,416,Rafed0001713Vols,410,967,1429,170,46
139,540,1227,Rafed0001713Vols,411,149,1008,540,74
139,1298,1547,Rafed0001713Vols,416,703,1012,199,77
139,1227,1547,JK006950,4113,650,970,262,100
139,360,812,Shamela0000041,480,1094,1493,185,46
139,724,1329,Shamela0023578,672,357,963,501,99
139,1298,1581,Shamela0023578,686,362,696,232,84
140,290,684,Tafsir09084,426,37,447,187,42
140,858,1005,Shamela0000140,1168,841,1000,111,77
140,1331,1544,Shamela0000140,2208,869,1088,172,97
140,907,1555,Meshkat00042485,1945,179,953,280,35
140,1214,1687,Shia002382Vols,348,22,834,243,35
140,1282,1687,Tafsir01006,274,7,461,207,52
140,1005,1687,Rafed0001713Vols,414,228,1223,290,29
140,1500,1687,Shamela0000041,484,1009,1404,142,44
141,607,1557,Shia002380Vols,110,328,1114,311,33
141,327,1548,Tafsir08060,85,0,855,328,28
141,711,1423,Tafsir01006,275,141,1294,271,24
141,1164,1423,Rafed0001713Vols,417,1234,1582,117,33
142,1061,1336,JK000330,1072,1179,1454,225,100
142,1079,1369,Shia001432Vols,4684,0,296,217,90
142,804,1178,Shia001432Vols,6438,7,381,294,98
142,1052,1336,Shia001432Vols,31219,1083,1370,226,95
142,804,1061,Shamela0023632,663,495,752,206,100
142,613,1123,JK009268,1196,1277,1642,293,71
142,1123,1336,JK009268,1197,0,213,176,100
142,804,1170,Sham19Y0023618,333,4,370,294,100
142,938,1178,Shamela0023628,601,634,874,193,100
142,938,1336,Rafed0003257Vols,1238,1085,1483,324,100
142,804,1061,JK009270,852,1342,1598,206,99
142,959,1094,Rafed0003150Vols,408,1025,1160,109,100
142,804,1336,ShamAY0036821,547,154,681,420,97
142,804,1336,Shamela0004445,1551,801,1333,431,100
142,804,1061,Shamela0037458,628,592,849,206,100
142,613,1061,Sham19Y0009800,703,613,917,244,67
142,1061,1336,JK009313,5286,233,507,224,99
142,804,1061,Tafsir07076,835,1031,1288,206,100
142,1061,1336,Tafsir07076,2426,126,401,225,100
142,556,726,ShamIbadiyya0000438,1151,155,501,114,38
142,1061,1336,Shamela0009770,904,148,423,225,100
142,804,1558,JK007018,111,351,1004,479,73
142,804,1375,JK009396,259,1042,1612,461,99
142,613,1227,Sham19Y0023608,604,1118,1587,378,76
142,1061,1336,Shamela0009637,45,1284,1559,225,100
142,1061,1336,Sham19Y0016953Vols,344,1172,1447,225,100
142,804,1336,JK000381,682,127,536,332,76
142,1061,1336,JK000381,4516,1106,1381,225,100
142,804,1336,Rafed0003726Vols,194,123,655,431,100
142,1061,1345,Shamela0004473,3040,449,734,225,96
142,804,1547,Shamela0008473,1018,690,1405,461,67
142,0,726,Shia002382Vols,352,782,1374,249,33
142,1061,1336,Shamela0003055,1997,484,759,225,100
142,825,1336,Shamela0023591,1894,0,511,415,100
142,804,1123,Shamela0021821,309,1245,1563,255,99
142,1123,1442,Shamela0021821,310,0,321,209,76
142,1061,1336,JK000351,77,10,285,225,100
142,985,1336,JK009362,1716,624,1034,267,78
142,804,1375,Rafed0003943Vols,191,554,1213,457,86
142,1061,1336,Shamela0010273,406,1044,1319,225,100
142,1123,1336,JK000805,44,0,212,176,99
142,0,879,Tafsir01006,276,286,1332,341,31
142,1061,1336,Shamela0010895,201,1251,1526,225,100
142,556,726,Shia002394Vols,660,76,264,128,79
142,804,1061,Masaha000554Vols,746,1302,1568,206,96
142,1045,1336,Masaha000554Vols,751,476,784,234,92
142,613,1336,QuranAnalysis001,29,763,1342,469,80
142,613,1161,Rafed0001713Vols,418,1203,1606,324,73
142,1161,1340,Rafed0001713Vols,419,0,180,148,99
142,832,1061,Shamela0000041,493,329,617,178,76
142,1151,1336,Shamela0000041,495,976,1161,153,100
142,613,1061,Shamela0023578,686,750,1054,244,67
142,1061,1336,Shamela0023578,695,239,514,225,100
143,1216,1568,Shia001432Vols,6438,354,723,282,92
143,56,969,Shia001432Vols,6450,0,874,377,40
143,1235,1447,Shamela0023632,672,1208,1420,174,100
143,884,1344,JK009268,1197,5,322,258,68
143,1204,1568,Sham19Y0023618,336,869,1250,282,91
143,978,1312,Shamela0023628,604,294,537,201,72
143,1312,1568,Shamela0023628,605,545,802,208,99
143,1235,1447,Rafed0003257Vols,1242,1484,1696,174,100
143,1255,1452,Tafsir09084,435,40,430,161,50
143,1151,1438,Sham19Y0020891,1208,1216,1591,214,68
143,1118,1568,JK009270,856,589,1049,343,86
143,1057,1312,Rafed0003150Vols,411,0,202,169,79
143,1284,1485,Rafed0003150Vols,412,41,274,165,86
143,1258,1422,JK006476,243,0,184,128,84
143,832,1568,ShamAY0036821,547,462,1007,437,72
143,0,518,Meshkat00042485,1959,617,1429,262,35
143,6,518,Shamela0001466,422,567,1241,210,34
143,1151,1568,Shamela0001466,424,41,576,326,72
143,978,1312,Sham19Y0147312,385,934,1522,199,35
143,1312,1447,Sham19Y0147312,386,69,367,110,45
143,783,1428,Shamela0004445,1551,1071,1524,361,67
143,1312,1568,Zaydiyya0000062,251,437,698,208,97
143,1151,1344,Shamela0037458,633,30,199,140,87
143,1175,1447,JK000791,349,47,956,197,25
143,1151,1447,Shamela0000922,280,250,604,162,53
143,1099,1387,Shamela0009770,379,530,1053,198,44
143,1151,1568,JK007018,112,113,540,312,87
143,1151,1447,JK009396,260,1183,1602,220,63
143,1235,1447,Sham19Y0023608,615,555,767,174,100
143,47,502,JK000818,88,0,370,153,40
143,1136,1447,Meshkat00042488,252,56,978,243,31
143,1132,1568,Shia002356Vols,182,768,1630,316,44
143,1132,1471,Shia002380Vols,112,208,904,249,42
143,942,1485,Shamela0008473,1022,1076,1585,369,74
143,1255,1452,Shamela0008473,1023,403,787,161,50
143,783,1568,Shamela0023591,1894,249,845,475,73
143,1235,1463,JK009266,2327,899,1123,179,96
143,1124,1447,Shamela0021821,312,0,385,253,77
143,1312,1438,JK001420,202,274,500,102,55
143,783,1312,Rafed0003943Vols,191,824,1163,267,61
143,1163,1568,Rafed0003943Vols,193,218,544,233,69
143,6,508,Shamela0010273,405,976,1561,193,31
143,1315,1447,Shamela0010273,409,12,390,108,34
143,0,607,Tafsir01006,277,664,1562,304,36
143,884,1447,Sham19Y0014404,248,474,1563,378,40
143,783,1534,QuranAnalysis001,29,1080,1640,447,72
143,1158,1568,Rafed0001713Vols,423,239,821,329,67
143,1226,1568,Shamela0000041,496,208,551,276,98
143,783,1568,Shamela0023578,695,252,848,475,73
144,0,153,Shamela0037713,170,302,455,124,100
144,215,396,ShamAY0037152,752,1299,1476,141,97
144,0,731,Shia001432Vols,6438,723,1454,579,98
144,252,572,Shia001432Vols,6475,101,496,251,79
144,84,579,Shamela0023632,677,289,784,395,100
144,292,579,JK006870,47,277,563,226,99
144,268,450,Rafed0000040Vols,142,96,278,143,100
144,0,731,JK009268,1209,530,1263,581,99
144,84,502,Sham19Y0023618,339,1070,1487,332,99
144,153,461,Shamela0023628,609,1071,1535,237,63
144,67,731,Shia001278Vols,109,0,663,525,98
144,84,579,Rafed0003257Vols,1251,621,1116,395,100
144,0,579,Sham19Y0020891,1211,558,1137,463,100
144,84,579,JK009270,860,247,742,395,100
144,208,594,Shamela0005756,10756,967,1350,295,96
144,208,579,Meshkat0014420,837,1088,1458,292,99
144,0,159,Rafed0003150Vols,414,399,611,129,75
144,159,502,Rafed0003150Vols,415,757,1100,271,100
144,357,731,Rafed0003150Vols,416,668,1327,293,55
144,84,579,Sham19Y0016584,2944,268,1028,395,65
144,153,518,JK006476,246,301,848,283,65
144,170,731,ShamAY0036821,555,0,557,438,97
144,208,464,Shamela0029677,1311,1254,1508,198,98
144,1019,1299,Meshkat00042485,1967,790,1218,167,44
144,153,594,Tafsir02104,86,587,1514,330,44
144,0,215,Shamela0001466,424,576,779,163,93
144,215,689,Sham19Y0147312,388,498,972,378,100
144,0,166,Shamela0004445,1540,225,391,135,100
144,208,582,Shamela0004445,1546,518,892,293,98
144,268,453,Sham19Y0014592,2088,625,810,144,99
144,84,582,Hindawi074603536Vols,128,926,1441,314,75
144,84,582,Sham19Y0018176,1526,185,946,396,65
144,215,582,Sham19Y0013550,447,313,684,289,98
144,84,582,Zaydiyya0000062,253,189,689,395,98
144,193,390,Shamela0037458,637,1329,1563,157,83
144,390,582,Shamela0037458,638,0,192,150,98
144,112,579,JK000110,1074,0,719,373,64
144,215,582,JK000791,353,95,461,289,99
144,215,492,Shamela0023833,551,1206,1482,218,99
144,153,582,Shamela0000922,281,814,1278,323,87
144,0,215,Shamela0000922,281,215,450,155,82
144,0,689,Sham19Y0009800,704,440,1129,552,100
144,137,325,Tafsir07076,1429,63,469,152,46
144,268,453,Tafsir07076,1433,1317,1502,144,99
144,0,193,Shamela0009770,380,89,687,156,32
144,145,526,JK007018,112,1164,1533,265,85
144,0,215,JK007018,112,540,759,174,98
144,84,579,Sham19Y0018103,2617,396,1313,395,53
144,215,692,JK009396,261,996,1474,378,99
144,0,215,JK009396,261,122,337,174,100
144,0,582,Sham19Y0023608,617,1063,1644,465,99
144,215,582,Shamela0021715,6247,330,697,290,99
144,137,579,JK000381,4378,336,776,352,99
144,166,579,Shamela0009231,582,373,816,306,87
144,137,582,Meshkat00042488,254,325,894,344,76
144,84,582,Shamela0022371,125,6,771,395,64
144,127,579,Shia002356Vols,184,0,450,358,99
144,0,218,Zaydiyya0000037Vols,2495,949,1166,174,98
144,64,572,Tafsir04038,84,115,1269,374,40
144,689,1605,Shia002380Vols,112,360,1418,384,34
144,112,579,PV2024060602,1074,0,719,373,64
144,0,215,Shamela0008473,1023,84,299,174,100
144,153,689,Shamela0008473,1039,73,715,426,83
144,215,579,Masaha002028Vols,1147,269,633,289,100
144,104,731,Shamela0023591,1921,0,628,497,99
144,215,579,JK009266,2343,212,576,289,100
144,153,482,Shamela0010283,3483,1172,1539,256,86
144,1030,1566,Tafsir10098,232,180,1065,172,21
144,208,579,Shamela0002386,360,671,1042,292,98
144,94,689,Shamela0021821,313,0,594,475,99
144,268,599,JK001487,184,216,804,207,44
144,357,582,Sham19Y0018106,2741,0,225,177,99
144,263,450,JK009362,1733,208,400,144,95
144,208,579,JK001420,203,609,980,292,98
144,193,579,JK006478,2522,93,472,294,95
144,268,556,Shamela0008206,576,809,1359,202,46
144,21,268,Shamela0009789,299,18,265,199,100
144,268,450,Shamela0009789,333,94,276,143,100
144,904,1569,Tafsir08060,87,0,715,263,35
144,0,215,Rafed0003943Vols,193,544,759,174,100
144,215,731,Rafed0003943Vols,194,779,1296,407,98
144,215,498,Shamela0010273,412,1268,1550,223,99
144,208,582,Shamela0007798,2308,860,1233,293,98
144,153,582,Shia002394Vols,670,304,764,334,91
144,153,444,Tafsir06048,171,773,1526,230,38
144,75,268,Hindawi041639790,17,997,1190,152,97
144,179,482,ShamAY0002038,515,1177,1498,219,85
144,84,366,Sham19Y0013605,3204,781,1474,226,40
144,366,579,Sham19Y0013605,3205,0,214,169,99
144,153,579,Sham19Y0014404,250,241,737,337,85
144,390,572,Sham19Y0014404,251,0,463,140,38
144,215,579,Meshkat00057178,902,80,444,289,100
144,0,579,Masaha000554Vols,756,337,923,457,96
144,0,731,QuranAnalysis001,30,35,767,581,99
144,159,438,Rafed0001713Vols,426,1217,1582,220,75
144,438,689,Rafed0001713Vols,427,0,251,203,100
144,84,325,JK006838,671,1170,1411,195,100
144,374,556,Tafsir04056,1282,588,1081,144,36
144,215,482,Shamela0009065,44,1247,1513,210,99
144,14,204,Shamela0000041,497,1373,1647,150,67
144,153,572,Shamela0000041,499,209,686,331,87
144,292,709,Shamela0000041,500,447,1424,305,39
144,0,689,Shamela0023578,695,848,1537,552,100
144,0,215,Zaydiyya0000388,251,240,455,173,99
145,243,791,Shia001432Vols,6452,867,1493,232,37
145,434,741,ShamIbadiyya0000193,523,731,1357,144,28
145,311,512,Shamela0023628,608,794,1030,130,67
145,925,1131,Rafed0003257Vols,1252,436,636,138,78
145,921,1131,Tafsir09084,444,946,1176,160,88
145,925,1131,JK001492,166,877,1386,122,28
145,921,1131,Shamela0005756,10758,549,773,161,90
145,330,849,Meshkat00042485,1971,129,986,238,30
145,157,886,Shamela0022769,214,684,1392,327,45
145,921,1042,Shamela0011334,203,1340,1457,89,87
145,932,1131,JK000906,1591,1080,1300,149,86
145,330,480,Sham19Y0023608,621,302,564,78,33
145,0,908,JK000818,89,384,1115,304,34
145,243,886,ShamIbadiyya0000075,124,740,1590,240,29
145,921,1131,Shamela0022549,199,522,727,146,82
145,925,1501,JK001496,368,142,1027,224,28
145,614,1131,Shamela0008473,1039,73,476,144,26
145,921,1131,Shamela0008473,1041,418,648,162,89
145,5,386,Shia002382Vols,358,759,1387,188,32
145,921,1184,JK006474,662,758,1026,166,71
145,849,1131,Shamela0012884,1144,375,739,190,67
145,349,480,JK009266,2340,35,217,78,48
145,925,1131,Sham19Y0023644,1084,481,705,124,61
145,330,692,Shamela0010273,411,781,1310,187,39
145,36,975,Tafsir01006,280,0,1121,400,35
145,204,724,Shia002394Vols,669,819,1513,213,29
145,921,1131,JK001329,260,461,692,162,89
145,371,480,Sham19Y0013605,2633,530,675,79,63
145,311,886,Sham19Y0014404,250,12,410,234,49
145,243,886,Rafed0001713Vols,426,220,1397,333,32
145,925,1131,Tafsir04056,1299,1083,1310,159,89
145,311,503,Shamela0000041,498,436,620,122,74
145,299,886,JK000876,237,259,1147,243,29
146,1353,1530,Shia001432Vols,6439,0,178,142,99
146,153,1215,Shia001432Vols,6454,72,1582,522,37
146,1222,1440,Shia001432Vols,31219,1381,1598,176,99
146,1416,1530,Shamela0023632,686,1372,1487,91,99
146,1143,1530,JK009268,1209,1183,1529,277,88
146,1222,1518,Sham19Y0023618,342,775,1071,238,100
146,1143,1530,Shia001278Vols,109,583,929,277,88
146,1215,1518,Rafed0003257Vols,1261,65,368,241,99
146,238,417,Sham19Y0020891,1218,753,1122,97,34
146,1143,1518,Sham19Y0020891,1224,385,761,286,93
146,1143,1483,JK009270,864,239,535,237,86
146,1143,1518,Meshkat0014420,842,816,1148,266,88
146,20,459,Rafed0003150Vols,416,453,1066,163,29
146,1313,1528,Rafed0003150Vols,417,1080,1499,169,50
146,1222,1530,JK006476,248,1118,1366,175,67
146,1265,1518,JK006476,249,6,529,199,47
146,1143,1530,ShamAY0036821,555,478,822,273,87
146,312,762,Meshkat00042485,1975,305,917,276,54
146,722,1215,Meshkat00042485,1976,897,1467,191,32
146,1416,1530,Shamela0037458,641,1203,1318,91,99
146,1222,1483,Shamela0023833,552,666,1247,210,44
146,1143,1518,JK007018,113,130,475,265,86
146,1222,1518,Shia000275Vols,1147,764,1060,236,98
146,1222,1530,JK009396,263,60,369,248,99
146,1383,1518,Sham19Y0023608,626,0,135,108,100
146,1143,1495,ShamIbadiyya0000075,126,975,1634,255,46
146,1281,1511,Shamela0022371,126,0,365,170,57
146,1215,1518,JK010729,84,992,1297,240,98
146,1394,1530,Shia002356Vols,187,21,197,108,76
146,1143,1530,Shia002380Vols,114,263,898,288,57
146,312,417,JK001496,369,176,347,64,49
146,1143,1518,JK001496,370,1031,1408,284,91
146,1222,1518,Shamela0008473,1042,798,1094,238,100
146,1394,1530,Shamela0008473,1043,267,700,107,30
146,1143,1483,Shia002382Vols,360,433,1093,256,48
146,1281,1483,Masaha002028Vols,1148,59,303,115,57
146,1143,1530,Shamela0023591,1921,548,894,277,88
146,1230,1518,JK009266,2355,779,1067,232,100
146,1143,1530,Shamela0010283,3485,269,1028,275,43
146,762,1347,JK000458,585,419,1186,227,29
146,1328,1518,Shamela0021821,318,0,190,152,100
146,1222,1523,Tafsir10066,224,13,770,237,38
146,1347,1476,JK006478,2539,474,744,100,46
146,13,1377,Tafsir08060,88,161,1256,485,37
146,1143,1528,Rafed0003943Vols,194,1216,1558,275,88
146,762,1416,Shamela0010273,415,202,1195,301,32
146,224,486,Tafsir01006,281,1121,1488,146,45
146,486,1347,Tafsir01006,282,29,1390,465,38
146,1222,1511,Sham19Y0014404,252,24,590,217,47
146,1215,1518,Masaha000554Vols,762,480,793,235,92
146,1377,1483,Masaha000554Vols,763,794,1108,85,33
146,1143,1530,QuranAnalysis001,30,687,1033,277,88
146,1222,1483,Shia004015,335,1150,1465,180,71
146,212,660,Rafed0001713Vols,428,599,1325,250,39
146,762,1416,Rafed0001713Vols,429,163,1297,359,35
146,1143,1530,Shamela0000041,501,440,786,277,88
146,1143,1530,Shamela0023578,704,469,847,267,81
147,0,1225,Shia001432Vols,6439,178,1175,779,79
147,91,231,Shia001432Vols,22208,1350,1490,113,100
147,138,426,Shamela0023632,690,581,1326,228,38
147,650,890,Shamela0023632,696,440,680,198,100
147,650,968,Tafsir03097,349,412,1385,254,31
147,9,231,JK009268,1210,0,222,179,100
147,231,1225,JK009268,1237,76,1063,789,98
147,0,231,Sham19Y0023618,343,1175,1406,186,100
147,255,426,Sham19Y0023618,346,0,171,135,100
147,607,890,Sham19Y0023618,348,983,1311,217,79
147,890,1274,Sham19Y0023618,349,716,1144,285,81
147,138,362,Shamela0023628,616,1198,1414,155,89
147,320,650,Shamela0023628,621,567,898,264,99
147,607,1071,Shamela0023628,624,675,1264,360,74
147,0,564,Shia001278Vols,109,929,1495,448,98
147,564,890,Shia001278Vols,110,0,325,264,99
147,685,980,Rafed0003257Vols,1288,1197,1509,231,89
147,558,980,JK006801,1112,514,1365,320,46
147,91,386,Sham19Y0020891,1231,80,394,213,84
147,519,980,Sham19Y0020891,1238,878,1351,365,93
147,0,325,JK009270,866,265,590,255,99
147,320,890,JK009270,871,711,1283,462,99
147,890,1225,JK009270,875,501,828,259,95
147,558,980,Meshkat0014420,858,191,613,344,100
147,13,251,Rafed0003150Vols,419,0,238,191,100
147,251,386,Rafed0003150Vols,420,100,235,106,100
147,484,742,Rafed0003150Vols,422,710,978,205,91
147,685,1110,Rafed0003150Vols,423,742,1272,329,75
147,13,320,JK006476,249,759,1053,199,72
147,671,835,JK006476,252,1308,1476,136,97
147,603,980,Shamela0021765,1619,0,778,287,45
147,0,426,ShamAY0036821,555,822,1245,336,99
147,426,1202,ShamAY0036821,564,84,854,584,92
147,544,1025,Tafsir02104,88,473,1567,348,38
147,594,890,Sham19Y0147312,396,322,1062,203,33
147,706,890,Shamela0004445,1525,37,221,151,100
147,731,968,JK001417,136,1067,1366,163,66
147,650,890,ShamAY0035288,84,780,1020,198,100
147,650,990,JK000375,105,907,1248,274,97
147,607,890,Sham19Y0013550,126,1043,1497,212,57
147,107,404,Zaydiyya0000062,258,12,328,219,85
147,627,883,Zaydiyya0000062,261,269,593,209,78
147,706,890,Shamela0006947,21671,1049,1233,151,100
147,138,345,Shamela0037458,645,7,208,149,92
147,320,650,Shamela0037458,646,983,1313,264,100
147,627,890,Shamela0037458,650,42,350,215,85
147,85,320,JK000791,358,865,1249,170,55
147,627,890,JK000791,363,449,730,215,93
147,630,890,JK000365,1653,623,874,202,94
147,101,320,Shamela0023833,553,794,1119,173,67
147,802,990,Shamela0023833,555,166,444,141,62
147,558,890,Sham19Y0009800,713,1163,1495,270,100
147,706,890,JK009313,1610,432,616,151,100
147,650,980,Shamela0009770,380,1017,1461,271,73
147,196,558,JK007018,114,0,379,289,95
147,650,980,JK007018,115,4,342,270,97
147,0,558,JK009396,263,369,927,446,100
147,671,980,JK009396,265,0,309,255,100
147,911,1225,JK009396,266,241,798,236,52
147,0,231,Sham19Y0023608,629,603,834,186,100
147,204,558,Sham19Y0023608,635,309,742,283,81
147,558,990,Sham19Y0023608,640,1099,1531,343,97
147,650,896,JK000381,1987,1059,1304,199,97
147,650,902,JK000381,2056,95,361,204,92
147,630,835,JK000381,3415,1172,1368,157,93
147,613,896,Meshkat00042488,260,186,830,218,41
147,706,854,Sham19Y0020587,2,1480,1627,122,99
147,558,890,Shamela0021537,6237,925,1257,270,100
147,0,706,Shamela0022371,126,662,1357,321,47
147,0,231,Shia002356Vols,187,197,428,186,100
147,101,426,Shia002356Vols,188,160,612,230,63
147,665,890,Shia002356Vols,190,0,223,184,99
147,0,283,Tafsir04038,85,363,760,225,71
147,251,594,Shia002380Vols,115,416,1224,271,41
147,627,980,Shia002380Vols,116,477,1219,277,45
147,706,890,Hindawi046286097,142,1074,1258,151,100
147,0,558,Shamela0008473,1043,700,1258,446,100
147,504,874,Shamela0008473,1055,1176,1621,301,82
147,868,1225,Shamela0008473,1058,936,1534,199,34
147,204,558,Masaha002028Vols,1149,57,920,283,40
147,627,990,Masaha002028Vols,1150,210,1063,267,38
147,0,426,Shamela0023591,1921,894,1320,339,100
147,426,1202,Shamela0023591,1959,151,894,596,94
147,650,890,JK009266,2387,654,894,198,100
147,527,980,Shamela0021821,323,41,493,355,96
147,941,1225,Shamela0021821,325,93,480,217,68
147,650,990,Kraken220413194022,3071,372,720,257,87
147,599,890,Shamela0021485,4,236,526,207,87
147,613,980,JK009362,1758,0,469,300,78
147,938,1225,JK009362,1760,710,1105,219,67
147,630,835,Shamela0021499,13,269,465,157,93
147,101,320,JK001420,205,1031,1406,156,53
147,558,883,JK001420,206,1062,1448,256,81
147,713,980,Zaydiyya0000075BK23,6,438,705,218,99
147,650,890,JK006478,2571,760,1000,198,100
147,1202,1531,Tafsir08060,88,995,1259,157,55
147,52,231,JK000899,6,1042,1221,145,100
147,91,336,Rafed0003943Vols,197,1320,1566,176,82
147,426,1202,Rafed0003943Vols,199,76,830,595,94
147,251,442,Zaydiyya0000148,248,936,1127,139,90
147,650,984,Shamela0010273,425,571,904,272,99
147,138,320,Shamela0007798,2329,335,764,143,42
147,650,890,Shamela0007798,2346,1288,1528,198,100
147,650,890,Shamela0007798,2347,687,1126,198,54
147,558,890,Shia002394Vols,680,1136,1502,224,69
147,835,1047,Shia002394Vols,682,333,534,158,91
147,890,1225,Hindawi020604026,303,255,582,259,95
147,706,890,ShamAY0002038,374,689,873,151,100
147,101,320,Sham19Y0014404,253,5,580,173,38
147,564,896,Sham19Y0014404,254,628,1224,270,55
147,627,890,Meshkat00057178,915,869,1569,211,37
147,0,231,Masaha000554Vols,765,967,1205,186,97
147,627,890,Masaha000554Vols,782,107,385,215,94
147,0,463,QuranAnalysis001,30,1033,1495,368,99
147,463,1225,QuranAnalysis001,31,0,754,607,98
147,0,231,Rafed0001713Vols,431,246,477,186,100
147,209,433,Rafed0001713Vols,432,703,917,158,91
147,504,980,Rafed0001713Vols,434,886,1482,387,79
147,231,386,Hindawi017506357,140,625,780,121,100
147,685,980,JK001098,17,708,1010,235,95
147,91,231,Shamela0000041,503,73,260,113,74
147,251,433,Shamela0000041,506,1038,1218,138,96
147,325,706,Shamela0000041,507,10,347,237,75
147,665,1057,Shamela0000041,508,0,386,314,97
147,0,627,Shamela0023578,704,847,1474,501,99
147,627,1002,Shamela0023578,705,0,372,296,97
147,772,1225,Shamela0023578,716,733,1526,350,53
148,135,728,Shia001432Vols,6455,590,1517,366,48
148,765,1233,Shia001432Vols,6456,236,770,245,49
148,765,1233,Tafsir09084,447,857,1358,202,40
148,605,728,Meshkat00042485,1981,1330,1480,92,73
148,765,1097,Meshkat00042485,1983,511,1016,229,56
148,292,493,Shamela0021766,736,769,1236,121,32
148,980,1331,Shamela0021766,738,1255,1585,90,25
148,194,328,Sham19Y0023608,628,18,378,79,26
148,765,1052,ShamIbadiyya0000075,127,999,1570,160,34
148,506,728,ShamIbadiyya0000075,127,162,526,124,42
148,179,638,Shia002356Vols,187,6,233,151,41
148,872,1032,ShamAY0034059,918,1277,1607,105,39
148,72,980,Shia002380Vols,114,547,1559,431,43
148,765,1094,Shamela0008473,1046,685,1098,168,42
148,518,765,Shia002382Vols,361,22,329,149,59
148,711,1097,Shia002382Vols,361,842,1408,230,48
148,128,737,Tafsir05047,105,1103,1593,185,29
148,605,857,Shamela0010273,418,291,996,172,29
148,518,815,Tafsir01006,283,951,1450,175,42
148,800,1097,Tafsir01006,284,3,487,221,57
148,249,711,Shia002394Vols,674,249,972,185,26
148,241,481,Meshkat00057178,907,66,519,120,32
148,0,354,Rafed0001713Vols,430,442,1153,153,23
148,819,1072,Rafed0001713Vols,432,72,735,193,36
148,347,765,JK000876,240,801,1415,167,29
149,136,318,Meshkat00042485,1986,95,298,120,73
149,744,1356,Meshkat00042485,1990,250,723,182,30
149,294,879,Tafsir02104,88,147,587,232,45
149,666,922,Shamela0001466,439,38,310,168,67
149,70,425,Shamela0022769,219,932,1488,174,37
149,323,512,Zaydiyya0000062,260,66,372,103,38
149,1258,1511,Shamela0021766,745,592,1022,147,37
149,70,670,JK000818,91,855,1499,272,48
149,630,914,ShamAY0033108,329,989,1382,168,49
149,744,914,Tafsir02091,445,67,284,116,61
149,751,1547,Tafsir08060,90,14,548,276,37
149,177,683,Tafsir01006,285,5,980,280,35
149,1243,1508,Tafsir01006,286,48,390,188,63
149,780,1438,Sham19Y0014404,254,652,1042,198,32
149,1258,1547,Rafed0001713Vols,435,749,1241,189,44
149,575,914,Shamela0000041,507,637,969,167,48
150,1111,1567,Shamela0008381,982,289,970,228,37
150,59,826,Shia001432Vols,6458,598,1386,269,29
150,1315,1567,Tafsir09084,455,848,1194,171,61
150,721,1249,Tafsir09068,180,686,1303,145,23
150,16,397,Meshkat00042485,1991,850,1344,178,35
150,276,1128,JK000818,92,719,1556,324,35
150,346,791,Shia002356Vols,190,905,1632,208,34
150,45,901,Shia002380Vols,116,673,1366,363,44
150,1088,1567,Masaha002028Vols,1151,8,664,160,22
150,45,379,Tafsir08060,90,570,861,139,42
150,1082,1502,Shamela0007798,2358,437,1223,185,25
150,16,397,Tafsir01006,286,390,881,175,35
150,299,742,Tafsir01006,286,785,1603,195,28
150,346,826,Rafed0001713Vols,436,472,1418,260,33
150,361,1012,JK000876,244,0,1160,253,24
151,321,797,JK000330,1060,974,1446,324,74
151,120,710,Shia001432Vols,6439,1034,1549,366,71
151,643,827,Shia001432Vols,22513,1363,1547,142,96
151,578,817,Shamela0023632,704,202,441,194,100
151,903,1090,Shamela0023632,706,0,187,150,100
151,920,1090,Shamela0000894,1439,0,170,137,100
151,120,643,JK009268,1237,922,1370,312,67
151,643,1261,JK009268,1257,304,940,489,95
151,411,898,Sham19Y0023618,352,1132,1585,324,81
151,817,1242,Sham19Y0023618,353,865,1429,310,68
151,578,911,Shamela0023628,640,668,1003,270,99
151,879,1090,Shamela0023628,642,722,966,159,81
151,643,908,Rafed0003257Vols,1307,1155,1420,214,100
151,908,1094,Rafed0003257Vols,1313,1089,1271,146,97
151,643,839,Sham19Y0020891,1256,1381,1576,158,99
151,879,1090,Sham19Y0020891,1262,246,461,169,97
151,405,915,JK009270,881,141,653,414,99
151,893,1261,JK009270,884,599,1014,283,84
151,908,1090,Shamela0005756,15199,1125,1308,146,99
151,628,817,Meshkat0014420,874,591,824,152,81
151,865,1090,Meshkat0014420,878,197,431,159,85
151,628,807,Rafed0003150Vols,428,844,1023,144,100
151,700,920,Rafed0003150Vols,429,392,1259,171,24
151,499,783,JK006476,256,1129,1601,227,58
151,609,1178,JK006476,257,455,1414,431,56
151,976,1242,JK006476,258,624,1218,213,44
151,193,768,ShamAY0036821,572,1133,1623,391,84
151,768,1292,ShamAY0036821,573,0,520,414,98
151,908,1090,Shamela0005353,1,808,990,146,100
151,643,821,Sham19Y0147312,400,1271,1461,143,93
151,879,1090,Sham19Y0147312,403,199,429,154,83
151,817,1242,Sham19Y0014592,2793,850,1275,342,100
151,768,1106,Zaydiyya0000062,267,0,338,266,95
151,908,1090,Shamela0010517,143,1401,1583,146,100
151,578,755,Shamela0037458,656,1370,1549,143,98
151,817,1242,Shamela0037458,659,1143,1551,288,85
151,908,1090,JK000791,371,449,631,146,100
151,321,1046,Shamela0023833,557,333,1516,587,61
151,908,1090,Shamela0000922,290,409,591,146,100
151,499,1193,Shamela0023680,242,379,1080,370,56
151,578,1131,JK007018,116,946,1557,417,84
151,120,670,JK009396,266,657,1130,339,71
151,643,1090,JK009396,267,1145,1591,360,99
151,120,643,Sham19Y0023608,645,96,544,312,67
151,643,1090,Sham19Y0023608,651,965,1412,360,100
151,1058,1261,Sham19Y0023608,656,725,1313,155,32
151,908,1090,Shamela0009231,602,907,1089,146,100
151,527,903,ShamIbadiyya0000075,131,156,1015,292,41
151,321,643,Shamela0004473,312,1114,1436,264,100
151,321,643,Shia002356Vols,191,1263,1585,264,99
151,469,817,Shia002356Vols,193,96,575,206,50
151,893,1090,Shia002356Vols,194,373,589,158,91
151,802,1090,Noorlib0019305,140,603,891,223,94
151,499,1069,Shia002380Vols,118,89,1033,454,59
151,643,908,JK001496,383,4,269,214,100
151,336,643,Shamela0008473,1059,0,307,251,100
151,30,313,Shamela0008473,1064,395,980,153,29
151,643,1242,Shamela0008473,1073,327,926,482,100
151,578,1090,Masaha002028Vols,1153,14,697,414,74
151,193,1242,Shamela0023591,1979,175,1145,773,91
151,578,755,JK009266,2412,120,294,141,98
151,908,1090,JK009266,2427,832,1014,146,100
151,1058,1242,JK009266,2431,1182,1376,148,94
151,120,670,Shamela0021821,325,339,833,324,65
151,596,908,Shamela0021821,329,475,1381,251,34
151,817,1090,Shamela0021821,330,905,1216,209,83
151,1039,1242,Shamela0021821,331,569,780,163,95
151,915,1090,JK009362,1772,0,176,141,99
151,817,1090,JK001420,210,802,1103,173,68
151,908,1090,JK006478,2603,626,809,146,99
151,643,908,Rafed0003943Vols,202,872,1137,214,100
151,908,1261,Rafed0003943Vols,203,423,794,275,91
151,643,821,Shamela0010273,432,918,1096,141,98
151,908,1094,Shamela0010273,434,274,460,147,98
151,817,1090,Shamela0007798,2374,840,1189,209,74
151,908,1106,Shia002394Vols,692,175,373,159,100
151,821,1052,Shia002394Vols,693,3,288,180,78
151,120,643,Hindawi020604026,303,441,889,327,72
151,653,908,Sham19Y0014404,257,640,1479,204,30
151,817,1090,Sham19Y0014404,258,5,453,215,59
151,908,1090,Meshkat00057178,925,278,460,146,100
151,643,817,Masaha000554Vols,799,1180,1351,138,98
151,908,1090,Masaha000554Vols,803,1148,1330,145,99
151,1039,1242,Masaha000554Vols,805,704,1250,156,35
151,120,1169,QuranAnalysis001,31,613,1586,744,85
151,643,934,Rafed0001713Vols,444,127,422,228,96
151,893,1090,Rafed0001713Vols,446,850,1066,158,91
151,411,908,Shamela0000041,518,848,1513,395,72
151,908,1090,Shamela0000041,520,101,283,146,100
151,976,1248,Shamela0000041,521,1163,1453,204,82
151,389,908,Shamela0023578,717,0,519,422,100
151,817,1261,Shamela0023578,735,610,1114,309,74
153,613,1074,Shamela0001466,448,800,1328,200,35
153,73,325,Tafsir01006,291,296,532,86,42
153,752,1375,Tafsir01006,292,176,857,316,50
153,752,1385,Shia002394Vols,693,589,1373,304,43
154,195,410,JK000330,306,283,509,175,95
154,79,347,JK000330,1061,0,268,216,99
154,32,936,Shia001432Vols,2471,34,940,736,99
154,149,343,Shamela0023632,712,445,639,157,100
154,18,720,JK009268,1257,898,1590,564,98
154,720,936,JK009268,1258,0,216,176,100
154,251,410,Sham19Y0023618,356,0,157,128,98
154,195,532,Shamela0023628,649,480,815,272,99
154,664,965,Shamela0023628,655,222,512,205,83
154,195,343,Rafed0003257Vols,1328,234,382,120,100
154,195,343,Rafed0003257Vols,1843,772,920,120,100
154,149,410,Sham19Y0020891,1269,60,326,210,96
154,18,343,JK009270,884,972,1288,256,97
154,343,890,JK009270,889,472,1019,447,100
154,195,410,Meshkat0014420,885,955,1170,175,100
154,49,270,Rafed0003150Vols,434,664,944,148,61
154,251,539,Rafed0003150Vols,436,227,566,233,83
154,502,850,Rafed0003150Vols,437,306,638,265,93
154,108,410,JK006476,259,941,1282,246,88
154,32,532,ShamAY0036821,581,90,583,398,98
154,532,936,ShamAY0036821,583,389,787,322,98
154,32,558,Tafsir02104,91,97,1103,323,38
154,0,695,Shamela0001466,450,449,1220,539,85
154,195,343,Sham19Y0147312,405,1245,1393,120,100
154,880,1171,Sham19Y0014592,1733,521,1097,144,31
154,149,343,Sham19Y0013550,128,496,788,157,66
154,142,403,Zaydiyya0000062,270,307,572,210,96
154,149,410,Shamela0037458,663,324,585,212,100
154,108,343,JK000791,375,257,644,173,55
154,558,890,Shamela0023833,361,484,859,271,88
154,86,532,Shamela0000922,292,108,1079,330,41
154,195,388,Shamela0023775,663,758,985,136,73
154,32,270,Shamela0023680,242,1152,1480,170,64
154,195,343,JK010427,22,81,229,120,100
154,18,410,JK007018,117,106,504,310,94
154,45,702,JK009396,269,0,686,520,93
154,664,965,JK009396,269,1128,1442,233,92
154,18,282,Sham19Y0023608,656,1271,1525,206,96
154,558,936,Sham19Y0023608,666,211,548,248,80
154,195,343,JK000381,5456,998,1146,120,100
154,195,343,Shamela0009231,606,17,165,120,100
154,207,343,Shamela0012034,644,784,936,110,89
154,195,343,Shamela0004473,12856,632,780,120,100
154,32,347,Shia002356Vols,195,756,1071,253,99
154,86,558,Shia002380Vols,119,263,1233,382,48
154,18,410,Shamela0008473,1077,363,766,315,96
154,32,395,Shamela0008473,1078,597,1548,290,37
154,664,949,Shamela0008473,1083,426,716,227,96
154,169,343,MMS00013,1881,1450,1623,127,90
154,195,410,JK000378,92,1235,1461,175,95
154,558,885,Masaha002028Vols,823,45,415,267,88
154,32,532,Shamela0023591,2003,301,799,404,99
154,532,936,Shamela0023591,2012,940,1344,330,100
154,153,343,JK009266,2442,303,518,134,77
154,32,413,Shamela0021821,332,460,841,308,99
154,32,343,Tafsir10066,235,602,962,249,85
154,195,410,JK009362,1779,491,712,175,97
154,55,410,JK000875,59,698,1040,95,20
154,149,343,JK009257,149,121,472,157,55
154,18,532,Rafed0003943Vols,203,752,1255,408,97
154,653,936,Rafed0003943Vols,206,0,283,231,100
154,32,343,Shamela0010273,436,952,1263,252,100
154,195,343,Shamela0007798,2388,844,992,120,100
154,664,925,Sham19Y0150962,677,827,1099,189,79
154,131,343,Shia002394Vols,696,591,806,169,97
154,86,403,Tafsir06048,181,85,838,255,41
154,153,343,Sham19Y0014404,259,1107,1339,154,81
154,18,936,QuranAnalysis001,32,68,977,740,99
154,0,195,Rafed0001713Vols,448,1164,1452,159,67
154,195,410,Rafed0001713Vols,450,500,713,173,99
154,32,343,Shamela0000041,524,224,800,249,53
154,18,484,Shamela0023578,735,1072,1526,369,97
154,550,936,Shamela0023578,747,72,592,310,73
155,89,498,Tafsir09084,463,0,422,188,47
155,668,808,Shamela0000140,1095,20,185,107,80
155,705,1204,Meshkat00042485,2019,676,1416,323,51
155,138,1189,Shia002380Vols,119,559,1409,429,43
155,0,445,Shamela0008473,1078,990,1548,218,46
155,662,1501,Shia002382Vols,371,36,1522,437,32
155,890,1509,Tafsir01006,295,33,977,375,47
155,832,1501,Shia002394Vols,703,152,1093,325,35
155,832,1501,Sham19Y0014404,261,213,961,213,25
156,567,1230,ShamAY0037152,511,264,1036,543,85
156,86,367,JK000436,46,30,336,163,58
156,567,1126,Shia001432Vols,21746,1175,1733,457,99
156,567,1333,Shia001432Vols,24030,831,1592,623,99
156,1333,1602,Shia001432Vols,24031,0,270,218,99
156,1230,1372,Shamela0023632,725,1434,1575,115,99
156,1409,1602,Shamela0023632,727,259,453,157,99
156,67,376,JK009268,1274,53,355,169,60
156,909,1602,JK009268,1276,0,694,562,99
156,999,1409,Sham19Y0023618,362,41,451,332,100
156,1409,1602,Sham19Y0023618,363,663,857,157,99
156,812,1230,Shamela0023628,662,747,1165,341,100
156,1230,1409,Shamela0023628,665,1241,1420,144,100
156,1409,1602,Shamela0023628,666,1275,1469,157,99
156,659,1230,Rafed0003257Vols,1347,0,571,466,100
156,1223,1409,Rafed0003257Vols,1354,1284,1470,147,98
156,1230,1515,Tafsir09083,253,178,1086,226,31
156,60,261,Tafsir09084,467,4,198,120,71
156,67,648,Sham19Y0020891,1276,52,799,262,39
156,1372,1560,Sham19Y0020891,1291,248,578,150,56
156,67,376,Shamela0011314,92,915,1224,165,57
156,525,1230,JK009270,896,0,684,559,97
156,1230,1409,JK009270,902,5,184,144,100
156,67,376,Sham19Y0150960,1300,276,834,185,40
156,90,303,Meshkat0014420,895,52,237,113,68
156,1203,1413,Zaydiyya0000085,15,1371,1568,143,86
156,870,1303,Rafed0003150Vols,440,791,1322,352,81
156,1208,1602,Rafed0003150Vols,441,886,1497,318,64
156,123,376,Sham19Y0016584,3222,745,1001,146,60
156,927,1420,JK006476,263,842,1459,395,79
156,1070,1602,JK006476,264,169,1020,401,58
156,90,376,Shamela0096283,372,1167,1462,170,62
156,500,1416,ShamAY0036821,583,743,1612,695,93
156,941,1602,Shamela0001466,461,201,936,524,86
156,1223,1409,Sham19Y0147312,413,255,612,142,49
156,1266,1515,Tafsir02067,157,808,1335,195,46
156,67,376,Sham19Y0018176,1704,37,347,167,56
156,1223,1401,Zaydiyya0000062,278,174,357,140,95
156,567,1230,Shamela0006947,5680,850,1511,541,99
156,1133,1409,Shamela0037458,674,529,950,219,64
156,567,1109,Masaha001075,159,1062,1603,443,99
156,1109,1602,Masaha001075,160,0,494,401,99
156,67,376,JK000110,1221,758,1065,158,50
156,1296,1560,JK000791,384,972,1429,209,57
156,67,376,JK009336,284,423,987,185,39
156,67,376,JK000232,524,603,1031,172,46
156,1271,1560,Shamela0000922,296,678,1255,230,49
156,67,376,Sham19Y0014309,321,974,1415,182,48
156,567,1112,Tafsir07076,1544,996,1540,445,99
156,1112,1602,Tafsir07076,1545,0,491,399,99
156,1256,1413,Shamela0023644,1895,448,970,117,28
156,999,1602,JK007018,119,234,1184,486,63
156,627,1230,Shia003744Vols,84,165,823,471,86
156,999,1587,JK009396,271,292,1548,471,46
156,567,1230,Sham19Y0023608,670,554,1217,543,100
156,1230,1602,Sham19Y0023608,677,193,566,301,99
156,67,261,Sham19Y0148271,1026,272,456,115,70
156,1271,1587,ShamIbadiyya0000075,138,331,967,251,49
156,67,376,Shamela0004473,16139,1254,1562,172,58
156,500,999,Shia002356Vols,198,627,1098,386,94
156,1372,1602,Shia002356Vols,201,677,965,186,79
156,1279,1602,Shia002380Vols,121,416,928,259,62
156,67,376,PV2024060602,1221,758,1065,165,56
156,67,376,Sham19Y0016684,1549,874,1184,167,56
156,17,376,Tafsir02102,719,1027,1532,194,45
156,500,999,Shamela0008473,1086,440,1058,399,78
156,1214,1409,Shamela0008473,1096,309,504,157,100
156,1409,1602,Shamela0008473,1097,1233,1427,157,99
156,67,376,Shamela0037837,921,272,583,168,57
156,500,885,Shamela0023591,2012,1298,1661,299,94
156,885,1602,Shamela0023591,2013,0,718,582,99
156,1230,1409,AOCP20251104124,3,361,538,140,97
156,1230,1409,JK007044,5412,261,440,144,100
156,768,1230,Shamela0021821,336,0,462,377,100
156,1133,1602,Shamela0021821,338,209,744,363,83
156,67,376,Sham19Y0018106,2977,186,496,167,56
156,1230,1409,Tafsir10066,242,282,494,144,84
156,67,360,JK009362,42,1187,1548,134,39
156,86,376,JK009362,1787,330,583,168,68
156,500,999,JK009362,1788,825,1383,391,85
156,1126,1409,JK009362,1797,1116,1376,166,73
156,500,812,JK001110,35,158,449,239,93
156,1233,1409,JK011225,5,850,1026,142,100
156,67,376,Sham19Y0013252,6712,978,1288,167,56
156,67,376,Sham19Y0013252,6713,513,825,169,57
156,1052,1409,Rafed0003943Vols,213,0,357,291,100
156,1388,1602,Rafed0003943Vols,216,622,849,164,89
156,1230,1409,Shamela0010273,449,619,798,144,100
156,927,1259,Shia002394Vols,709,560,1092,262,60
156,1070,1409,Shia002394Vols,711,492,860,168,43
156,1409,1602,Shia002394Vols,712,19,212,156,98
156,1203,1401,Zaydiyya0000334,15,1416,1609,143,91
156,67,376,Sham19Y0013605,3452,327,637,167,56
156,1214,1560,Sham19Y0014404,264,15,709,261,46
156,1223,1409,Masaha000554Vols,828,1341,1521,138,93
156,1296,1560,Masaha000554Vols,832,582,1421,203,30
156,500,1223,QuranAnalysis001,32,931,1632,574,96
156,1223,1602,QuranAnalysis001,33,0,380,307,99
156,1230,1416,Rafed0001713Vols,461,180,366,145,97
156,67,376,Shamela0000041,531,340,666,175,59
156,727,1007,Shamela0000041,533,868,1543,224,40
156,1118,1409,Shamela0000041,535,444,799,230,77
156,500,1256,Shamela0023578,747,546,1286,588,94
156,1230,1602,Shamela0023578,756,576,949,301,99
157,7,537,Tafsir09084,468,219,960,299,43
157,194,663,Shamela0000140,1892,275,855,340,66
157,25,378,Shamela0008473,1087,15,474,241,58
157,1260,1614,Tafsir08060,94,11,365,179,50
157,803,1552,Tafsir01006,297,587,1660,303,28
158,733,1029,Shamela0023628,666,0,568,175,36
158,828,1122,Sham19Y0020891,1290,632,1037,148,39
158,219,1186,JK006476,264,5,855,360,37
158,727,1143,Meshkat00042485,2036,705,1351,262,45
158,342,901,Shamela0001466,462,189,1070,269,35
158,560,981,Shamela0022769,237,832,1563,177,25
158,714,1122,JK000791,384,456,1085,176,29
158,981,1136,Tafsir04039,843,31,486,76,18
158,714,1041,Sham19Y0023608,678,829,1092,124,44
158,10,985,JK000818,97,606,1587,404,41
158,876,1546,ShamIbadiyya0000075,138,172,861,252,31
158,714,1041,ShamAY0033108,347,1132,1549,135,40
158,727,901,ShamAY0034059,977,643,776,79,53
158,431,1186,Shia002380Vols,121,9,667,329,45
158,828,1186,JK001496,397,339,1244,217,30
158,714,1041,Tafsir02091,463,102,518,136,40
158,10,376,Tafsir02102,725,687,1218,197,40
158,628,1032,Tafsir02102,726,1033,1523,168,36
158,628,1059,Shia002382Vols,374,971,1557,233,42
158,654,1078,ShamIbadiyya0000050,1591,0,704,222,37
158,727,1546,Tafsir05047,116,170,941,290,35
158,628,1186,Tafsir08060,94,536,962,162,33
158,505,1105,Shamela0010273,449,353,899,225,41
158,95,463,Tafsir01006,298,690,1373,211,36
158,513,1331,Tafsir01006,299,0,1463,465,37
158,456,1097,Shia002394Vols,711,750,1493,283,36
158,964,1136,Tafsir04003,900,337,623,104,45
158,796,1489,Sham19Y0014404,264,6,852,251,30
158,95,456,Rafed0001713Vols,460,367,1092,220,35
158,901,1171,Tafsir04042,527,880,1417,146,33
158,164,490,Tafsir07057,1006,286,893,193,35
158,828,1485,JK000876,256,583,1523,278,30
159,635,1644,Shia001432Vols,23419,958,1554,458,55
159,659,1590,Shia001432Vols,24932,386,781,311,40
159,971,1289,Shia001432Vols,32319,205,523,265,100
159,1066,1289,Shamela0023632,739,728,951,186,100
159,1289,1568,Shamela0023632,742,124,404,232,99
159,971,1233,Shamela0000894,6208,1421,1682,218,99
159,1164,1296,JK009325,734,0,133,106,96
159,306,1577,JK009268,1290,390,1691,964,87
159,1066,1399,Sham19Y0023618,369,841,1174,277,100
159,659,926,Shamela0023628,671,48,316,209,95
159,1066,1289,Shamela0023628,678,642,865,186,100
159,1066,1289,Rafed0003257Vols,1423,1338,1561,186,100
159,1399,1644,Rafed0003257Vols,1434,602,848,204,99
159,1066,1289,Sham19Y0020891,1325,120,343,186,100
159,1113,1289,Shamela0009759,105,0,176,147,100
159,900,1289,JK009270,918,971,1360,322,100
159,1066,1289,Shamela0005756,7404,1276,1499,186,100
159,1066,1399,Shamela0005756,8719,1188,1523,277,99
159,1149,1289,Shamela0005756,15085,0,140,117,100
159,665,1181,Sham19Y0150960,634,1158,1663,410,96
159,1181,1644,Sham19Y0150960,635,0,469,378,95
159,1054,1289,Meshkat0014420,920,1120,1354,190,97
159,635,834,Rafed0003150Vols,454,484,683,163,100
159,1066,1296,Sham19Y0016584,2148,1352,1581,192,99
159,1203,1446,Sham19Y0016584,3226,934,1345,102,23
159,989,1318,JK006476,269,619,1117,202,48
159,498,1466,ShamAY0036821,592,702,1650,769,96
159,1466,1644,ShamAY0036821,593,0,175,144,98
159,1066,1289,Sham19Y0147312,422,1053,1276,186,100
159,1066,1296,Shamela0002863,2456,826,1056,188,98
159,1066,1399,Sham19Y0018176,1074,693,1030,277,98
159,971,1283,Zaydiyya0000062,285,674,987,260,99
159,659,906,Shamela0037458,682,95,342,202,100
159,971,1289,Shamela0037458,693,582,949,216,71
159,1399,1647,Shamela0037458,697,635,880,204,98
159,1066,1399,JK000110,710,379,712,277,100
159,1002,1289,Shamela0000922,302,1078,1428,214,72
159,971,1289,JK007018,122,0,321,263,98
159,659,997,JK009396,273,665,1011,268,95
159,971,1289,JK009396,276,358,676,265,100
159,1233,1644,JK009396,278,470,994,342,78
159,659,971,Sham19Y0023608,685,65,377,254,100
159,971,1289,Sham19Y0023608,690,1018,1336,265,100
159,1289,1618,Sham19Y0023608,695,1283,1612,273,99
159,1066,1399,Shamela0021715,4479,1144,1477,277,100
159,1054,1289,JK000917,279,522,756,190,97
159,1066,1296,JK000917,1020,647,877,188,98
159,1103,1289,JK000381,9045,1012,1198,155,100
159,659,1482,JK000381,9505,1118,1576,356,51
159,1054,1289,Shamela0009231,626,21,255,190,97
159,1066,1289,Meshkat00042488,269,502,725,186,100
159,1066,1289,Shamela0004473,12888,466,689,186,100
159,971,1482,Shamela0004473,12890,366,568,157,36
159,1066,1577,Shamela0022371,130,239,1217,419,51
159,1066,1289,JK010729,163,294,517,186,100
159,971,1289,Shia002356Vols,205,692,1012,264,98
159,14,570,Shia002380Vols,121,740,1309,231,39
159,1066,1399,PV2024060602,710,379,712,277,100
159,707,1233,Sham19Y0014827,155,756,1088,198,44
159,1043,1296,Sham19Y0014827,245,930,1214,207,87
159,505,971,Shamela0008473,1113,255,622,289,76
159,959,1289,Shamela0008473,1120,802,1132,267,96
159,1289,1644,Shamela0008473,1126,390,745,295,100
159,482,1630,Shamela0023591,2039,514,1662,946,99
159,1066,1289,JK009266,2523,398,621,186,100
159,659,1644,Zaydiyya0000063,197,29,1026,799,95
159,498,971,Shamela0021821,341,190,662,379,98
159,1131,1399,Shamela0021821,346,0,268,223,100
159,1289,1644,Shamela0021821,348,522,819,230,78
159,1066,1289,JK009362,1827,1313,1537,186,99
159,1066,1289,JK001420,222,99,322,186,100
159,1066,1328,Shia000181,425,80,334,195,89
159,111,371,Sham19Y0038093,165,396,924,105,22
159,1066,1289,JK006478,2695,969,1193,186,99
159,482,938,Rafed0003943Vols,218,1240,1695,372,99
159,971,1336,Rafed0003943Vols,222,1290,1654,305,99
159,1399,1644,Rafed0003943Vols,223,851,1097,204,99
159,1066,1289,Shamela0010273,460,1145,1372,186,98
159,1054,1296,Shamela0007798,2458,776,1017,192,95
159,1066,1289,Shia002394Vols,733,1260,1483,186,100
159,1233,1482,Tafsir06048,188,777,1309,207,46
159,1066,1399,Sham19Y0013605,2499,559,972,277,80
159,1021,1289,Sham19Y0014404,267,727,1071,224,77
159,1066,1296,Rafed0003799Vols,705,1367,1597,188,98
159,1066,1289,Meshkat00057178,957,1093,1316,186,100
159,971,1289,Masaha000554Vols,857,699,1012,258,97
159,486,1644,QuranAnalysis001,33,387,1553,945,98
159,1043,1289,Shamela0009429,3195,1236,1478,189,89
159,1066,1289,Rafed0001713Vols,473,316,539,186,100
159,1066,1289,JK000122,378,396,619,186,100
159,1103,1289,JK006950,3346,532,718,155,100
159,659,1185,JK006950,3805,1379,1635,207,47
159,267,757,Shamela0000041,538,420,941,283,58
159,1118,1289,Shamela0000041,545,0,171,143,100
159,482,1118,Shamela0023578,760,1020,1655,520,99
159,1118,1289,Shamela0023578,761,0,171,143,100
159,1224,1644,Shamela0023578,778,288,855,350,74
160,604,767,Meshkat00042485,2048,1159,1421,105,45
160,1129,1341,Meshkat00042485,2055,1307,1485,93,47
160,1081,1389,Shia002356Vols,204,1012,1403,163,44
160,0,313,Tafsir08060,94,1214,1552,188,59
160,0,283,Shamela0010273,453,826,1523,144,24
160,372,906,Tafsir01006,302,186,1042,258,34
160,1081,1357,Tafsir01006,303,408,751,147,43
160,1063,1357,Rafed0001713Vols,471,95,409,133,44
161,196,672,Meshkat00042485,2064,124,620,211,44
161,1172,1623,Shia002382Vols,387,61,534,241,55
161,0,413,Tafsir01006,304,354,926,161,27
162,807,1472,Zaydiyya0000054,447,595,1261,521,99
162,428,597,Shia001432Vols,23702,863,1353,109,28
162,941,1472,Shia001432Vols,32764,0,532,413,99
162,779,1149,Shamela0023632,745,791,1147,283,96
162,1149,1472,Shamela0023632,751,336,660,250,99
162,807,1472,JK009268,1318,432,1098,521,99
162,807,1149,Sham19Y0023618,373,246,588,271,100
162,1149,1472,Sham19Y0023618,374,569,893,250,99
162,807,1149,Shamela0023628,687,1158,1500,271,100
162,1149,1472,Shamela0023628,697,669,993,250,99
162,1027,1472,Rafed0003257Vols,1441,0,446,347,99
162,807,1149,Sham19Y0020891,1335,1141,1483,271,100
162,807,1149,Shamela0009759,107,968,1310,271,100
162,807,1149,JK009270,924,660,1002,271,100
162,1149,1472,JK009270,927,837,1161,250,99
162,807,1472,Shamela0005756,14511,225,893,521,99
162,807,1149,Shamela0005756,15370,279,621,271,99
162,779,1472,Sham19Y0150960,635,455,1136,521,95
162,807,1472,Meshkat0014420,933,614,1280,521,99
162,1067,1393,Rafed0003150Vols,479,177,503,254,100
162,807,1472,JK009148,481,540,1130,456,87
162,807,1387,Sham19Y0016584,4450,703,1283,454,100
162,1326,1472,JK006476,274,713,860,114,99
162,807,1472,ShamAY0036821,608,245,906,515,98
162,880,1472,Shia000233,1112,0,593,462,99
162,428,597,Meshkat00042485,2074,22,520,105,26
162,1256,1472,Tafsir02104,53,837,1053,167,99
162,807,1149,Sham19Y0147312,425,512,854,271,100
162,1149,1472,Sham19Y0147312,427,509,833,250,99
162,888,1472,Sham19Y0018176,2411,0,585,456,99
162,1120,1472,Sham19Y0013550,132,546,893,255,94
162,802,1149,Sham19Y0013550,158,338,685,272,99
162,779,1143,Zaydiyya0000062,290,532,968,289,83
162,1106,1472,Zaydiyya0000062,292,858,1285,284,85
162,1245,1472,Shamela0010517,2478,0,228,176,99
162,802,1149,Shamela0037458,700,623,973,272,97
162,1149,1472,Shamela0037458,706,567,891,250,99
162,896,1472,JK000110,1803,0,577,450,99
162,807,1149,JK000791,398,686,1028,271,100
162,1149,1472,JK000791,401,396,720,250,99
162,1083,1472,Shamela0000922,309,976,1375,269,86
162,888,1149,Tafsir07076,348,0,261,206,100
162,807,1149,JK007018,123,1088,1431,271,99
162,1083,1472,JK007018,124,652,1018,267,88
162,807,1154,Masaha000989,327,161,508,272,99
162,807,1472,Sham19Y0018103,3922,615,1281,521,99
162,807,1149,JK009396,280,508,850,271,100
162,1074,1472,JK009396,282,239,646,285,90
162,807,1472,Sham19Y0023608,698,591,1257,521,99
162,807,1472,Shamela0021715,10008,178,844,521,99
162,807,1149,Shamela0009231,630,300,642,271,100
162,1149,1472,Shamela0009231,633,436,760,250,99
162,807,1149,Meshkat00042488,272,516,858,271,100
162,1245,1472,Meshkat00042488,275,0,228,176,99
162,859,1149,Shamela0022371,131,0,290,229,100
162,1149,1472,Shamela0022371,132,381,705,250,99
162,1256,1472,JK000961,39,213,430,168,99
162,610,1149,Shia002356Vols,207,907,1478,352,70
162,1111,1472,Shia002356Vols,209,584,994,274,84
162,896,1472,PV2024060602,1803,0,577,450,99
162,807,1149,Sham19Y0014827,253,629,971,271,100
162,1149,1472,Sham19Y0014827,259,906,1230,250,99
162,955,1149,Shamela0008473,1132,0,194,152,100
162,1125,1472,Shamela0008473,1138,438,786,269,99
162,918,1149,Noorlib0010712,37,0,231,182,100
162,807,1444,Shamela0023591,2088,890,1526,499,99
162,969,1149,JK009266,2541,0,180,142,100
162,1149,1472,JK009266,2556,928,1252,250,99
162,807,1472,Shamela0021821,350,132,798,521,99
162,918,1267,LAL2013020402,44,95,446,269,97
162,987,1149,JK011090,14,0,161,129,99
162,807,1472,Sham19Y0018106,4001,387,1053,521,99
162,807,1149,Rafed0003793Vols,415,442,784,271,100
162,1128,1472,JK009362,1851,592,963,267,92
162,807,1199,Shamela0010463,163,1157,1548,309,99
162,1199,1472,Shamela0010463,164,0,274,212,99
162,807,1149,JK001420,223,1022,1364,271,100
162,1149,1472,JK001420,224,1096,1420,250,99
162,1256,1472,Shia000181,584,0,217,168,99
162,1125,1472,JK006478,2734,1124,1495,259,90
162,779,1149,Rafed0003943Vols,223,1083,1439,283,96
162,807,1149,Shamela0010273,466,992,1334,271,100
162,1149,1472,Shamela0010273,470,676,1000,250,99
162,807,1149,Shamela0007798,2488,454,796,271,100
162,807,1149,Shamela0012293,2560,520,862,271,100
162,779,1149,Shia002394Vols,742,756,1165,280,85
162,1143,1472,Shia002394Vols,749,7,351,254,95
162,868,1472,Sham19Y0013605,4675,0,771,468,77
162,807,1149,Sham19Y0014404,269,867,1209,271,100
162,1149,1472,Sham19Y0014404,271,227,551,250,99
162,716,1149,Meshkat00057178,963,1044,1490,302,83
162,807,1472,Masaha000554Vols,869,384,1041,512,98
162,912,1472,QuranAnalysis001,34,0,561,437,99
162,807,1256,Shamela0010013,86,673,1122,353,100
162,1011,1472,Shia000388,429,9,248,162,46
162,807,1149,Rafed0001713Vols,477,742,1084,271,100
162,1125,1472,Rafed0001713Vols,480,813,1208,269,87
162,807,1149,JK000122,66,206,548,271,100
162,807,1149,JK000122,453,717,1059,271,100
162,807,1149,JK000122,468,378,720,271,100
162,1277,1472,JK000122,1152,0,196,151,99
162,1179,1472,Tafsir04042,537,0,403,227,72
162,868,1472,Zaydiyya0000361,1113,0,605,472,99
162,807,1295,Hindawi037926480,273,1111,1598,383,99
162,1295,1472,Hindawi037926480,274,0,178,138,99
162,807,1149,Shamela0000041,552,169,511,271,100
162,1176,1472,Shamela0000041,559,0,297,229,99
162,807,1472,Shamela0001717,3782,228,893,519,99
162,779,1470,Shamela0023578,778,841,1517,531,97
162,1083,1397,Shamela0023578,788,207,549,229,87
163,578,726,Meshkat00042485,2077,1317,1619,101,42
163,1253,1516,Shamela0021766,835,778,1273,155,35
163,0,304,Shamela0021715,10008,844,1041,110,42
163,228,726,Shia002380Vols,125,209,747,210,35
163,228,726,Shia002382Vols,388,385,929,211,35
163,915,1516,Shia002382Vols,389,55,781,278,43
163,0,304,Shamela0023591,2089,29,302,220,89
163,462,842,Tafsir01006,308,701,1523,205,29
163,462,660,Rafed0001713Vols,478,679,1254,125,27
164,1218,1461,Sham19Y0020891,1353,247,545,199,80
164,1248,1510,ShamAY0036821,614,152,412,214,97
164,744,874,Meshkat00042485,2087,1014,1196,88,54
164,247,532,Shamela0001466,480,542,978,121,33
164,744,890,ShamAY0034059,1011,1264,1495,98,47
164,312,791,Shia002380Vols,126,546,820,163,39
164,744,1354,Tafsir01006,311,333,1187,339,43
164,744,1461,Shia002394Vols,751,35,1137,379,37
164,1248,1510,QuranAnalysis001,34,789,1052,218,99
165,0,622,JK009268,1319,70,693,504,99
165,184,546,Sham19Y0023618,380,502,863,292,98
165,60,382,Shamela0023628,707,1207,1529,263,100
165,184,542,Rafed0003257Vols,1476,1043,1402,292,99
165,622,923,Tafsir09084,497,275,461,145,57
165,341,577,JK009270,936,0,231,175,91
165,0,242,Rafed0003150Vols,518,171,413,196,100
165,279,434,Rafed0003150Vols,520,719,874,128,100
165,0,622,ShamAY0036821,614,412,1032,500,98
165,1222,1506,Meshkat00042485,2091,802,1059,131,54
165,184,630,JK009396,285,323,772,356,97
165,270,542,Sham19Y0023608,714,0,272,225,100
165,190,546,JK000961,41,389,745,289,99
165,190,542,Sham19Y0014827,275,946,1297,289,99
165,161,622,Shamela0008473,1149,906,1392,376,94
165,0,622,Shamela0023591,2111,414,1036,507,100
165,161,542,Shamela0021821,357,504,939,311,86
165,190,622,Rafed0003943Vols,228,118,550,352,100
165,0,476,QuranAnalysis001,34,1052,1527,390,99
165,15,382,Shamela0000041,566,121,488,300,100
165,0,768,Shamela0023578,790,184,911,551,82
166,967,1122,Meshkat00042485,2096,65,576,90,21
166,341,677,Shamela0001466,484,693,1300,198,39
166,226,595,Shamela0022769,250,632,1318,182,33
166,395,1424,Tafsir01006,313,41,1603,443,30
166,1063,1459,Rafed0001713Vols,488,737,1529,219,31
166,1075,1402,JK000876,273,181,796,161,28
167,942,1330,Shamela0008381,4482,0,386,201,51
167,902,1129,Shia001432Vols,17446,551,778,185,100
167,958,1129,Shia001432Vols,32421,435,606,139,100
167,902,1129,Shia001432Vols,32425,1125,1352,185,100
167,1129,1456,Shia001432Vols,32453,1028,1353,262,98
167,902,1178,Shamela0023632,775,247,513,191,85
167,1129,1451,Shamela0023632,779,967,1289,264,100
167,809,1108,Rafed0000040Vols,1723,1286,1583,243,99
167,902,1456,JK009268,1347,215,769,450,99
167,902,1451,Sham19Y0023618,384,392,941,449,100
167,902,1178,Shamela0023628,718,1336,1591,197,83
167,1129,1451,Shamela0023628,724,1109,1431,264,100
167,583,1129,Rafed0003257Vols,1486,356,902,450,100
167,1090,1451,Rafed0003257Vols,1498,891,1294,280,84
167,864,1169,Sham19Y0020891,1372,963,1243,197,78
167,1129,1451,Sham19Y0020891,1377,483,805,264,100
167,1129,1451,Shamela0009759,132,518,840,264,100
167,902,1129,JK009270,941,1293,1520,185,100
167,1129,1456,JK009270,943,792,1119,265,99
167,1097,1451,Shamela0005756,14663,1044,1395,269,90
167,583,1441,Sham19Y0150960,636,229,1065,659,92
167,902,1129,Meshkat0014420,964,1158,1385,185,100
167,1129,1451,Meshkat0014420,970,1203,1525,264,100
167,1129,1451,Sham19Y0016584,4513,355,675,263,99
167,1324,1451,JK006476,285,338,465,102,100
167,583,1198,ShamAY0036821,614,1032,1626,481,95
167,1198,1456,ShamAY0036821,615,0,251,199,94
167,171,537,Shamela0001466,487,102,764,186,32
167,1129,1397,Sham19Y0017768,2105,1232,1499,220,98
167,878,1178,Sham19Y0147312,439,772,1065,216,85
167,1129,1451,Sham19Y0147312,442,781,1103,264,100
167,1265,1451,Sham19Y0018176,2443,0,186,152,100
167,902,1129,Sham19Y0013550,17,114,341,185,100
167,1129,1393,Sham19Y0013550,136,1030,1294,218,100
167,878,1129,Sham19Y0013550,141,1098,1353,192,93
167,902,1129,Sham19Y0013550,400,1272,1499,185,100
167,124,378,Zaydiyya0000062,298,1236,1446,126,52
167,856,1123,Zaydiyya0000062,301,300,642,210,76
167,1129,1446,Zaydiyya0000062,302,1040,1357,260,100
167,958,1330,Shamela0006947,20159,953,1174,153,49
167,902,1129,Shamela0010517,2206,896,1123,185,100
167,902,1129,Sham19Y0132524,1490,1061,1288,185,100
167,852,1169,Shamela0037458,733,251,609,228,77
167,1059,1451,Shamela0037458,737,850,1231,279,88
167,1129,1451,JK000110,1831,618,940,264,100
167,958,1178,Shamela0021512,159,695,915,179,100
167,902,1129,JK000791,411,866,1093,185,100
167,1129,1451,JK000791,414,1142,1464,264,100
167,958,1178,JK000365,859,1280,1500,179,100
167,902,1129,Shamela0001524,300,280,507,185,100
167,852,1129,Shamela0000922,315,775,1070,207,86
167,1129,1451,Shamela0000922,317,1115,1437,264,100
167,583,1198,JK007018,127,350,980,477,92
167,1129,1451,JK007018,128,666,989,264,99
167,967,1198,JK009396,288,0,221,146,77
167,1129,1451,JK009396,290,23,345,264,100
167,902,1451,Sham19Y0023608,727,66,615,449,100
167,1129,1451,Shamela0021715,10168,236,556,263,99
167,902,1129,JK000917,333,1094,1321,185,100
167,1129,1393,JK000381,9150,536,800,218,100
167,864,1129,Shamela0009231,643,1157,1409,195,91
167,1059,1386,Shamela0009231,645,1158,1529,251,82
167,934,1129,Meshkat00042488,283,0,195,159,100
167,1278,1451,Meshkat00042488,285,0,173,141,100
167,958,1169,Shia004014Vols,170,233,445,171,99
167,1129,1451,Shamela0022371,133,316,638,264,100
167,902,1129,Zaydiyya0000367,228,823,1050,185,100
167,1129,1435,JK000961,49,484,790,251,100
167,902,1201,Shia002356Vols,215,757,1112,211,73
167,1059,1451,Shia002356Vols,216,575,1063,320,80
167,1129,1451,Shia000317Vols,10648,1157,1479,264,100
167,1129,1393,Zaydiyya0000142,2782,753,1017,218,100
167,1129,1435,Shamela0000767,3478,993,1299,251,100
167,1129,1451,PV2024060602,1831,618,940,264,100
167,583,1129,Sham19Y0014827,279,12,558,450,100
167,1129,1451,Sham19Y0014827,293,93,415,264,100
167,108,378,JK001496,424,943,1182,131,49
167,583,1129,Shamela0008473,1159,970,1516,450,100
167,1059,1451,Shamela0008473,1174,828,1340,320,76
167,508,1198,Shamela0023591,2111,1009,1650,528,92
167,1198,1456,Shamela0023591,2112,0,258,209,98
167,1133,1451,Masaha002999Vols,1379,857,1180,259,97
167,929,1190,JK009266,2622,0,242,177,84
167,1129,1451,JK009266,2641,926,1248,264,100
167,583,1435,Zaydiyya0000063,198,602,1426,669,94
167,915,1456,Shamela0021821,359,0,541,439,99
167,583,1129,LAL2013020402,52,186,720,437,97
167,1129,1393,Kraken220413194022,618,968,1231,215,97
167,1129,1435,Sham19Y0018106,4049,1237,1540,250,99
167,902,1129,Rafed0003793Vols,432,1314,1541,185,100
167,902,1129,JK000196,5529,930,1157,185,100
167,902,1123,JK009362,1888,1324,1545,180,99
167,1129,1451,JK009362,1895,710,1033,264,99
167,902,1129,Rafed0002565Vols,671,250,477,185,100
167,830,1129,JK001420,231,1087,1416,206,78
167,1129,1451,JK001420,233,217,539,264,100
167,1129,1435,Hindawi083029750,59,1065,1371,251,100
167,1129,1451,JK009257,160,158,480,264,100
167,864,1198,JK006478,2799,779,1191,235,69
167,1129,1451,JK006478,2821,514,837,264,99
167,508,1456,Rafed0003943Vols,228,523,1423,737,94
167,1018,1456,Shamela0010273,486,810,1339,312,72
167,902,1198,Shamela0007798,2554,717,1020,211,86
167,1129,1451,Shamela0007798,2572,341,671,264,97
167,18,659,Tafsir01006,314,308,1396,353,40
167,902,1129,Masaha002865,338,450,677,185,100
167,952,1129,Shamela0012293,3768,1255,1433,141,96
167,947,1129,Shamela0012293,4453,1109,1290,143,96
167,902,1129,Shia002394Vols,764,1144,1370,184,99
167,1129,1451,Shia002394Vols,769,1116,1438,264,100
167,1178,1451,Sham19Y0013605,4735,0,271,223,99
167,878,1129,Sham19Y0014404,278,655,906,204,100
167,1117,1451,Sham19Y0014404,280,312,646,266,96
167,878,1198,Meshkat00057178,986,358,714,221,73
167,1105,1451,Meshkat00057178,990,904,1260,283,97
167,878,1129,Masaha000554Vols,904,593,861,197,88
167,1301,1451,Masaha000554Vols,916,0,146,115,96
167,508,1456,QuranAnalysis001,35,119,1019,737,94
167,852,1218,Shamela0009182,232,972,1370,224,66
167,902,1451,Shamela0009182,237,754,1239,333,74
167,99,490,Rafed0001713Vols,489,450,1204,213,33
167,583,1129,Rafed0001713Vols,490,853,1399,450,100
167,1074,1451,Rafed0001713Vols,496,753,1214,296,78
167,902,1123,JK000122,181,1273,1493,180,99
167,902,1133,JK000122,228,355,586,186,99
167,902,1129,JK000122,230,263,490,185,100
167,902,1129,JK000122,237,1111,1338,185,100
167,902,1129,JK000122,332,1055,1282,185,100
167,902,1129,JK000122,448,174,401,185,100
167,1129,1451,JK000122,487,908,1230,264,100
167,902,1129,JK000122,1069,1281,1508,185,100
167,1129,1451,JK000122,1072,661,983,264,100
167,1129,1451,JK000122,1073,321,643,264,100
167,856,1198,Shamela0000041,573,593,901,227,82
167,1129,1451,Shamela0000041,577,719,1041,264,100
167,912,1123,Shia001237Vols,3716,612,823,171,100
167,508,1201,Shamela0023578,799,891,1535,530,92
167,1201,1456,Shamela0023578,800,0,255,207,98
168,997,1361,Meshkat00042485,2113,439,1025,159,30
168,638,1173,Shia002380Vols,129,771,1385,216,33
168,164,442,Zaydiyya0000021,30,356,652,222,90
168,161,484,Shia002382Vols,397,26,137,84,33
168,818,1173,Shia002382Vols,399,686,1351,181,31
168,981,1182,Rafed0001713Vols,493,1300,1602,124,49
169,286,1501,Shamela0023624,239,157,1146,290,22
169,737,1585,Sham19Y0014404,281,92,932,323,34
169,889,1307,Shamela0023578,808,1101,1470,190,49
170,10,264,Shia001432Vols,32453,1324,1538,172,83
170,521,761,Shia001432Vols,32764,626,866,192,99
170,74,264,Shamela0023632,784,218,408,155,100
170,10,453,JK009268,1347,740,1143,324,90
170,316,761,JK009268,1373,44,620,309,64
170,74,264,Sham19Y0023618,387,555,745,155,100
170,521,761,Sham19Y0023618,390,222,461,191,98
170,74,387,Shamela0023628,728,440,753,254,100
170,74,264,Rafed0003257Vols,1502,1369,1559,155,100
170,74,267,Shia004266Vols,130,551,736,151,95
170,74,272,Sham19Y0020891,1382,618,816,155,96
170,74,264,JK000362,1764,788,978,155,100
170,133,761,JK009270,955,292,917,502,98
170,74,250,PV20230913,63,1470,1645,143,99
170,264,761,Sham19Y0150960,636,1071,1507,339,84
170,74,267,ShamAY0034106,75,6,201,155,97
170,74,264,Meshkat0014420,975,480,670,155,100
170,10,264,ShamAY0036821,615,222,434,170,82
170,264,761,ShamAY0036821,630,725,1214,390,96
170,501,755,Zaydiyya0000062,306,1237,1519,206,89
170,3,264,Shamela0037458,742,972,1272,177,71
170,74,267,Shamela0021512,127,353,543,155,98
170,74,264,JK000365,560,1034,1224,155,100
170,74,267,JK000365,790,1159,1349,155,98
170,74,264,JK000365,1216,526,716,155,100
170,521,761,Shamela0000922,321,365,906,194,44
170,761,1458,JK007018,129,44,516,229,33
170,74,267,Shamela0037325,2973,1183,1373,155,98
170,74,525,JK009396,291,522,1329,332,48
170,74,264,Sham19Y0023608,735,492,682,155,100
170,74,264,Sham19Y0016953Vols,1228,978,1168,155,100
170,74,264,JK000381,2436,1014,1204,155,100
170,74,264,JK000381,2634,361,551,153,98
170,74,264,JK000381,3471,678,868,155,100
170,74,264,JK000381,5184,1303,1493,155,100
170,106,264,Shamela0004473,15739,0,158,129,100
170,74,264,Shia002356Vols,217,765,955,155,100
170,365,655,Shia002356Vols,218,673,1068,211,66
170,74,264,JK001496,432,102,292,155,100
170,74,264,Shamela0008473,1182,1282,1472,155,100
170,74,323,JK000378,269,965,1197,165,82
170,10,264,Shamela0023591,2112,229,443,172,83
170,264,761,Shamela0023591,2173,862,1358,398,99
170,10,264,Shamela0021821,359,512,726,172,83
170,525,761,Shamela0021821,367,0,236,191,100
170,74,264,Kraken220413194022,2605,254,443,150,97
170,74,264,JK000063,125,1010,1199,154,99
170,74,655,JK001110,71,491,889,318,67
170,74,264,Zaydiyya0000457,10,150,340,155,100
170,74,264,Shamela0021499,71,270,460,155,100
170,521,771,Shamela0006206,15,836,1049,147,72
170,74,264,JK000065,141,1446,1635,155,99
170,10,264,Rafed0003943Vols,228,1394,1608,172,83
170,521,761,Rafed0003943Vols,232,294,533,191,98
170,10,264,Shamela0010273,486,1310,1524,172,83
170,74,267,Shia004456Vols,4444,299,489,155,98
170,61,264,Masaha000554Vols,919,936,1139,155,92
170,10,689,QuranAnalysis001,35,990,1628,515,93
170,74,264,Shamela0006886,26,251,441,155,100
170,39,267,Rafed0001713Vols,498,109,341,182,97
170,74,278,JK001098,21,1146,1348,159,96
170,985,1183,Shamela0000041,580,580,750,88,43
170,10,264,Shamela0023578,800,226,440,172,83
170,222,761,Shamela0023578,811,81,621,405,93
171,0,111,JK009268,1369,1406,1515,66,74
171,0,244,Sham19Y0020891,1386,760,1111,110,37
171,1243,1505,Shamela0001466,500,87,559,108,25
171,0,383,ShamIbadiyya0000075,148,439,787,143,40
171,122,669,Shia002380Vols,131,900,1526,216,33
171,1080,1501,Shia002380Vols,132,126,424,162,41
171,0,244,JK001496,433,799,1154,108,36
171,1080,1358,Shamela0008473,1206,832,1171,115,31
171,1080,1395,Tafsir01006,322,133,859,126,19
171,1243,1358,Tafsir07057,1125,1078,1187,67,72
171,0,114,JK000876,279,636,749,69,76
172,828,1060,Shamela0008381,4588,1399,1630,192,99
172,987,1174,Shia001432Vols,32535,0,187,152,100
172,677,1060,Shamela0023632,792,1103,1441,253,77
172,1364,1643,Shamela0023632,801,49,328,231,100
172,828,1060,Shamela0000894,4158,553,785,192,100
172,828,1060,Shamela0000894,5908,399,631,192,100
172,828,1060,Shamela0000894,6990,732,944,175,91
172,946,1174,Hindawi013082050,117,1081,1309,187,100
172,643,1664,JK009268,1373,492,1459,756,88
172,828,1060,Sham19Y0023618,391,852,1084,192,100
172,1305,1457,Sham19Y0023618,394,0,152,125,100
172,1457,1643,Sham19Y0023618,395,928,1114,153,100
172,828,1060,Shamela0023628,737,1304,1536,192,100
172,1457,1664,Shamela0023628,750,519,727,170,99
172,1329,1623,JK000102,49,788,1221,193,51
172,828,1174,Rafed0003257Vols,1523,959,1305,284,100
172,1174,1664,Rafed0003257Vols,1543,346,838,406,99
172,1428,1664,Shamela0022593,484,561,1217,170,30
172,62,903,Tafsir09083,273,299,1051,281,30
172,107,777,Tafsir09084,524,15,601,267,36
172,828,1060,Sham19Y0020891,1394,967,1199,192,100
172,1457,1643,Sham19Y0020891,1406,557,743,153,100
172,853,1060,Shamela0009759,138,0,207,171,100
172,501,1174,JK009270,962,322,946,437,77
172,1174,1560,JK009270,965,1244,1629,321,99
172,927,1364,Sham19Y0150960,637,0,434,352,97
172,1364,1664,ShamAY0034106,78,659,1264,211,39
172,828,1060,Meshkat0014420,988,766,998,192,100
172,1300,1524,Rafed0003150Vols,580,1089,1348,185,86
172,1377,1623,Rafed0003150Vols,581,941,1438,204,49
172,927,1081,JK006476,289,1290,1447,127,98
172,1217,1479,JK006476,291,300,501,161,72
172,1364,1643,Shamela0036543,2010,838,1109,132,48
172,501,777,ShamAY0038083,59,254,537,180,68
172,677,1229,ShamAY0036821,630,1110,1603,369,80
172,1229,1560,ShamAY0036821,631,0,328,265,95
172,1153,1646,Tafsir02104,105,101,803,289,48
172,822,1060,Sham19Y0147312,448,55,293,194,98
172,501,777,Shamela0004445,1339,512,783,166,62
172,1457,1646,Shamela0022769,262,695,1258,128,27
172,961,1457,Zaydiyya0000041,26,0,225,159,35
172,946,1643,Sham19Y0013550,142,39,800,364,44
172,777,1054,Zaydiyya0000062,307,1287,1566,209,89
172,1060,1358,Zaydiyya0000062,309,675,974,245,99
172,1332,1637,Zaydiyya0000062,311,1114,1419,234,92
172,828,1060,Shamela0037458,752,1131,1363,192,100
172,333,777,Shamela0037458,752,69,464,186,41
172,828,1060,JK000791,423,554,786,192,100
172,1457,1643,JK000791,427,947,1553,148,29
172,828,1060,Shamela0000922,322,52,284,192,100
172,828,1060,JK007018,131,18,250,192,100
172,1305,1643,JK007018,132,1146,1475,243,85
172,580,769,Sham19Y0131521,3989,141,318,120,73
172,828,1060,JK009396,295,576,808,192,100
172,1364,1643,JK009396,299,591,872,231,99
172,828,1174,Sham19Y0023608,745,1069,1415,284,100
172,1174,1643,Sham19Y0023608,751,452,921,389,100
172,501,975,JK000917,363,997,1640,274,48
172,501,777,JK000465,787,663,917,165,63
172,828,1054,Shamela0009231,657,1391,1616,187,99
172,338,1060,Meshkat00042488,290,291,722,255,38
172,1174,1501,Meshkat00042488,292,239,554,241,86
172,1428,1646,Meshkat00042488,293,546,1202,171,31
172,1108,1532,Rafed0003726Vols,274,0,494,258,56
172,946,1174,Shamela0004473,2418,1094,1322,187,100
172,828,1174,Shamela0004473,5260,839,1194,284,97
172,828,1060,Shamela0004473,7516,479,711,192,100
172,828,1174,Shamela0004473,8062,1012,1358,284,100
172,1060,1364,Shamela0022371,135,828,1514,250,44
172,1428,1628,JK010729,157,1361,1561,166,99
172,828,1054,Kraken210622021811,285,1096,1312,178,94
172,677,1060,Shia002356Vols,219,750,1089,253,77
172,1117,1464,Shia002356Vols,221,521,891,254,83
172,1457,1643,Shia002356Vols,222,49,236,153,99
172,946,1174,Hindawi019272704,44,1274,1502,187,100
172,1174,1560,Tafsir04038,101,1041,1565,321,73
172,580,1060,Sham19Y0014827,302,353,1024,335,60
172,828,1060,Shamela0008473,1212,809,1041,192,100
172,1332,1643,Shamela0008473,1224,469,768,240,93
172,501,777,Sham19Y0020638,718,741,977,150,57
172,501,740,JK006474,786,374,605,153,67
172,1457,1637,JK006474,799,1297,1502,148,87
172,1364,1560,Shamela0003055,3863,413,609,163,100
172,828,1060,Shamela0003055,4501,1236,1468,192,100
172,1364,1524,Masaha002028Vols,823,1037,1260,134,71
172,643,1074,Shamela0023591,2173,1230,1603,272,74
172,1074,1560,Shamela0023591,2174,0,486,402,100
172,1457,1633,Shamela0023591,2209,1144,1322,106,58
172,828,1060,JK009266,2677,612,844,192,100
172,1415,1643,Shamela0010283,3359,21,251,182,96
172,580,777,Sham19Y0127656,546,0,184,133,77
172,1457,1623,JK000458,699,165,754,130,26
172,643,1060,Shamela0021821,367,108,468,261,74
172,1004,1457,Shamela0021821,370,510,1001,357,88
172,1423,1664,Shamela0021821,374,59,342,196,84
172,828,1060,JK009362,1920,459,690,191,99
172,1364,1643,JK009362,1934,694,975,231,99
172,828,1060,JK007070,539,231,463,192,100
172,1138,1664,JK001110,71,851,1388,421,94
172,1217,1643,Shamela0007853,22,931,1224,197,55
172,828,1060,JK001420,236,1019,1251,192,100
172,1133,1471,JK001420,238,37,736,255,43
172,828,1060,JK006478,2859,250,481,191,99
172,828,1364,Rafed0003943Vols,233,952,1488,442,100
172,1255,1664,Rafed0003943Vols,238,231,650,290,75
172,1329,1643,Zaydiyya0000148,233,696,916,173,67
172,1329,1643,Shamela0010273,502,878,1263,258,81
172,1423,1623,Shamela0010273,503,319,770,152,40
172,828,1060,Shamela0007798,2628,1002,1234,192,100
172,1312,1457,Shamela0007798,2663,254,507,119,57
172,828,1060,Shia002394Vols,783,343,575,192,100
172,1398,1664,Shia002394Vols,791,174,603,218,61
172,1329,1664,Tafsir06048,210,124,886,275,43
172,835,1060,Sham19Y0014404,284,0,225,186,100
172,1457,1643,Sham19Y0014404,286,10,517,153,36
172,726,1060,Meshkat00057178,1005,836,1228,238,70
172,1364,1643,Masaha000554Vols,942,1119,1396,225,97
172,1337,1664,JK000447,143,122,767,191,35
172,706,1664,QuranAnalysis001,36,10,909,737,93
172,946,1174,Hindawi047174958,96,448,676,187,100
172,903,1174,Hindawi047174958,101,295,566,223,100
172,828,1060,Shamela0009182,247,246,478,192,100
172,777,1060,Rafed0001713Vols,504,1019,1300,214,92
172,1138,1457,Rafed0001713Vols,507,278,657,259,82
172,1457,1643,Rafed0001713Vols,509,28,215,153,99
172,828,1060,JK000122,707,521,753,192,100
172,828,1060,Shamela0000432,1016,568,800,192,100
172,946,1174,Shamela0000432,5719,147,467,187,71
172,1457,1623,Tafsir02094,726,20,256,109,50
172,623,1060,Shamela0000041,587,717,1289,329,67
172,1398,1664,Shamela0000041,595,674,977,219,87
172,643,1364,Shamela0023578,811,493,1157,511,84
172,1316,1664,Shamela0023578,825,82,457,286,92
173,362,1196,Sham19Y0014404,284,583,1585,348,36
174,397,984,Shamela0023632,801,83,328,202,41
174,207,984,Sham19Y0023618,395,339,1114,265,30
174,391,1019,Shamela0023628,750,108,731,247,36
174,397,1019,Rafed0003257Vols,1543,570,842,216,42
174,207,955,Tafsir09083,275,670,1441,265,32
174,604,984,Sham19Y0020891,1406,557,743,153,48
174,604,1019,ShamAY0034106,78,1015,1268,167,46
174,316,1019,Tafsir02104,105,379,901,248,37
174,505,984,Sham19Y0013550,142,404,800,188,42
174,397,978,Zaydiyya0000062,311,1178,1419,197,40
174,537,1019,Zaydiyya0000062,312,638,1336,234,35
174,408,984,JK000791,427,668,1553,230,27
174,537,984,JK007018,132,1253,1475,178,48
174,397,984,Sham19Y0023608,751,676,921,202,41
174,397,984,Meshkat00042488,293,356,1199,194,23
174,537,969,JK010729,157,1361,1561,166,45
174,604,1431,Shia002356Vols,222,49,1357,330,27
174,872,1540,Tafsir04038,102,4,457,191,31
174,604,1540,Shia002380Vols,134,113,876,346,35
174,397,984,Shamela0008473,1224,523,768,202,41
174,964,1449,Shia002382Vols,411,338,789,168,33
174,505,978,JK006474,799,998,1502,196,35
174,505,984,Shamela0010283,3359,17,251,193,48
174,537,984,JK009362,1934,759,975,178,47
174,604,984,Shamela0007853,22,1037,1224,153,48
174,25,1070,Tafsir08060,102,740,1576,375,36
174,397,1019,Rafed0003943Vols,238,382,654,216,42
174,397,984,Shamela0010273,502,1018,1263,202,41
174,747,1362,Tafsir01006,326,96,1580,327,26
174,964,1355,Shia002394Vols,792,419,1019,172,34
174,604,1019,Sham19Y0014404,286,10,723,229,38
174,524,817,Meshkat00057178,1011,730,1139,129,29
174,537,984,Masaha000554Vols,942,1183,1396,175,47
174,397,1019,QuranAnalysis001,36,642,913,219,42
174,964,1540,Rafed0001713Vols,510,254,1263,255,27
174,356,1009,Shamela0000041,595,589,1611,252,26
174,397,1019,Shamela0023578,825,190,461,219,42
174,537,1004,JK000876,284,815,1539,249,37
175,418,652,Shamela0008381,1288,0,254,178,87
175,629,1113,Shia001432Vols,2471,1115,1600,396,99
175,1113,1352,Shia001432Vols,2472,0,242,179,93
175,763,995,Shia001432Vols,2775,0,239,189,96
175,629,975,Shia001432Vols,7087,459,806,284,99
175,375,652,Shia001432Vols,25316,386,668,217,96
175,629,869,JK000370,195,1165,1337,134,67
175,375,629,Shamela0023632,808,22,276,205,100
175,629,975,Shamela0023632,815,792,1138,285,100
175,260,629,Shamela0000894,157,314,710,235,73
175,383,958,JK009268,1390,1148,1722,469,99
175,958,1352,JK009268,1391,0,398,305,96
175,375,652,Sham19Y0023618,399,70,356,216,94
175,629,1002,Sham19Y0023618,400,505,903,299,91
175,863,1302,Sham19Y0023618,401,1088,1553,289,70
175,375,652,Shamela0023628,756,68,342,214,96
175,707,1133,Shamela0023628,772,21,445,346,99
175,375,629,Rafed0003257Vols,1559,62,316,205,100
175,629,975,Rafed0003257Vols,1565,644,990,285,100
175,798,1087,Rafed0003257Vols,1568,561,1730,220,23
175,760,975,Shamela0007567,20,797,1012,177,100
175,834,975,Tafsir09084,549,824,1279,116,30
175,375,640,Sham19Y0020891,1411,1071,1336,205,96
175,727,995,Sham19Y0020891,1419,869,1620,209,33
175,375,652,Shamela0009759,143,164,438,214,96
175,354,629,JK009270,969,1161,1425,208,93
175,694,983,JK009270,974,0,291,235,98
175,375,629,Shamela0005756,1816,197,451,205,100
175,454,629,Shamela0005756,1817,0,175,141,100
175,383,640,Sham19Y0150960,637,452,710,201,95
175,629,782,Sham19Y0150960,857,616,769,126,100
175,469,629,Sham19Y0150960,1319,0,160,129,100
175,375,629,Meshkat0014420,1006,353,606,205,99
175,738,975,Meshkat0014420,1015,346,598,186,88
175,707,911,Rafed0003150Vols,606,767,971,169,100
175,775,1048,Rafed0003150Vols,607,309,971,216,40
175,375,609,Sham19Y0016584,373,1306,1539,189,99
175,563,718,JK006476,294,1101,1262,128,96
175,718,878,JK006476,295,933,1103,128,91
175,582,1043,JK006476,296,313,777,213,50
175,841,1203,JK006476,297,66,654,263,52
175,760,1033,Shia001626Vols,476,15,288,224,100
175,383,629,ShamAY0036821,639,812,1057,196,98
175,629,975,ShamAY0036821,643,831,1243,282,82
175,640,931,ShamAY0036821,645,892,1464,166,34
175,983,1352,ShamAY0036821,646,1181,1551,283,95
175,354,629,Sham19Y0147312,456,847,1113,212,95
175,707,995,Sham19Y0147312,459,277,791,226,53
175,375,629,Sham19Y0018176,169,775,1029,205,100
175,760,975,Sham19Y0013550,44,22,237,177,100
175,375,629,Sham19Y0013550,142,1184,1438,205,100
175,161,652,Zaydiyya0000062,314,0,445,272,68
175,629,989,Zaydiyya0000062,316,98,466,289,95
175,775,931,Shamela0006947,3418,123,279,129,100
175,629,798,Shamela0006947,3679,547,716,139,100
175,325,652,Shamela0037458,765,773,1078,226,86
175,760,995,Shamela0037458,775,498,728,184,95
175,1073,1282,Shamela0037458,780,600,1158,165,37
175,375,629,JK000110,70,275,529,205,100
175,375,652,JK000791,430,1242,1527,216,94
175,788,995,JK000791,435,0,213,161,92
175,629,1125,Shamela0023833,362,374,1146,406,64
175,144,636,Shamela0000922,326,871,1275,253,65
175,606,1002,Shamela0000922,328,17,1172,313,33
175,760,975,Tafsir07076,1205,356,571,177,100
175,375,640,Sham19Y0013667,676,1091,1361,209,95
175,375,646,JK007018,133,916,1201,212,92
175,629,975,JK007018,134,898,1250,284,98
175,975,1352,JK007018,135,0,593,288,61
175,375,629,Sham19Y0018103,428,587,841,205,100
175,629,1002,JK009396,303,448,844,301,92
175,754,931,Sham19Y0023608,519,41,218,142,96
175,375,629,Sham19Y0023608,762,608,862,205,100
175,629,975,Sham19Y0023608,766,934,1280,285,100
175,1125,1332,Sham19Y0023608,772,1199,1406,163,100
175,375,640,Shamela0021715,689,833,1098,207,97
175,1346,1580,Shamela0021715,691,0,270,185,84
175,760,975,Shamela0009637,55,201,416,177,100
175,375,629,JK000917,378,897,1151,205,100
175,829,975,JK000381,4838,0,146,120,100
175,375,629,Shamela0009231,665,397,651,205,100
175,694,975,Shamela0009231,667,54,642,230,47
175,144,652,Meshkat00042488,295,442,853,249,53
175,675,995,Meshkat00042488,297,50,705,240,44
175,375,629,Shamela0021537,2853,1189,1443,205,100
175,260,707,Rafed0003726Vols,274,671,1060,177,44
175,925,1362,Shamela0004473,6765,76,473,200,54
175,754,975,Shamela0004473,12850,155,376,178,97
175,754,975,Shamela0004473,14136,385,606,178,97
175,760,1125,Shamela0004473,14161,96,472,298,97
175,760,975,Shamela0022371,136,1355,1570,177,100
175,260,629,Shamela0022371,136,470,881,233,64
175,819,1125,Shamela0022371,137,319,991,169,29
175,260,640,Shia002356Vols,223,379,730,234,74
175,629,975,Shia002356Vols,224,1022,1367,284,99
175,375,629,Zaydiyya0000142,1910,195,449,204,99
175,481,760,Tafsir04038,102,1185,1568,225,71
175,760,975,Shamela0009918,1764,473,686,175,99
175,819,1178,Shia002380Vols,136,995,1497,266,65
175,375,629,PV2024060602,70,275,529,205,100
175,375,629,Sham19Y0014827,305,334,587,205,99
175,760,975,Tafsir02102,146,337,551,176,99
175,854,975,Shamela0008473,430,0,121,99,100
175,438,640,Shamela0008473,1232,0,202,157,96
175,395,743,Shamela0008473,1249,1164,1534,283,93
175,743,975,Shamela0008473,1250,0,232,191,100
175,869,1225,Shamela0008473,1251,49,569,280,67
175,738,1125,Masaha002028Vols,824,0,661,316,58
175,354,629,Shamela0023591,2210,498,763,210,94
175,629,1002,Shamela0023591,2229,501,886,302,95
175,975,1352,Shamela0023591,2238,243,623,293,97
175,375,646,JK009266,2702,869,1142,210,95
175,760,975,JK009266,2712,1066,1281,177,100
175,629,1125,Shamela0010283,3359,425,1166,406,66
175,375,640,Zaydiyya0000063,199,590,858,198,91
175,260,652,Shamela0021821,376,782,1332,256,57
175,760,995,Shamela0021821,380,0,251,182,87
175,954,1352,Shamela0021821,380,1053,1482,309,90
175,375,640,Sham19Y0018106,312,1158,1423,207,97
175,629,834,Shia002389Vols,510,231,546,169,65
175,375,646,JK009362,1942,496,763,206,93
175,760,975,JK009362,1955,1300,1515,177,100
175,375,629,Shamela0010463,202,1030,1284,205,100
175,449,640,JK001420,241,0,191,148,96
175,629,995,JK001420,242,41,690,291,54
175,954,1332,JK001420,243,543,1313,293,47
175,375,629,Shia000181,21,547,801,205,100
175,375,652,Shia000209,128,871,1173,215,89
175,375,646,JK006478,2882,1045,1326,213,93
175,760,995,JK006478,2893,581,823,185,93
175,375,629,Sham19Y0013252,851,997,1251,205,100
175,354,1125,Rafed0003943Vols,239,650,1411,616,98
175,1125,1352,Rafed0003943Vols,242,0,230,169,93
175,375,633,Shamela0010273,506,355,613,206,99
175,760,995,Shamela0010273,509,1129,1363,184,95
175,375,629,Shamela0007798,2677,936,1190,205,100
175,769,975,Shamela0007798,2707,0,206,170,100
175,760,975,JK000805,53,279,493,174,98
175,661,975,Shia002394Vols,800,223,616,221,62
175,798,975,Tafsir06048,213,749,1322,146,30
175,375,629,Sham19Y0013605,689,698,952,205,100
175,629,791,JK001131,280,635,797,132,99
175,260,652,Sham19Y0014404,287,408,785,272,83
175,629,995,Sham19Y0014404,290,538,1179,285,54
175,375,652,Meshkat00057178,1017,54,338,215,93
175,727,1002,Meshkat00057178,1023,969,1347,217,69
175,383,629,Masaha000554Vols,949,485,730,196,98
175,760,969,Masaha000554Vols,955,1098,1311,171,97
175,629,931,JK000447,146,420,1408,183,22
175,375,646,Shamela0008612,138,485,758,207,93
175,354,942,QuranAnalysis001,36,1076,1653,468,97
175,942,1352,QuranAnalysis001,37,0,413,320,97
175,629,798,Shamela0007380,210,408,577,139,100
175,150,646,Rafed0001713Vols,511,1132,1551,262,64
175,760,978,Rafed0001713Vols,515,326,544,177,99
175,375,633,JK000122,204,601,859,206,99
175,375,629,JK000122,215,117,371,205,100
175,350,629,JK000122,353,891,1190,221,91
175,375,633,JK000122,367,411,669,206,99
175,375,629,JK000122,434,722,976,205,100
175,754,995,JK000122,985,1095,1337,184,92
175,375,629,JK000122,1114,352,606,205,100
175,760,975,Shamela0000432,4410,187,402,177,100
175,629,798,JK001001,123,363,532,139,100
175,760,975,Tafsir07057,214,901,1116,177,100
175,760,975,Tafsir07057,2343,1118,1333,177,100
175,375,629,Tafsir04056,1863,507,761,205,100
175,211,652,Shamela0000041,601,484,843,243,67
175,629,1002,Shamela0000041,612,811,1208,299,91
175,798,1125,Shamela0000041,613,658,1158,243,60
175,260,1352,Shamela0023578,831,345,1373,802,89
175,798,1040,Shamela0023578,844,871,1251,193,61
175,375,629,Noorlib0010584,31,898,1152,205,100
176,1237,1569,Shia001432Vols,2471,1086,1413,250,90
176,1274,1569,Shia001432Vols,7087,459,756,243,98
176,1274,1514,JK000370,195,1165,1337,134,67
176,1274,1569,Shamela0023632,815,792,1088,244,99
176,1237,1569,JK009268,1390,1372,1690,261,95
176,1274,1569,Sham19Y0023618,400,505,801,244,99
176,1352,1569,Shamela0023628,772,21,239,180,99
176,1274,1569,Rafed0003257Vols,1565,644,940,244,99
176,1443,1569,Rafed0003257Vols,1568,561,1212,105,19
176,1405,1569,Shamela0007567,20,797,962,136,99
176,1372,1569,Sham19Y0020891,1419,869,1538,163,29
176,1339,1569,JK009270,974,0,231,191,99
176,1274,1427,Sham19Y0150960,857,616,769,126,100
176,1383,1569,Meshkat0014420,1015,346,548,145,85
176,1352,1556,Rafed0003150Vols,606,767,971,169,100
176,1363,1523,JK006476,295,933,1103,128,91
176,1313,1479,JK006476,296,833,1384,135,29
176,1405,1569,Shia001626Vols,476,15,180,136,99
176,1274,1569,ShamAY0036821,643,831,1193,241,80
176,1285,1569,ShamAY0036821,645,892,1458,161,33
176,1352,1569,Sham19Y0147312,459,277,714,180,49
176,1405,1569,Sham19Y0013550,44,22,187,136,99
176,1265,1569,Zaydiyya0000062,316,89,396,247,95
176,1420,1569,Shamela0006947,3418,123,273,124,99
176,1274,1443,Shamela0006947,3679,547,716,139,100
176,1405,1569,Shamela0037458,775,498,663,136,99
176,1433,1569,JK000791,435,0,137,113,99
176,1274,1569,Shamela0023833,362,374,684,244,95
176,1237,1569,Shamela0000922,328,17,1072,258,29
176,1405,1569,Tafsir07076,1205,356,521,136,99
176,1274,1569,JK007018,134,898,1200,243,97
176,1274,1569,JK009396,303,448,744,244,99
176,1399,1569,Sham19Y0023608,519,41,212,137,95
176,1274,1569,Sham19Y0023608,766,934,1230,244,99
176,237,515,Shamela0021715,690,203,572,174,56
176,0,529,Shamela0021715,691,270,619,250,55
176,1405,1569,Shamela0009637,55,201,366,136,99
176,1339,1569,Shamela0009231,667,54,592,189,42
176,1320,1569,Meshkat00042488,297,50,635,200,41
176,1399,1569,Shamela0004473,12850,155,326,137,95
176,1399,1569,Shamela0004473,14136,385,556,137,95
176,1405,1569,Shamela0004473,14161,96,261,136,99
176,1405,1569,Shamela0022371,136,1355,1520,136,99
176,1274,1569,Shia002356Vols,224,1022,1317,243,99
176,1405,1569,Shamela0009918,1764,473,636,134,98
176,1405,1569,Tafsir02102,146,337,501,135,98
176,1388,1569,Shamela0008473,1250,0,182,150,99
176,1383,1569,Masaha002028Vols,824,0,201,154,92
176,1274,1569,Shamela0023591,2229,501,797,244,99
176,1405,1569,JK009266,2712,1066,1231,136,99
176,1274,1569,Shamela0010283,3359,425,721,244,99
176,1405,1569,Shamela0021821,380,0,165,136,99
176,1274,1479,Shia002389Vols,510,231,546,169,65
176,1405,1569,JK009362,1955,1300,1465,136,99
176,1274,1569,JK001420,242,41,614,242,50
176,1405,1569,JK006478,2893,581,746,136,99
176,1237,1569,Rafed0003943Vols,239,892,1211,262,95
176,1405,1569,Shamela0010273,509,1129,1294,136,99
176,1414,1569,Shamela0007798,2707,0,156,129,99
176,1306,1569,Shia002394Vols,800,223,566,180,57
176,1274,1436,JK001131,280,635,797,132,99
176,1274,1569,Sham19Y0014404,290,538,1109,237,50
176,1372,1569,Meshkat00057178,1023,969,1235,163,74
176,1405,1569,Masaha000554Vols,955,1098,1263,135,98
176,1274,1569,JK000447,146,420,1402,178,21
176,1237,1569,QuranAnalysis001,36,1318,1637,262,95
176,1274,1443,Shamela0007380,210,408,577,139,100
176,1405,1569,Rafed0001713Vols,515,326,491,136,99
176,1399,1569,JK000122,985,1095,1266,137,95
176,1405,1569,Shamela0000432,4410,187,352,136,99
176,1274,1443,JK001001,123,363,532,139,100
176,1405,1569,Tafsir07057,214,901,1066,136,99
176,1405,1569,Tafsir07057,2343,1118,1283,136,99
176,1265,1569,Shamela0000041,612,796,1107,248,96
176,1237,1569,Shamela0023578,831,624,943,262,95
177,407,769,ShamAY0037152,864,71,433,292,100
177,0,188,Shia001432Vols,2471,1413,1600,152,99
177,188,720,Shia001432Vols,2472,0,532,426,99
177,407,664,Shia001432Vols,11017,1324,1580,207,99
177,167,566,Shamela0023632,821,987,1521,276,65
177,575,769,Shamela0023632,824,1057,1251,155,100
177,769,1004,Shamela0023632,827,243,478,195,100
177,33,1004,JK009268,1391,0,979,777,98
177,1028,1308,JK009268,1411,0,280,227,100
177,50,377,Sham19Y0023618,401,1227,1553,260,99
177,575,769,Sham19Y0023618,404,1090,1284,155,100
177,769,1004,Sham19Y0023618,406,603,838,195,100
177,411,891,Shia004030Vols,901,0,803,385,59
177,407,769,Shia004030Vols,907,720,1081,291,99
177,622,891,Shia004030Vols,1092,125,570,214,59
177,0,208,Shamela0023628,772,239,445,166,98
177,219,424,Shamela0023628,777,474,792,137,54
177,596,891,Shamela0023628,780,0,300,239,98
177,575,769,Rafed0003257Vols,1581,198,392,155,100
177,668,1004,Rafed0003257Vols,1582,899,1488,276,56
177,575,769,Sham19Y0020891,1433,60,254,155,100
177,340,1085,Sham19Y0020966,97,53,603,310,43
177,289,769,JK009270,979,890,1370,386,100
177,769,1223,JK009270,983,1104,1556,372,99
177,769,1004,Meshkat0014420,1033,142,377,195,100
177,0,278,JK006476,297,149,654,206,49
177,58,439,ShamAY0036821,646,1181,1559,299,98
177,439,884,ShamAY0036821,647,0,444,349,96
177,1416,1585,Meshkat00042485,2161,240,449,131,76
177,769,1004,Sham19Y0147312,465,818,1180,195,64
177,769,998,Shamela0009698,48,415,643,190,99
177,148,357,Shamela0037458,780,600,1158,165,37
177,527,772,Shamela0037458,784,193,439,183,94
177,0,200,Shamela0023833,362,684,1146,162,43
177,407,769,Shamela0023833,607,542,885,255,85
177,407,720,Sham19Y0009800,675,645,958,254,100
177,407,714,JK009313,1782,1339,1645,249,99
177,50,610,JK007018,135,0,767,424,68
177,769,1004,JK007018,136,481,719,195,98
177,407,784,Shia003744Vols,87,111,811,304,53
177,622,1195,Shia003744Vols,88,468,1293,464,68
177,148,575,JK009396,304,584,968,251,73
177,566,769,JK009396,305,442,645,160,98
177,769,1004,JK009396,306,177,412,195,100
177,200,407,Sham19Y0023608,772,1199,1406,163,100
177,407,645,Sham19Y0023608,776,1333,1570,192,99
177,769,1004,Sham19Y0023608,780,1237,1472,195,100
177,625,1107,ShamIbadiyya0000075,156,347,1263,381,50
177,1004,1308,Shamela0004473,2559,803,1107,246,100
177,0,327,Shamela0004473,6765,76,418,189,67
177,0,575,Shamela0004473,14161,261,651,295,62
177,515,769,Shia002356Vols,228,522,824,202,83
177,726,1298,Shia002356Vols,229,152,1124,430,54
177,769,1195,Tafsir04038,104,148,987,311,44
177,0,253,Shia002380Vols,136,1116,1497,199,65
177,319,638,Shia002380Vols,137,558,1355,247,38
177,407,1199,Shia003692,225,188,1212,604,71
177,407,891,Shia001186,483,234,1048,388,58
177,0,300,Shamela0008473,1251,105,569,234,63
177,253,575,Shamela0008473,1260,856,1231,256,84
177,407,769,Shamela0008473,1265,274,1023,292,48
177,769,1004,Shamela0008473,1266,1010,1245,195,100
177,575,769,Shamela0008473,1628,932,1126,155,100
177,575,769,Shamela0008473,4072,785,979,155,100
177,1416,1578,Shia002382Vols,416,41,240,125,76
177,0,200,Masaha002028Vols,824,201,661,162,43
177,407,769,Masaha002028Vols,1247,1053,1393,256,85
177,50,884,Shamela0023591,2238,243,1077,671,100
177,1004,1308,Shamela0023591,2257,254,558,246,100
177,521,769,JK009266,2728,248,680,198,57
177,0,200,Shamela0010283,3359,721,1166,162,44
177,407,769,Shamela0010283,3518,291,653,292,100
177,29,553,Shamela0021821,380,1053,1604,420,94
177,553,769,Shamela0021821,381,0,216,172,100
177,726,1004,Shamela0021821,385,14,360,227,80
177,407,818,Masaha000001Vols,173,854,1600,332,54
177,622,884,Shia001122Vols,177,34,484,213,58
177,407,884,Shia002389Vols,515,429,1230,386,59
177,769,1004,JK009362,1971,11,248,195,99
177,521,1199,Shia001174Vols,1489,0,921,349,40
177,29,418,JK001420,243,543,1324,292,47
177,720,998,JK001420,244,735,1217,201,51
177,622,884,PV2024060601,177,34,484,213,58
177,0,200,Rafed0003943Vols,239,1211,1411,162,100
177,200,622,Rafed0003943Vols,242,0,422,337,100
177,622,1098,Rafed0003943Vols,243,1158,1633,389,99
177,553,769,Zaydiyya0000148,269,4,215,160,93
177,622,845,Shamela0010273,515,1328,1550,181,99
177,845,1004,Shamela0010273,516,0,159,132,100
177,407,632,Shamela0007798,578,1304,1528,182,99
177,1291,1585,Tafsir01006,329,577,1092,201,47
177,622,884,Shia002394Vols,811,162,599,211,59
177,645,1047,Tafsir06048,216,684,1526,274,38
177,407,769,Shia001265,115,976,1380,292,89
177,17,1308,QuranAnalysis001,37,0,1291,1044,100
177,469,769,Rafed0001713Vols,522,615,1090,241,63
177,622,934,Rafed0001713Vols,523,1359,1627,166,63
177,622,1004,Shia001121,15,316,858,313,70
177,357,578,Noorlib0005343,47,74,295,178,99
177,0,200,Shamela0000041,613,899,1158,160,76
177,289,575,Shamela0000041,617,199,697,231,57
177,845,1158,Shamela0000041,621,364,670,246,96
177,0,622,Shamela0023578,831,943,1565,499,100
177,622,1308,Shamela0023578,850,268,954,559,100
177,407,772,Zaydiyya0000388,28,572,928,287,97
177,582,772,Zaydiyya0000388,339,540,736,142,86
178,84,373,ShamIbadiyya0000193,633,62,460,127,36
178,84,298,Tafsir09050,646,1226,1586,107,36
178,113,477,Tafsir09083,280,566,1364,154,22
178,292,745,Tafsir09084,549,654,1289,201,32
178,520,937,JK006476,297,43,524,198,45
178,240,735,Sham19Y0014592,1949,371,1020,161,26
178,17,307,Zaydiyya0000062,316,1152,1567,144,41
178,17,763,Tafsir02011,325,347,1273,239,24
178,552,758,Tafsir07076,1817,273,1220,70,8
178,17,310,Meshkat00042488,297,727,1136,127,35
178,113,926,Shia002380Vols,136,523,1286,320,36
178,17,202,JK001496,445,861,1444,131,28
178,292,528,Shamela0008473,1250,1136,1440,112,40
178,113,926,Shia002382Vols,416,240,1200,337,34
178,116,869,Tafsir08060,104,34,720,263,32
178,0,373,Tafsir01006,329,1100,1622,208,44
178,17,425,Shia002394Vols,800,817,1462,231,41
178,113,585,Sham19Y0014404,290,1164,1594,189,43
178,450,679,JK000447,146,1271,1473,85,35
178,261,937,Shamela0000041,613,475,1109,281,41
178,17,163,JK000876,287,1181,1532,101,35
179,713,1284,Tafsir01006,332,944,1411,232,44
179,1007,1284,Rafed0001713Vols,522,1210,1450,128,50
180,639,968,ShamIbadiyya0000193,641,893,1509,185,35
180,639,968,Tafsir09050,655,886,1492,185,35
180,52,204,Tafsir09084,556,121,314,116,77
180,703,915,Sham19Y0020891,1437,351,656,134,48
180,0,425,Meshkat00042485,2174,1156,1469,100,21
180,422,1084,JK000818,112,46,617,292,46
180,52,968,ShamIbadiyya0000075,156,487,1091,308,37
180,703,915,JK001496,451,51,392,130,42
180,58,478,Tafsir02102,902,263,762,171,37
180,52,505,Shamela0008473,1266,572,1086,209,41
180,1237,1405,Shia003961Vols,1652,608,803,124,79
180,925,1272,Tafsir08060,106,15,264,115,35
180,0,578,Tafsir01006,333,602,1115,191,29
180,1110,1537,Tafsir01006,334,580,1152,264,51
180,223,586,Sham19Y0014404,293,458,1065,210,40
180,382,968,JK000876,292,0,907,316,41
181,324,843,JK000330,222,0,519,422,100
181,369,658,Shamela0008381,651,28,311,204,87
181,214,619,Shia001432Vols,2472,547,952,328,100
181,747,1034,Shia001432Vols,7087,825,1113,232,99
181,538,828,Shia001432Vols,9808,855,1377,234,55
181,538,828,Shia001432Vols,10388,649,1070,215,63
181,544,828,Shia001432Vols,12131,0,415,210,63
181,449,747,Shamela0023632,833,592,888,241,99
181,658,999,Shamela0023632,834,1136,1587,242,67
181,88,1179,JK009268,1411,191,1228,844,95
181,214,619,Sham19Y0023618,409,499,903,327,99
181,747,1228,Sham19Y0023618,411,397,836,258,53
181,566,843,Shamela0023628,792,0,276,224,99
181,843,1034,Shamela0023628,795,838,1029,155,100
181,843,1179,Shamela0023628,796,371,1492,240,26
181,214,1203,Rafed0003257Vols,1597,21,1006,793,98
181,84,623,Sham19Y0020891,1442,52,575,356,79
181,351,619,JK000362,30,0,268,218,100
181,214,555,JK000362,558,1226,1566,277,99
181,214,623,JK009270,988,980,1390,331,99
181,619,893,JK009270,990,1279,1552,222,99
181,893,1090,JK009270,991,0,189,132,78
181,449,619,Meshkat0014420,1044,378,548,138,100
181,843,1034,Meshkat0014420,1050,701,892,155,100
181,449,747,JK006476,304,889,1315,243,69
181,363,792,Shamela0030842,6,16,848,257,36
181,214,619,JK000101,72,86,491,328,100
181,88,619,ShamAY0036821,649,516,989,381,88
181,619,1214,ShamAY0036821,652,164,738,460,95
181,214,689,JK000373,106,1037,1511,384,99
181,218,843,Shamela0009924,91,269,894,507,100
181,363,619,JK000081,276,1144,1646,205,50
181,169,847,Shamela0001466,522,384,1106,528,88
181,449,619,Sham19Y0147312,468,457,804,138,48
181,299,613,Zaydiyya0000062,324,843,1231,250,79
181,843,1034,Shamela0037458,800,842,1033,155,100
181,843,1034,JK000791,448,808,999,155,100
181,369,619,Shamela0000922,336,33,514,163,38
181,214,623,JK007018,137,540,957,323,95
181,454,619,Zaydiyya0000075BK22,10,1172,1337,134,100
181,88,843,Shamela0037325,2641,443,1144,569,92
181,135,792,Shamela0037325,2664,952,1607,490,91
181,214,619,JK009396,308,766,1171,328,100
181,843,1190,JK009396,311,92,439,278,97
181,214,594,Shamela0011216,17,1206,1585,308,99
181,214,619,Sham19Y0023608,787,540,944,327,99
181,843,1034,Sham19Y0023608,794,236,427,155,100
181,843,1047,Sham19Y0016953Vols,923,711,917,160,96
181,843,1276,Sham19Y0016953Vols,1554,793,1096,225,61
181,214,847,JK000381,3439,608,1241,511,99
181,214,843,JK000381,3558,179,808,510,100
181,214,843,JK000381,5340,118,747,510,100
181,195,747,JK000381,5744,385,936,438,98
181,843,1047,Kraken220228162440,64,41,253,159,92
181,747,977,Meshkat00042488,305,902,1132,184,100
181,923,1190,Rafed0003726Vols,6,377,644,213,97
181,88,759,Shamela0004473,2559,1018,1634,501,91
181,759,1317,Shamela0004473,2560,0,501,364,80
181,923,1179,Shamela0004473,2564,230,656,211,60
181,299,619,Shia002356Vols,231,113,361,187,70
181,923,1179,Noorlib0015842,11,19,282,211,97
181,658,1179,Shia002380Vols,141,292,1106,338,45
181,214,619,JK001496,453,0,407,328,99
181,275,623,Shamela0008473,1278,0,348,281,99
181,747,1218,Shamela0008473,1284,1035,1473,319,82
181,843,1034,Shamela0008473,2263,570,761,155,100
181,723,1179,Hindawi040635716,212,311,790,347,87
181,88,619,Shamela0023591,2257,469,945,386,89
181,619,1214,Shamela0023591,2267,870,1449,467,96
181,449,619,JK009266,2755,754,924,138,100
181,843,1034,JK009266,2767,48,239,155,100
181,202,619,Shamela0021821,388,1082,1497,333,98
181,658,1034,Shamela0021821,390,720,1242,306,72
181,214,619,Kraken220413194022,493,698,1102,324,97
181,538,843,Shia002389Vols,537,196,780,247,52
181,843,1034,JK009362,1994,1117,1314,155,96
181,613,1179,JK001110,72,344,725,305,65
181,538,843,Shia001174Vols,5140,787,1364,247,52
181,214,843,Shamela0021499,37,315,944,510,100
181,466,747,JK001420,246,542,1017,229,59
181,843,1034,JK001420,247,622,813,155,100
181,214,623,JK000065,436,1105,1514,329,99
181,843,1276,Shamela0022653,346,208,502,226,64
181,439,619,JK006478,2940,1018,1198,142,96
181,843,1034,JK006478,2952,1253,1444,155,100
181,538,843,Rafed0003943Vols,247,0,304,246,99
181,792,1214,Rafed0003943Vols,249,374,802,312,86
181,214,619,Shamela0010273,521,753,1157,327,99
181,497,1034,Shamela0010273,523,513,1183,380,70
181,70,311,Tafsir01006,335,19,641,188,37
181,303,843,Shamela0012293,281,0,540,439,100
181,481,843,Shamela0012293,1101,0,362,294,100
181,88,843,Sham19Y0020642,412,93,794,569,92
181,35,406,Sham19Y0014404,295,384,829,248,65
181,449,590,Sham19Y0014404,296,64,454,115,36
181,843,1276,JK000379,103,852,1146,226,64
181,513,1214,QuranAnalysis001,38,0,686,554,97
181,843,1034,Shamela0011288,4,1352,1543,155,100
181,156,623,Rafed0001713Vols,528,825,1358,354,81
181,804,1047,Rafed0001713Vols,533,314,560,168,84
181,843,1034,Shamela0095735,507,385,576,155,100
181,214,619,JK001414,483,1117,1523,327,99
181,747,977,Tafsir04056,15,1261,1491,184,100
181,195,747,JK006950,48,605,1156,438,98
181,792,1034,Shamela0000041,629,1189,1528,196,70
181,88,619,Shamela0023578,850,865,1341,386,89
181,579,1214,Shamela0023578,861,670,1361,491,84
182,1180,1562,JK000436,56,340,970,176,32
182,464,1059,Zaydiyya0000062,325,494,1593,237,22
182,458,894,JK000465,825,117,651,179,34
182,160,1056,JK000818,113,622,1235,286,35
182,78,645,Meshkat00042488,304,741,1414,198,28
182,464,668,Tafsir02102,923,770,1213,103,26
182,458,1294,Tafsir08060,107,444,1079,310,40
182,1315,1562,JK001329,327,652,1249,138,28
182,73,697,Sham19Y0014404,296,158,753,176,24
182,470,668,Tafsir08090,409,47,532,105,27
183,1378,1571,Shia001432Vols,6255,710,905,154,98
183,1378,1571,Shia001432Vols,21348,1301,1495,154,98
183,1438,1571,Shia002185Vols,545,227,361,106,99
183,1378,1571,Shamela0023632,838,751,945,155,99
183,1438,1571,Rafed0002679Vols,755,764,898,106,99
183,1378,1534,JK009268,1429,1496,1651,125,99
183,1269,1571,Sham19Y0023618,413,844,1125,176,73
183,1378,1571,Shamela0023628,798,1038,1232,155,99
183,1409,1571,Sham19Y0020891,1458,375,527,113,87
183,1269,1571,JK009270,993,650,874,178,72
183,1269,1571,ShamAY0034106,82,1033,1316,184,68
183,1438,1571,Meshkat0014420,1056,1409,1543,106,99
183,1438,1571,Shamela0005550,98,1075,1209,106,99
183,1378,1571,Shamela0001397,447,561,779,155,88
183,1438,1571,Sham19Y0014592,76,381,515,106,99
183,1438,1571,Zaydiyya0000062,328,1382,1518,106,97
183,1438,1571,JK000791,450,1404,1538,106,99
183,1378,1571,JK007018,139,0,203,155,95
183,1378,1571,JK009396,311,1322,1516,155,99
183,1378,1571,Sham19Y0023608,797,593,787,155,99
183,1458,1571,Sham19Y0023608,799,841,1128,90,39
183,1378,1571,JK000381,2404,503,697,155,99
183,1438,1560,JK000381,2949,1393,1514,96,99
183,1378,1571,Shamela0009231,683,536,741,124,76
183,1438,1571,Shia003636Vols,1401,1290,1424,106,99
183,1093,1571,Shia002356Vols,233,526,1024,242,51
183,1378,1571,Tafsir04038,2,676,870,155,99
183,1226,1571,JK001496,458,591,1416,224,33
183,1269,1571,Shamela0008473,1291,107,423,190,74
183,1438,1571,Tafsir07055,2940,397,531,106,99
183,1438,1571,JK000079,24,175,309,105,98
183,1378,1571,JK009266,2777,875,1068,155,98
183,1269,1571,Shamela0021821,393,898,1206,190,72
183,1378,1571,JK009362,1998,33,227,155,98
183,1378,1571,Shamela0011730,673,15,209,155,99
183,1269,1571,JK001420,248,270,830,177,37
183,1447,1571,ShamAY0033834,5,0,125,99,99
183,1363,1571,JK009257,170,68,271,156,91
183,1438,1571,JK006478,2967,835,969,106,99
183,1269,1571,Rafed0003943Vols,249,751,976,180,73
183,1378,1571,Shamela0010273,528,659,853,155,99
183,1417,1571,Shia002394Vols,844,809,967,108,83
183,1222,1571,Sham19Y0014404,298,332,1192,199,27
183,1458,1571,Masaha000554Vols,997,529,843,90,35
183,970,1442,JK000447,152,1131,1290,102,27
183,1438,1571,JK000447,153,24,228,91,56
183,1269,1571,QuranAnalysis001,38,635,860,180,73
183,1438,1571,Rafed0001713Vols,537,165,299,106,99
183,1458,1571,Zaydiyya0000476,286,1131,1247,90,97
183,1458,1571,Zaydiyya0000476,303,1462,1578,90,97
183,1269,1571,Shamela0023578,861,1310,1535,180,73
184,0,442,Shia001432Vols,6255,905,1348,362,99
184,559,1235,Shia001432Vols,6261,527,1099,296,49
184,40,442,Shia001432Vols,31220,560,801,190,57
184,879,1120,Rafed0002679Vols,756,18,263,102,39
184,0,456,JK009268,1430,38,497,368,98
184,573,1120,JK009268,1432,134,849,244,34
184,40,442,Sham19Y0023618,414,953,1355,330,100
184,0,154,Shamela0023628,798,1232,1386,125,100
184,154,442,Shamela0023628,800,335,623,237,100
184,154,442,Rafed0003257Vols,1613,0,288,237,100
184,40,456,JK009270,997,272,691,336,97
184,0,154,ShamAY0034106,82,1316,1532,125,71
184,0,442,JK006476,309,173,626,224,52
184,40,370,ShamAY0036821,658,1329,1654,264,97
184,692,1206,Meshkat00042485,2197,967,1619,323,55
184,154,442,Sham19Y0147312,474,898,1186,237,100
184,0,154,Shamela0037458,804,284,438,125,100
184,154,442,Shamela0037458,805,745,1033,237,100
184,968,1235,Shamela0021766,994,27,353,131,44
184,0,442,JK007018,139,203,818,362,71
184,40,442,Shia000275Vols,1146,786,1188,330,99
184,154,442,JK009396,312,796,1084,237,100
184,40,442,Sham19Y0023608,800,554,956,330,100
184,0,225,JK000381,2404,697,1229,184,42
184,450,1129,JK000818,114,957,1578,268,38
184,0,186,Meshkat00042488,308,148,753,140,28
184,40,442,Shamela0004473,2357,612,1014,330,100
184,87,456,JK010729,85,0,372,297,97
184,879,1356,Shia002356Vols,234,119,534,210,45
184,29,442,JK001496,459,1185,1603,331,96
184,0,154,Shamela0008473,1291,423,577,125,100
184,143,442,Shamela0008473,1292,663,964,240,97
184,848,1356,Shia002382Vols,427,727,1397,272,43
184,40,456,Shamela0023591,2287,310,729,336,97
184,40,442,Zaydiyya0000063,199,1063,1304,192,57
184,0,402,Shamela0021821,393,1206,1607,329,99
184,40,456,JK009362,2001,1088,1507,330,94
184,0,442,Rafed0003943Vols,249,976,1418,362,100
184,0,154,Shamela0010273,528,853,1007,125,100
184,573,904,Tafsir01006,339,1038,1596,183,37
184,913,1235,Tafsir01006,340,7,348,203,66
184,848,1235,Shia002394Vols,845,0,867,243,33
184,0,456,QuranAnalysis001,38,860,1319,368,98
184,692,1229,Rafed0001713Vols,537,587,1307,337,53
184,105,432,Rafed0001713Vols,538,1259,1607,243,85
184,0,154,Shamela0000041,632,1270,1424,125,100
184,154,456,Shamela0000041,634,13,318,243,97
184,40,456,Shamela0023578,867,30,449,336,97
185,1377,1603,Shia001432Vols,2472,966,1193,183,99
185,794,1228,Shia001432Vols,6305,527,961,346,99
185,1377,1502,Shia001432Vols,7087,1128,1253,101,100
185,1377,1502,Shia001432Vols,11646,1023,1148,101,100
185,549,1046,Shamela0023632,841,1255,1625,302,74
185,1046,1225,Shamela0023632,843,1217,1396,143,100
185,1225,1507,Shamela0023632,845,997,1279,224,98
185,1133,1316,Shamela0000894,4,815,998,146,100
185,238,1502,JK009268,1430,236,1188,759,74
185,794,1225,Sham19Y0023618,415,930,1361,347,100
185,1225,1502,Sham19Y0023618,418,14,291,223,100
185,690,1110,Shamela0023628,801,1217,1633,281,76
185,1316,1502,Shamela0023628,806,178,364,150,100
185,549,1316,Rafed0003257Vols,1616,308,1263,518,59
185,1278,1424,Rafed0003257Vols,1622,1240,1611,119,38
185,1278,1502,Tafsir09083,294,613,1341,181,30
185,1159,1316,Sham19Y0020891,1468,0,157,125,100
185,1353,1502,Sham19Y0020891,1476,1056,1209,109,87
185,238,1046,JK009270,997,430,926,394,60
185,1046,1261,JK009270,1001,1286,1500,170,98
185,1261,1507,JK009270,1002,0,246,196,98
185,996,1225,Meshkat0014420,1065,757,986,164,86
185,1377,1502,Meshkat0014420,1071,526,651,101,100
185,968,1124,JK006476,312,769,928,126,98
185,1278,1428,JK006476,314,49,205,122,96
185,618,1228,ShamAY0036821,659,0,502,399,80
185,1344,1603,ShamAY0036821,664,0,259,208,98
185,1046,1316,Shamela0029677,1241,301,571,216,100
185,1046,1251,Shamela0001397,447,828,1061,163,87
185,794,1095,ShamIbadiyya0000129,208,317,618,244,100
185,49,314,Meshkat00042485,2200,1135,1546,144,41
185,572,852,Meshkat00042485,2202,0,408,200,58
185,859,1273,Tafsir02104,111,756,1425,300,56
185,49,786,Shamela0001466,529,146,1486,402,34
185,1046,1225,Sham19Y0147312,476,1045,1224,143,100
185,1377,1507,Sham19Y0147312,478,1073,1203,102,97
185,1046,1225,Sham19Y0013550,125,840,1019,143,100
185,1095,1316,Sham19Y0013550,146,0,470,172,45
185,1046,1225,Sham19Y0013550,447,125,304,143,100
185,389,1059,Zaydiyya0000062,331,0,645,372,55
185,1008,1219,Zaydiyya0000062,332,315,622,168,68
185,1365,1565,Zaydiyya0000062,333,1161,1365,156,94
185,1095,1316,Shamela0006947,1578,1098,1345,176,89
185,1046,1316,Shamela0037458,808,502,772,216,100
185,1316,1571,Shamela0037458,810,1155,1410,206,100
185,1377,1507,JK000791,457,473,603,102,97
185,49,642,Shamela0021766,995,660,1572,284,35
185,1046,1278,JK000365,1131,541,773,183,99
185,968,1225,Shamela0000922,342,24,324,176,73
185,1377,1502,Shamela0000922,343,466,591,101,100
185,238,1316,JK007018,139,569,1405,618,70
185,1316,1502,JK007018,140,936,1125,150,98
185,238,1110,JK009396,312,840,1606,451,54
185,1110,1316,JK009396,313,0,206,163,99
185,1316,1507,JK009396,314,933,1124,151,98
185,794,1316,Sham19Y0023608,803,34,556,420,100
185,1316,1571,Sham19Y0023608,808,727,982,206,100
185,1046,1225,Sham19Y0016953Vols,53,1186,1365,143,100
185,794,1185,Sham19Y0016953Vols,1333,983,1488,311,76
185,1020,1278,JK000381,2403,131,382,189,93
185,1046,1278,JK000381,2437,296,527,183,99
185,1046,1293,JK000381,2486,655,898,189,96
185,852,1225,JK000381,4444,0,772,299,48
185,794,1278,JK000381,5599,194,650,312,73
185,238,738,JK000465,832,412,753,139,25
185,1046,1255,Shamela0009231,686,1347,1555,166,99
185,1377,1502,Shamela0009231,691,610,735,101,100
185,383,1046,Meshkat00042488,309,410,1396,356,39
185,1377,1515,Meshkat00042488,312,489,627,104,94
185,1251,1603,Rafed0003726Vols,305,469,934,127,34
185,811,1095,Shamela0004473,9095,339,623,231,100
185,1225,1502,Shamela0022371,139,18,432,185,52
185,238,1225,JK010729,85,111,787,536,67
185,549,1046,Shia002356Vols,235,268,895,317,56
185,1246,1502,Shia002356Vols,236,1066,1441,195,64
185,1052,1316,Shia002356Vols,236,0,264,211,100
185,1377,1603,Tafsir04038,107,1295,1470,125,65
185,1344,1603,Shia002380Vols,144,33,608,206,44
185,907,1316,JK001496,462,412,935,265,60
185,549,1316,Shamela0008473,1293,77,836,522,75
185,1316,1502,Shamela0008473,1299,451,637,150,100
185,918,1095,Shamela0008473,4758,0,177,143,100
185,1377,1507,Noorlib0010712,87,1058,1188,102,97
185,1059,1225,Shamela0022869,250,805,973,132,98
185,238,1225,Shamela0023591,2287,468,1143,537,67
185,1316,1485,Shamela0023591,2301,1437,1605,136,99
185,569,1046,JK009266,2789,585,1345,287,42
185,1377,1502,JK009266,2805,765,890,101,100
185,1095,1377,Tafsir10098,301,1215,1497,225,100
185,1278,1502,Tafsir10098,303,231,815,182,38
185,747,1377,Shamela0021821,396,25,668,478,91
185,1310,1571,Shamela0021821,399,548,930,194,62
185,794,1225,Zaydiyya0000075BK25,2,1068,1499,346,99
185,549,1225,JK009362,2004,624,1601,459,55
185,1316,1502,JK009362,2015,964,1150,150,100
185,1020,1278,Shamela0011730,671,1133,1384,188,92
185,1095,1310,JK007070,184,1366,1580,171,99
185,1225,1603,JK001110,72,731,1023,234,76
185,1377,1507,JK001420,251,47,177,102,97
185,794,1225,Rafed0003943Vols,251,1044,1476,346,99
185,1225,1507,Rafed0003943Vols,253,376,658,224,98
185,988,1225,Shamela0010273,533,494,902,190,58
185,1377,1502,Shamela0010273,537,0,125,101,100
185,1046,1225,Shamela0007798,2778,1344,1523,143,100
185,1377,1502,Shamela0007798,2785,1426,1550,101,99
185,314,859,Tafsir01006,341,673,1587,354,44
185,505,786,Shia002394Vols,848,149,488,176,58
185,1046,1316,Shia002394Vols,851,0,270,216,100
185,1330,1571,Shia002394Vols,854,1146,1488,190,68
185,1095,1424,Tafsir06048,224,612,1561,263,34
185,794,1095,Masaha000147,17,855,1156,244,100
185,549,1095,ShamAY0002038,617,228,896,343,53
185,1046,1225,Sham19Y0014404,300,1021,1200,143,100
185,1344,1502,Sham19Y0014404,302,6,239,128,67
185,988,1225,Meshkat00057178,1057,993,1266,163,71
185,1377,1502,Meshkat00057178,1062,79,204,101,100
185,1046,1316,Masaha000554Vols,1005,356,624,213,97
185,238,1099,QuranAnalysis001,38,1058,1606,437,62
185,1099,1603,QuranAnalysis001,39,0,505,405,99
185,1377,1502,JK000028,105,999,1124,101,100
185,582,1225,Rafed0001713Vols,540,0,920,490,64
185,1316,1502,Rafed0001713Vols,543,911,1097,150,100
185,930,1278,JK001414,466,0,360,193,57
185,238,1046,Shamela0000041,634,57,553,394,60
185,1121,1316,Shamela0000041,636,0,195,155,100
185,1310,1603,Shamela0000041,638,432,860,233,66
185,238,1225,Shamela0023578,867,188,863,537,67
185,1225,1603,Shamela0023578,870,1091,1470,305,99
186,339,499,Shia001432Vols,29460,702,873,117,87
186,132,356,Shamela0023632,851,1359,1582,177,99
186,339,499,Shia001340,313,254,425,118,87
186,0,505,JK009268,1442,453,962,395,97
186,0,241,Sham19Y0023618,419,448,689,196,100
186,241,488,Sham19Y0023618,421,680,927,193,100
186,78,339,Shamela0023628,810,279,718,208,59
186,339,488,Shamela0023628,812,58,207,117,100
186,339,488,Rafed0003257Vols,1633,901,1050,117,100
186,0,224,Sham19Y0020891,1480,1317,1540,182,99
186,0,382,Sham19Y0020966,101,1195,1518,183,52
186,0,241,JK009270,1005,860,1101,196,100
186,241,505,JK009270,1010,115,383,199,95
186,0,344,Sham19Y0150960,637,1252,1608,271,93
186,339,488,Meshkat0014420,1082,308,457,117,100
186,0,356,JK006476,315,972,1393,212,50
186,292,446,JK006476,316,1387,1547,119,95
186,0,410,ShamAY0036821,664,259,666,325,99
186,106,241,Sham19Y0147312,481,590,724,102,94
186,0,234,Zaydiyya0000062,334,1119,1354,190,99
186,182,398,Zaydiyya0000062,335,1207,1565,170,59
186,51,339,Shamela0037458,813,551,858,190,67
186,339,488,Shamela0037458,815,964,1113,117,100
186,702,1019,Shamela0021766,997,16,326,118,32
186,35,488,JK007018,141,644,1113,308,75
186,51,499,JK009396,316,253,805,331,75
186,313,488,Sham19Y0023608,816,0,175,137,100
186,0,241,Shamela0022371,139,669,997,196,73
186,51,339,Shia002356Vols,238,394,883,220,56
186,318,488,Shia002356Vols,239,348,532,121,84
186,132,499,Shamela0008473,1303,83,450,284,98
186,0,422,Shamela0023591,2302,119,541,330,98
186,132,410,Shia002389Vols,552,271,1236,152,20
186,0,505,JK001110,72,1023,1428,310,77
186,224,499,JK001420,252,54,608,206,47
186,73,505,Rafed0003943Vols,255,0,437,335,97
186,132,410,Shamela0010273,541,688,966,219,100
186,848,1367,Tafsir01006,342,418,974,174,28
186,1229,1494,Sham19Y0014404,300,741,1325,160,33
186,126,241,Sham19Y0014404,303,44,159,92,100
186,186,410,Sham19Y0014404,303,544,1149,172,36
186,0,505,QuranAnalysis001,39,505,1014,395,97
186,114,244,Shamela0023578,871,0,130,103,99
186,241,505,Shamela0023578,877,320,588,199,95
187,705,1035,Shamela0023628,806,881,1457,147,28
187,141,1250,Tafsir09083,294,26,1341,334,23
187,471,1035,Shamela0001466,532,506,1204,268,39
187,578,1349,Zaydiyya0000062,333,610,1346,299,36
187,1105,1310,Shamela0037458,811,819,1281,126,34
187,7,1349,JK000818,116,185,1351,474,36
187,7,368,ShamAY0034059,1116,246,778,195,44
187,623,1256,ShamAY0034059,1118,646,1550,321,39
187,807,1530,Shia002380Vols,144,0,617,339,52
187,833,1010,Shia002382Vols,430,1382,1605,116,61
187,156,1333,Tafsir08060,110,392,1263,338,28
187,903,1400,Tafsir01006,344,34,853,262,38
187,318,811,Sham19Y0014404,301,727,1501,213,32
187,845,1303,Sham19Y0014404,302,6,676,156,24
187,903,1098,Rafed0001713Vols,544,29,327,122,49
187,623,1105,JK000876,301,261,824,161,27
188,0,334,Shia001432Vols,23489,295,690,125,31
188,16,334,Meshkat00042485,2213,1082,1511,123,33
188,830,1283,Meshkat00042485,2215,168,929,251,37
188,1327,1464,Meshkat00042485,2216,1045,1224,92,64
188,1044,1473,Shia002380Vols,145,31,548,186,39
188,1014,1473,Shia002382Vols,432,565,1150,197,39
188,770,1510,Tafsir08060,111,358,1150,324,41
188,0,274,Tafsir01006,344,1239,1574,125,41
188,776,1361,Tafsir01006,345,437,1564,345,36
188,967,1519,Sham19Y0014404,303,335,1124,231,32
188,935,1417,Rafed0001713Vols,547,301,1106,234,32
188,935,1532,JK000876,303,155,1214,264,30
189,402,573,Shia001432Vols,6255,1362,1532,138,99
189,573,1066,Shia001432Vols,6256,0,493,407,99
189,668,1066,Shia001432Vols,31254,1113,1509,329,99
189,512,668,Shamela0023632,856,1354,1510,128,100
189,668,872,Shamela0023632,857,565,768,167,99
189,872,1070,Shamela0023632,859,994,1191,164,98
189,872,1066,Rafed0000040Vols,1432,740,933,160,98
189,153,1060,JK009268,1442,835,1598,621,83
189,367,872,Sham19Y0023618,423,48,599,402,89
189,762,1066,Sham19Y0023618,424,1136,1580,207,50
189,413,872,Shamela0023628,818,486,1012,334,72
189,872,1066,Shamela0023628,820,1034,1227,162,99
189,402,1047,Rafed0003257Vols,1636,1021,1663,529,99
189,598,770,Rafed0003257Vols,1641,1105,1515,134,39
189,917,1066,Shamela0022593,526,1144,1573,120,33
189,485,1000,Tafsir09083,298,6,1604,408,31
189,452,714,Tafsir09084,578,126,673,211,47
189,917,1066,Tafsir09084,579,977,1445,124,31
189,452,662,Sham19Y0020891,1496,725,1008,151,65
189,662,1066,Sham19Y0020891,1497,373,775,334,99
189,554,1066,Shamela0009759,162,0,510,423,99
189,512,1070,JK009270,1015,327,886,460,99
189,668,872,Shamela0005756,15163,1278,1483,168,99
189,550,1066,Sham19Y0150960,638,78,600,414,95
189,506,668,Meshkat0014420,1087,133,295,129,96
189,668,872,Meshkat0014420,1088,1151,1355,168,100
189,872,1066,Meshkat0014420,1091,1383,1577,162,100
189,668,1066,JK006476,319,661,1116,282,66
189,281,1070,ShamAY0036821,666,229,969,590,90
189,402,598,Shamela0037361,77,1210,1467,157,75
189,668,1077,Shamela0037361,130,243,657,333,96
189,872,1066,ShamIbadiyya0000129,214,302,496,162,100
189,733,1066,Meshkat00042485,2227,922,1659,273,44
189,429,705,Tafsir02104,114,239,666,200,57
189,153,390,Shamela0001466,536,762,1244,145,38
189,469,668,Sham19Y0147312,483,1084,1277,140,86
189,668,872,Sham19Y0147312,484,99,303,168,100
189,866,1066,Sham19Y0147312,486,590,790,167,100
189,402,711,Tafsir02067,188,728,1303,251,53
189,726,1066,Tafsir02067,189,149,979,279,40
189,668,872,Sham19Y0013550,278,579,782,167,99
189,588,879,Zaydiyya0000062,339,0,292,236,97
189,811,1066,Zaydiyya0000062,340,44,862,191,27
189,872,1066,Shamela0006947,14818,451,646,162,99
189,402,672,Shamela0037458,817,100,370,217,99
189,585,872,Shamela0037458,818,620,987,228,73
189,798,1066,Shamela0037458,819,628,1113,223,55
189,668,872,JK000791,464,1248,1452,168,100
189,452,668,JK000791,464,24,394,161,54
189,512,672,Shamela0000922,348,1146,1306,130,99
189,608,872,Shamela0000922,349,79,349,218,97
189,711,1066,Shamela0000922,349,697,1091,225,68
189,668,872,JK000368,383,1186,1390,168,100
189,319,1093,JK007018,142,284,1075,588,88
189,402,668,Zaydiyya0000075BK22,19,599,865,216,100
189,495,872,JK009396,318,0,377,309,100
189,872,1093,JK009396,319,1076,1308,184,95
189,402,1066,Sham19Y0023608,820,78,740,545,99
189,495,872,JK000917,409,0,377,309,100
189,402,711,JK000381,2188,983,1292,251,100
189,550,872,Shamela0009231,701,1236,1628,205,62
189,506,668,Shamela0009231,701,127,289,129,96
189,872,1066,Shamela0009231,703,652,846,162,100
189,452,668,Meshkat00042488,316,911,1205,175,73
189,615,872,Meshkat00042488,317,23,388,211,69
189,872,1066,Meshkat00042488,318,0,193,162,99
189,402,714,Sham19Y0020587,3,894,1203,251,99
189,429,721,ShamIbadiyya0000075,165,869,1504,233,45
189,512,872,Shamela0021537,633,21,381,296,100
189,512,762,Shamela0021537,780,1307,1556,205,99
189,762,1066,Shamela0021537,781,0,304,253,100
189,469,668,Shamela0021537,4249,74,270,137,84
189,512,748,Shamela0021537,4274,1316,1551,193,99
189,748,1066,Shamela0021537,4275,0,318,265,100
189,469,872,Shamela0004473,1506,662,1062,305,92
189,402,745,Shamela0022371,139,1255,1529,159,53
189,885,1066,ShamAY0033108,413,215,954,148,23
189,203,668,Shia002356Vols,239,962,1398,284,66
189,550,872,Shia002356Vols,240,562,861,183,57
189,733,1066,Shia002356Vols,241,68,621,265,57
189,512,668,JK007021,112,19,175,128,100
189,490,668,Tafsir04038,108,506,705,142,87
189,429,711,Shia002380Vols,146,0,726,201,32
189,402,872,Sham19Y0014827,322,869,1339,384,100
189,885,1066,Tafsir02091,539,404,1142,148,23
189,228,923,Shamela0008473,1307,755,1537,481,68
189,923,1087,Shamela0008473,1308,0,198,132,79
189,452,714,Shamela0008473,1309,221,783,211,46
189,512,872,Shamela0008473,1310,86,927,220,30
189,153,711,Shia002382Vols,435,69,1295,312,29
189,798,1000,Hindawi040635716,209,1381,1582,167,99
189,843,1066,Shamela0003055,58,902,1114,168,90
189,281,1070,Shamela0023591,2316,514,1258,597,91
189,598,762,Shamela0023591,2322,720,1044,134,50
189,402,872,JK009266,2828,413,884,384,99
189,872,1077,JK009266,2839,1376,1579,165,97
189,588,1066,Zaydiyya0000063,200,0,482,396,99
189,802,1066,Tafsir10098,309,439,1281,219,31
189,153,872,Shamela0021821,403,619,1296,467,71
189,733,1066,Shamela0021821,405,429,966,268,60
189,668,872,Shia002389Vols,556,965,1168,167,99
189,668,872,JK000460,125,1263,1467,168,100
189,608,932,Tafsir10066,300,407,1427,249,29
189,512,672,JK009362,2030,57,215,128,97
189,653,872,JK009362,2031,356,578,173,95
189,872,1066,JK009362,2033,203,417,160,89
189,512,872,JK001420,253,16,511,296,72
189,668,951,Zaydiyya0000344,19,704,1116,231,68
189,872,1066,JK006478,3023,564,760,162,98
189,512,1070,Rafed0003943Vols,257,443,999,459,99
189,512,872,Shamela0010273,544,1158,1517,295,99
189,872,1066,Shamela0010273,546,633,826,162,99
189,402,802,Shamela0007798,2805,700,1252,112,18
189,512,668,Shamela0007798,2809,641,862,128,70
189,598,872,Shamela0007798,2810,19,339,202,76
189,598,1077,Shamela0007798,2813,888,1069,129,32
189,668,1087,Shamela0007798,2814,691,1085,212,46
189,402,770,ShamAY0036039,26,428,939,294,70
189,153,338,Tafsir01006,346,1251,1465,124,70
189,153,692,Shia002394Vols,863,508,895,272,62
189,512,892,Shia002394Vols,864,828,1424,291,59
189,917,1066,Shia002394Vols,868,0,148,123,99
189,429,872,Tafsir06048,227,636,1455,362,54
189,872,1066,Tafsir06048,228,415,699,162,68
189,668,872,ShamAY0002038,411,782,986,168,100
189,402,554,JK000066,99,699,849,118,97
189,512,872,Sham19Y0014404,305,21,774,275,42
189,879,1066,Sham19Y0014404,306,0,187,156,100
189,711,1066,Sham19Y0014591,668,168,443,206,68
189,237,512,Meshkat00057178,1070,569,1267,170,29
189,429,668,Meshkat00057178,1073,473,766,174,73
189,668,872,Meshkat00057178,1074,14,218,168,100
189,872,1066,Meshkat00057178,1075,1144,1338,162,100
189,452,577,Masaha000554Vols,1026,1331,1623,99,41
189,892,1066,Masaha000554Vols,1030,510,683,144,99
189,379,668,Zaydiyya0000299,449,422,709,222,95
189,153,955,QuranAnalysis001,39,887,1545,527,81
189,668,1029,IEDC1235,1,0,359,297,98
189,36,390,Rafed0001713Vols,549,647,1471,200,28
189,402,1187,Rafed0001713Vols,550,11,714,459,65
189,798,1066,Rafed0001713Vols,552,1098,1468,223,71
189,153,554,Tafsir04042,601,709,1490,212,30
189,641,1066,Tafsir04042,602,697,1532,345,50
189,429,733,Tafsir04056,1678,980,1413,154,43
189,512,872,Tafsir04056,1684,677,1056,294,93
189,885,1074,Tafsir02094,812,52,428,135,41
189,402,554,ShamIbadiyya0000391,1,194,346,121,99
189,402,872,Shamela0000041,644,810,1479,384,70
189,762,1066,Shamela0000041,646,671,1102,253,70
189,668,951,Zaydiyya0000207,18,1037,1432,233,71
189,153,1066,Shamela0023578,877,461,1229,625,83
190,497,643,JK009268,1458,48,261,86,50
190,987,1598,Tafsir09083,298,727,1604,272,31
190,754,1290,Tafsir09084,579,19,360,211,45
190,1462,1598,Tafsir09084,579,977,1344,68,20
190,1462,1598,Sham19Y0020891,1497,153,709,78,16
190,553,662,Sham19Y0020891,1499,86,234,69,61
190,0,153,Meshkat00042485,2223,1228,1396,102,69
190,353,676,Meshkat00042485,2226,176,532,207,70
190,706,1600,Meshkat00042485,2227,922,1538,326,37
190,1186,1598,Zaydiyya0000062,340,35,317,186,48
190,532,643,JK000791,465,17,348,73,29
190,348,754,Shamela0021766,1013,45,689,136,23
190,1094,1598,JK009396,319,291,1204,238,28
190,1090,1598,JK000818,118,1085,1568,241,45
190,10,396,JK000818,118,361,825,222,54
190,1197,1598,Shia002356Vols,241,294,556,186,52
190,1197,1600,JK010475,76,64,322,167,44
190,353,676,ShamAY0034059,1140,121,447,187,62
190,7,721,Shia002380Vols,146,73,1046,312,33
190,652,1290,Shamela0008473,1310,531,930,254,45
190,532,643,Shamela0023591,2323,156,271,60,60
190,179,676,JK000458,756,719,1530,325,49
190,0,537,Tafsir01006,347,854,1585,371,59
190,553,676,Tafsir01006,348,30,145,82,86
190,703,1600,Tafsir01006,348,733,1322,321,37
190,0,157,Shia002394Vols,864,246,441,103,58
190,77,643,Shia002394Vols,864,833,1590,274,36
190,507,676,Shia002394Vols,865,0,209,92,55
190,822,1223,Tafsir09071,185,860,1017,89,26
190,7,396,Tafsir06048,227,716,1091,209,61
190,33,560,Rafed0001713Vols,551,137,1004,340,47
190,1197,1598,Rafed0001713Vols,552,1098,1402,191,48
191,118,959,JK009268,1460,21,862,684,100
191,413,959,JK009270,1020,484,1029,449,99
191,118,870,Sham19Y0150960,638,612,1369,595,95
191,7,507,ShamAY0036821,666,900,1356,360,88
191,959,1142,Meshkat00042485,2228,1011,1319,117,44
191,499,959,JK007018,144,685,1147,375,97
191,7,499,Shamela0008473,1311,331,808,364,89
191,7,468,Shamela0023591,2316,1188,1603,336,90
191,499,959,Shamela0023591,2344,1025,1485,379,100
191,1142,1573,JK000458,759,492,1455,229,29
191,653,959,JK001110,73,0,306,254,100
191,7,499,Rafed0003943Vols,257,929,1376,361,90
191,499,959,Rafed0003943Vols,258,381,841,379,100
191,998,1142,Tafsir01006,349,73,256,84,51
191,7,959,QuranAnalysis001,40,45,952,740,95
191,1088,1306,Rafed0001713Vols,554,197,738,144,33
191,319,1034,Shamela0023578,883,0,676,553,94
192,946,1426,Meshkat00042485,2237,390,1034,259,45
192,987,1243,Meshkat00042488,321,1039,1387,140,47
192,13,416,ShamIbadiyya0000075,167,990,1374,195,47
192,883,1556,Shia002382Vols,440,487,1574,367,39
192,13,487,Tafsir01006,350,120,804,292,51
192,883,1551,Rafed0001713Vols,557,441,1621,388,38
192,13,358,JK000876,308,36,462,163,43
193,156,411,ShamAY0034005,904,17,713,165,28
193,411,735,Shamela0000140,1769,1221,1624,253,78
193,1398,1588,Shamela0000140,1770,1238,1464,138,74
193,735,1354,Shamela0000140,1770,0,645,481,89
193,1015,1339,Meshkat00042485,2241,163,905,201,31
193,816,1266,Shamela0021715,4577,0,627,197,31
193,568,899,ShamAY0034059,1154,898,1446,200,41
193,1134,1459,Shia002382Vols,442,530,1284,207,31
193,203,411,Shamela0012884,1420,24,596,144,31
193,156,411,Shamela0003118,6807,404,1012,176,36
193,744,1459,Tafsir01006,352,44,1288,435,39
193,589,1178,Shia002394Vols,877,672,1361,299,43
193,760,1289,Sham19Y0014404,311,284,706,253,55
193,156,411,JK000916,23748,248,941,174,32
193,617,1139,Rafed0001713Vols,558,980,1546,254,44
193,1003,1309,Rafed0001713Vols,559,42,694,155,27
193,166,411,ShamAY0033996,42,452,1136,168,30
194,44,484,Shamela0008381,2819,263,703,356,99
194,50,487,Shia001432Vols,6173,339,776,354,99
194,50,493,Shia001432Vols,31299,1040,1482,352,96
194,50,484,Shamela0023632,871,66,500,354,100
194,315,484,Shamela0000894,509,1255,1420,127,94
194,50,484,JK009268,1460,862,1296,354,100
194,275,500,Sham19Y0023618,431,0,237,180,94
194,205,484,Shamela0023628,837,371,788,226,66
194,238,740,Rafed0003257Vols,1655,0,598,239,41
194,44,487,Zaydiyya0000044,140,732,1166,351,97
194,288,484,Sham19Y0020891,1520,959,1146,137,87
194,205,484,JK009270,1026,397,676,226,100
194,331,484,Sham19Y0122397,85,1007,1160,122,100
194,331,484,Meshkat0014420,1113,40,193,122,100
194,380,484,JK006476,328,54,158,83,100
194,50,487,ShamAY0036821,672,179,609,349,98
194,622,912,Meshkat00042485,2243,1269,1647,171,50
194,484,945,Shamela0001466,547,256,1116,220,29
194,209,484,Sham19Y0147312,493,455,724,154,70
194,331,484,Sham19Y0013550,151,59,212,122,100
194,281,478,Zaydiyya0000062,347,1195,1393,156,98
194,331,484,JK000791,476,154,307,122,100
194,325,484,Shamela0000922,354,387,546,122,95
194,50,484,Sham19Y0009800,855,895,1329,354,100
194,331,484,Tafsir07076,2079,28,181,122,100
194,50,484,JK007018,145,140,583,350,97
194,315,484,Zaydiyya0000075BK22,3,908,1073,127,94
194,50,484,JK009396,324,834,1268,354,100
194,50,484,Sham19Y0023608,835,1155,1589,354,100
194,331,484,Shamela0009231,711,560,713,122,100
194,331,484,Rafed0003726Vols,270,666,819,122,100
194,331,484,Shamela0004473,6406,853,1006,122,100
194,331,484,Shia002356Vols,245,603,757,122,99
194,707,912,ShamAY0034059,1159,810,1154,108,37
194,264,484,Shia002380Vols,150,821,1145,166,64
194,137,487,Shamela0008473,1330,0,351,282,98
194,685,1152,Shia002382Vols,444,925,1440,186,33
194,220,484,Shamela0023591,2345,0,264,213,100
194,707,912,JK000458,771,531,922,117,34
194,50,537,Shamela0021821,413,812,1283,367,92
194,50,484,Hindawi030353837,628,215,649,354,100
194,331,537,JK009362,2058,695,903,143,75
194,53,484,JK001420,257,446,907,193,42
194,331,484,JK006478,3057,197,351,122,99
194,50,484,Rafed0003943Vols,258,841,1275,354,100
194,453,912,Shamela0010273,553,1152,1602,213,45
194,331,484,Shamela0010273,555,864,1017,122,100
194,331,484,Shamela0007798,2864,997,1150,122,100
194,635,1096,Tafsir01006,353,3,653,273,48
194,315,484,Shamela0012293,3983,958,1122,125,92
194,691,1152,Shia002394Vols,880,3,586,265,51
194,205,472,Shia002394Vols,884,982,1485,215,52
194,528,908,Tafsir04003,1060,279,873,98,15
194,331,484,ShamAY0002038,529,974,1127,122,100
194,281,484,Sham19Y0014404,312,677,1033,158,55
194,50,484,QuranAnalysis001,40,952,1386,354,100
194,315,493,Shamela0009182,281,603,779,131,91
194,331,484,ShamAY0037387,122,1012,1165,122,100
194,584,1283,Rafed0001713Vols,560,397,1663,360,33
194,331,484,Rafed0001713Vols,561,1246,1399,122,100
194,331,484,Tafsir02094,261,1010,1162,121,99
194,149,487,ShamIbadiyya0000391,12,0,341,272,97
195,492,948,Zaydiyya0000054,113,916,1372,372,100
195,492,954,ShamAY0037152,830,192,654,377,100
195,611,1080,ShamAY0037152,967,13,482,387,100
195,611,1196,Shia001432Vols,6256,725,1309,480,99
195,616,1080,Shia001432Vols,27605,0,456,375,97
195,492,954,Shamela0023632,876,475,937,377,100
195,921,1196,Shamela0023632,884,862,1183,226,85
195,611,972,Shamela0000894,1933,688,1060,289,95
195,790,1080,Shia001149Vols,225,0,290,238,99
195,611,1196,JK009268,1484,601,1186,481,100
195,541,954,Sham19Y0023618,434,10,432,312,90
195,590,972,Shamela0023628,843,0,551,304,67
195,492,1080,Rafed0003257Vols,1663,760,1348,483,100
195,611,1080,Sham19Y0020891,1525,131,600,387,100
195,492,954,JK010001,254,1033,1495,377,100
195,797,959,Shamela0009759,172,0,162,130,99
195,909,1080,Shamela0009759,174,70,308,142,71
195,611,959,JK009270,1029,1212,1560,282,99
195,954,1196,JK009270,1032,891,1133,200,100
195,492,954,Shamela0005756,3973,145,607,376,99
195,548,1196,Sham19Y0150960,639,143,791,513,95
195,611,1196,Zaydiyya0000161,156,521,1105,481,99
195,642,954,Meshkat0014420,1118,0,312,256,100
195,492,954,Sham19Y0016584,937,1060,1522,377,100
195,492,1196,ShamAY0036821,676,464,1337,565,78
195,611,954,Shamela0009924,228,1085,1428,281,100
195,879,1080,Shamela0011578,10,0,201,167,100
195,492,954,Sham19Y0147312,347,925,1387,377,100
195,492,954,Sham19Y0147312,494,285,747,377,100
195,492,954,Sham19Y0018176,444,823,1285,377,100
195,808,1196,Sham19Y0013550,152,0,398,223,65
195,781,965,Zaydiyya0000062,349,0,187,145,96
195,954,1207,Zaydiyya0000062,351,532,790,205,96
195,578,954,Shamela0037458,836,1015,1475,308,81
195,492,954,JK000110,233,447,909,377,100
195,611,954,JK000791,478,712,1055,281,100
195,611,954,Shamela0001524,206,111,454,281,100
195,611,959,Shamela0000922,354,998,1346,284,99
195,954,1196,Shamela0000922,356,355,1026,168,28
195,492,1190,Sham19Y0009800,750,645,1343,572,100
195,611,954,JK009313,1878,282,625,281,100
195,808,1080,Tafsir07076,1546,0,353,223,76
195,954,1196,JK007018,146,861,1106,200,97
195,492,954,Sham19Y0018103,913,965,1427,377,100
195,541,972,JK009396,326,313,833,334,79
195,1073,1196,JK009396,328,0,123,100,100
195,492,1080,Sham19Y0023608,841,692,1280,483,100
195,492,954,Shamela0021715,1630,964,1426,377,100
195,1179,1562,Shamela0021715,1631,398,1122,270,46
195,825,1080,Sham19Y0016953Vols,945,0,285,209,89
195,611,933,JK000917,428,1229,1550,263,99
195,492,1080,JK000381,813,610,893,217,44
195,611,954,Shamela0009231,712,726,1069,281,100
195,954,1196,Shamela0009231,713,131,818,200,35
195,578,954,Meshkat00042488,326,704,1138,308,86
195,611,954,Shamela0021537,452,183,526,281,100
195,648,954,Shamela0021537,620,0,306,251,100
195,654,954,Shamela0021537,893,0,300,246,100
195,611,954,Shamela0021537,4291,624,967,281,100
195,611,954,Shamela0021537,6032,336,679,281,100
195,611,954,Shamela0004473,637,934,1277,281,100
195,611,954,Shamela0004473,10733,517,860,281,100
195,825,1080,ShamIbadiyya0000074,569,0,254,208,99
195,775,1210,Shia002356Vols,247,30,597,287,62
195,685,1190,Zaydiyya0000037Vols,2495,0,400,312,75
195,492,954,PV2024060602,233,447,909,377,100
195,492,985,Sham19Y0014827,343,362,840,382,95
195,611,998,Sham19Y0014827,347,1200,1580,286,89
195,611,954,Shamela0008473,1341,660,1003,281,100
195,842,1196,Shamela0008473,1348,398,811,287,85
195,492,954,Tafsir07055,261,1161,1623,377,100
195,611,954,Hindawi079174709,88,390,733,281,100
195,775,954,Shamela0023591,2363,0,179,145,100
195,954,1196,Shamela0023591,2369,1011,1253,200,100
195,310,1067,Shamela0021821,415,974,1592,501,80
195,492,1263,Sham19Y0018106,806,579,1287,429,58
195,492,954,JK009362,2060,372,859,377,94
195,924,1196,JK001110,73,289,554,203,90
195,620,954,Shamela0010463,207,0,334,274,100
195,757,1174,JK001420,258,0,690,277,46
195,611,954,JK009152,601,184,527,281,100
195,887,1080,JK006478,3068,0,195,161,97
195,611,1080,PV2024060601,3953,578,1047,386,99
195,270,915,Rafed0003943Vols,258,1176,1697,423,80
195,954,1196,Rafed0003943Vols,262,390,632,200,100
195,611,954,Shamela0010273,558,722,1065,281,100
195,611,954,Shamela0007798,2881,570,913,281,100
195,635,954,Shamela0012293,3481,0,319,262,100
195,611,954,Shamela0012293,5906,734,1077,281,100
195,492,1080,ShamAY0034401,42,111,394,217,44
195,492,954,Sham19Y0013605,1334,0,462,377,100
195,659,954,Sham19Y0014404,314,0,295,242,100
195,842,1196,Sham19Y0014404,316,25,698,287,52
195,611,954,Meshkat00057178,1089,28,371,281,100
195,744,1196,QuranAnalysis001,41,0,452,371,100
195,611,954,Shamela0009182,284,942,1286,281,99
195,611,1080,Rafed0001713Vols,565,256,725,387,100
195,611,929,JK000122,332,1296,1613,260,99
195,685,954,JK000122,432,0,269,220,100
195,611,954,JK000122,1077,169,512,281,100
195,611,954,JK000122,1121,603,946,281,100
195,492,948,Zaydiyya0000361,299,514,970,372,100
195,512,980,Shamela0000041,663,510,1356,366,52
195,303,1080,Shamela0023578,897,0,654,535,84
195,611,1196,Zaydiyya0000388,250,734,1208,370,76
196,436,637,Sham19Y0020891,1525,1266,1547,117,42
196,1252,1598,Meshkat00042485,2253,559,812,158,54
196,330,705,Sham19Y0013667,1889,1207,1504,134,37
196,0,436,Shamela0021715,1631,1122,1504,279,74
196,436,846,Shamela0021715,1632,565,1107,252,53
196,436,637,JK001496,481,1196,1477,117,42
197,1398,1616,ShamAY0037152,857,762,981,177,99
197,1398,1616,Shia001432Vols,7155,783,1002,177,99
197,1129,1616,JK009268,1484,1070,1405,266,67
197,1398,1616,Rafed0003257Vols,1671,1089,1308,177,99
197,725,1275,Tafsir09084,598,605,1327,233,32
197,1398,1616,Sham19Y0150960,1313,872,1117,173,86
197,1398,1616,JK000140,999,171,418,175,87
197,1129,1616,ShamAY0036821,676,1221,1554,264,67
197,1398,1616,Shamela0000782,1030,521,768,175,87
197,1398,1616,Shamela0006947,16336,886,1105,177,99
197,1398,1616,JK009336,299,66,310,174,87
197,1398,1616,JK000474,3544,1216,1473,173,82
197,1398,1616,Shamela0001524,3360,732,976,174,87
197,1398,1616,Shia003461Vols,235,1132,1351,177,99
197,1398,1616,Sham19Y0014309,337,952,1196,174,87
197,1398,1616,JK009396,328,1251,1470,177,99
197,1398,1616,Sham19Y0023608,849,284,503,177,99
197,274,725,Shamela0021715,1632,1107,1567,267,61
197,1398,1616,JK000381,9579,194,413,177,99
197,1398,1616,JK009141,1199,662,909,175,87
197,1248,1593,Shia002356Vols,247,1289,1647,197,61
197,1398,1616,Tafsir04038,114,660,879,177,99
197,1493,1616,PV2024060602,6784,11,135,99,99
197,1398,1606,Tafsir02102,1048,617,871,162,79
197,1255,1616,Shamela0008473,1349,534,993,229,56
197,1398,1616,Shamela0008473,1353,283,527,174,87
197,1129,1616,Shamela0023591,2369,1137,1472,266,67
197,1248,1616,Shamela0021821,418,852,1211,225,64
197,1398,1616,Kraken220413194022,1954,406,623,172,95
197,1398,1616,Shia002389Vols,578,552,771,177,99
197,1398,1616,JK009362,2068,940,1159,177,99
197,1493,1616,Shamela0003118,5649,7,144,99,89
197,1363,1616,Shamela0011788,158,487,771,178,73
197,725,1427,Tafsir08060,116,126,777,250,32
197,1398,1616,Shamela0010273,561,1316,1535,177,99
197,1398,1602,Shamela0007798,2904,287,558,161,73
197,1480,1616,Shia002394Vols,896,839,975,109,98
197,1457,1616,Sham19Y0018567,1386,481,653,129,92
197,393,1480,Sham19Y0014404,316,50,1143,416,34
197,1129,1616,QuranAnalysis001,41,336,671,266,67
197,1398,1616,JK000916,19450,403,663,173,82
197,1457,1616,Rafed0001713Vols,569,752,1118,125,42
197,1398,1616,JK001414,1940,447,666,177,99
197,1398,1616,JK006950,3879,414,633,177,99
197,1129,1616,Shamela0023578,907,892,1227,266,67
198,0,319,ShamAY0037152,857,981,1490,254,62
198,0,357,Shia001432Vols,7088,51,405,281,98
198,0,232,Shamela0023632,888,446,678,185,100
198,0,211,JK009268,1484,1405,1615,168,99
198,71,289,Sham19Y0023618,439,350,568,175,100
198,0,232,Shamela0023628,853,370,602,185,100
198,0,304,Rafed0003257Vols,1671,1308,1611,243,99
198,0,232,Sham19Y0020891,1531,1264,1496,185,100
198,0,289,JK009270,1037,746,1034,231,99
198,1168,1506,Shamela0000140,1982,1096,1522,245,68
198,71,380,JK006476,333,50,374,234,91
198,38,357,ShamAY0036821,677,0,313,250,97
198,1002,1506,Meshkat00042485,2258,681,1415,281,47
198,0,169,Sham19Y0147312,350,266,808,133,30
198,0,169,Sham19Y0147312,496,874,1416,133,30
198,24,357,Tafsir02067,196,400,1080,263,48
198,0,163,Zaydiyya0000062,353,988,1152,128,96
198,0,169,Shamela0006947,16336,1105,1274,135,100
198,0,169,Shamela0010517,2538,1189,1358,135,100
198,44,232,Shamela0037458,843,849,1118,151,69
198,1168,1363,Shamela0021766,1078,626,927,98,40
198,0,357,JK009336,299,310,695,281,90
198,5,539,JK000474,3545,0,480,244,49
198,0,357,Shamela0001524,3360,976,1362,281,91
198,0,169,Shamela0000922,358,0,416,135,40
198,0,357,Shia003461Vols,234,44,446,281,87
198,124,357,Shia003461Vols,236,0,428,181,53
198,71,357,Shia003461Vols,237,184,470,229,100
198,0,169,ShamAY0034230,992,1355,1528,135,97
198,0,357,JK007018,147,172,777,284,58
198,92,357,JK009396,329,0,265,212,100
198,0,463,Sham19Y0023608,849,503,1087,329,69
198,0,169,Sham19Y0095660,1756,1075,1244,135,100
198,0,169,JK000381,9579,413,581,135,99
198,49,357,Shamela0009773,226,0,342,247,90
198,0,544,Tafsir04038,114,879,1411,295,58
198,100,357,JK010552,425,0,290,202,86
198,494,835,Tafsir02102,1046,212,636,246,72
198,0,440,Shamela0008473,1349,993,1322,191,51
198,494,835,Shamela0008473,1350,1017,1439,243,71
198,0,357,Shamela0008473,1351,337,784,248,67
198,5,183,Shamela0008473,1354,1000,1483,142,36
198,494,835,Shamela0012884,1462,508,924,234,67
198,97,357,Shamela0023591,2370,0,260,208,100
198,5,169,Shamela0023591,2376,568,895,131,50
198,0,357,Shamela0021821,418,1211,1566,284,99
198,0,169,JK009362,2068,1159,1335,135,94
198,0,169,Sham19Y0145210,2361,1166,1334,135,99
198,0,357,Shamela0003118,5649,144,533,280,90
198,0,357,Shamela0011788,158,771,1042,191,63
198,129,357,Rafed0003943Vols,264,0,228,182,100
198,1168,1455,Shamela0010273,563,291,606,170,62
198,458,1036,Shamela0007798,2906,67,733,313,48
198,71,357,Shamela0007798,2907,183,552,200,64
198,656,1409,Tafsir01006,357,558,1564,359,38
198,5,289,Shia002394Vols,898,94,380,183,77
198,129,357,Tafsir06048,237,0,337,181,67
198,0,149,Sham19Y0014404,317,285,815,98,21
198,0,357,QuranAnalysis001,41,671,1028,285,100
198,0,169,Zaydiyya0000474,74,1379,1547,135,99
198,0,357,JK000916,19450,663,1053,281,90
198,1096,1409,Rafed0001713Vols,570,162,811,207,39
198,0,169,JK001414,1940,666,835,135,100
198,0,169,JK006950,3879,633,801,135,99
198,0,169,ShamIbadiyya0000391,1,442,610,135,99
198,44,357,Shamela0000041,673,302,633,251,94
198,0,351,Shamela0023578,907,1227,1577,280,99
199,340,1027,Shia001432Vols,7088,300,797,394,71
199,465,1042,JK009270,1040,869,1351,366,80
199,89,284,Shamela0000140,1983,386,574,134,81
199,636,926,Meshkat0014420,1132,923,1213,231,100
199,629,1295,Shamela0037458,845,858,1497,243,33
199,340,926,JK009336,299,590,997,314,67
199,401,926,Shia003461Vols,234,344,755,299,69
199,340,967,Shia003461Vols,236,323,883,345,57
199,340,1027,JK009396,329,160,656,395,72
199,1027,1466,Shia002356Vols,249,451,800,176,48
199,340,943,JK010552,425,185,601,327,67
199,732,1027,Shamela0008473,1358,937,1241,209,85
199,1027,1442,Shia002382Vols,453,184,606,227,56
199,709,1042,Shamela0021821,421,605,1109,255,63
199,340,1042,JK001110,73,830,1334,395,70
199,401,926,Shamela0003118,5649,443,855,299,69
199,401,926,JK006478,3088,1073,1505,268,58
199,636,1042,Rafed0003943Vols,265,217,617,316,97
199,636,1333,Shamela0010273,565,72,766,285,39
199,1027,1466,Tafsir01006,358,814,1424,238,44
199,465,1466,Sham19Y0014404,318,5,750,382,42
199,340,1042,QuranAnalysis001,41,923,1427,395,70
199,401,926,JK000916,19450,963,1374,301,69
199,186,1126,Rafed0001713Vols,571,412,1475,390,37
199,340,926,Shamela0000041,673,528,923,313,67
199,96,611,JK000876,316,27,682,216,35
199,1027,1466,JK000876,316,827,1381,200,42
200,791,1106,Shamela0008381,1204,696,1011,255,100
200,878,1106,Shia001432Vols,2472,1334,1562,188,100
200,878,1187,Shia001432Vols,19667,999,1308,255,100
200,895,1106,Shia001432Vols,19998,926,1141,171,95
200,976,1303,Shamela0023632,893,980,1307,271,100
200,1303,1527,Shamela0023632,895,819,1044,178,99
200,550,1527,JK009268,1497,694,1491,644,81
200,791,1106,Sham19Y0023618,441,883,1189,202,78
200,1106,1303,Sham19Y0023618,442,1208,1405,162,100
200,878,1106,Shamela0023628,860,1024,1252,188,100
200,1106,1395,Shamela0023628,863,784,1073,234,100
200,954,1303,Rafed0003257Vols,1692,0,349,289,100
200,1148,1281,Rafed0003257Vols,1694,726,1271,110,24
200,1303,1527,Rafed0003257Vols,1695,139,364,178,99
200,550,1187,Sham19Y0020891,1539,218,674,371,71
200,818,1316,Sham19Y0020966,105,290,751,262,57
200,1303,1527,JK010001,1642,91,317,178,99
200,878,1148,JK009270,1045,16,286,223,100
200,1148,1395,JK009270,1047,903,1150,199,100
200,785,1187,Meshkat0014420,1138,640,1077,288,75
200,1120,1316,JK006476,337,533,764,117,53
200,791,1395,ShamAY0036821,678,961,1554,473,96
200,470,707,Meshkat00042485,2262,749,1067,139,46
200,1106,1303,Sham19Y0147312,500,514,1208,162,28
200,995,1337,Tafsir02067,198,541,1268,278,46
200,1034,1298,Zaydiyya0000062,357,1252,1606,210,72
200,1051,1298,Shamela0009698,48,653,897,200,97
200,859,1106,Shamela0010517,2387,804,1049,192,93
200,899,1106,Shamela0010517,2395,9,216,168,96
200,932,1106,Shamela0037458,850,1377,1551,145,100
200,1124,1303,Shamela0037458,853,0,179,147,100
200,878,1148,JK000087,95,32,303,222,99
200,1106,1303,JK000791,491,1133,1330,162,100
200,1148,1303,Shamela0021766,1087,515,823,116,45
200,1303,1527,JK000365,485,632,857,178,99
200,728,1051,Shamela0012014,348,868,1171,173,51
200,1187,1477,Shamela0000922,364,26,541,204,48
200,942,1303,JK007018,148,0,379,297,94
200,791,1303,JK009396,330,146,658,417,100
200,791,1187,Sham19Y0023608,857,1184,1579,322,99
200,1268,1527,Sham19Y0023608,863,694,1322,205,41
200,1303,1527,Sham19Y0016953Vols,987,1079,1304,178,99
200,1025,1281,JK000818,124,995,1521,205,47
200,872,1148,Shamela0009231,720,1069,1345,224,98
200,1148,1293,Shamela0009231,723,916,1253,119,43
200,1281,1477,ShamIbadiyya0000441,67,1089,1285,155,100
200,1148,1303,Meshkat00042488,334,1278,1546,127,57
200,1046,1298,ShamIbadiyya0000075,175,203,1031,206,30
200,791,1187,Shia002356Vols,250,130,503,274,84
200,470,915,Shia002380Vols,154,131,542,202,46
200,1148,1380,Shia002380Vols,155,772,1096,176,67
200,878,1106,Tafsir02102,1643,1274,1499,184,97
200,791,1303,Shamela0008473,1361,757,1269,417,100
200,1303,1527,Shamela0008473,1365,227,452,178,99
200,878,1148,Shamela0008473,1819,447,717,223,100
200,1148,1357,Shia002382Vols,456,475,773,170,70
200,1303,1527,Tafsir07055,1708,195,420,178,99
200,1112,1337,Tafsir05047,156,834,1321,183,45
200,550,1505,Shamela0023591,2381,786,1559,626,80
200,878,1187,JK009266,2908,119,428,255,100
200,1120,1303,Tafsir10098,335,133,507,150,48
200,550,1285,Shamela0021821,421,1041,1594,452,75
200,1285,1527,Shamela0021821,422,0,243,192,99
200,872,1303,Shamela0008476,987,376,807,350,98
200,878,1187,JK009362,2080,804,1115,255,99
200,878,1060,JK007070,18,1345,1526,151,99
200,1106,1277,JK001420,261,65,613,142,31
200,844,1051,Shamela0022653,289,1317,1524,171,100
200,791,1303,JK006478,3092,299,817,417,98
200,470,919,Tafsir08060,118,202,718,169,35
200,932,1303,Rafed0003943Vols,267,765,1136,307,100
200,1303,1527,Rafed0003943Vols,269,600,825,178,99
200,878,1194,JK000360,43,527,849,256,96
200,878,1187,Shamela0010273,568,736,1045,255,100
200,976,1148,Shamela0007798,2924,767,939,144,100
200,278,707,Tafsir01006,359,540,1006,181,37
200,274,707,Shia002394Vols,902,337,785,173,36
200,1051,1395,Shia002394Vols,907,680,1125,272,75
200,1106,1281,Shia002394Vols,908,52,350,140,56
200,1046,1303,Tafsir06048,238,1244,1565,210,80
200,844,1051,JK000379,46,1245,1452,171,100
200,932,1106,Meshkat00057178,1100,828,1321,145,35
200,1148,1293,Meshkat00057178,1102,0,252,119,57
200,878,1187,Masaha000554Vols,1081,391,695,248,97
200,1106,1298,Masaha000554Vols,1084,143,476,151,54
200,905,1527,QuranAnalysis001,42,0,623,507,99
200,872,1187,Rafed0001713Vols,575,422,737,256,98
200,1055,1303,Rafed0001713Vols,577,1157,1492,148,49
200,878,1106,Noorlib0005343,218,352,580,188,100
200,1051,1303,Tafsir04056,694,663,806,107,53
200,1120,1337,Tafsir04056,1732,544,1351,145,22
200,1051,1303,Tafsir02094,869,646,1284,200,38
200,976,1407,Shamela0000041,677,849,1285,344,96
200,1046,1337,Shamela0000041,678,379,956,238,50
200,995,1527,Shamela0023578,917,0,533,432,99
200,1042,1187,Shamela0023578,918,296,574,118,52
201,311,487,Zaydiyya0000413Vols,3231,211,453,136,71
201,273,559,Sham19Y0020891,1541,1123,1507,192,62
201,293,507,JK001492,268,17,290,141,64
201,1321,1558,Shamela0000140,2050,0,229,175,86
201,286,487,Meshkat0014420,1137,399,568,105,57
201,293,487,Shamela0029882,716,134,367,139,73
201,95,487,Shamela0001466,558,697,1104,181,45
201,95,487,Shamela0022769,304,454,870,202,55
201,77,530,Zaydiyya0000062,356,900,1516,249,46
201,154,487,Shamela0021766,1083,948,1421,205,50
201,293,735,Tafsir02011,361,266,980,197,28
201,487,904,ShamIbadiyya0000075,174,792,1262,165,38
201,258,708,JK001496,487,781,1426,256,48
201,95,487,Tafsir02102,1067,174,651,185,39
201,95,555,ShamIbadiyya0000050,1860,288,1156,223,27
201,95,487,JK009266,2906,582,1009,231,58
201,77,487,JK000458,786,998,1441,204,52
201,297,487,Zaydiyya0000265,1101,704,958,149,74
201,89,471,Shamela0010273,567,1166,1478,174,52
201,293,487,Tafsir01006,360,15,241,140,72
201,137,487,Shia002394Vols,904,0,297,161,51
201,95,904,Sham19Y0014404,319,648,1452,342,41
201,339,487,Rafed0001713Vols,575,0,177,105,68
201,95,487,Tafsir07057,1305,35,331,178,52
201,95,729,Shamela0000041,676,378,1356,317,38
201,293,487,Shamela0023578,915,388,659,152,70
202,308,570,Shamela0022593,552,746,1266,150,34
202,43,1027,Tafsir09083,311,169,1334,315,28
202,988,1298,Meshkat00042485,2276,236,602,156,42
202,0,279,Zaydiyya0000062,358,77,532,153,38
202,0,286,Shia002380Vols,155,794,993,150,63
202,845,1087,Shamela0008473,1371,664,1025,117,42
202,0,286,Shia002382Vols,456,497,698,153,65
202,349,570,ShamIbadiyya0000050,1868,632,1105,159,40
202,30,596,Tafsir01006,362,127,1311,329,33
202,0,286,Meshkat00057178,1102,120,707,150,28
202,308,570,Tafsir07057,1311,828,1166,173,59
202,845,1452,Shamela0000041,680,0,444,150,23
203,590,905,Shia001432Vols,24154,946,1273,254,96
203,224,503,Shamela0023632,900,1047,1326,228,100
203,503,829,Shamela0023632,904,751,1077,261,100
203,6,723,JK009268,1511,829,1545,582,99
203,723,905,JK009268,1512,0,182,147,100
203,503,829,Sham19Y0023618,447,841,1448,261,53
203,147,383,Shamela0023628,872,157,471,186,73
203,331,557,Shamela0023628,874,225,566,178,64
203,557,829,Shamela0023628,876,165,437,218,100
203,184,379,Rafed0003257Vols,1705,628,999,157,52
203,379,577,Rafed0003257Vols,1707,947,1140,151,93
203,557,775,Rafed0003257Vols,1710,1359,1576,174,99
203,460,815,Sham19Y0020891,1560,741,1538,260,40
203,224,562,JK009270,1055,751,1089,273,99
203,557,905,JK009270,1058,65,413,280,100
203,379,557,Shamela0005756,12631,449,624,143,98
203,379,557,Meshkat0014420,1154,1436,1614,145,100
203,557,768,Meshkat0014420,1157,172,383,169,100
203,745,905,Meshkat0014420,1159,418,579,114,85
203,124,491,JK006476,340,619,929,180,53
203,331,620,JK006476,341,183,475,231,95
203,6,665,ShamAY0036821,681,902,1549,524,98
203,665,905,ShamAY0036821,682,0,237,187,97
203,1183,1339,Meshkat00042485,2279,393,595,109,66
203,312,883,Tafsir02104,121,281,877,256,38
203,434,905,Sham19Y0147312,506,0,1307,380,36
203,623,905,Tafsir02067,202,0,542,223,51
203,218,925,Sham19Y0013550,159,554,1512,385,46
203,184,507,Zaydiyya0000062,361,24,465,258,71
203,460,712,Zaydiyya0000062,363,523,855,202,75
203,654,899,Zaydiyya0000062,364,138,502,173,59
203,565,836,Shamela0037458,861,0,268,212,97
203,349,718,JK000791,498,119,941,294,44
203,768,905,JK000791,499,25,377,109,38
203,6,557,JK007018,149,47,1047,449,55
203,557,925,JK007018,150,111,484,285,93
203,87,562,JK009396,332,334,887,311,68
203,527,905,JK009396,333,722,1131,288,88
203,6,577,Sham19Y0023608,868,259,830,453,97
203,620,905,Sham19Y0023608,874,0,285,229,100
203,224,503,Shamela0001340,58,489,785,226,93
203,478,768,Shamela0001340,59,680,994,226,88
203,503,751,Shamela0009231,729,723,1152,178,51
203,768,905,Shamela0009231,730,129,647,111,26
203,158,379,Meshkat00042488,338,11,382,164,55
203,434,751,Meshkat00042488,339,801,1398,225,46
203,669,905,Meshkat00042488,340,415,1244,166,25
203,557,718,Shamela0004473,8881,797,958,129,100
203,557,905,Shamela0022371,141,1152,1471,201,72
203,518,718,JK010729,2,33,260,136,75
203,206,507,JK010729,161,987,1294,239,93
203,116,383,JK000961,58,144,473,186,68
203,349,557,Shia002356Vols,253,525,750,169,92
203,650,925,Shia002356Vols,254,795,1170,186,60
203,557,768,Shia002356Vols,254,145,356,169,100
203,1183,1408,ShamAY0034059,1202,308,528,118,52
203,224,503,Shamela0001419,118,1061,1358,228,93
203,503,726,Shamela0001419,119,1320,1542,178,99
203,184,530,Shamela0008473,1376,1082,1525,279,77
203,460,905,Shamela0008473,1383,595,1428,358,53
203,650,883,Shamela0008473,1384,84,873,185,29
203,443,718,JK006474,917,66,993,166,21
203,6,406,Shamela0023591,2398,1182,1581,326,99
203,406,905,Shamela0023591,2399,0,499,403,100
203,379,584,JK009266,2939,306,514,149,89
203,557,768,JK009266,2941,820,1031,169,100
203,224,503,Sham19Y0026523,1037,1398,1677,227,99
203,6,841,Shamela0021821,427,682,1513,673,99
203,557,768,Shamela0001417,199,383,594,169,100
203,224,557,JK009362,2091,750,1089,270,97
203,535,829,JK009362,2096,194,533,232,85
203,577,723,Shamela0010463,216,799,948,116,97
203,423,723,JK001420,264,0,491,209,52
203,46,379,JK006478,3115,188,515,220,71
203,557,925,JK006478,3120,806,1168,284,94
203,312,738,Rafed0003943Vols,272,1096,1555,310,83
203,738,905,Rafed0003943Vols,273,0,167,135,100
203,514,829,Shamela0010273,578,1070,1454,236,76
203,169,379,Shamela0007798,2957,62,630,170,36
203,768,925,Shamela0007798,2976,904,1151,117,55
203,1183,1507,Shia002394Vols,914,784,1371,154,30
203,503,718,Shia002394Vols,918,1254,1468,170,98
203,723,918,Shia002394Vols,920,0,193,148,93
203,460,942,Tafsir06048,242,16,834,355,54
203,557,751,Sham19Y0014404,324,757,956,155,97
203,135,383,Meshkat00057178,1109,347,971,200,39
203,184,379,Masaha000554Vols,1089,650,1169,157,37
203,331,557,Masaha000554Vols,1091,931,1164,181,94
203,507,905,Masaha000554Vols,1094,590,985,306,94
203,6,883,QuranAnalysis001,42,718,1594,711,99
203,6,379,Rafed0001713Vols,581,96,469,304,100
203,1183,1339,Rafed0001713Vols,581,1040,1226,86,54
203,413,557,Rafed0001713Vols,584,0,144,117,100
203,545,768,Rafed0001713Vols,585,711,948,177,93
203,669,905,Rafed0001713Vols,586,240,1122,157,21
203,162,383,Shamela0000041,682,1025,1293,176,80
203,562,905,Shamela0000041,686,826,1250,215,60
203,577,768,Shamela0000041,686,0,191,153,100
203,6,568,Shamela0023578,923,65,629,450,97
203,557,905,Shamela0023578,929,43,391,280,100
204,576,723,Meshkat00042485,2283,7,184,103,65
204,749,1137,Meshkat00042485,2284,621,1191,183,35
204,1145,1514,Meshkat00042485,2285,898,1468,175,33
204,225,437,JK000906,2160,533,1039,129,30
204,1235,1581,ShamIbadiyya0000075,178,1114,1497,175,47
204,383,1278,Shia002380Vols,157,502,1512,364,36
204,1278,1573,Shia002382Vols,461,1014,1498,150,34
204,635,1250,Shia002382Vols,461,107,643,268,50
204,225,821,Tafsir01006,365,378,1348,310,37
204,828,1581,Tafsir01006,366,12,1053,337,34
204,389,723,Shia002394Vols,916,133,533,186,49
204,25,690,Meshkat00057178,1109,224,881,200,25
204,525,821,Rafed0001713Vols,583,64,619,150,31
204,828,1137,Rafed0001713Vols,583,858,1236,135,37
205,605,1552,JK009268,1512,0,668,529,68
205,225,829,JK009268,1518,7,795,237,30
205,776,1282,Shamela0023628,877,1094,1562,267,55
205,534,1552,ShamAY0036821,682,4,718,519,59
205,6,573,Meshkat00042485,2287,76,776,327,55
205,333,633,Shamela0001466,566,230,571,164,55
205,1268,1552,Sham19Y0147312,508,285,751,231,60
205,336,915,Zaydiyya0000062,364,120,486,191,39
205,80,802,Shamela0021766,1106,174,1561,359,30
205,1067,1427,Sham19Y0023608,876,794,1154,293,100
205,1228,1552,Shia002356Vols,255,971,1317,248,87
205,1191,1488,Shia002380Vols,159,819,1278,205,53
205,135,829,Shia002382Vols,462,510,1362,324,39
205,534,1552,Shamela0023591,2399,263,985,536,61
205,694,1552,Rafed0003943Vols,273,24,653,505,72
205,6,369,Tafsir01006,366,1072,1547,217,55
205,333,534,Shia002394Vols,919,1303,1519,112,58
205,776,1282,Sham19Y0014404,325,5,627,298,54
205,1008,1552,QuranAnalysis001,43,0,508,408,92
205,1268,1552,Rafed0001713Vols,588,114,399,231,99
205,776,1154,Shamela0000041,687,0,531,172,32
205,1228,1427,Shamela0000041,687,1376,1589,162,92
205,861,1018,Shamela0023578,930,667,913,72,37
206,0,466,Shia001432Vols,7088,942,1281,244,62
206,204,461,Shia001432Vols,22587,1280,1536,203,97
206,0,478,Shia001432Vols,23758,47,446,240,59
206,0,261,Shamela0023632,910,260,521,213,100
206,227,461,Shamela0023632,911,512,836,185,70
206,227,458,Tafsir03097,439,90,800,162,26
206,0,458,JK009268,1512,668,1126,374,100
206,261,461,Sham19Y0023618,452,510,710,161,99
206,6,303,Shamela0023628,881,1250,1546,241,99
206,303,458,Shamela0023628,882,0,155,128,100
206,261,458,Rafed0003257Vols,1719,1321,1518,161,100
206,687,1400,Tafsir09083,316,58,925,254,26
206,261,461,LMN20251118,17,1392,1594,158,95
206,0,287,Sham19Y0020891,1571,1007,1594,234,48
206,261,387,JK010001,2849,1378,1504,102,100
206,261,458,Shamela0009759,179,1325,1522,161,100
206,0,458,JK009270,1064,726,1184,374,100
206,214,458,Meshkat0014420,1172,808,1169,189,63
206,6,350,JK006476,345,652,1114,267,71
206,261,458,Shamela0030842,5,411,608,161,100
206,0,458,ShamAY0036821,682,718,1169,360,96
206,261,387,ShamAY0036821,692,178,303,101,99
206,261,398,ShamIbadiyya0000129,187,728,863,107,96
206,910,1317,Meshkat00042485,2291,35,396,215,59
206,1100,1596,Meshkat00042485,2292,11,650,239,40
206,261,367,JK000081,275,1527,1632,85,99
206,0,458,Tafsir02104,122,433,1222,308,47
206,546,880,Shamela0001466,567,943,1395,155,39
206,900,1596,Shamela0001466,568,37,1227,353,33
206,199,472,Sham19Y0147312,509,1200,1468,189,81
206,458,1016,Shamela0022769,313,52,926,247,33
206,261,458,JK000276,382,1094,1291,161,100
206,91,452,Zaydiyya0000062,367,10,373,293,99
206,214,461,JK000374,77,1133,1380,200,99
206,214,472,Shamela0037458,869,500,848,193,66
206,261,472,JK000791,503,1040,1254,166,95
206,880,1050,Shamela0021766,1109,604,1171,122,26
206,1079,1480,Shamela0021766,1110,743,1353,207,41
206,214,416,JK000365,284,1374,1576,165,100
206,91,458,Shamela0000922,370,836,1420,298,62
206,261,387,Tafsir07076,2200,195,489,102,42
206,0,458,JK007018,151,138,1054,370,49
206,0,267,JK009396,335,204,485,218,95
206,261,472,JK009396,335,1143,1357,166,95
206,0,458,Sham19Y0023608,879,986,1444,374,100
206,261,387,Sham19Y0023608,2995,711,871,101,78
206,261,458,Sham19Y0095660,1480,962,1159,161,100
206,0,378,JK000381,2188,1332,1595,206,66
206,466,1596,JK000818,127,255,1140,421,38
206,261,458,Shamela0009231,735,336,533,161,100
206,214,461,Meshkat00042488,344,696,1024,200,74
206,0,404,Sham19Y0020587,3,1259,1502,190,56
206,261,416,Shamela0004473,6282,688,843,126,100
206,247,458,Shamela0004473,9699,470,681,163,95
206,138,461,Shia002356Vols,257,405,750,197,59
206,1030,1465,ShamAY0034059,1216,61,834,187,26
206,19,458,Tafsir04038,119,409,1171,327,52
206,0,387,Shia002380Vols,160,342,1150,305,46
206,0,261,Shamela0008473,1387,1016,1277,213,100
206,261,458,Shamela0008473,1389,861,1058,161,100
206,261,387,Shamela0008473,3635,425,551,102,100
206,1275,1596,Shia002382Vols,464,0,458,187,50
206,261,387,Tafsir07055,2940,252,378,102,100
206,0,261,Shamela0003055,1982,1358,1619,213,100
206,0,458,Shamela0023591,2399,985,1443,374,100
206,261,387,Shamela0023591,2427,481,607,102,100
206,261,472,JK009266,2961,617,823,166,96
206,65,461,Shamela0021821,433,684,1086,314,95
206,0,478,JK009362,2109,571,1084,378,90
206,261,387,JK009362,3673,275,401,102,100
206,227,387,JK009362,8436,435,592,111,86
206,261,472,JK001420,266,596,810,166,95
206,6,261,JK009257,182,531,787,208,99
206,261,458,JK009257,183,268,465,160,99
206,261,472,JK006478,3134,451,667,167,94
206,170,478,Rafed0003943Vols,276,0,491,251,62
206,1100,1465,Shamela0010273,583,858,1355,224,57
206,91,458,Shamela0010273,585,733,1100,298,100
206,261,458,Shamela0007798,2991,958,1155,161,100
206,575,1574,Tafsir01006,368,5,1590,528,39
206,1003,1596,Shia002394Vols,923,280,1049,307,47
206,0,261,Shia002394Vols,926,0,259,211,99
206,0,261,Tafsir06048,243,851,1245,209,65
206,1079,1590,Sham19Y0014404,326,78,733,187,28
206,138,472,Sham19Y0014404,327,307,899,264,54
206,214,378,Meshkat00057178,1119,1384,1618,133,69
206,6,261,Zaydiyya0000299,444,720,975,207,99
206,0,478,QuranAnalysis001,43,508,1170,390,72
206,1030,1596,Rafed0001713Vols,588,777,1504,260,38
206,95,478,Rafed0001713Vols,590,0,386,303,96
206,0,478,Hindawi017506357,55,828,1490,390,72
206,261,387,Shia002374Vols,117,693,819,102,100
206,261,393,Tafsir07057,1346,672,804,104,97
206,0,261,Tafsir04056,2029,114,375,213,100
206,261,387,Tafsir02094,768,1070,1196,102,100
206,261,367,Tafsir02094,3972,1369,1475,85,100
206,1079,1433,Shamela0000041,688,234,894,188,34
206,118,458,Shamela0000041,690,0,340,277,100
206,0,484,Shamela0023578,932,68,552,393,99
207,1249,1408,Meshkat00042485,2296,675,886,105,61
207,1201,1571,Shamela0022769,315,1086,1580,215,52
207,1168,1554,Shamela0037458,869,500,771,147,39
207,1249,1489,JK000791,503,1022,1534,107,24
207,1168,1431,Sham19Y0023608,882,580,1216,158,30
207,1316,1505,JK000465,899,586,938,102,35
207,776,1558,JK000818,128,0,622,305,41
207,949,1580,Shia002356Vols,257,58,1199,207,18
207,768,1591,Shia002380Vols,160,520,1183,361,47
207,456,760,Tafsir02102,1096,576,1025,130,28
207,1009,1591,Shia002382Vols,465,933,1439,273,51
207,456,928,Shia002382Vols,465,80,497,219,44
207,647,1482,Tafsir05047,161,294,1214,255,28
207,1389,1571,JK009266,2962,5,338,111,41
207,1168,1591,JK006478,3134,213,1176,246,29
207,456,1478,Tafsir08060,121,625,1675,428,40
207,456,1215,Tafsir01006,369,378,1605,411,38
207,1249,1591,Tafsir01006,370,233,682,204,52
207,1249,1591,Shia002394Vols,928,233,668,207,55
207,782,1571,Sham19Y0014404,327,255,1229,314,33
207,1249,1571,Tafsir08090,448,823,1128,165,57
207,768,1215,Rafed0001713Vols,590,495,1462,254,31
207,1249,1591,Rafed0001713Vols,591,173,794,218,42
208,898,1169,JK000330,271,952,1224,221,98
208,256,709,Shamela0008381,360,264,600,264,71
208,898,1166,Shamela0008381,747,414,682,221,100
208,898,1166,Shamela0008381,795,958,1226,221,100
208,898,1169,Shamela0008381,832,1062,1333,222,99
208,327,709,Shia001432Vols,22588,0,293,225,72
208,440,768,Shamela0023632,913,959,1287,270,100
208,768,1071,Shamela0023632,915,436,739,245,100
208,256,999,JK009268,1525,902,1644,604,99
208,999,1166,JK009268,1526,0,167,138,100
208,502,768,Sham19Y0023618,454,0,266,219,100
208,768,898,Sham19Y0023618,455,913,1043,102,100
208,898,1166,Sham19Y0023618,456,773,1041,221,100
208,256,556,Shamela0023628,884,813,1112,244,99
208,470,838,Shamela0023628,886,66,488,265,77
208,440,712,Rafed0003257Vols,1724,1385,1656,224,99
208,768,898,Rafed0003257Vols,1726,1540,1670,102,100
208,898,1169,Rafed0003257Vols,1729,1129,1403,221,97
208,443,709,Sham19Y0020891,1578,0,554,220,48
208,768,898,Sham19Y0020891,1582,867,997,102,100
208,709,1166,Sham19Y0020966,110,393,887,191,36
208,256,556,JK009270,1068,62,361,245,99
208,543,768,JK009270,1069,1039,1264,185,100
208,768,1071,JK009270,1071,827,1130,245,100
208,434,709,Meshkat0014420,1176,817,1091,223,98
208,835,1166,Meshkat0014420,1181,1071,1402,270,100
208,389,543,JK006476,347,710,868,125,97
208,858,1166,JK006476,350,0,320,250,95
208,751,898,ShamAY0038083,113,224,495,106,49
208,256,1166,ShamAY0036821,693,33,937,724,97
208,351,543,Sham19Y0147312,511,75,266,151,96
208,599,898,Sham19Y0147312,512,182,1004,238,35
208,768,898,Sham19Y0018176,955,603,914,102,41
208,366,835,Sham19Y0013550,160,645,1045,251,63
208,385,780,Zaydiyya0000062,369,112,627,308,72
208,746,1014,Zaydiyya0000062,370,1255,1530,204,92
208,344,543,Shamela0037458,872,1012,1214,159,96
208,703,898,Shamela0037458,875,178,377,151,94
208,1020,1166,Shamela0037458,877,1165,1311,121,100
208,898,1166,JK000087,610,1101,1369,221,100
208,768,898,JK000110,610,194,441,102,52
208,1020,1166,JK000791,509,24,170,121,100
208,189,556,JK007018,151,1262,1609,268,86
208,556,1166,JK007018,152,0,1035,494,58
208,768,898,Sham19Y0018103,1736,308,844,102,24
208,440,638,JK009396,336,1421,1618,163,99
208,638,1166,JK009396,337,0,528,430,100
208,440,768,Sham19Y0023608,885,1098,1426,270,100
208,768,898,Sham19Y0023608,890,1335,1465,102,100
208,835,1169,Sham19Y0023608,892,943,1525,270,56
208,256,709,JK000381,2189,29,388,286,77
208,867,1166,JK000381,2497,1255,1547,226,92
208,898,1166,JK000381,3130,1308,1576,221,100
208,870,1169,JK000381,3413,83,374,226,92
208,898,1166,JK000381,3916,1104,1372,221,100
208,366,709,Shamela0009231,736,217,1174,280,35
208,440,689,ShamIbadiyya0000441,169,425,732,198,77
208,351,709,Sham19Y0020587,4,0,264,207,71
208,256,638,Shamela0021537,2169,1274,1535,195,63
208,256,638,Shamela0021537,4386,895,1156,195,63
208,559,768,Shamela0004473,527,0,210,171,98
208,768,898,Shamela0004473,4915,23,237,102,60
208,454,709,Shamela0004473,7538,0,255,211,100
208,366,709,Shia002356Vols,258,852,1189,244,81
208,709,898,Shia002356Vols,259,32,221,150,100
208,874,1166,Shia002356Vols,259,867,1216,240,83
208,256,972,Shia002380Vols,161,71,1498,523,45
208,1020,1166,Shia002380Vols,162,124,287,121,89
208,768,898,PV2024060602,610,194,441,102,52
208,440,623,Shamela0008473,1395,1325,1507,150,99
208,623,768,Shamela0008473,1396,0,145,120,100
208,656,898,Shamela0008473,1397,949,1382,189,54
208,898,1166,Shamela0008473,1400,602,870,221,100
208,768,898,Shamela0037837,586,196,436,102,54
208,898,1166,JK000378,239,1226,1494,221,100
208,256,493,Shamela0023591,2429,1405,1640,191,99
208,493,1166,Shamela0023591,2430,0,673,550,100
208,898,1179,JK009266,2981,562,859,230,93
208,413,768,Shamela0021821,436,684,1036,285,98
208,746,1166,Shamela0021821,438,51,510,338,90
208,898,1166,Kraken220413194022,806,531,799,218,98
208,768,898,Tafsir10066,326,463,726,102,49
208,599,898,JK001110,74,130,429,242,100
208,870,1166,Shamela0021499,10,325,612,226,93
208,543,835,JK001420,267,540,1352,230,34
208,111,768,Rafed0003943Vols,276,217,799,472,86
208,768,1096,Rafed0003943Vols,277,1284,1611,266,99
208,543,768,Shamela0010273,589,673,898,185,100
208,768,898,Shamela0010273,591,965,1095,102,100
208,599,768,Shamela0007798,3002,263,465,140,83
208,898,1166,Shamela0010895,165,1317,1585,221,100
208,543,907,Shia002394Vols,932,1030,1395,293,99
208,959,1166,Shia002394Vols,934,767,1010,153,76
208,786,1166,Tafsir06048,245,787,1491,294,51
208,463,802,Tafsir06048,245,28,617,274,56
208,256,780,Sham19Y0014404,328,63,1596,421,33
208,746,1020,Sham19Y0014404,329,61,672,218,44
208,448,709,Masaha000554Vols,1107,1246,1503,212,97
208,111,892,QuranAnalysis001,43,895,1601,571,89
208,892,1166,QuranAnalysis001,44,0,274,226,100
208,898,1166,Zaydiyya0000075BK6,3,912,1180,220,99
208,440,709,Rafed0001713Vols,593,245,514,222,100
208,898,1179,Rafed0001713Vols,595,1134,1432,230,93
208,111,603,Hindawi017506357,55,1215,1632,337,83
208,603,768,Hindawi017506357,56,0,165,137,100
208,1042,1166,Tafsir04042,639,703,1004,103,41
208,898,1166,JK001414,781,593,863,221,99
208,440,709,Tafsir04056,2030,112,381,222,100
208,768,901,Shamela0009065,313,1243,1377,104,99
208,440,768,Shamela0000041,692,257,585,270,100
208,751,898,Shamela0000041,693,265,407,107,93
208,256,768,Shamela0023578,936,257,768,417,99
208,717,1166,Shamela0023578,939,396,887,336,84
209,304,720,Meshkat00042485,2300,553,1286,229,36
209,712,1385,ShamIbadiyya0000075,183,625,1316,257,36
209,156,985,Shia002382Vols,467,115,1114,445,48
209,49,944,Tafsir08060,122,760,1606,415,45
209,156,994,Tafsir01006,371,268,1569,480,44
209,262,674,Shia002394Vols,932,0,857,191,25
209,686,928,Shia002394Vols,932,1385,1656,142,62
209,49,944,Sham19Y0014404,328,456,1556,408,35
209,304,881,Rafed0001713Vols,593,553,1676,290,29
210,633,1002,JK000330,1083,446,820,291,94
210,941,1305,Shamela0008381,442,22,386,294,100
210,941,1136,Shamela0008381,790,1404,1598,161,99
210,941,1305,Shamela0008381,2858,1028,1392,294,100
210,633,1628,Shia001432Vols,2473,108,1105,810,99
210,633,941,Shia001432Vols,4074,2,310,252,100
210,1066,1376,Shia001432Vols,4583,1042,1350,246,99
210,503,832,Shamela0023632,917,963,1257,236,88
210,832,1103,Shamela0023632,919,677,948,224,100
210,1103,1376,Shamela0023632,921,91,364,217,100
210,1376,1628,Shamela0023632,924,900,1154,209,99
210,941,1103,Shamela0000894,7441,321,483,134,100
210,633,1628,JK009268,1533,267,1263,812,99
210,137,803,Sham19Y0023618,456,773,1609,352,41
210,755,1074,Sham19Y0023618,457,1267,1571,156,52
210,803,941,Sham19Y0023618,457,0,138,114,100
210,1376,1628,Sham19Y0023618,461,263,517,209,99
210,474,1066,Shamela0023628,890,311,923,454,85
210,1066,1305,Shamela0023628,893,140,379,191,100
210,1424,1628,Shamela0023628,900,250,483,170,87
210,576,894,Rafed0003257Vols,1730,1305,1634,224,82
210,894,1066,Rafed0003257Vols,1731,0,172,141,100
210,1056,1376,Rafed0003257Vols,1733,766,1083,251,98
210,633,1385,Sham19Y0020891,1587,35,786,602,98
210,1305,1628,Sham19Y0020891,1597,1052,1541,256,62
210,941,1141,JK000100,334,156,318,128,77
210,491,832,JK009270,1074,1268,1574,240,86
210,832,1066,JK009270,1077,1179,1413,193,100
210,1045,1305,JK009270,1082,445,695,194,93
210,1305,1537,JK009270,1101,647,879,190,100
210,941,1103,Meshkat0014420,1186,720,882,134,100
210,633,1299,AOCP20251104080,59,400,1060,521,96
210,860,1060,JK006476,351,0,204,164,98
210,202,1312,ShamAY0036821,693,709,1607,705,78
210,1327,1628,ShamAY0036821,701,1157,1502,224,78
210,38,547,Meshkat00042485,2304,693,1492,316,45
210,1141,1628,Tafsir02104,124,107,854,300,47
210,503,941,Sham19Y0147312,514,394,1507,330,35
210,1103,1376,Shamela0004445,6889,985,1258,217,100
210,146,680,Shamela0022769,320,114,1023,327,43
210,633,1032,Tafsir02067,206,755,1599,290,41
210,941,1309,JK000990,90,268,636,295,99
210,941,1288,Sham19Y0013550,162,51,596,238,54
210,281,826,Zaydiyya0000062,371,1064,1560,329,66
210,832,994,Zaydiyya0000062,372,1503,1667,135,97
210,1066,1376,Shamela0006947,10328,1052,1362,248,100
210,153,612,Shamela0037458,877,552,1311,243,34
210,633,941,Shamela0037458,878,506,814,252,100
210,916,1085,Shamela0037458,879,1362,1608,140,68
210,1444,1628,Shamela0037458,886,330,527,154,93
210,385,832,JK000791,509,24,551,277,55
210,832,1066,JK000791,510,466,1042,189,39
210,1450,1628,JK000791,514,474,793,145,54
210,941,1151,Tafsir07076,2252,660,929,169,76
210,202,894,JK007018,152,797,1570,382,48
210,928,1628,JK007018,153,619,1347,569,95
210,633,941,JK009396,337,1128,1436,252,100
210,1027,1376,JK009396,339,0,349,280,100
210,633,1049,Sham19Y0023608,894,1204,1619,340,99
210,1049,1376,Sham19Y0023608,895,0,327,262,100
210,1376,1628,Sham19Y0023608,902,149,403,209,99
210,941,1503,Sham19Y0095660,1035,1058,1283,186,40
210,941,1103,JK000381,4838,760,922,134,100
210,832,1020,JK000381,5957,76,264,156,100
210,1066,1293,JK000381,7882,856,1085,177,97
210,941,1103,Shamela0009231,739,1291,1453,134,100
210,633,941,Shamela0009231,739,68,376,252,100
210,1103,1309,Shamela0009231,740,1235,1440,162,99
210,832,1066,Meshkat00042488,349,1277,1511,193,100
210,941,1312,Shia003721Vols,549,1180,1548,298,99
210,1066,1293,Shamela0012034,139,1148,1377,177,97
210,941,1141,Shamela0021537,675,480,634,114,69
210,941,1376,Sham19Y0145435,5132,684,1119,351,100
210,528,941,Shia002356Vols,260,95,526,279,78
210,860,1155,Shia002356Vols,260,1182,1629,229,61
210,1305,1537,Shia002356Vols,262,125,356,187,97
210,310,793,Shia002380Vols,162,0,602,257,45
210,1217,1628,Shia002380Vols,163,254,1128,329,46
210,1066,1293,JK001226,289,165,394,177,97
210,775,994,Tafsir02102,1113,101,1141,151,17
210,1066,1376,Shamela0008473,923,1144,1371,172,67
210,785,941,Shamela0008473,1402,0,156,129,100
210,898,1385,Shamela0008473,1403,992,1453,365,93
210,1376,1628,Shamela0008473,1429,682,935,209,99
210,38,522,Shia002382Vols,468,718,1560,267,37
210,1376,1628,Shia002382Vols,472,1177,1509,209,75
210,137,1376,Shamela0023591,2430,405,1416,816,80
210,1376,1628,Shamela0023591,2458,169,423,209,99
210,51,612,JK009266,2981,505,830,238,52
210,474,1305,JK009266,2983,558,1459,622,85
210,1376,1628,JK009266,2999,833,1086,209,99
210,503,941,Shamela0021821,439,246,624,296,80
210,923,1376,Shamela0021821,440,0,512,366,88
210,1341,1628,Shamela0021821,442,7,350,236,83
210,941,1376,Shamela0008476,4,781,1176,319,90
210,633,888,Tafsir10066,328,1002,1501,209,51
210,633,941,JK009362,2128,160,477,252,97
210,1066,1305,JK009362,2132,922,1162,191,99
210,633,1066,JK001420,268,693,1574,297,39
210,1359,1628,JK001420,271,25,513,209,51
210,590,941,JK006478,3147,86,507,273,79
210,941,1103,Shamela0008206,386,247,409,134,100
210,633,1103,Rafed0003943Vols,278,602,1072,385,99
210,1103,1628,Rafed0003943Vols,279,237,764,426,99
210,633,941,Shamela0010273,594,877,1185,251,99
210,941,1305,Shamela0010273,596,746,1110,294,100
210,1045,1305,JK000089,213,604,868,196,93
210,752,916,Tafsir01006,373,927,1315,128,40
210,1066,1316,Shamela0010895,35,748,999,196,98
210,633,1103,Shamela0010895,172,419,889,386,100
210,137,612,Shia002394Vols,934,367,1010,266,41
210,793,1103,Shia002394Vols,936,4,467,232,58
210,658,1188,Tafsir06048,246,26,1081,416,48
210,941,1503,Sham19Y0018567,690,107,454,280,60
210,137,752,Sham19Y0014404,329,788,1654,413,52
210,695,1066,Sham19Y0014404,330,316,1434,283,30
210,1382,1628,Sham19Y0014404,332,403,868,185,46
210,633,941,Masaha000554Vols,1115,121,421,244,96
210,941,1305,Masaha000554Vols,1117,797,1157,289,98
210,137,1628,QuranAnalysis001,44,6,1270,1025,84
210,633,941,Rafed0001713Vols,596,1059,1367,251,99
210,212,356,Rafed0001713Vols,596,0,138,94,69
210,941,1305,Rafed0001713Vols,598,43,407,294,100
210,1305,1628,Rafed0001713Vols,601,278,603,266,99
210,1066,1309,Hindawi017506357,47,1343,1585,194,99
210,137,680,Tafsir04042,639,66,1051,326,39
210,768,941,Tafsir04056,1774,112,639,126,29
210,832,1020,JK006950,260,1356,1544,156,100
210,1066,1293,JK006950,2184,517,746,177,97
210,202,832,Shamela0000041,694,585,1013,334,64
210,633,1265,Shamela0000041,695,219,1236,514,62
210,1376,1628,Shamela0000041,698,822,1108,187,75
210,165,999,Shamela0023578,940,720,1582,507,59
210,633,1045,Shamela0023578,941,576,1345,331,52
210,1376,1628,Shamela0023578,946,982,1236,209,99
211,531,1580,Shia002380Vols,162,557,1384,381,37
211,70,608,Shia002382Vols,469,362,945,203,34
211,142,574,Shamela0010273,595,5,683,233,40
211,70,996,Sham19Y0014404,330,85,787,346,40
211,70,996,Shamela0000041,695,219,912,305,36
212,255,755,Tafsir09083,323,839,1299,190,41
212,893,1486,Tafsir09083,324,35,834,301,42
212,97,410,Meshkat00042485,2312,325,1005,143,26
212,607,759,Meshkat00042485,2315,356,517,83,62
212,1030,1517,Meshkat00042485,2316,960,1530,302,57
212,1045,1517,JK000818,131,90,571,262,57
212,610,1039,Shia002382Vols,471,455,870,171,39
212,1039,1503,Shia002382Vols,472,872,1509,245,37
212,906,1503,JK009266,2999,636,1086,254,45
212,57,743,Tafsir08060,124,154,899,228,31
212,840,1503,Tafsir08060,124,940,1430,219,34
212,0,426,Tafsir01006,375,169,841,172,30
212,607,759,Tafsir01006,375,1335,1510,82,57
212,703,1517,Tafsir01006,376,560,1425,401,46
212,893,1503,Shia002394Vols,943,91,418,192,33
212,986,1517,Sham19Y0014404,332,18,1160,299,31
212,0,410,Rafed0001713Vols,600,367,968,162,31
212,699,893,Shamela0000041,697,297,618,74,28
212,703,1517,JK000876,332,472,1503,396,40
213,653,770,Shia001432Vols,2318,873,990,94,100
213,770,1163,Shia001432Vols,2473,1190,1580,313,99
213,653,864,Shia001432Vols,8064,1254,1513,163,76
213,599,770,Shia001432Vols,22514,659,830,137,100
213,444,770,Shamela0023632,928,607,933,264,100
213,78,525,JK009268,1533,1246,1640,323,86
213,525,770,JK009268,1534,0,245,198,100
213,770,1163,JK009268,1544,969,1362,315,100
213,525,770,Sham19Y0023618,462,1126,1371,198,100
213,770,1163,Sham19Y0023618,463,438,831,315,100
213,559,893,Shamela0023628,907,0,334,270,100
213,599,778,Rafed0003257Vols,1742,1125,1304,137,96
213,719,893,Rafed0003257Vols,1743,482,899,139,41
213,633,830,Shamela0022593,582,162,636,150,39
213,534,770,Tafsir09083,327,857,1506,157,29
213,508,814,Tafsir09084,650,989,1529,172,38
213,216,602,Sham19Y0020891,1601,621,1007,317,99
213,599,770,Sham19Y0020891,1606,186,357,137,100
213,701,1163,Sham19Y0020891,1607,868,1321,338,85
213,216,529,JK010001,3103,592,901,255,98
213,78,449,JK009270,1105,126,446,259,83
213,599,770,JK009270,1112,827,998,137,100
213,78,372,Meshkat0014420,1194,1022,1265,200,80
213,565,729,Meshkat0014420,1200,1325,1508,114,72
213,582,793,JK006476,355,1286,1513,169,92
213,647,770,Shamela0002300,218,374,497,95,96
213,653,770,Shamela0002300,771,97,214,94,100
213,332,1163,ShamAY0036821,702,0,816,647,96
213,653,855,Shamela0004445,7132,825,1002,102,63
213,653,770,JK009158,315,407,528,94,96
213,599,990,Tafsir02067,210,324,1142,308,46
213,593,793,Zaydiyya0000062,378,1413,1612,153,91
213,693,896,Shamela0037458,893,0,203,161,99
213,599,770,JK000791,517,833,1197,137,46
213,697,893,JK000791,518,25,307,140,58
213,653,770,Tafsir07076,2308,834,951,94,100
213,410,893,JK007018,154,0,508,391,95
213,647,893,Shia003744Vols,98,258,536,194,87
213,78,1163,JK009396,341,75,1108,836,94
213,185,593,Sham19Y0023608,904,1160,1674,336,78
213,599,893,Sham19Y0023608,909,305,599,236,100
213,697,893,Shamela0009231,747,0,555,158,35
213,623,940,Meshkat00042488,356,0,1057,224,26
213,575,966,ShamIbadiyya0000075,187,432,1175,282,46
213,599,814,ShamAY0033108,457,336,1064,167,28
213,216,529,Sham19Y0145435,4937,719,1028,255,98
213,78,525,Shia002356Vols,263,53,713,323,54
213,427,724,Shia002356Vols,263,1144,1647,220,53
213,582,1163,Shia002356Vols,264,520,1115,370,71
213,372,1022,Shia002380Vols,164,236,1277,454,51
213,216,1163,ShamAY0001202,1,99,1045,767,99
213,653,814,Tafsir02091,591,6,458,127,34
213,449,893,Shamela0008473,1440,700,1123,311,86
213,508,787,Shamela0008473,1441,975,1531,196,43
213,503,773,Shia002382Vols,474,940,1513,208,45
213,653,896,Shia002382Vols,475,62,385,129,48
213,653,759,JK009265,357,1419,1524,85,99
213,641,770,JK009265,439,1286,1414,96,93
213,280,529,Tafsir07055,3193,0,245,203,98
213,602,814,AOCP202502141169Vols,529,0,807,169,26
213,216,529,Shamela0008983,2,149,456,253,98
213,78,1163,Shamela0023591,2458,406,1439,836,94
213,582,746,Shamela0023591,2468,69,491,124,36
213,113,565,JK009266,3004,934,1358,279,70
213,582,770,JK009266,3013,791,1015,146,81
213,525,1163,Shamela0021821,444,33,665,507,98
213,653,871,Masaha000001Vols,392,877,1139,169,78
213,653,871,Shia001122Vols,400,312,574,169,78
213,653,893,JK001420,273,544,1006,192,51
213,582,770,JK006478,3167,282,498,145,83
213,653,871,PV2024060601,400,312,574,169,78
213,216,864,Rafed0003943Vols,280,1036,1682,527,99
213,71,525,Shamela0010273,600,929,1615,326,53
213,599,770,Shamela0010273,604,1070,1241,137,100
213,770,893,Shamela0012293,713,1255,1378,99,100
213,653,770,Shamela0012293,4918,1434,1551,94,100
213,715,893,Shia002394Vols,948,970,1148,142,98
213,599,814,Shia002394Vols,949,91,672,123,24
213,78,444,Tafsir06048,248,138,790,255,43
213,444,755,Tafsir06048,248,972,1593,250,49
213,755,1115,Tafsir06048,249,0,464,282,76
213,653,871,Shia001349Vols,737,1054,1303,164,78
213,78,372,Sham19Y0014404,332,851,1636,234,35
213,508,900,Sham19Y0014404,335,577,1519,296,38
213,653,770,Meshkat00057178,1138,1156,1273,94,100
213,78,599,Masaha000554Vols,1126,978,1694,369,57
213,602,770,Masaha000554Vols,1130,1389,1553,131,97
213,78,543,QuranAnalysis001,44,1253,1666,338,87
213,543,1163,QuranAnalysis001,45,0,620,499,100
213,19,525,Rafed0001713Vols,604,76,687,372,69
213,525,770,Rafed0001713Vols,605,1231,1476,198,100
213,656,893,Rafed0001713Vols,607,162,530,180,59
213,653,778,Tafsir07057,2712,311,439,94,91
213,675,814,Tafsir02094,913,996,1475,110,28
213,444,653,Shamela0000041,701,310,519,170,100
213,508,1163,Shamela0000041,702,63,764,519,91
213,78,480,Shamela0023578,946,1219,1568,287,85
213,525,1163,Shamela0023578,951,279,944,509,95
214,625,1363,Shamela0023628,907,23,334,237,40
214,1093,1377,Tafsir09083,328,14,385,137,40
214,531,1129,Tafsir09084,650,863,1529,213,30
214,625,1443,ShamAY0036821,702,247,602,253,38
214,1074,1332,Meshkat00042485,2323,554,1015,184,50
214,775,1317,Shamela0022769,327,313,963,206,32
214,718,1276,Shamela0021766,1129,181,966,284,38
214,625,1363,JK007018,154,180,508,237,40
214,625,1443,JK009396,341,527,890,264,40
214,775,1554,ShamIbadiyya0000075,187,669,1288,285,37
214,625,1443,ShamAY0001202,1,464,827,264,40
214,625,1363,Shamela0008473,1440,812,1123,237,40
214,531,991,Shamela0008473,1441,850,1461,178,30
214,1085,1554,Shia002382Vols,475,197,666,215,45
214,531,790,JK006474,949,450,1099,140,26
214,54,636,Shamela0012884,1539,0,289,143,26
214,625,1443,Shamela0023591,2458,858,1221,264,40
214,625,1443,Shamela0021821,444,90,448,260,39
214,775,963,Sham19Y0013231,1119,285,547,108,48
214,775,1348,Tafsir08060,125,541,1107,264,45
214,0,527,Tafsir08060,125,13,430,203,41
214,625,1310,Rafed0003943Vols,280,1401,1682,214,39
214,531,797,Shamela0007798,3045,637,1301,147,27
214,625,1180,Tafsir01006,378,786,1561,284,40
214,1085,1450,Shia002394Vols,949,628,1302,232,43
214,511,1363,Sham19Y0014404,335,494,1507,334,30
214,625,1443,QuranAnalysis001,45,39,402,264,40
214,859,1332,Rafed0001713Vols,607,175,1167,242,29
214,568,1409,Shamela0000041,702,0,526,307,39
214,723,1430,JK000876,334,604,1516,306,37
215,349,983,JK000330,121,620,1128,412,79
215,629,833,JK000330,180,0,204,170,100
215,541,833,JK000330,274,0,283,224,93
215,573,983,Shia001432Vols,2474,0,410,339,100
215,689,1000,Shia001432Vols,20807,0,255,197,76
215,562,833,Shia001432Vols,22258,1247,1518,218,97
215,349,818,JK009268,1544,1264,1606,277,72
215,818,1223,JK009268,1545,0,405,325,100
215,349,870,Sham19Y0023618,463,733,1147,313,71
215,349,833,Hindawi070427368,55,269,627,289,73
215,573,983,Shamela0023628,912,134,544,339,100
215,427,833,Rafed0003257Vols,1744,0,312,257,76
215,629,983,Rafed0003257Vols,1749,818,1448,289,55
215,678,983,Sham19Y0020891,1615,1210,1515,252,100
215,573,895,JK009270,1117,1016,1337,266,99
215,431,833,Meshkat0014420,1206,699,1187,246,51
215,603,1093,JK006476,358,382,933,376,83
215,678,1223,ShamAY0036821,707,924,1465,431,97
215,248,547,Meshkat00042485,2326,266,847,192,40
215,1223,1457,Meshkat00042485,2327,944,1409,170,46
215,678,951,Meshkat00042485,2329,4,592,225,46
215,349,833,Shamela0004445,609,815,1173,289,73
215,349,833,Shamela0012769,84,1060,1439,287,69
215,633,975,Zaydiyya0000062,381,472,904,275,76
215,562,833,Shamela0006947,8493,713,984,218,97
215,267,833,Shamela0037458,897,118,926,331,48
215,562,833,JK000368,93,313,584,218,97
215,573,1223,JK009396,342,632,1282,529,100
215,633,833,Sham19Y0023608,912,0,200,167,100
215,678,983,Sham19Y0023608,918,247,1145,249,33
215,349,833,Sham19Y0016953Vols,818,43,401,289,73
215,562,833,JK000381,224,854,1125,218,97
215,416,833,JK000381,528,0,323,264,77
215,678,983,JK000381,2104,843,1001,128,50
215,573,833,JK000381,3620,392,652,216,100
215,573,833,JK000381,5663,902,1162,216,100
215,349,833,Shia003721Vols,518,213,571,289,73
215,573,833,Shamela0004473,10698,132,392,216,100
215,434,833,Shamela0022647,20,47,429,240,69
215,349,833,Sham19Y0145435,5127,715,1073,289,73
215,401,833,Shia002356Vols,265,320,827,279,68
215,1248,1457,ShamAY0034059,1261,401,725,148,58
215,590,983,Shia002380Vols,165,482,1002,315,72
215,349,983,ShamAY0001202,1,947,1455,412,79
215,573,833,Shamela0008473,1446,1294,1554,216,100
215,590,983,Shia002382Vols,476,311,1238,317,41
215,349,806,JK000378,19,1156,1486,268,71
215,658,983,JK000378,58,0,325,269,100
215,678,1223,Shamela0023591,2475,957,1502,442,100
215,573,833,JK009266,3021,461,721,216,100
215,1301,1457,JK000458,826,481,1119,123,24
215,358,856,Shamela0021821,446,983,1504,316,72
215,502,833,JK009362,2168,958,1260,232,84
215,562,833,JK000376,130,567,838,218,97
215,349,833,JK009257,191,650,1511,291,37
215,349,833,JK006478,3169,283,617,268,68
215,678,983,JK006478,3174,424,928,248,59
215,573,833,ShamAY0034385,9,772,1032,216,100
215,672,833,Rafed0003943Vols,282,0,161,134,100
215,833,1223,Rafed0003943Vols,283,794,1184,313,100
215,231,552,Shamela0010273,607,297,671,183,61
215,573,1284,Shamela0010273,608,158,752,265,34
215,0,547,Tafsir01006,379,668,1437,252,36
215,1223,1457,Shia002394Vols,951,366,771,129,37
215,658,983,Shia002394Vols,953,155,541,264,82
215,0,1018,Tafsir06048,249,265,1239,541,52
215,772,975,Sham19Y0014404,338,0,369,165,54
215,573,833,Masaha000554Vols,1141,955,1213,211,97
215,349,1223,QuranAnalysis001,45,522,1270,602,85
215,573,792,Shamela0009065,201,40,259,184,100
215,611,912,Shamela0000041,704,1138,1515,238,76
215,742,1223,Shamela0000041,705,29,632,388,79
215,349,836,Shamela0023578,951,846,1207,289,72
215,590,906,Shamela0023578,954,1031,1538,247,59
216,86,880,Tafsir09083,329,311,1212,375,43
216,98,717,Tafsir09084,655,519,1617,271,25
216,194,757,Meshkat00042485,2329,4,592,281,42
216,98,822,Shamela0001466,1101,299,1349,368,36
216,1116,1544,Shamela0021766,1135,288,909,179,31
216,194,350,Sham19Y0023608,918,247,561,97,36
216,627,1517,JK000818,133,623,1276,281,32
216,98,397,Shamela0008473,1447,795,1555,175,26
216,608,918,Shamela0008473,1448,354,949,208,42
216,98,397,JK009257,191,974,1511,176,37
216,98,678,Tafsir06048,249,681,1091,248,50
216,336,819,Sham19Y0014404,338,0,551,174,30
216,1149,1548,Sham19Y0014404,338,1050,1499,166,38
216,98,397,Tafsir04042,647,579,1210,186,32
216,277,1517,Shamela0000041,705,0,1492,414,25
216,102,654,Shamela0023578,954,1117,1538,263,53
217,339,635,Shia001432Vols,6256,1323,1619,243,100
217,141,635,Shamela0023632,936,451,922,370,91
217,635,1142,Shamela0023632,946,1038,1545,414,99
217,195,1088,JK009268,1552,699,1617,725,96
217,1088,1406,JK009268,1553,0,318,261,100
217,339,635,Sham19Y0023618,467,793,1088,242,99
217,141,359,Shamela0023628,922,179,378,146,79
217,339,635,Shamela0023628,924,305,600,242,99
217,1072,1386,Shamela0023628,940,435,888,242,63
217,195,339,Rafed0003257Vols,1759,1334,1483,116,96
217,318,635,Rafed0003257Vols,1767,323,711,258,81
217,618,1142,Rafed0003257Vols,1774,780,1303,422,98
217,318,635,Sham19Y0020891,1627,648,1024,258,83
217,339,635,Shamela0023606,171,1194,1489,242,99
217,211,359,Shamela0009759,183,466,614,115,97
217,339,635,Shamela0009759,185,1124,1419,242,99
217,141,347,JK009270,1124,988,1153,103,63
217,339,635,JK009270,1128,719,1013,242,99
217,252,857,Shamela0005756,13061,311,639,252,50
217,6,1006,Sham19Y0150960,640,697,1593,707,85
217,1014,1406,Sham19Y0150960,641,0,395,311,94
217,195,339,Meshkat0014420,1213,13,167,114,91
217,211,635,Meshkat0014420,1216,331,856,298,68
217,447,584,JK006476,362,688,824,112,99
217,226,974,ShamAY0036821,710,880,1625,602,98
217,974,1406,ShamAY0036821,716,874,1297,344,97
217,122,339,Sham19Y0147312,528,994,1177,136,74
217,339,635,Sham19Y0147312,529,1111,1405,242,99
217,218,339,Shamela0001601,117,1316,1435,95,98
217,318,635,Sham19Y0013550,174,646,979,258,94
217,6,628,Zaydiyya0000062,383,270,954,438,74
217,930,1377,Zaydiyya0000062,387,1065,1564,362,88
217,618,1164,Shamela0006947,20296,872,1412,437,97
217,195,359,Shamela0037458,903,844,1008,132,100
217,218,368,JK000791,522,1016,1176,117,90
217,218,1142,JK009336,972,311,1234,754,99
217,141,339,Shamela0000922,381,881,1067,128,75
217,331,635,Shamela0000922,383,326,643,249,95
217,6,635,JK007018,156,500,1240,420,60
217,141,635,JK009396,343,996,1474,366,86
217,141,646,Sham19Y0023608,923,245,721,370,90
217,974,1374,Sham19Y0023608,935,1141,1540,327,99
217,141,359,JK000917,456,926,1189,128,56
217,339,635,JK000917,466,581,876,242,99
217,204,339,JK000381,510,1289,1423,102,94
217,218,342,JK000381,1624,1344,1470,97,96
217,195,339,Shamela0009231,751,191,335,116,100
217,339,635,Shamela0009231,753,964,1260,243,100
217,141,359,Meshkat00042488,361,1031,1212,146,83
217,252,635,Meshkat00042488,362,975,1430,284,74
217,218,418,Rafed0003726Vols,340,123,402,132,57
217,218,635,Shamela0022371,144,66,548,339,86
217,238,572,Shia002356Vols,267,1187,1601,235,65
217,141,339,Shia002356Vols,267,199,405,128,79
217,218,339,Sham19Y0014827,363,733,853,97,99
217,383,635,Sham19Y0014827,365,0,251,207,99
217,218,513,Shamela0008473,1456,1179,1472,238,99
217,218,339,Noorlib0010712,56,32,153,97,100
217,252,680,ShamIbadiyya0000005,509,966,1457,348,86
217,252,857,Shamela0037837,631,439,1042,494,99
217,141,339,Shamela0012884,1550,150,310,120,75
217,339,635,Shamela0012884,1552,427,722,242,99
217,141,974,Shamela0023591,2482,304,1127,648,95
217,195,359,JK009266,3034,331,501,131,94
217,339,635,JK009266,3045,1103,1397,242,99
217,218,808,Zaydiyya0000063,202,17,541,417,86
217,185,635,Shamela0021821,449,626,1071,359,97
217,974,1386,Shamela0021821,455,895,1307,338,100
217,141,339,Sham19Y0013231,1126,120,284,127,76
217,211,353,Tafsir10066,340,651,787,102,90
217,546,974,JK001110,74,796,1224,352,100
217,195,339,JK001420,276,0,154,116,93
217,293,635,JK001420,276,547,886,255,91
217,218,342,Shamela0022653,157,440,566,97,96
217,218,339,Shamela0022653,182,346,467,97,100
217,218,603,Sham19Y0036571,87,150,519,238,69
217,339,635,JK006478,3182,1005,1300,242,98
217,141,635,Rafed0003943Vols,284,14,466,369,91
217,690,1142,Rafed0003943Vols,288,0,453,369,99
217,452,635,Zaydiyya0000148,52,0,182,150,99
217,141,339,Shamela0010273,612,260,819,149,33
217,339,635,Shamela0010273,613,1084,1379,242,99
217,974,1386,Shamela0010273,619,880,1292,337,99
217,63,359,Shamela0007798,3065,64,407,154,50
217,339,635,Shamela0007798,3074,516,811,242,99
217,1454,1583,Tafsir01006,382,987,1389,81,24
217,195,359,Sham19Y0014404,339,502,669,132,95
217,318,635,Sham19Y0014404,340,376,722,256,90
217,334,635,Meshkat00057178,1148,971,1269,245,99
217,6,513,QuranAnalysis001,45,1206,1573,292,71
217,513,1406,QuranAnalysis001,46,0,893,733,100
217,141,339,Shamela0009182,308,961,1134,127,73
217,252,635,Shamela0009182,309,923,1413,297,74
217,141,339,Rafed0001713Vols,613,478,657,130,82
217,297,635,Rafed0001713Vols,614,576,975,272,83
217,321,635,JK000122,303,674,980,246,95
217,339,635,JK000122,371,769,1064,242,99
217,339,635,JK000122,372,1243,1538,242,99
217,339,635,JK000122,439,206,501,242,99
217,321,635,JK000122,579,462,794,248,91
217,218,339,JK000122,696,1243,1364,97,100
217,218,339,JK000122,727,302,423,97,100
217,218,339,JK000122,731,415,536,97,100
217,218,339,JK000122,1182,52,173,97,100
217,195,359,Shamela0000041,707,57,232,132,93
217,252,635,Shamela0000041,708,475,902,291,84
217,603,974,Shamela0000041,711,574,945,304,100
217,195,1189,Shamela0023578,957,595,1614,803,95
217,6,252,JK000876,338,813,1078,138,56
218,123,346,Shamela0029882,739,547,794,120,49
218,346,644,Meshkat00042485,2341,312,700,123,34
218,8,383,Shamela0001466,584,430,589,78,25
218,346,848,Shia002382Vols,479,242,963,184,24
219,671,1015,Tafsir09084,671,28,588,196,42
219,634,1193,Shamela0005756,13063,330,961,232,35
219,1338,1625,Shamela0001466,590,677,1110,131,33
219,634,1015,Shamela0008473,1478,111,817,218,38
220,21,867,Shia002380Vols,169,134,791,241,29
220,311,513,Tafsir01006,386,26,513,134,33
221,542,1027,Shia001432Vols,21747,355,605,189,47
221,697,1027,Shamela0023632,971,724,1061,219,78
221,151,1027,JK009268,1553,250,1125,712,99
221,542,939,Sham19Y0023618,479,599,988,310,94
221,542,939,Shamela0023628,954,252,593,265,82
221,849,1047,Shamela0023628,955,400,591,154,94
221,1209,1376,Tafsir09084,684,13,181,122,86
221,792,1027,JK009270,1152,437,671,193,99
221,542,1060,ShamAY0036821,719,48,552,383,89
221,829,1027,Shamela0022769,342,376,748,163,53
221,756,1047,Shamela0037458,940,487,779,234,97
221,667,1047,JK000791,541,681,1389,252,43
221,792,1027,Shamela0000922,392,82,592,167,40
221,542,1041,JK007018,160,938,1465,399,92
221,542,1047,JK009396,352,199,713,411,97
221,199,647,Sham19Y0023608,939,898,1345,366,99
221,647,1027,Sham19Y0023608,945,109,488,311,99
221,792,1027,Shamela0009231,765,207,794,194,40
221,697,1047,Meshkat00042488,371,170,1149,261,32
221,461,939,Shia002356Vols,273,821,1372,371,79
221,332,988,Shia002380Vols,171,382,1569,527,54
221,199,647,EShia0071536,85,700,1074,298,81
221,1209,1376,Shamela0008473,1505,511,679,122,86
221,542,1027,Shamela0008473,1523,422,906,396,99
221,574,1027,Shamela0012884,1580,0,704,319,54
221,542,1027,Shamela0023591,2528,1116,1600,397,99
221,180,667,Shamela0021821,457,1066,1604,389,87
221,542,1027,JK001420,282,618,1536,354,47
221,190,647,Rafed0003943Vols,291,0,456,374,99
221,647,1027,Rafed0003943Vols,293,1223,1602,311,99
221,697,1060,Tafsir06048,259,42,777,271,44
221,610,896,Masaha000554Vols,1186,627,1190,221,47
221,151,995,QuranAnalysis001,46,825,1667,686,99
221,889,1047,Shamela0000041,728,0,170,128,92
221,173,916,Shamela0023578,975,493,1264,598,93
221,610,1027,Shamela0023578,986,544,1222,333,59
222,679,1094,Tafsir09084,694,81,1036,240,30
222,173,618,Shamela0000140,1552,388,942,302,62
222,1367,1644,Meshkat00042485,2372,761,1334,192,40
222,204,618,Shamela0021715,690,1066,1549,267,66
222,173,759,JK000818,136,729,1366,301,49
222,173,1644,Shia002380Vols,171,75,1481,565,33
222,702,1412,Shia002382Vols,491,1054,1581,225,33
222,173,780,Tafsir08060,129,257,671,228,41
222,618,1602,Sham19Y0014404,348,228,1441,388,30
222,997,1211,Rafed0001713Vols,629,5,494,113,28
223,667,1236,Shamela0008381,834,85,654,467,100
223,919,1055,Shamela0008381,2851,548,684,111,100
223,919,1571,Shia001432Vols,2474,465,1115,522,99
223,667,919,Shia001432Vols,4074,324,576,207,100
223,652,919,Shia001432Vols,21747,583,857,213,94
223,720,919,Shamela0023632,974,0,199,164,100
223,907,1092,Shamela0023632,975,1417,1607,145,94
223,1092,1352,Shamela0023632,977,644,905,211,99
223,667,842,JK009268,1587,1497,1671,145,99
223,842,1571,JK009268,1588,0,730,589,99
223,667,1092,Sham19Y0023618,480,808,1233,348,100
223,1236,1500,Sham19Y0023618,482,1278,1542,211,99
223,667,879,Tafsir06051,544,1004,1216,176,100
223,657,879,Tafsir06051,545,918,1146,181,96
223,667,919,Shamela0023628,957,1022,1274,207,100
223,822,1236,Shamela0023628,960,457,1035,336,71
223,1169,1571,Shamela0023628,962,115,733,322,64
223,667,1092,Rafed0003257Vols,1810,618,1043,348,100
223,667,834,Zaydiyya0000044,125,1360,1527,138,100
223,667,879,Tafsir09084,53,531,743,176,100
223,667,1096,Sham19Y0020891,1658,987,1416,349,99
223,862,1236,Sham19Y0020966,115,60,444,169,44
223,652,919,JK009270,1152,649,923,213,94
223,919,1060,JK009270,1159,1372,1512,115,99
223,1060,1236,JK009270,1160,0,176,145,100
223,667,919,Meshkat0014420,1250,1015,1267,207,100
223,919,1092,Meshkat0014420,1253,825,998,141,100
223,672,895,JK006476,371,1067,1303,184,94
223,807,1092,JK006476,372,465,1114,186,32
223,988,1360,JK006476,373,405,818,241,72
223,667,1414,ShamAY0036821,719,896,1628,590,96
223,919,1202,Shamela0001397,442,55,338,232,100
223,667,919,Sham19Y0147312,540,79,331,207,100
223,667,891,Shamela0004445,473,1300,1523,185,99
223,568,879,Tafsir02067,15,797,1353,197,41
223,648,919,Sham19Y0013550,184,554,881,222,82
223,879,1092,Sham19Y0013550,185,134,340,153,89
223,1146,1571,Sham19Y0013550,186,0,282,174,44
223,667,919,Sham19Y0013550,284,1141,1394,207,99
223,648,1083,Zaydiyya0000062,394,821,1263,344,95
223,919,1092,Shamela0006947,3679,930,1103,141,100
223,919,1096,Zaydiyya0000220,5,825,998,137,94
223,667,919,Shamela0037458,941,1187,1439,207,100
223,822,1092,Shamela0037458,943,462,835,219,71
223,558,919,JK000791,542,1102,1424,224,76
223,879,1092,JK000791,544,125,404,168,74
223,667,857,Shamela0000922,392,1401,1590,158,99
223,900,1092,Shamela0000922,394,22,248,156,84
223,919,1096,Tafsir07076,1051,163,326,116,80
223,799,919,Tafsir07076,2435,583,811,98,52
223,517,1236,JK007018,161,18,794,507,74
223,1299,1571,JK007018,162,0,555,217,49
223,667,1236,JK009396,353,420,989,467,100
223,755,1236,Sham19Y0023608,949,0,481,396,100
223,919,1108,Sham19Y0023608,1646,1480,1668,154,99
223,667,924,JK000917,510,419,676,209,99
223,706,1186,JK000381,5929,0,506,266,51
223,648,919,Shamela0009231,139,570,837,211,95
223,517,919,Shamela0009231,765,883,1380,259,55
223,667,1092,Shamela0009231,766,812,1342,239,53
223,1092,1450,Shamela0009231,767,780,1341,291,63
223,822,1132,Meshkat00042488,373,78,590,226,54
223,667,919,Shia003721Vols,383,683,934,206,99
223,919,1092,Shamela0004473,12850,1334,1507,141,100
223,667,919,Shamela0004473,12863,1084,1336,207,100
223,919,1092,Shamela0004473,14161,662,835,141,100
223,919,1352,Shamela0004473,15204,936,1370,352,99
223,667,1236,Shamela0022371,147,1020,1560,332,61
223,667,919,Shia002356Vols,274,1141,1390,204,98
223,879,1236,Shia002356Vols,275,769,1246,288,73
223,1011,1450,Shia002356Vols,276,62,795,247,38
223,667,1011,Zaydiyya0000142,2477,965,1308,282,99
223,919,1420,Shia002380Vols,172,868,1636,403,64
223,652,919,Shia002380Vols,172,58,442,213,67
223,667,879,Tafsir02102,73,496,708,176,100
223,667,879,Shamela0008473,281,598,810,176,100
223,558,1243,Shamela0008473,1526,661,1411,495,76
223,919,1092,Zaydiyya0000075BK15,4,1298,1471,141,100
223,919,1236,Shamela0003055,4073,186,429,180,69
223,517,919,Shamela0012884,1584,549,1077,271,63
223,558,1092,Shamela0012884,1586,547,1217,259,37
223,1132,1571,Shamela0012884,1588,1123,1541,325,92
223,667,1118,Shamela0023591,2532,1198,1648,369,99
223,1118,1571,Shamela0023591,2533,0,455,365,99
223,652,919,JK009266,3104,340,606,211,96
223,919,1092,JK009266,3108,290,463,141,100
223,667,1163,Shamela0021821,462,1128,1623,406,99
223,1163,1352,Shamela0021821,463,0,187,152,98
223,667,1011,Shia002759BK1,275,197,541,283,100
223,1074,1357,Shamela0008476,8,257,533,216,94
223,731,919,JK009362,2238,0,382,155,49
223,919,1132,JK009362,2240,952,1151,152,88
223,667,1096,JK000367,72,1096,1525,350,99
223,919,1092,Shamela0010463,254,708,881,141,100
223,667,1092,JK001420,283,127,919,348,53
223,667,919,JK006478,3250,160,417,207,97
223,919,1092,JK006478,3253,36,209,141,100
223,749,919,Rafed0003943Vols,294,0,170,141,100
223,1035,1352,Rafed0003943Vols,296,0,318,257,99
223,667,1096,Shamela0010273,629,787,1216,348,99
223,667,919,Shamela0007798,3198,92,344,207,100
223,924,1092,Shamela0007798,3206,0,168,137,100
223,652,879,Shamela0012293,1349,1156,1379,180,96
223,667,879,Shamela0012293,1850,151,409,176,82
223,652,879,Shamela0012293,2496,5,255,180,85
223,755,1236,Hindawi039418519,54,0,481,396,100
223,667,919,Sham19Y0014404,349,629,881,207,100
223,726,1092,Sham19Y0014404,350,885,1330,300,82
223,988,1236,Sham19Y0014404,351,141,572,202,57
223,563,919,Meshkat00057178,1167,784,1151,241,72
223,879,1132,Meshkat00057178,1170,190,720,184,42
223,667,919,Masaha000554Vols,1191,857,1106,199,96
223,652,1571,QuranAnalysis001,47,10,937,740,98
223,652,879,Zaydiyya0000474,76,1382,1610,181,96
223,558,1092,Rafed0001713Vols,631,19,701,411,74
223,667,919,Sham19Y0035312BK2,24,956,1208,207,100
223,667,919,Zaydiyya0000476,259,35,349,207,80
223,667,919,Zaydiyya0000476,267,55,369,207,80
223,667,965,JK006950,232,1302,1600,246,100
223,652,919,Shamela0000041,729,881,1155,213,94
223,726,1236,Shamela0000041,731,0,718,419,71
223,1118,1571,Shamela0000041,732,465,1120,365,69
223,652,1065,Shamela0023578,986,1200,1623,332,95
223,1040,1571,Shamela0023578,992,38,662,428,84
224,0,399,Shamela0006626,291,862,1259,307,96
224,0,243,Shia001432Vols,769,1106,1349,195,99
224,0,375,Shia001432Vols,2474,1115,1490,301,100
224,89,375,Shamela0023632,980,0,286,229,100
224,0,375,JK009268,1588,730,1105,301,100
224,76,375,Shamela0023628,964,11,310,240,100
224,0,240,Meshkat0014420,1260,18,258,195,100
224,0,375,ShamAY0036821,720,157,524,292,97
224,0,254,Shamela0029677,689,515,794,206,91
224,65,375,Sham19Y0147312,544,337,821,239,60
224,55,370,Zaydiyya0000062,398,114,465,250,88
224,0,375,JK007018,162,555,936,301,98
224,0,291,JK009396,354,1265,1555,235,99
224,0,375,Sham19Y0023608,957,808,1183,301,100
224,0,240,Shamela0001340,68,309,558,184,85
224,564,1449,JK000818,137,646,1473,384,44
224,6,270,JK000818,138,986,1561,214,45
224,55,240,Shia002356Vols,277,0,185,150,100
224,557,986,Shia002380Vols,172,112,442,213,55
224,0,375,Shia002380Vols,173,207,958,295,49
224,0,375,Shamela0001419,136,766,1097,220,69
224,55,240,Shamela0008473,1532,0,185,150,100
224,557,986,Shia002382Vols,492,582,922,223,57
224,0,297,Shia002382Vols,495,499,1015,233,55
224,0,375,Shamela0023591,2533,455,830,301,100
224,0,375,Shamela0021821,465,400,771,298,98
224,6,310,JK009362,2251,797,1337,208,48
224,938,1609,Tafsir08060,130,0,622,287,44
224,76,375,Rafed0003943Vols,297,1036,1335,240,100
224,1327,1530,Shamela0010273,631,173,464,107,47
224,0,191,Hindawi020604026,15,1032,1223,154,100
224,55,183,Sham19Y0014404,352,1359,1486,103,99
224,6,240,Masaha000554Vols,1204,460,972,182,43
224,0,375,QuranAnalysis001,47,937,1312,301,100
224,0,240,Shamela0000041,733,526,766,195,100
224,124,375,Shamela0000041,733,1207,1546,199,73
224,0,375,Shamela0023578,993,604,1065,300,80
224,168,380,Shamela0023578,994,105,627,156,37
225,739,1078,Sham19Y0020891,1668,4,207,160,59
225,812,1507,JK006476,374,721,1543,320,44
225,584,1181,JK000818,138,605,1160,304,54
225,292,1057,ShamIbadiyya0000075,196,223,1490,357,31
225,11,665,Shia002380Vols,172,1208,1636,281,48
225,669,1567,Shia002380Vols,173,0,495,317,41
225,566,1567,Shia002382Vols,495,164,777,381,44
225,11,224,Sham19Y0014404,351,141,572,102,25
225,499,1078,Sham19Y0014404,352,90,669,291,49
225,691,1567,Shamela0000041,733,238,1357,402,39
226,431,1072,Shia001432Vols,4047,761,1401,519,99
226,767,1076,Shia001432Vols,4057,726,995,155,55
226,223,724,Shamela0023632,981,740,1264,298,65
226,724,1072,Shamela0023632,984,0,348,283,100
226,529,1072,JK009268,1596,0,544,442,99
226,464,760,Sham19Y0023618,485,0,316,213,83
226,724,1072,Sham19Y0023618,486,176,524,283,100
226,724,1076,Shamela0023628,970,71,423,284,99
226,411,1072,Rafed0003257Vols,1830,477,1132,523,97
226,724,892,Rafed0003257Vols,1833,423,736,137,53
226,1072,1283,Tafsir09084,703,990,1515,128,30
226,431,786,Sham19Y0020891,1672,1227,1581,287,99
226,786,1355,Sham19Y0020891,1673,0,347,174,33
226,631,1072,JK009270,1172,871,1310,358,99
226,631,931,Meshkat0014420,1267,1303,1601,244,99
226,637,935,JK006476,377,311,1041,242,40
226,431,1072,ShamAY0036821,720,524,1150,503,96
226,435,924,Shamela0030435,25,1022,1607,384,78
226,670,1072,Tafsir02104,131,713,1352,293,56
226,431,1121,Shamela0004445,405,694,1389,535,94
226,637,892,Shamela0004445,451,1125,1564,153,43
226,546,1072,Sham19Y0014592,1986,263,1320,424,49
226,631,931,Sham19Y0014592,2753,1133,1424,238,97
226,845,996,Shamela0037458,955,1384,1535,121,100
226,845,1057,Shamela0021766,1651,87,301,165,96
226,615,1076,Shia001300,224,0,433,282,68
226,743,931,Shamela0000922,396,986,1278,154,64
226,583,1121,Sham19Y0009800,46,0,534,413,94
226,522,1494,JK007018,163,0,1029,554,59
226,431,1140,JK009396,355,829,1550,574,98
226,499,1072,Sham19Y0023608,963,0,573,466,100
226,431,1072,Shia002333,31,95,729,513,98
226,553,1072,Shia002333,32,26,517,332,71
226,431,724,JK000381,7735,526,819,237,100
226,546,935,JK000381,8023,249,528,216,68
226,631,859,Meshkat00042488,379,405,633,186,100
226,431,1121,Shia003721Vols,315,711,1384,535,95
226,724,1072,Shia003721Vols,317,325,1067,282,46
226,637,1045,Shia003721Vols,361,878,1551,208,34
226,546,1072,Shamela0004473,494,1025,1551,428,100
226,546,1045,Shamela0004473,2435,901,1375,354,87
226,546,1039,Shamela0004473,3236,644,997,230,57
226,615,1072,Shamela0004473,14141,0,457,372,100
226,439,996,Sham19Y0145435,1151,386,1033,347,59
226,431,1121,Sham19Y0145435,5085,763,1448,535,95
226,707,1072,Sham19Y0145435,5087,162,796,290,55
226,141,331,Shia002356Vols,277,1195,1397,98,55
226,724,1029,Shia002356Vols,278,1310,1610,244,98
226,637,1045,JK000475,2514,94,787,209,33
226,734,1072,Shia002380Vols,174,59,714,275,51
226,252,1072,Shamela0008473,1536,521,1337,571,79
226,637,1045,Shamela0008473,3094,649,1320,208,34
226,734,1018,Shia002382Vols,496,1084,1622,230,52
226,487,1091,MMS00013,2749,212,1035,422,61
226,1327,1518,Tafsir05047,177,91,444,132,45
226,631,845,Shamela0012884,1593,274,487,175,99
226,41,1072,Shamela0023591,2533,646,1471,658,79
226,431,996,JK009266,3122,8,569,456,98
226,480,1162,Shamela0021821,467,0,711,537,92
226,592,786,JK009362,544,920,1065,111,70
226,724,1072,JK009362,2259,243,611,283,94
226,631,996,JK001420,286,6,943,293,38
226,534,1045,JK000911,122,277,863,405,85
226,637,1045,Shamela0003118,6909,220,1003,212,30
226,431,942,Rafed0003943Vols,298,815,1326,409,98
226,512,1072,Shamela0010273,639,127,776,455,86
226,637,1072,Tafsir06048,263,342,1114,348,55
226,588,1045,Tafsir06048,264,326,868,295,59
226,553,845,Sham19Y0018567,535,687,979,240,100
226,424,1057,Masaha000554Vols,1208,593,1210,491,95
226,41,691,QuranAnalysis001,47,1128,1571,349,66
226,691,1072,QuranAnalysis001,48,0,381,310,100
226,546,996,Shamela0009429,4205,817,1267,366,100
226,512,845,Rafed0001713Vols,637,1156,1584,272,77
226,845,1105,Rafed0001713Vols,638,0,308,199,80
226,431,724,JK001414,2101,338,631,237,100
226,553,1072,Tafsir04056,1940,970,1537,396,85
226,431,724,JK006950,2037,443,736,237,100
226,546,935,JK006950,2324,1294,1573,216,68
226,546,1091,Shamela0009783BK1,327,17,686,355,60
226,724,1085,Shamela0000041,736,310,1057,281,45
226,431,1025,Shamela0023578,994,1012,1599,480,98
226,41,331,JK000876,350,837,1413,176,38
227,419,803,Shamela0021766,1227,159,694,218,47
227,77,1008,Shia002382Vols,496,761,1611,403,43
227,314,757,Tafsir01006,395,967,1619,209,37
227,185,803,Tafsir06048,264,349,785,245,44
227,260,1008,QuranAnalysis001,48,0,315,249,41
227,281,799,Rafed0001713Vols,639,0,930,312,40
228,0,350,Shia001432Vols,3385,808,1158,280,99
228,0,350,Shia001432Vols,3397,625,1101,232,60
228,14,483,Shia001432Vols,32799,254,606,268,71
228,171,350,Shamela0023632,991,973,1152,142,98
228,0,604,JK009268,1601,992,1595,485,99
228,0,218,Sham19Y0023618,487,518,736,176,100
228,309,552,Sham19Y0023618,489,0,243,195,99
228,387,791,Sham19Y0023618,490,37,679,280,54
228,0,218,Shamela0023628,980,753,1027,176,79
228,0,350,Rafed0003257Vols,591,184,534,280,99
228,0,350,Rafed0003257Vols,1839,334,684,280,99
228,0,152,Rafed0003257Vols,5247,316,468,122,100
228,131,328,Tafsir09083,345,562,1137,151,32
228,0,448,Sham19Y0020891,1680,1085,1532,357,99
228,0,483,Sham19Y0016934,6929,338,1337,330,41
228,0,171,JK009270,1194,626,797,138,100
228,171,557,JK009270,1200,220,605,307,98
228,0,588,ShamAY0036821,723,967,1544,462,97
228,171,350,Sham19Y0147312,548,151,654,143,35
228,0,350,Shamela0004445,130,936,1285,279,98
228,0,218,Sham19Y0014592,1485,554,1042,176,44
228,0,341,Zaydiyya0000062,404,381,892,270,65
228,0,350,Hindawi081859390,174,118,468,279,99
228,102,350,Shamela0037458,960,978,1226,199,99
228,0,218,Noorlib0038508,199,763,969,166,94
228,22,350,Shamela0000922,399,43,843,264,41
228,6,350,Tafsir07076,1512,121,832,218,38
228,22,218,Tafsir07076,1673,1331,1527,158,100
228,0,383,JK007018,164,274,698,290,85
228,0,350,JK009396,357,861,1211,280,99
228,228,791,JK009396,360,208,1003,423,65
228,0,552,Sham19Y0023608,970,343,895,442,99
228,218,557,JK000917,512,844,1183,267,98
228,152,350,Meshkat00042488,383,208,752,155,35
228,0,375,Shia003721Vols,38,546,915,285,94
228,0,218,Shamela0004473,4726,253,471,176,100
228,0,350,Shamela0004473,5382,577,927,282,100
228,218,350,Shamela0004473,5386,482,614,106,100
228,0,350,Shamela0004473,6966,27,377,282,100
228,0,350,Shamela0004473,7552,1014,1364,282,100
228,218,350,AOCP2023090635Vols,537,1176,1308,105,99
228,171,522,Shamela0022371,148,946,1537,281,58
228,218,350,ShamAY0033108,483,1058,1304,105,52
228,0,332,Sham19Y0145435,952,459,857,148,38
228,218,552,Sham19Y0145435,954,803,967,123,46
228,0,223,Shia002356Vols,280,789,1011,172,95
228,0,171,Tafsir04038,127,1368,1539,138,98
228,218,350,Shia002380Vols,175,1040,1172,105,99
228,6,218,Shia002380Vols,175,180,568,163,52
228,218,350,Tafsir02091,631,1193,1438,105,52
228,0,223,Shamela0008473,1547,1378,1600,180,99
228,452,815,Shamela0008473,1561,0,369,278,94
228,22,353,ShamAY0035884,16,404,925,245,58
228,0,332,Sham19Y0017077,134,205,527,129,41
228,0,791,Shamela0023591,2561,358,1149,634,99
228,0,248,JK009266,3134,579,827,181,91
228,0,371,Shamela0010283,2337,744,1275,193,40
228,0,552,Shamela0021821,470,1005,1557,443,99
228,390,791,Shamela0021821,473,671,1253,300,62
228,6,218,Hindawi030353837,773,824,1030,162,95
228,0,194,Shia002389Vols,651,1286,1480,156,100
228,936,1289,Sham19Y0013231,1172,1142,1303,106,36
228,26,350,Tafsir10066,362,94,966,250,35
228,0,218,JK009362,2262,947,1175,176,95
228,102,350,JK001420,287,767,1360,196,41
228,791,1336,Shia000181,20,64,646,169,24
228,0,544,Zaydiyya0000074,12,90,635,434,98
228,6,350,Rafed0003943Vols,301,592,932,266,96
228,419,791,Rafed0003943Vols,302,0,372,301,100
228,0,218,Shamela0010273,643,373,591,176,100
228,22,287,ShamAY0036039,100,769,1630,212,30
228,102,332,Tafsir06048,265,1065,1481,184,55
228,93,552,Hindawi020604026,538,0,459,370,100
228,0,791,QuranAnalysis001,48,482,1273,635,99
228,0,425,Shamela0009182,332,314,711,315,92
228,22,353,JK000916,8824,515,1032,243,58
228,22,218,JK000916,19264,1232,1494,158,74
228,0,350,Rafed0001713Vols,641,778,1128,280,99
228,477,791,Rafed0001713Vols,646,733,1304,250,54
228,22,350,Tafsir04042,669,663,1349,262,47
228,0,171,Tafsir04056,1964,1358,1528,137,98
228,0,350,Tafsir04056,1970,950,1300,278,98
228,0,332,Shamela0009783BK1,98,579,978,148,38
228,218,552,Shamela0009783BK1,100,862,1027,122,46
228,0,218,Shamela0000041,742,842,1060,176,100
228,0,552,Shamela0023578,1003,716,1267,443,98
228,483,791,Shamela0023578,1011,515,1058,248,56
229,1143,1367,Tafsir09084,710,0,242,163,84
229,144,664,JK006671,81,122,667,83,11
229,584,882,Shamela0037458,962,827,1239,131,38
229,1109,1367,Shamela0008473,1548,922,1222,189,79
229,614,1057,Rafed0001713Vols,644,525,1353,230,32
229,488,1048,Tafsir04042,669,798,1349,214,39
230,1252,1449,Sham19Y0020891,1693,833,1000,104,63
230,114,542,Meshkat00042485,2407,879,1328,181,44
230,532,1108,Shamela0001466,620,986,1528,170,24
230,1252,1429,ShamAY0033108,485,960,1168,104,64
230,39,442,Shia002356Vols,282,359,1015,146,27
230,1252,1429,Tafsir02091,634,1005,1213,104,64
230,39,542,Tafsir02102,1330,207,851,219,39
230,1012,1476,Tafsir05047,181,985,1495,180,33
230,130,366,Tafsir05047,181,27,248,104,45
230,114,442,Tafsir01006,399,1079,1390,141,49
230,471,1449,JK000876,356,100,818,308,32
231,1144,1423,JK000330,295,1279,1557,226,99
231,1144,1346,ShamAY0037152,854,1358,1559,165,99
231,915,1144,ShamAY0037152,856,36,451,182,54
231,1144,1406,Shia001432Vols,7088,1273,1534,212,99
231,1129,1482,Shia001432Vols,28826,330,846,272,63
231,660,915,Shamela0023632,1002,277,532,205,100
231,992,1450,Shamela0023632,1006,1013,1470,366,99
231,634,1144,JK009268,1602,161,671,409,100
231,1144,1482,JK009268,1619,1196,1535,273,99
231,660,915,Sham19Y0023618,491,1068,1323,205,100
231,887,1144,Sham19Y0023618,492,991,1289,198,83
231,1055,1482,Sham19Y0023618,493,325,826,327,81
231,660,992,Shamela0023628,992,1062,1394,269,100
231,992,1144,Shamela0023628,997,1296,1447,119,99
231,1144,1482,Shamela0023628,998,0,339,273,99
231,1139,1482,Rafed0003257Vols,667,570,914,274,98
231,900,1144,Rafed0003257Vols,1867,285,536,192,96
231,1072,1482,Rafed0003257Vols,1873,0,812,330,50
231,1144,1367,Shia002340,69,973,1196,182,100
231,910,1144,Sham19Y0020891,1695,399,633,185,99
231,1144,1482,Sham19Y0020891,1699,1205,1544,273,99
231,742,1055,JK009270,1207,518,831,250,100
231,1055,1482,JK009270,1210,126,552,342,99
231,660,915,Meshkat0014420,1285,1145,1399,205,99
231,1144,1443,Meshkat0014420,1294,1201,1498,241,99
231,1229,1375,JK006476,387,791,937,119,100
231,1236,1482,Shia001626Vols,476,316,563,198,99
231,634,992,ShamAY0036821,724,176,530,285,98
231,1055,1259,ShamAY0036821,737,1306,1504,158,95
231,1152,1468,Tafsir02104,134,1132,1500,208,62
231,505,923,Sham19Y0147312,551,394,1194,254,39
231,915,1144,Sham19Y0147312,552,219,448,183,100
231,1144,1482,Sham19Y0147312,553,77,415,273,99
231,1144,1395,Shamela0004445,2873,1224,1516,199,83
231,1095,1346,Shamela0012820,136,201,452,203,100
231,634,854,Zaydiyya0000062,407,1267,1486,175,97
231,839,1147,Zaydiyya0000062,409,299,558,191,75
231,1123,1482,Zaydiyya0000062,410,829,1231,288,89
231,1144,1482,Shamela0010517,1791,1084,1423,273,99
231,216,757,Shamela0037458,970,1141,1477,185,39
231,844,1144,Shamela0037458,974,1073,1399,200,75
231,1123,1482,Shamela0037458,977,203,593,289,92
231,388,915,JK000791,563,272,786,270,57
231,1114,1482,JK000791,566,0,681,292,53
231,1129,1346,JK009336,303,85,294,167,94
231,1144,1367,Shamela0023833,366,433,759,182,68
231,1144,1482,Shamela0000922,403,1160,1499,273,99
231,634,915,JK007018,166,411,702,225,96
231,1144,1482,Shamela0037325,1482,329,668,273,99
231,660,1144,JK009396,363,486,970,388,100
231,1144,1482,JK009396,365,869,1208,273,99
231,660,915,Sham19Y0023608,981,1043,1298,205,100
231,854,1144,Sham19Y0023608,985,1117,1557,229,65
231,1211,1482,Sham19Y0023608,988,0,272,219,99
231,1144,1482,JK000917,538,791,1130,273,99
231,1144,1367,JK000381,8065,1062,1285,182,100
231,1144,1482,Shamela0009231,783,55,394,273,99
231,373,854,Meshkat00042488,386,48,866,207,25
231,1055,1482,Meshkat00042488,388,123,930,343,52
231,1144,1482,Shamela0004473,7583,5,365,270,93
231,1236,1482,Shamela0004473,12851,75,322,198,99
231,1236,1482,Shamela0004473,14157,1337,1584,198,99
231,742,1482,Shamela0022371,149,342,919,367,57
231,660,915,Shia002356Vols,283,904,1156,202,98
231,864,1144,Shia002356Vols,284,311,625,208,83
231,1252,1482,Shia002356Vols,285,0,229,181,97
231,674,1055,Shia002380Vols,177,499,1497,306,38
231,660,915,Shamela0008473,1575,140,395,205,100
231,940,1144,Shamela0008473,1580,0,204,161,100
231,1055,1482,Shamela0008473,1586,615,1116,343,85
231,1144,1482,Noorlib0010712,35,354,693,273,99
231,992,1144,Shamela0012884,1619,735,886,118,99
231,1144,1482,Shamela0012884,1620,347,686,273,99
231,1144,1482,JK000378,83,203,542,273,99
231,1144,1359,Masaha002028Vols,828,188,502,175,68
231,634,992,Shamela0023591,2561,1123,1481,290,100
231,992,1144,Shamela0023591,2598,14,166,119,100
231,1144,1482,Shamela0023591,2599,926,1265,273,99
231,915,1144,JK009266,3165,663,892,183,100
231,1129,1482,JK009266,3180,483,848,277,94
231,1129,1482,Shamela0010283,3361,827,1202,276,91
231,634,915,Shamela0021821,473,1227,1506,225,99
231,742,1144,Shamela0021821,477,55,355,220,69
231,1003,1482,Shamela0021821,478,231,842,343,68
231,1045,1340,JK009362,2285,1060,1553,226,55
231,1129,1346,JK000367,88,858,1067,167,94
231,645,992,JK001420,289,148,736,235,49
231,1144,1386,JK009257,208,1359,1602,197,98
231,1144,1482,JK006478,3305,957,1300,273,97
231,1144,1482,Shamela0008206,272,170,509,273,99
231,660,1072,Rafed0003943Vols,302,1175,1586,331,99
231,1144,1482,Rafed0003943Vols,303,678,1017,273,99
231,1240,1482,Zaydiyya0000148,228,887,1143,187,91
231,915,1144,Shamela0010273,655,85,314,183,100
231,1144,1375,Shamela0010273,656,1375,1605,188,99
231,1144,1482,Shamela0007798,3311,293,632,273,99
231,385,915,Tafsir06048,268,980,1404,227,43
231,1211,1482,Tafsir06048,270,6,385,219,71
231,476,854,Sham19Y0014404,363,1068,1538,185,42
231,1055,1482,Sham19Y0014404,365,823,1417,343,71
231,849,1144,Masaha000554Vols,1233,1039,1454,225,67
231,1152,1482,Masaha000554Vols,1238,382,711,261,97
231,634,948,QuranAnalysis001,48,1247,1560,255,99
231,948,1482,QuranAnalysis001,49,0,535,427,99
231,1144,1482,Rafed0003489,165,330,817,273,69
231,834,1144,Rafed0001713Vols,649,204,639,240,69
231,1067,1482,Rafed0001713Vols,650,794,1396,334,68
231,1129,1482,JK000122,562,268,621,277,97
231,704,948,Tafsir04042,674,1005,1458,185,49
231,948,1319,Tafsir04042,675,257,1604,289,26
231,1144,1367,JK006950,2367,475,698,182,100
231,948,1367,Shamela0000041,753,993,1447,333,91
231,634,1123,Shamela0023578,1011,1032,1520,392,99
231,1032,1482,Shamela0023578,1020,700,1339,346,66
231,1144,1468,Shamela0023578,1024,149,1015,255,36
232,10,240,JK000330,242,595,835,181,92
232,0,240,JK000330,296,60,303,189,95
232,0,240,Shia001432Vols,7089,77,313,184,92
232,10,240,Shamela0023632,1012,371,603,180,94
232,379,1228,JK009268,1602,287,671,301,44
232,0,240,Sham19Y0023618,493,826,1077,194,94
232,0,232,Rafed0003257Vols,1873,812,1043,188,99
232,10,232,Sham19Y0020891,1704,374,595,180,99
232,10,232,JK009270,1213,270,492,181,100
232,0,240,ShamAY0036821,738,223,464,187,94
232,361,720,Meshkat00042485,2414,288,824,209,45
232,1159,1524,Shamela0001466,623,221,995,217,33
232,10,232,Sham19Y0147312,554,852,1133,181,79
232,938,1372,Shamela0022769,359,87,874,262,39
232,10,232,Sham19Y0013550,189,824,1325,180,44
232,10,263,Zaydiyya0000062,412,84,330,191,93
232,0,240,JK007018,168,157,420,195,91
232,379,1228,JK009396,363,586,970,301,44
232,0,240,JK009396,365,1208,1451,189,95
232,0,232,Sham19Y0023608,988,272,503,188,99
232,0,240,JK000917,538,1130,1373,189,95
232,10,240,Shia002356Vols,286,580,812,180,94
232,0,240,Shamela0008473,1586,1116,1362,189,94
232,0,240,JK000378,83,542,785,189,95
232,0,240,Shamela0023591,2599,1265,1507,188,95
232,0,240,Shamela0010283,3361,1202,1444,188,95
232,0,240,Shamela0021821,478,842,1085,189,95
232,10,232,JK001420,290,1201,1511,141,56
232,0,232,Rafed0003943Vols,303,1017,1248,188,99
232,10,252,Shamela0010273,657,676,917,187,95
232,235,888,Tafsir01006,401,0,1092,377,39
232,896,1464,Tafsir01006,402,78,1060,342,41
232,896,1217,Sham19Y0014404,365,46,901,182,25
232,1252,1504,Sham19Y0014404,366,41,345,132,44
232,0,240,QuranAnalysis001,49,535,778,189,95
232,1179,1565,Shamela0000041,754,1003,1397,209,55
232,379,1207,Shamela0023578,1011,1158,1520,285,43
232,896,1286,JK000876,357,709,1338,214,41
233,0,433,Shia001432Vols,7110,530,1052,224,44
233,338,762,Tafsir09084,729,761,1330,186,33
233,824,1307,Tafsir09084,731,1003,1558,237,44
233,824,1106,Meshkat00042485,2421,461,895,178,48
233,1099,1501,Meshkat00042485,2422,347,932,212,38
233,1150,1511,Shamela0001466,626,1227,1573,169,48
233,516,762,Shamela0004473,12851,519,762,116,45
233,1010,1501,Shia002380Vols,179,12,598,239,39
233,207,710,Tafsir02102,1355,11,841,214,31
233,516,762,Shamela0008473,1587,938,1205,131,51
233,1010,1381,Shamela0008473,1592,0,578,201,41
233,1165,1501,Shia002382Vols,509,67,308,156,53
233,257,651,Tafsir01006,403,5,478,174,37
233,824,1165,Tafsir01006,403,870,1535,219,40
233,1165,1501,Tafsir01006,404,177,461,165,53
233,850,1165,Rafed0001713Vols,654,542,1392,198,28
234,23,692,JK000330,242,804,1584,449,62
234,467,692,JK000330,295,560,785,183,100
234,23,647,JK000330,296,272,952,454,79
234,629,1195,JK000330,300,860,1519,438,82
234,49,760,Shamela0008381,767,1213,1568,261,45
234,467,760,Shamela0008381,831,309,531,176,73
234,467,610,Shia001432Vols,4495,860,1003,116,98
234,647,1195,Shia001432Vols,7089,492,1060,442,95
234,23,519,Shia001432Vols,28826,1082,1545,380,93
234,514,971,Shamela0023632,1021,0,457,373,100
234,971,1227,Shamela0023632,1025,543,809,192,88
234,467,610,Tafsir03097,488,1430,1573,117,100
234,23,692,JK009268,1620,117,769,535,97
234,643,1195,JK009268,1630,412,1070,437,82
234,467,1195,Sham19Y0023618,498,122,850,592,100
234,422,971,Shamela0023628,1013,160,791,447,87
234,971,1220,Shamela0023628,1016,1315,1574,186,83
234,60,1035,Rafed0003257Vols,1882,690,1664,798,99
234,1035,1195,Rafed0003257Vols,1883,0,160,129,100
234,422,747,Tafsir09083,353,838,1597,256,41
234,467,692,Sham19Y0020891,1714,290,515,183,100
234,971,1195,JK010001,3116,760,984,181,100
234,296,673,JK009270,1221,266,644,271,78
234,610,975,JK009270,1232,1117,1487,295,97
234,971,1195,JK009270,1239,629,853,181,100
234,467,590,ShamAY0034106,97,591,1046,84,23
234,467,692,Meshkat0014420,1309,627,852,183,100
234,617,1195,Meshkat0014420,1311,808,1375,422,88
234,155,467,JK006476,390,718,1059,250,88
234,467,772,JK006476,391,641,952,249,98
234,772,1091,JK006476,392,580,905,254,96
234,950,1195,Shia001269,2,122,364,187,92
234,986,1195,JK000101,364,0,209,169,100
234,23,971,ShamAY0036821,738,433,1356,745,96
234,610,971,Shamela0029677,1318,857,1144,227,77
234,317,610,Sham19Y0147312,556,172,616,177,48
234,60,760,Shamela0004445,465,519,924,318,55
234,700,1195,Sham19Y0014592,1430,331,694,278,69
234,60,692,Sham19Y0013550,190,572,1194,397,64
234,296,878,Sham19Y0013550,191,334,1599,474,45
234,296,610,Zaydiyya0000062,414,817,1131,257,100
234,401,971,Zaydiyya0000062,415,88,730,411,72
234,848,1140,Shamela0006947,11616,0,631,237,46
234,467,610,Hindawi030536269,246,1076,1219,117,100
234,458,700,Shamela0037458,993,671,912,187,95
234,912,1195,Shamela0037458,999,357,746,222,70
234,467,920,JK000791,574,580,1625,365,42
234,84,692,Shamela0021735,750,0,365,274,54
234,23,1235,JK000365,1125,211,1122,696,70
234,760,1140,JK000365,1320,512,888,285,92
234,478,610,Shamela0023644,1181,0,132,108,100
234,23,700,JK007018,169,304,1079,533,84
234,692,1227,JK007018,170,530,1064,418,95
234,971,1195,Shamela0037325,2797,362,586,181,100
234,251,1195,Shamela0037325,2940,852,1531,428,51
234,255,692,JK009396,369,380,900,331,78
234,878,1227,JK009396,370,0,336,269,93
234,60,692,Sham19Y0023608,993,608,1240,518,100
234,467,629,Sham19Y0023608,997,67,590,126,29
234,692,1195,Sham19Y0023608,998,394,897,409,100
234,971,1195,Sham19Y0095660,297,1374,1598,181,100
234,1017,1195,Sham19Y0095660,364,777,955,144,100
234,60,692,Shia002333,32,517,1148,517,99
234,434,692,JK000381,4130,128,384,196,93
234,692,1060,JK000381,7368,357,725,299,100
234,467,692,Shamela0009231,787,709,934,183,100
234,413,610,Meshkat00042488,393,800,1067,158,71
234,64,760,Shia003721Vols,375,0,394,314,55
234,384,737,ShamIbadiyya0000075,204,4,668,283,52
234,23,1220,Shamela0012034,807,417,1315,694,69
234,251,1195,Shamela0021537,55,200,879,437,54
234,950,1195,Shamela0021537,86,0,245,198,100
234,971,1195,Shamela0021537,435,20,244,181,100
234,692,1195,Shamela0021537,463,60,563,409,100
234,60,467,Shamela0021537,770,1068,1475,335,100
234,330,668,Shamela0021537,771,20,455,180,49
234,971,1195,Shamela0021537,1640,402,626,181,100
234,971,1195,Shamela0021537,2195,292,516,181,100
234,971,1195,Shamela0021537,2608,609,833,181,100
234,60,467,Shamela0021537,4264,1095,1502,335,100
234,330,668,Shamela0021537,4265,42,477,180,49
234,971,1195,Shamela0021537,5635,754,978,181,100
234,971,1195,Shamela0021537,6050,1314,1538,181,100
234,60,766,Shamela0004473,2555,650,1565,436,51
234,296,692,Shamela0004473,2818,926,1288,206,50
234,700,1195,Shamela0004473,2851,907,1297,305,76
234,692,1195,Shamela0004473,2874,996,1499,409,100
234,971,1195,Shamela0004473,3834,1193,1417,181,100
234,724,1140,Shamela0004473,4225,0,416,337,100
234,692,1025,Shamela0004473,5146,1388,1720,272,99
234,422,1178,Shamela0004473,5246,949,1633,498,76
234,692,1195,Shamela0004473,5901,280,783,409,100
234,365,530,Shamela0004473,8294,0,165,133,100
234,659,1195,Shamela0004473,16102,0,555,422,93
234,344,971,Shamela0022371,150,0,979,457,54
234,467,647,ShamAY0033108,497,210,877,147,26
234,303,692,Shia002356Vols,288,443,948,280,66
234,950,1227,Shia002356Vols,289,0,252,203,90
234,351,840,Shia002380Vols,180,0,736,393,65
234,467,582,Tafsir02091,648,1116,1479,91,31
234,199,786,Tafsir02102,260,777,1238,301,57
234,434,692,Tafsir02102,1163,52,312,197,93
234,409,740,Shamela0008473,1603,351,823,246,65
234,643,1227,Shamela0008473,1604,571,1272,459,79
234,323,835,Shia002382Vols,510,237,1147,379,50
234,971,1195,Tafsir07055,3205,1135,1359,181,100
234,467,574,Tafsir05047,186,148,352,86,51
234,971,1195,Shamela0003055,4575,1385,1608,181,99
234,467,610,Shamela0012884,1640,1289,1431,117,99
234,467,692,JK000378,82,1054,1279,183,100
234,23,647,JK000378,83,754,1434,454,79
234,467,786,JK000378,93,361,654,196,70
234,920,1195,Masaha002028Vols,829,1096,1361,189,85
234,159,971,Shamela0023591,2600,0,812,663,100
234,971,1220,Shamela0023591,2631,482,730,183,91
234,485,610,JK009266,3204,0,125,102,100
234,971,1195,JK009266,3216,846,1070,181,100
234,1050,1195,Shamela0010283,3363,0,145,118,100
234,467,692,Shamela0021821,484,769,994,183,100
234,692,1227,Shamela0021821,485,262,798,419,95
234,60,692,Sham19Y0018252,5,211,941,291,36
234,971,1195,Shamela0008476,2284,508,732,181,100
234,971,1195,Shamela0008476,2295,1333,1557,181,100
234,251,692,JK009362,2305,1066,1569,227,45
234,737,1060,JK000367,14,0,323,262,100
234,692,1195,Sham19Y0147597,950,575,1078,409,100
234,384,971,JK001420,292,40,1186,424,45
234,467,971,Hindawi086148607,127,400,904,411,100
234,692,1140,JK009257,211,96,1373,364,35
234,467,610,JK006478,3320,437,580,116,97
234,422,692,Kraken220413030927,120,272,542,207,95
234,422,692,Kraken220413030927,425,1342,1613,203,93
234,60,692,Rafed0003943Vols,304,900,1532,518,100
234,872,1195,Rafed0003943Vols,306,0,323,263,100
234,467,692,Shamela0010273,663,1099,1324,183,100
234,971,1195,Shamela0010273,666,1072,1296,181,100
234,467,610,Shamela0007798,3356,960,1103,117,100
234,903,1140,Shamela0007798,3368,287,574,170,73
234,1216,1603,Tafsir01006,404,950,1602,254,45
234,422,692,Tafsir06048,275,5,312,219,87
234,971,1202,Hindawi020604026,231,1115,1346,181,97
234,692,1060,Sham19Y0020642,344,1191,1558,299,99
234,692,1195,Sham19Y0020642,412,828,1331,409,100
234,323,610,Sham19Y0014404,369,1338,1649,176,58
234,474,692,Sham19Y0014404,370,0,284,177,76
234,422,610,Meshkat00057178,1207,281,497,153,87
234,23,878,QuranAnalysis001,49,747,1584,686,97
234,878,1195,QuranAnalysis001,50,0,317,258,100
234,467,610,SyriacStudies00001,49,36,178,116,99
234,1216,1574,Rafed0001713Vols,655,892,1627,212,34
234,422,692,Rafed0001713Vols,657,1030,1339,219,87
234,610,1195,Rafed0001713Vols,658,593,1165,436,92
234,296,692,JK000122,315,357,621,210,65
234,485,595,Tafsir04042,680,1098,1305,83,50
234,692,1060,JK006950,1670,787,1155,299,100
234,467,692,Hindawi037926480,95,118,346,183,98
234,422,971,Shamela0000041,762,947,1496,447,100
234,485,647,Shamela0000041,763,7,196,132,85
234,848,1195,Shamela0000041,764,225,699,280,72
234,23,610,Shamela0023578,1027,343,917,468,95
234,397,559,Shamela0023578,1031,1236,1443,130,77
234,559,1220,Shamela0023578,1032,0,694,516,91
235,316,892,Shamela0005756,14710,1098,1610,240,40
235,303,453,Meshkat00042485,2427,838,1251,121,34
235,303,524,Shamela0022769,363,1361,1638,152,67
235,279,585,Tafsir02102,1364,1037,1379,190,66
235,1117,1572,Shamela0010273,664,173,740,184,36
235,0,1044,Tafsir01006,405,40,1684,447,28
235,699,1191,Tafsir09071,234,10,448,184,41
235,303,478,Sham19Y0014404,369,427,665,117,51
235,99,1245,Rafed0001713Vols,657,113,1642,427,26
236,10,282,ShamIbadiyya0000193,835,451,1146,136,24
236,3,406,Meshkat00042485,2431,969,1502,208,44
236,3,554,Shia002382Vols,510,882,1585,206,29
236,0,634,Tafsir01006,406,757,1571,283,39
236,634,1347,Sham19Y0014404,371,9,725,206,24
236,255,856,Rafed0001713Vols,659,81,1044,281,33
237,211,913,Shamela0022651,8,833,1535,574,100
237,219,913,JK000330,301,0,694,568,100
237,211,580,Shia001432Vols,6257,168,537,300,99
237,211,577,Shamela0000894,1161,1284,1650,300,100
237,211,913,Rafed0000040Vols,1541,537,1239,574,100
237,20,757,JK009268,1630,1015,1615,487,81
237,757,943,JK009268,1631,0,186,153,100
237,20,597,Sham19Y0023618,500,816,1387,358,67
237,554,943,Sham19Y0023618,502,374,775,306,94
237,264,577,Rafed0003257Vols,1902,0,313,256,100
237,211,591,ShamAY0035562,60,1232,1611,311,99
237,182,580,Sham19Y0020891,1723,118,518,308,94
237,211,577,Meshkat0014420,1317,279,644,300,99
237,241,520,Kraken2107192213411,5,0,278,227,99
237,211,892,JK000087,485,917,1601,551,98
237,211,538,Shamela0023833,502,1084,1457,267,87
237,211,913,Sham19Y0009800,672,132,834,574,100
237,211,577,Sham19Y0023608,1003,589,955,300,100
237,211,600,Sham19Y0095660,1476,706,1125,305,89
237,187,913,JK000381,806,798,1520,581,97
237,211,913,JK000381,3405,501,1203,574,100
237,202,633,JK000381,8064,331,761,341,96
237,211,921,JK000381,8326,852,1566,574,98
237,211,577,Sham19Y0020587,4,468,833,300,99
237,211,600,Shamela0021537,5723,319,738,305,89
237,20,943,Shamela0004473,5901,728,1515,640,84
237,99,577,Shia002356Vols,290,212,702,332,78
237,211,577,Shamela0008473,1610,1106,1472,300,100
237,211,854,Masaha002028Vols,1069,899,1372,335,59
237,338,943,Shamela0023591,2635,0,605,494,100
237,20,597,Shamela0021821,487,218,719,373,77
237,211,577,Rafed0000185Vols,576,714,1080,300,100
237,211,913,Shamela0008476,54,23,725,574,100
237,219,577,JK009362,2315,275,653,287,92
237,211,600,JK000367,181,132,551,305,89
237,211,610,Shamela0021499,1,1229,1627,326,99
237,264,577,Shamela0022653,322,0,313,255,99
237,211,913,Shamela0022653,351,677,1379,574,100
237,211,597,JK000103,166,44,441,316,97
237,20,577,Rafed0003943Vols,306,268,689,345,75
237,211,597,Shamela0010273,668,419,806,310,98
237,1081,1513,Shamela0010273,669,403,1122,230,37
237,921,1447,Tafsir01006,408,481,1615,324,34
237,439,913,ShamAY0034401,35,0,474,389,100
237,211,577,JK000379,79,578,944,300,100
237,292,913,JK000379,109,0,621,507,100
237,20,943,QuranAnalysis001,50,262,1049,640,84
237,20,585,Rafed0001713Vols,660,755,1514,384,61
237,211,704,JK006950,2627,1148,1640,403,99
237,20,966,Shamela0023578,1034,629,1505,656,83
238,1290,1626,JK009268,1631,27,355,209,64
238,1290,1626,Sham19Y0023618,502,616,944,209,64
238,398,718,Shamela0000140,1141,1067,1544,211,48
238,42,445,Shamela0001466,633,0,588,179,32
238,1281,1584,Shamela0037458,1005,1449,1663,176,70
238,1335,1626,Shia002356Vols,292,909,1182,198,74
238,42,268,JK001496,551,1000,1284,139,60
238,1281,1626,Shamela0008473,1620,646,906,211,73
238,1290,1626,Shamela0023591,2635,446,774,209,64
238,741,1249,Tafsir01006,411,0,1026,252,28
238,1290,1626,QuranAnalysis001,50,890,1218,209,64
238,1290,1626,Shamela0000041,771,19,342,202,65
239,0,235,JK000330,793,441,676,187,100
239,553,696,JK000330,956,0,143,118,100
239,557,942,Shia001432Vols,2475,0,387,317,99
239,235,696,Shia001432Vols,5557,1354,1531,145,37
239,0,319,Shia001432Vols,7089,1276,1593,254,99
239,319,945,Shia001432Vols,7090,0,361,273,52
239,740,978,Shia001432Vols,20807,315,551,179,88
239,0,247,Shamela0023632,1037,1154,1412,193,94
239,235,740,Shamela0023632,1043,742,1246,415,99
239,594,740,Hindawi013082050,150,0,146,121,100
239,0,525,JK009268,1644,1155,1679,426,99
239,525,950,JK009268,1645,0,425,349,100
239,98,306,Sham19Y0023618,504,1387,1593,166,99
239,459,740,Sham19Y0023618,506,98,414,231,88
239,653,942,Sham19Y0023618,507,945,1300,201,68
239,0,235,JK000382,138,716,951,187,100
239,98,531,Shamela0023628,1029,117,543,320,85
239,475,751,Shamela0023628,1031,795,1072,221,97
239,740,950,Shamela0023628,1036,167,377,172,100
239,0,481,Rafed0003257Vols,1919,311,792,385,98
239,475,942,Rafed0003257Vols,1925,769,1236,384,100
239,740,942,Rafed0003257Vols,5251,1432,1634,166,100
239,200,459,Tafsir09084,750,635,1599,212,26
239,98,319,Sham19Y0020891,1738,789,1010,178,100
239,475,740,Sham19Y0020891,1744,997,1262,218,100
239,740,942,Sham19Y0020891,1749,272,474,166,100
239,475,666,JK000362,1316,1399,1589,157,99
239,0,235,JK009270,1249,54,297,187,96
239,740,950,JK009270,1265,757,965,171,99
239,475,747,Shamela0005756,14923,396,668,219,98
239,235,475,Meshkat0014420,1335,663,903,198,100
239,454,942,Meshkat0014420,1338,431,943,401,95
239,80,514,JK006476,397,738,1191,351,94
239,475,751,JK006476,398,838,1146,213,84
239,562,950,JK006476,399,60,621,279,60
239,76,950,ShamAY0036821,748,0,863,702,98
239,235,771,Tafsir02104,138,111,1315,363,36
239,258,814,Sham19Y0147312,569,110,917,438,66
239,740,942,JK009158,11,1158,1360,166,100
239,475,691,JK001263,95,1307,1522,178,99
239,475,678,Sham19Y0013550,485,1421,1623,167,99
239,98,395,Zaydiyya0000062,423,447,744,241,100
239,302,751,Zaydiyya0000062,424,435,1034,342,68
239,562,910,Zaydiyya0000062,425,1286,1591,217,68
239,475,740,Zaydiyya0000220,125,417,682,218,100
239,98,475,Shamela0037458,1008,375,752,308,100
239,475,740,Shamela0037458,1011,441,706,218,100
239,740,942,Shamela0037458,1015,389,591,166,100
239,98,481,JK000087,575,850,1233,312,99
239,235,400,JK000791,586,1120,1601,103,24
239,475,740,JK000791,587,566,830,217,99
239,740,942,JK000791,589,589,930,162,58
239,0,235,JK000365,238,1235,1470,187,100
239,0,235,JK000365,485,927,1162,187,100
239,395,740,Shamela0000922,414,557,1077,285,66
239,562,740,Tafsir07076,2656,1106,1284,147,100
239,0,240,JK010427,27,901,1141,190,99
239,0,481,JK007018,172,695,1189,384,96
239,521,942,JK007018,173,0,428,342,97
239,0,481,JK009396,373,403,889,385,97
239,374,758,JK009396,373,1241,1649,276,79
239,758,942,JK009396,374,0,184,152,100
239,0,475,Sham19Y0023608,1012,235,709,384,99
239,475,942,Sham19Y0023608,1017,1184,1651,384,100
239,747,942,Sham19Y0095660,1936,0,195,161,100
239,235,407,JK000381,2189,929,1107,131,90
239,235,395,Shamela0009231,795,382,813,131,37
239,374,747,Shamela0009231,796,350,718,253,80
239,696,942,Shamela0009231,797,545,1096,197,43
239,223,388,Meshkat00042488,401,15,598,129,27
239,346,740,Meshkat00042488,401,1070,1552,226,45
239,628,818,Meshkat00042488,402,1160,1588,150,42
239,235,395,Sham19Y0020587,4,855,1015,131,100
239,0,302,Shamela0004473,7583,1294,1595,241,99
239,0,235,Shamela0004473,7617,501,736,187,100
239,475,740,Shamela0004473,14136,114,379,217,99
239,481,740,Shamela0004473,14146,0,259,213,100
239,475,740,Shamela0004473,15202,1307,1572,218,100
239,395,740,Shamela0022371,151,342,789,285,77
239,475,740,Kraken210622021811,330,137,400,216,97
239,170,475,Shia002356Vols,293,1227,1564,220,76
239,35,235,Shia002356Vols,293,0,554,160,36
239,475,740,Shia002356Vols,294,524,788,217,99
239,696,962,Shia002356Vols,295,578,878,198,81
239,132,503,Shia002380Vols,184,120,867,292,47
239,475,740,JK001496,559,509,774,218,100
239,475,740,Zaydiyya0000191,37,1364,1629,218,100
239,0,491,Shamela0008473,1623,895,1387,392,98
239,475,942,Shamela0008473,1627,632,1099,384,100
239,475,740,Noorlib0010712,62,789,1054,218,100
239,740,942,Shamela0003055,4126,1087,1289,166,100
239,740,962,Zaydiyya0000076BK15,21,972,1206,146,74
239,475,740,Shamela0012884,1658,1283,1548,218,100
239,0,870,Shamela0023591,2635,774,1642,710,99
239,475,691,JK009266,3266,1378,1593,178,99
239,740,942,JK009266,3276,0,202,166,100
239,0,740,Shamela0021821,489,214,952,602,99
239,778,950,Shamela0021821,496,0,170,140,98
239,740,942,Shamela0008476,446,1122,1324,165,99
239,228,475,Tafsir10066,379,556,1148,183,37
239,235,459,JK009362,2331,1402,1632,184,95
239,235,395,JK001420,297,1143,1507,131,43
239,426,942,JK001420,298,62,734,323,50
239,3,235,JK000385,143,1082,1314,185,100
239,0,942,Zaydiyya0000074,103,611,1181,312,39
239,475,740,JK006478,3356,740,1006,218,99
239,740,942,Shamela0008206,75,14,216,166,100
239,0,297,Rafed0003943Vols,310,1351,1646,236,99
239,407,758,Rafed0003943Vols,311,1322,1658,244,84
239,758,942,Rafed0003943Vols,312,0,184,152,100
239,319,744,Shamela0010273,677,1161,1586,349,99
239,740,942,Shamela0010273,680,148,350,166,100
239,17,235,Shamela0007798,3394,0,362,174,60
239,235,395,Shamela0007798,3400,0,478,113,29
239,395,740,Shamela0007798,3402,635,1055,285,82
239,319,740,Sham19Y0018567,690,636,987,282,81
239,346,740,Sham19Y0014404,376,299,850,315,68
239,636,942,Sham19Y0014404,377,379,1007,237,45
239,475,740,Meshkat00057178,1222,1155,1420,218,100
239,718,942,Meshkat00057178,1225,590,1222,184,35
239,137,475,Masaha000554Vols,1279,882,1424,273,60
239,235,374,Masaha000554Vols,1280,96,561,106,27
239,475,731,Masaha000554Vols,1282,1265,1518,207,98
239,0,395,QuranAnalysis001,50,1218,1612,318,99
239,395,950,QuranAnalysis001,51,0,555,457,100
239,291,945,Rafed0001713Vols,674,828,1509,537,95
239,235,481,Shia002374Vols,137,840,1347,187,44
239,459,740,Zaydiyya0000476,281,1004,1290,224,95
239,459,740,Zaydiyya0000476,298,1338,1624,224,95
239,0,319,Noorlib0005343,167,865,1183,254,99
239,0,475,Shamela0000041,772,732,1359,385,75
239,187,740,Shamela0000041,773,644,1606,452,57
239,548,696,Shamela0000041,774,1071,1384,120,46
239,696,950,Shamela0000041,775,172,426,208,100
239,206,475,Shamela0023578,1040,0,270,221,99
239,475,942,Shamela0023578,1048,452,920,384,99
240,957,1360,Meshkat00042485,2451,0,447,205,43
240,501,1247,Shia002382Vols,518,953,1595,331,46
240,0,1151,Tafsir08060,138,309,1448,368,29
240,636,1360,Tafsir01006,414,60,1141,387,38
240,1032,1360,Rafed0001713Vols,675,72,723,193,33
240,501,1388,JK000876,367,306,1432,378,33
241,1228,1390,JK000330,302,262,425,130,99
241,1228,1402,Shia001432Vols,7090,376,569,138,89
241,962,1396,Shamela0023632,1048,78,407,258,74
241,1387,1607,Shamela0023632,1051,975,1195,181,100
241,962,1499,JK009268,1645,376,807,347,80
241,1109,1387,Sham19Y0023618,508,551,829,222,100
241,1228,1613,Shamela0023628,1040,229,615,315,99
241,1228,1387,Rafed0003257Vols,1942,1411,1570,128,100
241,1387,1607,Shamela0022593,661,562,1114,159,35
241,1191,1499,Sham19Y0020891,1757,446,976,228,52
241,1228,1499,JK009270,1275,480,759,220,97
241,1228,1499,Meshkat0014420,1347,617,887,220,99
241,962,1613,ShamAY0036821,748,816,1352,429,81
241,1188,1387,Meshkat00042485,2461,1093,1511,142,41
241,1387,1613,Tafsir02104,139,583,1087,177,42
241,918,1387,Sham19Y0147312,570,145,623,291,66
241,1067,1390,Zaydiyya0000062,427,0,373,248,82
241,1257,1607,Zaydiyya0000062,428,97,660,285,61
241,1228,1387,Shamela0006947,11612,1274,1433,128,100
241,1228,1607,Shamela0010517,144,466,826,185,52
241,1228,1499,Shamela0037458,1019,506,777,220,100
241,1434,1613,Shamela0037458,1020,632,1114,147,37
241,1387,1607,JK000791,592,349,716,160,51
241,1228,1390,Shamela0023833,368,1109,1276,128,95
241,918,1402,JK007018,173,1209,1591,269,67
241,1197,1613,JK009396,376,358,870,336,80
241,1109,1387,Sham19Y0023608,1023,1293,1570,222,99
241,1228,1387,Sham19Y0095660,388,1160,1319,128,100
241,1228,1387,Shamela0004482,358,12,171,128,100
241,1228,1387,JK000381,4130,729,888,128,100
241,1276,1593,JK000818,148,946,1529,246,51
241,1228,1390,Shamela0009231,799,427,589,130,100
241,1387,1607,Shamela0009231,800,505,1018,153,36
241,1228,1499,Rafed0003726Vols,356,422,784,145,45
241,1228,1489,Shia002356Vols,296,814,1503,211,37
241,1228,1546,Shia002380Vols,186,911,1498,259,54
241,1228,1499,Shamela0008473,1638,1146,1417,220,100
241,1182,1607,Shia002382Vols,540,565,1393,317,45
241,1228,1499,ShamIbadiyya0000050,2125,433,1147,217,37
241,1368,1613,Tafsir05047,195,235,502,182,78
241,1109,1607,Shamela0012884,1666,878,1359,346,85
241,1228,1390,JK000378,88,1140,1303,130,99
241,1228,1387,Masaha002028Vols,830,927,1091,128,96
241,962,1613,Shamela0023591,2636,31,577,442,83
241,1257,1503,JK009266,3284,133,783,195,36
241,1228,1387,Shamela0010283,3363,1076,1240,128,96
241,1182,1499,Shamela0021821,497,852,1233,251,80
241,1124,1607,Rafed0003943Vols,314,782,1345,350,77
241,1109,1434,Sham19Y0014328,714,828,1141,234,90
241,1131,1387,Shamela0007798,3417,35,498,157,38
241,1387,1607,Shamela0007798,3418,31,695,181,33
241,1191,1499,Sham19Y0014404,378,627,1251,230,43
241,962,1613,QuranAnalysis001,51,506,1052,442,83
241,194,460,Rafed0001713Vols,676,938,1468,162,35
241,1200,1613,Rafed0001713Vols,680,31,443,320,94
241,1176,1613,Shamela0000041,778,149,662,334,79
241,1228,1551,Shamela0023578,1056,1198,1520,263,98
241,1228,1546,Shamela0023578,1057,807,1357,235,50
242,90,306,JK000330,120,1324,1539,173,99
242,306,743,JK000330,121,0,437,348,100
242,68,422,JK000330,192,1219,1582,275,93
242,422,743,JK000330,193,0,321,254,100
242,90,302,Shamela0008381,769,646,858,170,100
242,90,743,Shia001432Vols,2475,577,1228,519,99
242,90,555,Shia001432Vols,4495,1017,1483,371,98
242,0,263,Shamela0023632,1053,410,673,211,100
242,263,555,Shamela0023632,1055,801,1093,234,100
242,0,589,JK009268,1658,1147,1735,471,99
242,0,389,Sham19Y0023618,510,1176,1564,311,99
242,389,555,Sham19Y0023618,511,0,166,134,100
242,29,296,Shamela0023628,1042,943,1576,210,41
242,296,622,Shamela0023628,1043,0,309,222,80
242,74,743,Rafed0003257Vols,1948,18,710,529,95
242,164,555,Sham19Y0020891,1768,425,946,314,75
242,0,384,JK009270,1278,746,1129,307,99
242,321,629,JK009270,1285,175,651,243,63
242,68,432,Meshkat0014420,1352,307,715,286,86
242,432,743,Meshkat0014420,1354,82,392,246,99
242,90,460,Sham19Y0017581,309,499,901,262,77
242,0,180,JK006476,401,108,291,144,98
242,0,257,ShamAY0036821,748,1352,1605,204,98
242,257,555,ShamAY0036821,749,0,294,235,98
242,743,1361,Meshkat00042485,2460,57,616,207,31
242,1028,1469,Meshkat00042485,2461,870,1153,104,24
242,0,263,Sham19Y0147312,573,878,1140,211,99
242,90,558,Shamela0004445,612,8,473,373,99
242,90,302,Sham19Y0014592,1728,98,309,170,99
242,90,629,Shamela0012769,45,288,831,431,99
242,263,555,Zaydiyya0000062,429,1231,1523,234,100
242,0,263,Zaydiyya0000062,429,118,380,211,99
242,263,555,Shamela0037458,1022,1065,1357,234,100
242,98,291,Shamela0037458,1022,0,193,155,100
242,90,539,Shamela0009770,297,1015,1471,360,98
242,235,743,JK007018,175,0,523,405,97
242,0,555,JK009396,377,206,886,416,75
242,0,555,Sham19Y0023608,1028,371,926,445,100
242,90,555,Sham19Y0016953Vols,44,745,1210,373,100
242,90,333,JK000381,4725,1226,1468,193,99
242,333,629,JK000381,4726,0,296,238,100
242,90,291,JK000381,7909,1384,1584,161,99
242,291,629,JK000381,7910,0,338,270,100
242,90,384,Shia003721Vols,520,1263,1555,234,99
242,384,555,Shia003721Vols,521,0,170,137,99
242,263,635,Shamela0012034,204,858,1228,293,98
242,104,432,Shamela0021537,525,0,328,264,100
242,263,629,Shamela0004473,689,44,410,292,100
242,132,405,Shamela0004473,7242,0,284,212,93
242,351,658,Shia002356Vols,298,1124,1505,213,68
242,90,435,Shia002356Vols,298,31,376,273,97
242,14,302,Shia002380Vols,187,276,826,223,50
242,152,632,JK001226,147,0,480,384,100
242,26,555,Shamela0008473,1640,363,982,420,84
242,4,263,Shia002382Vols,541,17,703,203,36
242,432,629,Shamela0003055,383,615,812,156,100
242,0,629,Shamela0012884,1667,860,1461,450,86
242,90,743,JK000378,57,488,1141,521,100
242,0,558,Shamela0023591,2636,577,1132,445,99
242,0,743,Shamela0021821,498,558,1299,592,99
242,432,743,Shamela0009789,304,24,592,245,54
242,0,743,Rafed0003943Vols,315,396,1139,593,100
242,68,629,Shamela0010273,686,323,937,445,90
242,432,629,Shamela0012293,1195,763,960,156,100
242,90,384,Shamela0010895,92,794,1087,235,99
242,432,629,Shamela0010895,102,1028,1225,156,100
242,14,743,Tafsir06048,283,118,1307,569,59
242,90,384,Hindawi020604026,15,1236,1530,235,100
242,263,555,Hindawi020604026,459,1145,1437,234,100
242,0,291,Sham19Y0014404,379,380,1027,210,38
242,475,736,Masaha000554Vols,1309,0,261,204,96
242,0,544,QuranAnalysis001,51,1052,1595,436,99
242,544,743,QuranAnalysis001,52,0,199,157,100
242,90,555,SyriacStudies00001,15,567,1032,372,99
242,806,1364,Rafed0001713Vols,678,810,1338,175,30
242,33,435,Rafed0001713Vols,682,544,1207,315,59
242,90,460,JK001414,2664,219,638,261,74
242,90,612,JK006950,2211,1029,1550,417,99
242,26,451,Shamela0000041,779,251,758,335,82
242,432,743,Shamela0000041,780,663,974,246,100
242,0,778,Shamela0023578,1057,63,891,611,92
243,790,1018,Shamela0023632,1051,1035,1195,129,69
243,790,1018,Shamela0023628,1040,448,608,129,69
243,747,1018,Shamela0022593,661,627,1114,134,32
243,886,1409,Tafsir09083,365,249,1051,189,26
243,1427,1580,Meshkat00042485,2469,830,1000,120,87
243,790,1486,Tafsir02104,139,833,1329,205,34
243,703,1018,Sham19Y0147312,573,127,538,148,38
243,790,1018,JK000791,592,390,716,128,43
243,1155,1554,JK000791,594,144,566,143,37
243,866,1155,Shamela0021766,1313,758,1196,134,31
243,1269,1554,JK009396,377,135,517,136,36
243,866,1449,Meshkat00042488,405,371,1589,221,21
243,922,1554,Shia002380Vols,187,17,663,225,31
243,1155,1449,Tafsir02102,1422,725,1407,146,27
243,908,1554,Shamela0008473,1640,161,613,219,38
243,747,1208,Shia002382Vols,540,1081,1554,169,35
243,1238,1561,Shia002382Vols,541,0,487,181,40
243,790,1299,Tafsir05047,195,308,618,183,44
243,790,1018,Shamela0012884,1666,1199,1359,129,69
243,790,1018,Shamela0023591,2636,410,570,129,69
243,790,1018,Rafed0003943Vols,314,1185,1345,129,69
243,1155,1458,Shamela0010273,685,967,1302,126,36
243,790,1018,Shamela0007798,3418,91,695,144,27
243,654,1269,Tafsir01006,418,424,1392,236,25
243,1269,1580,Tafsir01006,419,8,628,232,46
243,1155,1573,Sham19Y0014404,379,475,1148,163,26
243,790,1018,QuranAnalysis001,51,885,1045,129,69
243,790,1018,Rafed0001713Vols,680,276,436,129,69
243,698,1102,Rafed0001713Vols,681,938,1542,169,29
243,1145,1554,Rafed0001713Vols,682,108,958,286,42
243,866,1449,Tafsir04042,710,128,772,197,31
244,970,1408,Tafsir09083,367,795,1471,188,31
244,1347,1520,Meshkat0014420,1356,903,1077,141,99
244,1138,1520,ShamAY0036821,762,640,882,195,62
244,1084,1520,Shia002356Vols,299,1084,1503,222,53
244,566,746,Shia002356Vols,299,107,583,119,31
244,1347,1520,Zaydiyya0000037Vols,2345,612,786,141,99
244,1347,1520,Zaydiyya0000037Vols,2496,1231,1405,141,99
244,1347,1520,Zaydiyya0000037Vols,2642,461,635,141,99
244,132,414,ShamAY0034059,1411,61,625,157,35
244,10,184,Shia002382Vols,541,544,870,112,42
244,1347,1520,Shamela0008476,2612,922,1096,141,99
244,132,1008,Tafsir08060,140,814,1528,299,35
244,1347,1520,Zaydiyya0000148,488,754,932,141,97
244,10,555,Shamela0010273,687,143,1404,301,29
244,1347,1520,Zaydiyya0000334,7,809,983,141,99
244,1347,1520,Zaydiyya0000299,435,874,1139,139,64
244,1138,1520,QuranAnalysis001,52,129,373,197,63
244,1347,1520,Zaydiyya0000474,77,171,345,141,99
244,132,449,Rafed0001713Vols,683,468,1163,180,32
244,1149,1520,Rafed0001713Vols,685,462,1000,243,55
244,1347,1520,Zaydiyya0000361,1162,223,397,141,99
244,1347,1520,Zaydiyya0000388,400,690,864,141,99
245,203,572,Shamela0008381,793,291,660,301,100
245,234,572,Shamela0008381,833,264,600,266,96
245,290,572,Shia001432Vols,2476,0,282,229,100
245,148,572,Shia001432Vols,6139,22,447,347,99
245,412,635,Shamela0023632,1064,165,392,177,95
245,862,999,Tafsir09050,892,408,848,78,21
245,412,572,JK009268,846,1150,1328,129,89
245,689,825,JK009268,1665,1239,1390,112,90
245,148,619,JK009268,1667,139,610,387,100
245,148,619,Sham19Y0023618,514,628,1099,387,100
245,148,619,Hindawi070427368,54,1080,1551,387,100
245,203,635,Shamela0023628,1053,981,1485,348,84
245,148,619,Rafed0003257Vols,1956,585,1056,387,100
245,63,619,Sham19Y0020891,1777,873,1432,427,92
245,125,548,JK009270,1294,1106,1600,342,84
245,148,619,Meshkat0014420,1359,1094,1565,387,100
245,63,629,ShamAY0036821,763,533,1197,430,78
245,619,1020,Meshkat00042485,2473,870,1312,230,58
245,1030,1549,Meshkat00042485,2474,764,1475,325,51
245,619,832,Shamela0001466,649,1106,1465,159,54
245,650,1014,JK000791,597,453,946,167,37
245,412,619,JK000791,600,121,328,170,100
245,619,1020,Shamela0021766,1317,531,1042,251,56
245,148,572,Sham19Y0009800,39,526,950,347,100
245,148,491,Sham19Y0009800,276,1106,1449,280,100
245,148,572,Sham19Y0009800,477,719,1143,347,100
245,416,619,JK007018,176,0,210,167,96
245,0,619,JK009396,378,437,1056,507,100
245,148,619,Sham19Y0023608,1039,438,909,387,100
245,579,1633,JK000818,150,299,1128,386,38
245,412,619,Shamela0009231,807,593,1128,170,38
245,332,619,Shamela0004473,3089,0,287,235,100
245,63,491,Shia002356Vols,300,954,1381,349,99
245,619,1231,ShamAY0034059,1415,72,1111,350,41
245,256,572,Shia002380Vols,189,1030,1591,257,56
245,619,1104,JK001496,568,884,1528,202,35
245,148,606,Tafsir02102,728,847,1304,355,94
245,148,553,Shamela0008473,1098,1108,1513,331,100
245,63,619,Shamela0008473,1650,807,1402,435,86
245,148,491,JK000333,110,1069,1412,280,100
245,148,519,Shamela0003055,3177,1233,1603,303,99
245,325,619,Shamela0012884,1675,0,294,241,100
245,182,572,JK000378,98,334,716,266,84
245,107,635,Shamela0023591,2693,1029,1614,421,86
245,125,619,JK009266,3317,1070,1587,404,95
245,412,563,Tafsir10098,408,739,1200,122,32
245,370,619,Shamela0021821,503,0,249,205,100
245,887,1371,Tafsir10066,387,115,396,126,30
245,148,491,JK009362,2376,497,855,280,95
245,302,592,JK001110,75,95,398,230,93
245,579,832,JK006478,3384,205,609,166,46
245,302,619,Rafed0003943Vols,318,696,1013,259,100
245,302,572,Zaydiyya0000148,203,1257,1527,219,100
245,619,1216,Shamela0010273,690,813,1557,324,48
245,148,623,Shamela0010273,691,1040,1515,387,99
245,387,623,JK000089,55,0,236,191,98
245,619,1328,Tafsir01006,421,624,1526,405,49
245,0,635,QuranAnalysis001,52,373,1012,514,98
245,887,1328,Rafed0001713Vols,686,94,1165,291,32
245,148,572,Rafed0001713Vols,687,197,621,347,100
245,234,619,Hindawi017506357,47,0,385,315,100
245,256,452,Sham19Y0014579,648,396,592,158,100
245,619,1086,Shamela0000041,781,120,489,237,54
245,412,635,Shamela0000041,785,956,1183,177,95
245,619,1020,Shamela0023578,1058,1195,1515,209,57
245,0,629,Shamela0023578,1059,864,1570,512,88
245,579,1020,JK000876,374,751,1241,225,48
246,765,1118,Shamela0008381,793,504,660,122,42
246,765,1118,Shamela0008381,833,444,600,122,42
246,765,1118,Shia001432Vols,2476,126,282,122,42
246,765,1118,Shia001432Vols,6139,291,447,122,42
246,765,1409,Shamela0023632,1064,169,469,234,45
246,765,1118,JK009268,846,1154,1328,122,42
246,765,1191,JK009268,1667,407,610,162,46
246,765,1191,Sham19Y0023618,514,896,1099,162,46
246,765,1191,Hindawi070427368,54,1348,1551,162,46
246,765,1399,Shamela0023628,1053,1262,1552,231,44
246,765,1191,Rafed0003257Vols,1956,853,1056,162,46
246,282,854,Tafsir09084,764,52,525,207,38
246,765,1191,Sham19Y0020891,1777,1229,1432,162,46
246,765,1191,Meshkat0014420,1359,1362,1565,162,46
246,363,854,Meshkat00042485,2477,251,637,197,40
246,999,1565,Sham19Y0147312,579,808,1538,307,40
246,765,1466,Zaydiyya0000062,434,49,842,311,38
246,821,1479,Shamela0037458,1031,1138,1595,277,45
246,765,1463,JK000791,600,125,801,295,37
246,765,1118,Sham19Y0009800,39,794,950,122,42
246,765,1118,Sham19Y0009800,477,987,1143,122,42
246,765,1606,JK007018,176,0,887,408,42
246,765,1191,JK009396,378,853,1056,162,46
246,765,1191,Sham19Y0023608,1039,706,909,162,46
246,765,1191,Shamela0009231,807,597,1128,168,30
246,765,1191,Shamela0004473,3089,84,287,162,46
246,145,1124,Shia002380Vols,189,1030,1597,285,33
246,765,1118,Tafsir02102,728,1115,1271,122,42
246,458,868,Tafsir02102,1439,429,894,165,33
246,765,1191,Shamela0008473,1650,1199,1402,162,46
246,468,839,Shamela0008473,1653,1300,1515,115,35
246,145,1118,Shia002382Vols,544,894,1493,279,29
246,765,1191,Shamela0012884,1675,91,294,162,46
246,765,1118,JK000378,98,560,716,122,42
246,765,1191,Shamela0023591,2693,1391,1594,162,46
246,765,1191,JK009266,3317,1384,1587,162,46
246,219,1118,Tafsir10098,408,239,1209,237,22
246,264,783,JK000458,940,45,1127,186,19
246,765,1191,Shamela0021821,503,46,249,162,46
246,1047,1463,Shamela0021821,505,0,365,214,53
246,765,1164,JK001110,75,209,398,132,39
246,765,1191,Rafed0003943Vols,318,810,1013,162,46
246,765,1118,Zaydiyya0000148,203,1371,1527,122,42
246,765,1191,Shamela0010273,691,1308,1511,162,46
246,145,531,Shamela0010273,692,464,1047,200,39
246,765,1191,JK000089,55,29,232,162,46
246,247,854,Tafsir01006,422,816,1365,229,37
246,765,1606,QuranAnalysis001,52,789,1287,401,58
246,765,1118,Rafed0001713Vols,687,465,621,122,42
246,476,875,Rafed0001713Vols,688,153,458,123,32
246,1144,1606,Rafed0001713Vols,690,968,1441,331,80
246,765,1191,Hindawi017506357,47,182,385,162,46
246,643,1399,Shamela0000041,785,892,1250,245,39
247,0,561,JK009268,1671,151,712,465,100
247,316,561,Shamela0023628,1064,1187,1432,204,100
247,106,561,Rafed0003257Vols,645,957,1432,378,95
247,611,766,Tafsir09084,766,1151,1355,85,51
247,541,933,JK011730,1027,176,447,193,59
247,106,561,JK009396,382,842,1309,378,97
247,106,541,Sham19Y0023608,1053,1076,1511,362,100
247,541,798,JK000201,3754,123,492,141,47
247,0,352,Shamela0008473,1664,1136,1580,289,78
247,106,541,Shamela0012884,1705,58,493,362,100
247,0,561,Shamela0023591,2694,272,833,465,100
247,34,561,Shamela0021821,507,21,564,400,85
247,78,593,Rafed0003943Vols,320,0,386,308,70
247,0,329,QuranAnalysis001,52,1287,1615,272,99
247,329,561,QuranAnalysis001,53,0,232,193,100
247,93,541,Rafed0001713Vols,695,7,493,373,92
248,1309,1434,Sham19Y0020891,1791,1426,1574,79,66
248,18,574,Shamela0000140,2086,440,740,108,21
248,699,1079,Shamela0021766,1342,381,1001,196,38
248,1163,1578,Zaydiyya0000295Vols,2458,714,1287,170,29
248,218,757,Shamela0021715,9867,876,1486,173,27
248,24,1109,Shia002356Vols,303,525,1472,318,26
248,460,1207,Tafsir01006,425,596,1435,309,38
248,366,1190,Sham19Y0014404,385,68,1254,369,30
248,18,745,Rafed0001713Vols,694,428,1542,243,22
248,454,1045,JK000876,379,211,822,213,32
249,544,1024,Shamela0008381,2551,467,757,226,58
249,544,1024,Shia001432Vols,31019,90,570,385,100
249,918,1233,Shamela0023632,1086,727,1043,241,93
249,1215,1380,Shamela0023632,1091,924,1089,134,100
249,345,1360,JK009268,1671,556,1508,707,83
249,666,1215,Sham19Y0023618,521,740,1288,440,99
249,1215,1360,Sham19Y0023618,525,1009,1154,118,100
249,1024,1215,Shamela0023628,1074,252,443,155,100
249,1218,1380,Shamela0023628,1075,1024,1186,132,100
249,544,1271,Rafed0003257Vols,1987,790,1517,585,100
249,1218,1360,Rafed0003257Vols,1993,1264,1566,116,47
249,962,1215,Sham19Y0020891,1808,881,1150,178,81
249,995,1380,Sham19Y0020966,122,62,522,225,50
249,918,1179,JK009270,1318,126,386,208,98
249,1152,1380,JK009270,1321,474,686,173,92
249,877,1028,Shamela0005756,6428,0,151,119,98
249,466,918,Meshkat0014420,1381,303,752,324,86
249,834,1059,JK006476,412,1118,1349,182,97
249,371,1024,ShamAY0036821,764,351,936,420,75
249,1115,1360,ShamAY0036821,770,0,239,191,97
249,982,1360,Sham19Y0147312,588,63,427,279,91
249,691,1024,Sham19Y0018176,747,963,1296,266,100
249,990,1169,Zaydiyya0000062,442,0,179,146,100
249,1024,1380,Zaydiyya0000062,443,941,1345,245,71
249,544,918,Shamela0037458,1041,879,1253,299,100
249,1024,1215,Shamela0037458,1047,1152,1343,155,100
249,1148,1380,Shamela0037458,1049,265,635,183,60
249,691,1024,JK000110,453,695,1028,266,100
249,1046,1215,JK000791,612,0,169,137,100
249,544,918,JK007018,180,955,1332,299,99
249,1007,1271,JK007018,183,539,803,205,93
249,691,1024,Sham19Y0018103,1407,236,569,266,100
249,116,846,JK009396,383,982,1608,347,52
249,918,1271,JK009396,386,212,565,286,100
249,544,1024,Sham19Y0023608,1062,978,1458,385,100
249,1169,1360,Sham19Y0023608,1068,820,1011,155,100
249,661,1024,JK000386,555,0,237,184,62
249,751,1040,Shamela0021715,2982,0,296,224,95
249,1072,1360,Shamela0009231,818,31,945,177,23
249,1169,1360,Meshkat00042488,419,110,777,154,28
249,552,918,Shamela0022371,153,403,919,291,70
249,612,1024,Shia002356Vols,305,261,766,316,78
249,936,1233,Shia002356Vols,306,1277,1528,187,78
249,1065,1380,Shia002380Vols,195,337,1040,255,44
249,691,1024,PV2024060602,453,695,1028,266,100
249,612,918,Sham19Y0014827,423,114,510,226,71
249,544,922,Shamela0008473,1679,1122,1500,300,99
249,918,1271,Shamela0008473,1688,208,561,286,100
249,1095,1360,Shamela0012884,1754,544,1038,204,50
249,345,1024,Shamela0023591,2694,677,1293,435,76
249,1024,1360,Shamela0023591,2730,30,366,273,100
249,967,1360,JK009266,3376,373,777,291,87
249,106,1024,Shamela0021821,511,826,1467,435,57
249,962,1215,Shamela0021821,513,1100,1487,204,64
249,1176,1380,Shamela0021821,515,217,585,143,48
249,691,1024,Sham19Y0018106,1375,11,344,266,100
249,1095,1271,JK001110,35,1193,1369,140,100
249,918,1157,JK001420,306,923,1540,195,38
249,544,1024,Zaydiyya0000039,872,1125,1461,211,50
249,345,1046,Rafed0003943Vols,322,474,1115,436,73
249,1024,1360,Rafed0003943Vols,323,48,384,273,100
249,544,1007,Shamela0010273,699,1204,1666,371,99
249,1123,1271,Shamela0010273,704,0,148,118,100
249,691,1024,Sham19Y0013605,1912,6,339,266,100
249,133,671,Sham19Y0014404,386,607,1104,269,49
249,1079,1360,Sham19Y0014404,390,150,761,223,45
249,918,1169,Meshkat00057178,1260,1148,1511,204,69
249,552,1017,Masaha000554Vols,1330,729,1194,367,97
249,345,1380,QuranAnalysis001,53,76,1048,723,84
249,776,1024,Rafed0001713Vols,699,0,248,199,100
249,1024,1271,Rafed0001713Vols,702,929,1176,200,100
249,1024,1215,Shamela0000041,800,303,494,155,100
249,1095,1380,Shamela0000041,801,183,746,217,46
249,371,1024,Shamela0023578,1070,146,742,425,75
249,973,1380,Shamela0023578,1077,234,688,320,86
250,591,1511,Shamela0021715,2983,24,1064,472,49
250,591,994,JK000754,1186,921,1293,215,60
250,424,994,JK000754,1261,837,1352,235,38
250,0,234,Tafsir08060,143,834,1094,123,48
250,915,1200,Rafed0001713Vols,701,435,823,123,40
251,1180,1548,JK009268,1695,422,770,149,44
251,1407,1548,Hindawi095020529,8,664,806,112,99
251,1407,1548,JK010001,1766,582,723,112,98
251,1407,1548,Meshkat0014420,1395,770,911,112,98
251,1415,1548,ShamAY0036821,770,620,756,106,97
251,1407,1548,Shamela0029677,1059,485,627,112,99
251,1407,1548,Shamela0029677,1308,928,1070,112,99
251,742,1034,Meshkat00042485,2511,5,264,132,47
251,1034,1517,Tafsir02104,143,499,755,173,43
251,791,1112,Shamela0021766,1363,587,928,164,46
251,1430,1548,JK009396,387,0,119,94,99
251,341,1034,Shamela0021715,2663,0,580,236,32
251,0,353,Shamela0021715,2983,1064,1421,203,57
251,1407,1548,JK000917,605,933,1075,112,99
251,1407,1548,Shamela0004473,15427,307,449,112,99
251,753,1200,ShamAY0034059,1448,184,902,233,37
251,161,445,JK001496,581,124,365,95,36
251,1216,1548,Shamela0008473,1695,398,629,185,69
251,1115,1507,Shia002382Vols,559,0,429,212,57
251,1415,1548,Tafsir07055,1833,992,1126,106,99
251,0,424,Tafsir05047,204,547,887,102,23
251,1415,1548,JK009266,3382,385,519,106,99
251,1112,1548,Shamela0021821,515,344,708,230,60
251,1407,1548,JK009362,2431,383,526,112,97
251,723,1503,Tafsir01006,430,259,1436,436,41
251,766,1533,Sham19Y0014404,390,180,1169,387,43
251,1407,1548,Shamela0008612,88,1196,1337,112,98
251,1112,1548,QuranAnalysis001,53,883,1170,228,64
251,1407,1548,Shamela0009182,372,1034,1176,112,99
251,0,357,Rafed0001713Vols,702,63,758,135,21
251,728,1137,Rafed0001713Vols,703,1003,1527,215,42
251,1142,1548,Rafed0001713Vols,704,22,880,244,34
251,1407,1548,JK000122,76,282,424,112,99
251,1407,1548,JK000122,745,343,485,112,99
251,1407,1548,JK000122,1248,1243,1385,112,99
251,1415,1548,Tafsir07057,152,292,426,106,99
251,1112,1548,Shamela0023578,1077,524,811,225,63
251,1407,1548,JK000094,60,927,1069,112,99
251,1407,1548,JK000094,215,1183,1325,112,99
252,356,926,Shia001432Vols,7090,734,1302,445,95
252,389,874,Shia001432Vols,8120,916,1525,392,78
252,520,923,Shia001432Vols,32758,0,426,329,94
252,109,363,Shamela0023632,1096,0,254,206,100
252,363,782,Shamela0023632,1100,1077,1496,341,100
252,0,800,JK009268,1695,770,1570,648,99
252,363,646,Sham19Y0023618,529,1269,1551,227,99
252,646,923,Sham19Y0023618,530,0,289,229,95
252,628,874,Shamela0023628,1089,1329,1574,203,99
252,567,903,Rafed0003257Vols,2009,0,336,275,100
252,363,903,Sham19Y0020891,1822,399,939,440,100
252,363,769,Shamela0009759,223,1164,1569,330,99
252,769,923,Shamela0009759,224,0,154,126,100
252,0,363,JK009270,1327,831,1192,292,99
252,363,903,JK009270,1334,153,691,439,99
252,356,923,Shamela0005756,8750,209,826,454,90
252,356,923,Sham19Y0016584,2159,733,1321,455,95
252,588,903,Sham19Y0016584,2160,0,315,259,100
252,0,800,ShamAY0036821,770,756,1550,633,97
252,395,836,Shia001389,92,946,1515,355,76
252,926,1327,Meshkat00042485,2514,0,102,81,25
252,356,903,Sham19Y0018176,1079,366,912,443,99
252,363,809,Zaydiyya0000062,447,470,916,350,95
252,733,903,Zaydiyya0000062,449,1372,1551,129,82
252,620,903,Shamela0037458,1064,1027,1308,230,98
252,356,903,JK000110,714,893,1439,443,99
252,377,813,Shia001255Vols,919,1017,1503,309,70
252,399,874,Shia000234Vols,8950,778,1389,382,76
252,507,917,JK007018,186,0,439,335,93
252,356,658,Sham19Y0018103,1947,1201,1501,240,98
252,658,903,Sham19Y0018103,1948,0,245,203,100
252,628,1131,JK000104,76,410,875,235,51
252,257,923,JK009396,390,434,1110,541,98
252,363,903,Sham19Y0023608,1078,88,628,440,100
252,363,710,Zaydiyya0000027,26,433,1087,281,52
252,363,903,Shamela0021715,4501,166,706,440,100
252,356,903,JK000917,618,363,909,443,99
252,363,962,JK006897,496,422,1034,464,93
252,628,854,Shamela0004473,10432,653,879,186,100
252,257,782,Shamela0022371,154,452,1566,427,46
252,395,874,Shia001217Vols,5295,155,763,387,78
252,356,903,PV2024060602,714,893,1439,443,99
252,277,903,Shamela0008473,1710,485,1139,474,89
252,1327,1480,Shia002382Vols,560,360,730,107,35
252,356,903,Shamela0012884,1773,583,1129,443,99
252,0,903,Shamela0023591,2735,470,1373,733,100
252,317,952,JK009266,3404,156,831,484,86
252,257,854,Zaydiyya0000063,204,261,816,447,92
252,0,363,Shamela0021821,515,708,1069,292,99
252,317,923,Shamela0021821,521,257,949,485,85
252,356,710,Sham19Y0018106,2009,1172,1524,284,98
252,710,903,Sham19Y0018106,2010,0,193,159,100
252,363,689,JK009362,2445,1274,1601,261,97
252,689,903,JK009362,2446,0,221,177,96
252,356,903,Shamela0010463,283,347,894,443,99
252,409,874,Masaha001945,441,680,1290,374,75
252,371,819,Shamela0007853,34,706,1151,355,96
252,257,786,Rafed0003943Vols,324,1051,1579,430,99
252,0,277,Rafed0003943Vols,324,50,338,223,96
252,363,903,Shamela0010273,711,1025,1565,440,100
252,383,665,Shamela0001485,74,1176,1457,227,99
252,356,903,Sham19Y0013605,2506,550,1096,443,99
252,371,894,Masaha000554Vols,1348,110,630,413,95
252,0,399,QuranAnalysis001,53,1170,1568,322,99
252,399,903,QuranAnalysis001,54,0,504,411,100
252,463,782,Masaha001838,128,566,1199,194,34
252,363,874,Shamela0023596,132,863,1374,416,100
252,317,926,Rafed0001713Vols,708,638,1334,480,85
252,356,903,Shamela0000432,3901,553,1099,442,99
252,260,782,Shamela0000041,807,0,522,425,100
252,356,903,Shia000394Vols,817,517,1063,443,99
252,0,257,Shamela0023578,1077,811,1071,207,98
252,76,903,Shamela0023578,1081,569,1560,663,82
253,563,846,Shia001432Vols,19943,363,882,122,29
253,884,1389,Shamela0021766,1369,429,1244,289,41
253,448,553,Shamela0021715,2015,744,849,81,98
253,519,1401,Tafsir08060,145,529,1306,323,37
253,563,846,Tafsir04003,1307,771,1292,123,30
253,563,846,Tafsir04056,2210,196,730,112,25
254,1192,1557,JK001480,269,273,708,168,41
254,1192,1409,Sham19Y0020891,1825,468,784,103,35
254,1129,1557,Meshkat00042485,2524,582,1206,198,34
254,1129,1418,Shamela0021766,1373,581,871,116,42
254,363,847,Shamela0021715,4501,923,1575,265,45
254,1029,1557,Shamela0021715,4502,335,854,228,45
254,284,718,Shia002380Vols,197,813,1146,185,48
254,1192,1409,JK001496,586,227,547,108,40
254,349,1057,Tafsir02102,1487,370,883,261,40
254,1115,1557,Shia002382Vols,562,426,800,209,50
254,0,187,JK007044,5503,1018,1328,141,55
254,349,1455,Sham19Y0018106,2010,311,1014,341,36
254,1129,1418,Shia002369Vols,484,871,1136,97,33
254,387,1422,Tafsir01006,433,153,1335,415,35
254,409,636,JK000264,2610,1316,1607,147,59
254,745,1132,JK000264,2612,845,1389,223,42
254,1183,1447,JK000264,2613,463,850,165,54
254,1020,1430,Meshkat00057178,1274,1102,1588,141,28
254,429,718,Rafed0001713Vols,709,0,405,140,35
254,745,1151,Rafed0001713Vols,709,797,1559,164,24
254,1227,1447,Rafed0001713Vols,710,113,344,118,55
255,921,1156,Sham19Y0020891,1826,1312,1555,146,64
255,921,1209,Meshkat00042485,2527,255,549,171,63
255,969,1190,Meshkat00042485,2528,1085,1366,102,44
255,921,1209,Shamela0001466,671,597,893,171,63
255,933,1190,JK000906,2637,134,382,157,71
255,927,1152,Shamela0021715,4502,1349,1602,144,65
255,933,1163,ShamAY0034059,1465,135,363,126,62
255,933,1163,JK000458,970,46,274,125,62
255,358,1209,Shia000181,422,0,522,259,34
255,921,1209,Tafsir01006,434,647,943,172,63
255,7,330,Rafed0001713Vols,710,1250,1403,92,32
255,921,1209,Rafed0001713Vols,711,462,757,173,64
255,7,349,JK000876,388,148,581,160,40
256,343,573,JK000330,198,59,290,187,98
256,771,943,JK000330,353,0,172,138,100
256,754,1163,JK000330,1084,543,970,319,92
256,336,1149,Shia001432Vols,4496,81,892,657,99
256,754,1101,Shia001432Vols,4510,1097,1469,270,87
256,336,680,Shamela0023632,1112,24,368,280,100
256,943,1163,Shamela0023632,1117,572,787,171,96
256,336,680,Shamela0000894,1074,271,612,277,99
256,5,245,Sham19Y0018259,598,51,237,105,50
256,262,1163,JK009268,1696,103,1003,724,99
256,439,595,Shia004552Vols,325,1437,1593,130,100
256,245,535,Sham19Y0023618,533,1270,1557,225,96
256,535,754,Sham19Y0023618,534,0,219,179,100
256,754,943,Sham19Y0023618,535,571,760,152,100
256,262,1172,Shamela0023628,1091,371,954,388,53
256,638,862,Shamela0023628,1095,7,382,180,59
256,862,1149,Shamela0023628,1096,627,914,233,100
256,754,1062,Rafed0003257Vols,1757,1284,1531,184,74
256,336,754,Rafed0003257Vols,2019,53,471,341,100
256,754,1149,Rafed0003257Vols,2025,759,1154,319,100
256,900,1149,Rafed0003257Vols,2028,93,671,202,43
256,262,724,Tafsir09083,383,355,1463,288,31
256,370,747,LMN20251118,178,0,380,305,97
256,847,1149,Tafsir09084,797,254,1090,245,36
256,791,1149,Tafsir09084,798,171,534,290,98
256,262,680,Sham19Y0020891,1830,963,1381,339,100
256,680,1149,Sham19Y0020891,1837,448,917,380,100
256,5,245,JK007128,482,318,503,105,51
256,336,638,JK010001,3184,798,1099,247,99
256,376,754,JK009270,1340,0,378,310,100
256,754,1062,JK009270,1351,287,593,248,99
256,336,680,Meshkat0014420,1414,826,1169,280,99
256,754,943,Meshkat0014420,1418,989,1177,152,99
256,943,1149,Meshkat0014420,1420,835,1041,167,100
256,716,961,JK006476,421,1046,1274,125,63
256,862,1163,JK006476,422,760,1072,238,94
256,900,1149,JK006476,423,45,544,154,34
256,262,1062,ShamAY0036821,771,98,892,641,98
256,439,595,Meshkat00042485,2532,911,1067,130,100
256,308,680,Sham19Y0147312,602,42,407,284,94
256,943,1066,Sham19Y0147312,605,215,346,99,92
256,336,754,Shamela0004445,627,624,1042,341,100
256,595,761,Shamela0004445,628,543,834,130,54
256,805,1149,Shamela0004445,632,0,344,279,100
256,754,1149,Shamela0004445,3059,305,700,319,100
256,5,245,JK007111,1782,126,301,87,40
256,900,1149,AOCP202502191664Vols,608,516,1160,186,35
256,262,680,JK001263,90,40,405,292,85
256,262,862,Sham19Y0013550,205,390,1343,425,51
256,336,788,Zaydiyya0000062,451,25,397,300,81
256,620,947,Zaydiyya0000062,452,78,447,262,87
256,5,245,Shamela0006947,5190,1042,1208,87,42
256,336,684,Shamela0037458,1068,698,1045,282,99
256,690,947,Shamela0037458,1071,0,257,206,99
256,934,1062,Shamela0037458,1073,619,747,102,97
256,336,694,JK000791,627,364,719,280,96
256,754,1106,Noorlib0038508,170,1025,1549,284,66
256,443,680,Shamela0021766,1378,1016,1441,192,55
256,339,716,Zaydiyya0000082,32,1139,1521,302,96
256,439,595,Tafsir02011,457,263,659,129,39
256,316,671,Shamela0000922,433,1210,1570,289,98
256,546,862,Shamela0000922,434,521,1210,179,30
256,943,1066,Shamela0000922,435,1370,1503,97,90
256,329,546,Tafsir07076,1134,133,348,173,97
256,329,680,Tafsir07076,2805,1067,1416,281,98
256,943,1062,Tafsir07076,8726,391,510,97,100
256,336,761,JK007018,187,700,1149,343,93
256,684,1149,JK007018,188,532,1084,346,77
256,336,788,JK009396,393,152,610,361,96
256,754,1149,JK009396,395,380,775,319,100
256,245,1137,Sham19Y0023608,1082,699,1588,713,98
256,473,599,Sham19Y0023608,1085,31,499,102,26
256,862,1082,Sham19Y0023608,1087,493,1124,163,31
256,336,1066,Shia001341,91,927,1302,293,49
256,754,1163,Shia001341,108,334,740,323,98
256,336,559,Shamela0001340,48,88,306,172,94
256,336,783,JK000818,157,397,1175,350,55
256,336,567,Shamela0009231,828,1245,1475,189,99
256,754,1149,Shamela0009231,830,716,1111,319,100
256,336,788,Meshkat00042488,427,50,497,297,70
256,680,862,Meshkat00042488,428,120,540,147,43
256,348,512,Shia003721Vols,533,1042,1241,133,81
256,336,754,Shia003721Vols,536,397,817,339,98
256,595,761,Shia003721Vols,537,234,509,129,57
256,754,1149,Shia003721Vols,541,37,430,317,99
256,413,1140,ShamIbadiyya0000075,221,47,1339,574,54
256,754,1149,Shamela0021537,381,747,1142,319,100
256,262,482,Shamela0021537,2176,513,733,178,100
256,754,934,Rafed0003726Vols,328,1429,1608,144,99
256,757,1082,Shamela0004473,5376,840,1324,209,53
256,943,1062,Shamela0004473,5665,874,993,97,100
256,754,1149,Shamela0004473,7626,972,1367,319,100
256,5,245,Shamela0004473,17275,32,219,105,50
256,761,1163,ShamAY0033108,537,1083,1519,165,38
256,5,245,JK007065,434,831,1017,105,51
256,336,754,Sham19Y0145435,5127,1113,1530,341,99
256,595,761,Sham19Y0145435,5128,952,1227,129,57
256,900,1149,Kraken210622021811,164,0,454,202,54
256,393,680,Shia002356Vols,312,0,287,235,100
256,680,947,Shia002356Vols,313,27,294,214,99
256,919,1149,Shia002356Vols,313,953,1184,176,93
256,761,1036,ShamAY0033632,142,961,1449,214,54
256,724,1044,Tafsir04038,151,1191,1546,242,79
256,288,1163,Shia002380Vols,199,194,1486,678,64
256,308,788,Shamela0008473,1719,484,979,371,91
256,730,1149,Shamela0008473,1721,859,1278,339,100
256,847,1149,Shamela0008473,1722,430,1265,245,36
256,791,1149,Shamela0008473,1723,450,813,290,98
256,802,1158,Shia002382Vols,565,685,1409,283,48
256,439,802,Shia002382Vols,565,5,548,295,66
256,439,620,ShamIbadiyya0000050,2199,1371,1596,149,79
256,464,638,Tafsir07055,3273,0,174,144,100
256,336,680,Shamela0012884,1783,504,848,279,99
256,595,1149,Shamela0012884,1784,416,1433,425,51
256,343,638,JK000378,116,1017,1313,238,97
256,5,245,Sham19Y0013572,465,1201,1386,105,51
256,262,482,Shamela0023591,2735,1373,1592,178,99
256,482,1062,Shamela0023591,2736,0,580,471,100
256,402,595,Shamela0023591,2771,1367,1560,160,100
256,943,1066,Shamela0023591,2780,69,192,97,97
256,336,694,JK009266,3439,1163,1516,279,95
256,943,1066,JK009266,3454,123,242,97,96
256,336,595,Shamela0010283,2694,172,431,212,100
256,754,943,Shamela0010283,2701,1161,1350,152,100
256,832,1071,Shamela0010283,2702,445,991,174,39
256,262,494,Shamela0021821,523,1433,1664,187,99
256,494,1163,Shamela0021821,524,0,668,537,98
256,5,245,JK000165,3767,71,258,107,52
256,336,680,Rafed0000185Vols,769,1262,1606,280,100
256,680,862,Shia002759BK1,277,139,320,146,99
256,684,1036,Tafsir10066,405,0,595,260,52
256,754,1149,JK009362,2129,634,919,220,69
256,262,680,JK009362,2462,321,744,339,98
256,754,943,JK009362,2469,8,196,152,99
256,506,680,ShamIbadiyya0000135,141,1043,1220,140,97
256,312,694,JK001420,312,712,1121,292,87
256,680,862,JK001420,313,950,1273,147,56
256,862,1062,JK001420,314,291,491,163,100
256,5,245,Shamela0001426,18,861,1048,105,50
256,305,680,JK009257,222,1097,1463,280,92
256,943,1149,Sham19Y0023644,660,70,385,167,65
256,10,245,Sham19Y0023644,1360,0,182,103,51
256,381,788,JK006478,3456,0,371,264,75
256,262,862,JK006478,3460,1157,1515,180,30
256,919,1062,JK006478,3463,1296,1484,116,75
256,788,989,Zaydiyya0000359,90,1176,1371,145,84
256,262,788,Rafed0003943Vols,327,495,1025,331,67
256,680,943,Rafed0003943Vols,329,336,599,213,100
256,5,245,Shamela0006610,1120,254,439,108,52
256,336,761,Shamela0010273,715,352,781,344,98
256,754,1153,Shamela0010273,716,1024,1423,319,99
256,336,788,Shamela0007798,3601,17,479,307,81
256,449,694,Shamela0007798,3602,0,242,195,96
256,943,1071,Shamela0007798,3607,1014,1150,101,91
256,943,1053,Zaydiyya0000373Vols,51,1463,1572,89,99
256,439,680,Tafsir01006,436,586,942,195,66
256,343,836,Tafsir06048,299,421,1348,398,52
256,832,1149,Tafsir06048,300,60,658,256,52
256,336,680,Sham19Y0014404,395,1167,1510,280,99
256,381,999,Sham19Y0014404,396,126,1458,423,36
256,836,1163,Sham19Y0014404,397,96,920,254,38
256,456,788,Meshkat00057178,1277,0,264,206,75
256,754,999,Meshkat00057178,1278,1181,1458,185,82
256,329,675,Masaha000554Vols,1353,660,998,272,96
256,680,1140,Masaha000554Vols,1355,705,1177,365,94
256,862,1062,Masaha000554Vols,1356,1078,1475,163,50
256,262,1163,QuranAnalysis001,54,504,1404,724,99
256,754,1149,Rafed0003489,346,722,1117,319,100
256,329,655,ShamAY0037387,226,1266,1592,264,97
256,386,1149,Rafed0001713Vols,714,0,763,621,100
256,299,771,Tafsir04042,734,98,848,377,61
256,690,1062,Zaydiyya0000476,455,661,1271,259,50
256,690,1062,Zaydiyya0000476,470,585,1195,259,50
256,943,1075,Tafsir07057,1718,947,1081,104,95
256,433,573,Tafsir04056,2271,1267,1584,111,41
256,943,1071,Tafsir04056,2286,659,787,99,96
256,943,1071,Tafsir04056,2344,44,171,97,92
256,329,680,Tafsir02094,1076,408,757,281,98
256,262,754,Shamela0000041,811,517,1009,400,100
256,825,1149,Shamela0000041,813,0,324,263,100
256,336,1163,Shamela0023578,1089,635,1463,665,98
257,0,868,Shia001432Vols,4496,120,545,340,48
257,0,662,Shamela0023632,1112,64,368,242,44
257,0,662,Shamela0000894,1074,310,612,239,44
257,0,868,JK009268,1696,217,643,341,48
257,269,498,Shia004552Vols,325,1437,1593,127,66
257,427,793,Sham19Y0023618,534,0,219,179,59
257,0,662,Shamela0023628,1091,485,789,242,44
257,0,662,Sham19Y0020891,1830,1077,1381,242,44
257,0,600,JK010001,3184,837,1099,209,42
257,0,793,JK009270,1340,0,378,303,46
257,0,662,Meshkat0014420,1414,865,1169,242,44
257,269,868,ShamAY0036821,771,271,631,287,58
257,269,509,Meshkat00042485,2532,911,1078,128,65
257,0,662,Sham19Y0147312,602,103,407,242,44
257,0,793,Shamela0004445,627,664,1042,303,46
257,0,662,JK001263,90,105,405,238,43
257,0,662,Sham19Y0013550,205,661,965,242,44
257,0,666,Zaydiyya0000062,451,64,371,244,44
257,0,666,Shamela0037458,1068,738,1045,244,44
257,0,662,JK000791,627,404,708,242,44
257,273,662,Shamela0021766,1378,1016,1441,206,50
257,0,729,Zaydiyya0000082,32,1182,1521,267,44
257,55,498,Tafsir02011,457,9,659,179,28
257,0,639,Shamela0000922,433,1276,1567,232,44
257,0,662,Tafsir07076,2805,1112,1416,242,44
257,0,815,JK007018,187,741,1149,303,44
257,0,854,JK009396,393,192,610,323,46
257,0,868,Sham19Y0023608,1082,828,1254,341,48
257,314,502,Sham19Y0023608,1085,31,499,98,25
257,0,498,Shia001341,91,967,1186,173,42
257,1049,1550,JK000465,1083,529,1107,138,20
257,0,793,JK000818,157,436,1109,349,48
257,0,662,Meshkat00042488,427,90,394,242,44
257,0,793,Shia003721Vols,536,436,817,304,46
257,0,793,Sham19Y0145435,5127,1152,1530,303,46
257,269,662,Shia002356Vols,312,46,287,195,60
257,0,868,Shia002380Vols,199,320,861,348,47
257,0,793,Shamela0008473,1719,549,927,303,46
257,269,825,Shia002382Vols,565,5,473,278,55
257,269,571,ShamIbadiyya0000050,2199,1371,1596,144,58
257,305,600,Tafsir07055,3273,0,174,141,57
257,0,662,Shamela0012884,1783,544,848,241,44
257,0,600,JK000378,116,1051,1313,209,42
257,323,868,Shamela0023591,2736,0,320,257,58
257,269,498,Shamela0023591,2771,1404,1560,127,66
257,0,662,JK009266,3439,1201,1505,242,44
257,0,498,Shamela0010283,2694,212,431,174,42
257,335,868,Shamela0021821,524,0,308,248,57
257,0,662,Rafed0000185Vols,769,1302,1606,242,44
257,0,662,JK009362,2462,434,744,242,44
257,0,662,JK001420,312,806,1110,242,44
257,0,662,JK009257,222,1159,1463,240,44
257,0,662,Rafed0003943Vols,327,681,985,242,44
257,0,662,Shamela0007798,3601,57,361,242,44
257,279,662,Shamela0007798,3602,0,231,187,59
257,55,854,Tafsir01006,436,263,1230,339,34
257,0,662,Sham19Y0014404,395,1206,1510,242,44
257,5,737,Sham19Y0014404,396,126,1017,305,33
257,291,662,Meshkat00057178,1277,0,224,181,59
257,269,657,Masaha000554Vols,1353,766,998,185,58
257,0,868,QuranAnalysis001,54,618,1044,341,48
257,0,627,ShamAY0037387,226,1314,1592,223,43
257,269,868,Rafed0001713Vols,714,53,416,294,60
257,0,825,Tafsir04042,734,316,848,320,45
257,0,662,Tafsir02094,1076,453,757,242,44
257,0,793,Shamela0000041,811,631,1009,303,46
257,0,868,Shamela0023578,1089,674,1101,338,47
258,34,540,JK000330,1084,720,921,162,39
258,1275,1401,Shia001432Vols,1896,1278,1404,102,100
258,1275,1401,Shia001432Vols,2169,1252,1378,102,100
258,865,1275,Shia001432Vols,4541,555,956,313,97
258,1261,1401,Shia001432Vols,22129,257,398,106,93
258,1112,1453,Shamela0023632,1121,485,953,233,61
258,1275,1401,Shamela0000894,6059,343,469,102,100
258,883,1429,JK009268,1696,990,1535,432,99
258,34,540,JK009268,1696,772,973,162,39
258,865,1284,Sham19Y0023618,537,392,833,319,92
258,1220,1470,Sham19Y0023618,538,1196,1481,172,74
258,34,540,Shamela0023628,1096,696,897,162,39
258,1217,1470,Shamela0023628,1104,35,342,196,78
258,34,540,Rafed0003257Vols,2025,936,1137,162,39
258,908,1453,Rafed0003257Vols,2029,0,545,431,100
258,46,883,Tafsir09084,797,518,1345,272,29
258,34,540,Tafsir09084,798,316,517,162,39
258,34,540,Sham19Y0020891,1837,699,900,162,39
258,1217,1401,Sham19Y0020891,1849,1213,1480,136,62
258,1217,1453,JK009270,1360,40,276,190,100
258,891,1275,Meshkat0014420,1423,0,383,301,99
258,1275,1470,Meshkat0014420,1426,1127,1326,147,93
258,883,1312,Shamela0002300,743,1077,1505,337,99
258,883,1394,ShamAY0036821,783,984,1486,395,98
258,1275,1401,JK000081,623,939,1066,98,96
258,1275,1401,Sham19Y0147312,609,337,463,102,100
258,883,1275,Shamela0004445,613,532,923,306,99
258,34,540,Shamela0004445,632,126,327,162,39
258,34,540,Shamela0004445,3059,482,683,162,39
258,1275,1470,Zaydiyya0000062,456,50,245,153,95
258,1191,1453,Shamela0037458,1077,700,1054,210,74
258,1217,1470,JK000791,635,353,617,200,94
258,1275,1401,Shamela0000922,438,60,186,102,100
258,883,1275,Tafsir07076,5760,768,1158,306,99
258,883,1275,Tafsir07076,7991,342,732,306,99
258,883,1268,Tafsir07076,8741,1085,1467,300,99
258,1275,1401,Shia000806Vols,297,727,853,98,96
258,996,1401,JK007018,189,1075,1492,320,96
258,34,540,JK009396,395,557,758,162,39
258,865,1284,JK009396,398,867,1313,318,91
258,1275,1478,JK009396,400,833,1076,160,82
258,34,540,Sham19Y0023608,1082,1383,1584,162,39
258,865,1248,Sham19Y0023608,1088,1096,1483,292,96
258,1248,1470,Sham19Y0023608,1089,0,228,168,91
258,34,540,Shia001341,108,511,712,162,39
258,1275,1401,Shamela0001340,74,1078,1204,102,100
258,34,540,Shamela0009231,830,893,1094,162,39
258,1275,1401,Shamela0009231,835,1039,1165,102,100
258,1275,1405,Meshkat00042488,432,952,1087,105,96
258,883,1275,Shia003721Vols,522,157,548,306,99
258,1081,1448,ShamIbadiyya0000075,222,425,917,293,74
258,34,540,Shamela0021537,381,924,1125,162,39
258,883,1275,Shamela0021537,382,715,1107,307,100
258,34,540,Shamela0004473,7626,1149,1350,162,39
258,1275,1401,Shamela0004473,13362,1412,1538,102,100
258,1275,1401,Shamela0038067,100,1265,1391,102,100
258,883,1292,Shia002356Vols,314,692,1107,315,95
258,865,1275,Shamela0008473,1429,270,670,314,97
258,34,540,Shamela0008473,1721,1060,1261,162,39
258,46,873,Shamela0008473,1722,694,1551,263,27
258,34,540,Shamela0008473,1723,595,796,162,39
258,883,1288,Shamela0008473,1730,842,1247,310,95
258,1275,1453,Shamela0008473,1735,352,530,143,100
258,826,1401,JK009265,275,283,831,417,91
258,34,540,Shamela0012884,1784,1215,1416,162,39
258,883,1257,Shamela0023591,2781,1198,1571,292,99
258,1257,1466,Shamela0023591,2782,0,205,165,98
258,1275,1470,JK009266,3471,476,670,148,95
258,1275,1409,Shamela0010283,594,836,1002,102,75
258,883,1275,Hindawi038196806,160,893,1285,307,100
258,883,1453,Shamela0021821,524,655,1224,449,99
258,34,540,Shamela0021821,524,437,638,162,39
258,1284,1401,Rafed0003793Vols,944,45,162,95,100
258,883,1284,JK009362,2476,622,1046,309,92
258,1019,1453,JK001110,36,0,434,345,100
258,1217,1401,JK001420,316,820,1122,149,60
258,1217,1401,Sham19Y0038093,225,1025,1209,149,100
258,1275,1434,JK009257,224,710,1253,129,29
258,865,1275,Shia001625,60,540,951,310,96
258,883,1284,Rafed0003943Vols,331,977,1393,311,95
258,1275,1470,Rafed0003943Vols,335,502,708,153,93
258,34,540,Shamela0010273,716,1201,1402,162,39
258,329,883,Shamela0010273,718,0,468,215,36
258,1163,1466,Shamela0010273,720,0,306,237,97
258,1217,1401,Shamela0007798,3618,625,880,149,72
258,1010,1453,Tafsir06048,301,53,933,349,50
258,1284,1401,Masaha000147,28,972,1089,95,100
258,891,1279,Hindawi020604026,16,0,391,301,98
258,1288,1401,Sham19Y0014404,400,379,492,92,100
258,1268,1401,Meshkat00057178,1288,851,1000,108,89
258,34,540,QuranAnalysis001,54,1173,1374,162,39
258,1053,1453,QuranAnalysis001,55,0,400,319,100
258,34,540,Rafed0003489,346,899,1100,162,39
258,34,540,Rafed0001713Vols,714,545,746,162,39
258,959,1453,Rafed0001713Vols,720,0,494,390,100
258,1284,1453,Tafsir04042,737,168,482,136,53
258,1275,1401,Zaydiyya0000476,508,800,926,101,99
258,1275,1401,Zaydiyya0000476,555,510,636,101,99
258,1279,1401,ShamAY0035035,9116,205,328,97,96
258,873,1312,Tafsir04056,1143,505,943,339,98
258,865,1275,Tafsir04056,2345,360,772,310,96
258,1279,1401,Shamela0009856,627,107,231,96,95
258,34,540,Shamela0000041,813,106,307,162,39
258,311,883,Shamela0000041,814,925,1536,238,36
258,883,1284,Shamela0000041,817,966,1383,311,95
258,34,540,Shamela0023578,1089,1230,1433,160,39
258,1019,1466,Shamela0023578,1090,0,453,353,98
258,329,883,Shamela0023578,1093,993,1481,189,30
259,29,490,Meshkat00042485,2540,735,1282,251,50
259,538,872,Meshkat00042485,2542,23,695,245,44
259,521,863,Shamela0021715,5451,644,933,195,63
259,89,863,Shia002380Vols,200,924,1505,378,59
259,756,1048,Zaydiyya0000059,1230,683,992,84,24
259,756,1058,JK011712,690,73,286,84,31
259,89,359,Shia002382Vols,568,1216,1404,141,68
259,307,872,Shia002382Vols,569,169,860,292,46
259,291,863,Shamela0010273,721,114,880,312,43
259,29,490,Tafsir01006,439,399,957,255,50
259,620,872,Tafsir01006,440,87,560,184,47
259,29,359,Rafed0001713Vols,720,1015,1321,161,53
259,434,863,Rafed0001713Vols,721,521,1307,263,40
259,0,379,JK000876,391,308,849,175,37
260,294,518,Shamela0006626,289,504,723,173,95
260,791,1012,ShamAY0037152,371,319,536,169,95
260,294,504,Shia001432Vols,1048,687,898,170,99
260,452,1061,Shia001432Vols,2476,786,1368,466,94
260,626,791,Shia001432Vols,22979,803,968,135,100
260,791,992,Shia001432Vols,29537,1271,1473,161,98
260,294,504,Shia001432Vols,30271,731,941,170,100
260,294,504,Shia001432Vols,30853,778,988,170,100
260,271,440,Shamela0023632,1123,1016,1185,137,100
260,349,613,Shamela0023632,1126,630,917,164,72
260,622,791,Shamela0023632,1128,518,687,138,100
260,688,992,Shamela0023632,1129,812,1213,211,62
260,626,791,Shamela0000894,354,1455,1620,135,100
260,172,550,JK009268,1721,1140,1565,254,69
260,550,1061,JK009268,1722,0,511,416,100
260,271,471,Sham19Y0023618,539,773,988,155,88
260,440,791,Sham19Y0023618,540,1124,1474,284,99
260,791,992,Sham19Y0023618,542,872,1073,163,100
260,377,504,Shamela0023628,1107,460,587,101,100
260,504,873,Shamela0023628,1109,606,974,298,99
260,504,791,Rafed0003257Vols,2053,497,783,232,99
260,504,745,Rafed0003257Vols,2054,744,1620,193,27
260,622,791,Rafed0003257Vols,2057,1375,1544,138,100
260,791,1052,Rafed0003257Vols,2058,1103,1365,211,99
260,622,780,Shamela0001388,19,908,1066,129,100
260,622,801,Sham19Y0020891,1864,378,558,138,93
260,745,992,Sham19Y0020891,1866,71,299,180,89
260,377,508,Tafsir09068,326,840,971,102,98
260,622,791,JK010001,1743,910,1079,138,100
260,440,791,JK009270,1373,777,1128,285,100
260,791,1061,JK009270,1377,1059,1329,219,100
260,440,622,Meshkat0014420,1433,683,865,147,100
260,631,791,Meshkat0014420,1435,0,160,131,100
260,561,709,JK006476,429,397,547,119,98
260,304,1152,ShamAY0036821,788,0,850,640,88
260,557,696,Sham19Y0147312,613,945,1472,111,26
260,791,992,JK000375,169,266,467,163,100
260,622,795,Zaydiyya0000062,458,961,1134,139,98
260,377,557,Shamela0037458,1081,1333,1513,143,100
260,557,791,Shamela0037458,1084,688,922,191,100
260,795,992,Shamela0037458,1087,0,197,160,100
260,194,504,Masaha001075,68,900,1164,201,80
260,440,644,JK000791,637,870,1418,151,33
260,622,791,JK000791,638,38,207,138,100
260,377,504,Shamela0000922,439,454,709,101,49
260,622,873,Shamela0000922,440,0,251,204,100
260,504,992,Sham19Y0009800,381,376,863,395,99
260,622,791,Tafsir07076,6478,131,300,138,100
260,271,791,JK007018,190,766,1298,422,97
260,280,504,JK009396,401,165,380,172,95
260,626,1061,JK009396,403,0,435,354,100
260,160,444,Sham19Y0023608,1096,1369,1615,155,66
260,504,791,Sham19Y0023608,1099,731,1017,232,99
260,791,992,Sham19Y0023608,1102,992,1193,163,100
260,557,795,Meshkat00042488,435,145,708,190,41
260,497,836,ShamIbadiyya0000075,223,58,1096,276,32
260,622,791,Shamela0004473,7687,134,303,138,100
260,622,763,Shamela0004473,7824,1430,1570,115,99
260,622,791,Shamela0022371,156,71,240,138,100
260,271,440,Shia002356Vols,316,183,352,137,100
260,440,622,Shia002356Vols,316,986,1168,147,100
260,791,1029,Shia002356Vols,317,1303,1537,190,98
260,377,1052,Tafsir04038,155,28,1167,365,34
260,440,926,Shia002380Vols,202,269,1102,392,57
260,294,504,Shamela0008473,1737,535,745,170,100
260,440,791,Shamela0008473,1739,102,553,285,77
260,791,1061,Shamela0008473,1740,131,401,219,100
260,622,791,Shamela0008473,1981,944,1113,138,100
260,622,791,Tafsir07055,1810,683,852,138,100
260,271,488,Shamela0003055,162,1170,1387,176,100
260,271,873,Shamela0003055,2429,302,934,488,95
260,271,1052,Shamela0023591,2794,806,1586,632,99
260,622,791,Shamela0023591,2809,848,1017,138,100
260,622,791,JK009266,3495,334,503,138,100
260,271,504,Shamela0021821,530,96,327,186,98
260,504,791,Shamela0021821,531,412,699,233,100
260,771,1061,Shamela0021821,532,0,298,235,97
260,613,791,JK009362,2498,1329,1512,145,96
260,294,504,JK001110,36,478,688,170,100
260,352,504,JK001420,317,863,1222,115,40
260,504,791,JK001420,318,474,990,233,55
260,622,791,JK006478,3495,279,451,138,98
260,271,504,Rafed0003943Vols,336,384,617,189,100
260,440,992,Rafed0003943Vols,339,65,719,441,83
260,622,795,Shamela0010273,727,488,661,139,98
260,791,992,Shamela0010273,728,602,803,163,100
260,557,791,Shamela0007798,3628,585,1260,191,34
260,504,716,Shamela0010895,170,1354,1565,170,99
260,716,1061,Shamela0010895,171,0,345,282,100
260,294,504,Shia001362Vols,715,22,232,170,100
260,398,780,Sham19Y0014404,402,51,954,303,41
260,583,791,Meshkat00057178,1296,1059,1254,148,87
260,557,785,Masaha000554Vols,1370,427,1103,183,33
260,622,791,Masaha000554Vols,4666,320,489,138,100
260,294,1096,QuranAnalysis001,55,410,1257,640,92
260,294,504,Shia001367,23,542,752,170,100
260,294,504,Shia001367,72,38,248,170,100
260,271,508,Rafed0001713Vols,724,461,699,192,99
260,583,791,Rafed0001713Vols,727,399,816,168,49
260,791,992,Rafed0001713Vols,728,387,589,163,99
260,791,992,Shia001288,28,1233,1435,161,98
260,535,873,Tafsir04042,742,411,1406,275,33
260,349,504,Shamela0000041,822,102,338,124,65
260,440,873,Shamela0000041,823,499,950,333,86
260,271,806,Shamela0023578,1098,962,1524,433,94
260,440,688,Shamela0023578,1101,753,1359,177,35
260,622,791,JK000094,117,593,762,138,100
261,591,1535,JK000865,171,18,1005,320,31
261,945,1491,Shamela0001466,684,464,1065,184,27
261,868,1557,JK000818,160,9,547,266,44
261,357,1363,Shia002380Vols,202,325,981,374,43
261,369,1363,Shia002382Vols,574,276,1159,375,38
261,691,1221,Tafsir01006,443,92,1107,269,31
261,357,1530,Sham19Y0014404,402,339,1511,438,33
261,1005,1530,Shamela0000041,824,547,908,171,35
261,1005,1535,Shamela0023578,1102,393,939,200,30
261,153,884,JK000876,394,0,1003,277,30
262,899,1477,ShamAY0037152,371,860,1493,335,63
262,728,1209,Shia001432Vols,1048,913,1324,310,81
262,1300,1462,Shia001432Vols,2477,0,162,131,100
262,899,1022,Shia001432Vols,5907,310,430,93,95
262,677,832,Shia001432Vols,28793,1285,1510,121,66
262,728,857,Shamela0023632,1131,1428,1556,103,99
262,899,1102,Shamela0023632,1134,745,948,158,99
262,1209,1381,Shamela0023632,1138,81,253,134,99
262,728,1462,JK009268,1733,788,1522,584,100
262,520,857,Sham19Y0023618,543,806,1056,198,72
262,820,1098,Sham19Y0023618,544,1089,1434,221,80
262,1098,1300,Sham19Y0023618,545,1334,1535,158,99
262,750,943,Shamela0023628,1113,0,190,136,87
262,899,1170,Shamela0023628,1115,107,378,212,100
262,1170,1462,Shamela0023628,1117,106,398,234,99
262,668,1209,Rafed0003257Vols,2062,812,1443,408,81
262,1191,1381,Rafed0003257Vols,2071,45,232,138,92
262,11,728,Tafsir09083,390,9,857,242,26
262,956,1212,Tafsir09083,391,571,1347,181,30
262,961,1170,Tafsir09084,808,176,634,157,44
262,719,867,Sham19Y0020891,1869,943,1086,105,88
262,892,1113,Sham19Y0020891,1873,469,690,164,94
262,1117,1381,Sham19Y0020891,1877,117,511,200,65
262,728,943,Tafsir09068,327,934,1475,137,30
262,577,912,JK009270,1380,1067,1452,236,73
262,899,1170,JK009270,1384,299,570,212,100
262,1170,1366,JK009270,1387,1221,1416,155,99
262,1209,1381,Shamela0005756,15523,1245,1420,135,97
262,728,899,Meshkat0014420,1440,686,857,137,100
262,899,1098,Meshkat0014420,1444,78,277,157,100
262,1209,1387,Meshkat0014420,1449,160,338,137,98
262,520,968,JK006476,431,397,986,300,61
262,968,1159,JK006476,432,619,819,149,95
262,1159,1441,JK006476,433,121,412,222,95
262,728,912,ShamAY0036821,794,875,1054,137,94
262,899,1462,ShamAY0036821,796,377,936,438,97
262,520,1209,Shamela0001466,685,87,666,456,83
262,728,867,Sham19Y0147312,618,149,296,103,89
262,853,1015,Sham19Y0147312,619,219,654,129,37
262,1170,1381,Sham19Y0147312,622,632,1087,167,46
262,728,1209,Sham19Y0013550,209,566,1288,177,23
262,520,867,Zaydiyya0000062,460,543,1007,210,55
262,784,1015,Zaydiyya0000062,461,420,801,182,59
262,1129,1370,Zaydiyya0000062,462,989,1451,182,50
262,993,1212,Zaydiyya0000062,462,181,436,172,85
262,1209,1395,Shamela0010517,2106,857,1042,136,93
262,520,853,Shamela0037458,1089,334,579,197,73
262,853,1098,Shamela0037458,1091,338,583,194,100
262,1085,1381,Shamela0037458,1092,1014,1327,228,92
262,132,943,JK000791,640,173,1271,313,29
262,899,1015,JK000791,641,1153,1269,92,100
262,1098,1381,JK000791,643,137,853,215,38
262,1209,1462,Shamela0023833,369,40,293,202,99
262,728,853,Shamela0000922,442,145,270,100,100
262,764,1015,Shamela0000922,442,1097,1532,164,46
262,922,1381,Shamela0000922,443,573,1125,218,42
262,899,1015,Tafsir07076,2875,935,1051,92,100
262,899,1015,Hindawi095964739,18,388,504,92,100
262,382,1098,JK007018,191,634,1515,420,50
262,1098,1462,JK007018,192,340,716,288,96
262,728,1098,JK009396,404,1191,1561,294,100
262,1098,1286,JK009396,405,1276,1463,148,99
262,1286,1462,JK009396,406,0,176,142,100
262,677,1381,Sham19Y0023608,1107,213,1333,556,62
262,1053,1170,Sham19Y0023608,1113,601,1156,86,20
262,1294,1462,Sham19Y0023608,1116,279,756,135,35
262,1209,1462,Shamela0009637,8,661,914,203,100
262,1209,1381,JK000381,7864,36,208,135,100
262,728,853,Meshkat00042488,437,4,129,100,100
262,797,1015,Meshkat00042488,437,853,1521,170,31
262,968,1170,Meshkat00042488,438,308,1113,143,23
262,1170,1381,Meshkat00042488,439,17,481,166,45
262,728,1018,Shamela0022371,156,446,879,198,57
262,981,1080,ShamAY0033108,549,1244,1474,77,43
262,415,899,Shia002356Vols,318,620,1252,248,42
262,899,1098,Shia002356Vols,319,937,1136,157,100
262,1098,1462,Shia002356Vols,320,373,737,289,99
262,204,442,ShamAY0034059,1501,698,904,92,45
262,520,881,Tafsir04038,155,1107,1493,185,49
262,857,1254,Tafsir04038,156,23,334,131,32
262,0,477,Shia002380Vols,202,1091,1397,178,42
262,520,853,Shia002380Vols,203,856,1491,205,39
262,853,1254,Shia002380Vols,204,10,1121,302,34
262,899,1018,Hindawi018613191,53,1230,1349,92,98
262,907,1098,JK001496,598,1172,1364,151,99
262,1098,1381,JK001496,600,19,814,221,35
262,981,1098,Tafsir02091,715,1086,1385,89,38
262,363,1098,Shamela0008473,1741,278,1191,438,53
262,981,1462,Shamela0008473,1743,491,1103,358,73
262,1209,1402,JK006474,1081,1028,1225,147,91
262,899,1015,ShamAY0036031,143,1084,1200,92,100
262,520,728,Shamela0012884,1804,249,581,104,34
262,1209,1340,Masaha002028Vols,830,1356,1486,102,98
262,728,943,Shamela0023591,2819,611,811,156,91
262,899,1462,Shamela0023591,2823,754,1317,446,99
262,728,853,JK009266,3507,632,757,100,100
262,857,1015,JK009266,3513,790,977,121,81
262,1191,1395,JK009266,3523,656,898,157,82
262,1242,1462,Shamela0010283,3364,0,220,177,99
262,677,1381,Shamela0021821,533,153,1002,514,72
262,899,1254,Rafed0003793Vols,602,750,976,127,38
262,728,961,JK009362,2517,1188,1615,99,24
262,1155,1381,JK009362,2527,986,1179,146,81
262,853,1209,JK001110,36,694,1050,281,100
262,764,1117,JK000279,692,538,811,107,29
262,728,857,JK001420,320,65,195,103,99
262,899,1015,JK001420,320,684,800,92,100
262,1098,1283,JK001420,321,875,1473,142,30
262,1283,1381,JK001420,322,0,98,76,100
262,853,1053,JK006478,3505,130,328,157,98
262,1209,1381,JK006478,3515,216,393,135,97
262,1209,1402,JK006478,3519,592,1156,125,28
262,0,719,Tafsir08060,149,734,1493,265,36
262,750,1117,Tafsir08060,150,18,547,188,39
262,520,899,Rafed0003943Vols,340,1194,1484,232,76
262,853,1209,Rafed0003943Vols,341,1135,1530,266,85
262,1209,1381,Rafed0003943Vols,343,228,400,134,99
262,191,442,Shamela0010273,729,0,316,96,27
262,728,899,Shamela0010273,730,1255,1426,137,100
262,899,1209,Shamela0010273,732,941,1251,244,100
262,1209,1381,Shamela0010273,734,591,763,134,99
262,677,853,Shamela0007798,3635,624,875,140,69
262,961,1098,Shamela0007798,3642,13,514,98,25
262,1053,1170,Shamela0007798,3643,55,211,73,60
262,1209,1381,Shamela0007798,3644,143,315,135,100
262,1209,1462,JK000805,7,927,1180,203,100
262,132,728,Tafsir01006,444,290,922,240,40
262,784,1071,Tafsir06048,304,851,1350,225,56
262,577,853,Sham19Y0014404,403,846,1204,182,60
262,1053,1209,Sham19Y0014404,404,796,1396,123,26
262,843,1015,Sham19Y0014404,404,0,305,133,55
262,1191,1395,Sham19Y0014404,405,0,224,155,87
262,881,1015,Meshkat00057178,1302,722,887,107,81
262,1209,1381,Meshkat00057178,1305,8,180,135,100
262,892,1091,Masaha000554Vols,1378,389,590,150,94
262,961,1202,Masaha000554Vols,1380,220,1541,188,18
262,1209,1374,Masaha000554Vols,1382,1374,1538,127,97
262,382,1030,QuranAnalysis001,55,1045,1529,367,69
262,1030,1462,QuranAnalysis001,56,0,432,344,100
262,132,899,Rafed0001713Vols,729,304,938,371,54
262,899,1098,Rafed0001713Vols,731,141,340,157,100
262,1209,1471,Rafed0001713Vols,732,1226,1486,202,96
262,677,1102,Shia002374Vols,156,636,1090,124,26
262,1209,1381,JK000122,57,1002,1174,135,100
262,1209,1381,JK000122,121,978,1150,135,100
262,1209,1381,JK000122,346,868,1040,135,100
262,1209,1381,JK000122,413,377,549,135,100
262,1209,1381,JK000122,577,41,213,135,100
262,1209,1381,JK000122,608,500,672,135,100
262,1209,1343,JK000122,808,1383,1516,105,99
262,1209,1381,JK000122,1017,324,496,135,100
262,1185,1381,JK000122,1026,47,245,143,91
262,1195,1381,Zaydiyya0000076BK5,27,1192,1378,139,95
262,899,1015,Zaydiyya0000476,328,34,150,92,100
262,899,1015,Zaydiyya0000476,399,189,305,92,100
262,728,947,Tafsir04056,2459,1170,1489,94,29
262,1209,1381,JK006950,2165,1231,1403,135,100
262,520,973,Shamela0000041,825,804,1486,268,47
262,857,1170,Shamela0000041,827,252,1001,238,40
262,1170,1462,Shamela0000041,828,751,1043,235,100
262,382,943,Shamela0023578,1099,123,466,247,53
262,784,1209,Shamela0023578,1104,143,751,336,69
262,943,1126,Shamela0023578,1105,873,1530,135,26
262,1185,1462,Shamela0023578,1106,839,1130,212,90
263,419,688,Meshkat00042485,2566,675,1039,162,48
263,464,1083,Shia002382Vols,577,82,699,240,42
263,454,635,Shamela0010273,732,142,281,91,64
263,632,1463,Shamela0010273,732,941,1251,238,36
263,273,825,Tafsir01006,445,45,1154,330,35
263,450,994,Sham19Y0014404,404,36,645,216,35
263,273,577,Rafed0001713Vols,730,712,1299,170,34
263,635,1346,Shamela0000041,827,518,1001,249,40
264,970,1135,JK000330,906,141,306,133,100
264,970,1135,ShamAY0037152,372,396,561,133,100
264,795,934,Shia001432Vols,1896,1414,1552,112,99
264,934,1497,Shia001432Vols,1897,0,355,270,60
264,938,1197,Shia001432Vols,2477,141,398,190,90
264,1160,1497,Shia001432Vols,22515,18,261,183,67
264,990,1135,Shia001432Vols,29563,514,659,117,100
264,795,970,Shamela0023632,1141,612,787,141,100
264,1278,1497,Shamela0023632,1148,483,702,175,100
264,990,1135,Shia001340,298,117,262,117,100
264,778,970,JK009268,1734,0,192,155,100
264,970,1371,JK009268,1745,1212,1612,321,99
264,795,1193,Sham19Y0023618,547,1094,1542,320,88
264,795,970,Zaydiyya0000413Vols,680,375,550,141,100
264,746,970,Shamela0023628,1121,0,224,180,100
264,970,1197,Shamela0023628,1122,371,598,179,97
264,1160,1497,Shamela0023628,1124,198,620,266,78
264,486,970,Rafed0003257Vols,2074,657,988,266,67
264,970,1193,Rafed0003257Vols,2078,239,461,179,99
264,1193,1497,Rafed0003257Vols,2084,907,1211,243,100
264,990,1230,Tafsir09083,395,653,1493,188,27
264,919,1069,Tafsir09084,810,640,875,120,63
264,795,970,Sham19Y0020891,1881,965,1140,141,100
264,970,1193,Sham19Y0020891,1885,856,1078,179,99
264,795,970,Tafsir09068,213,187,362,141,100
264,727,1193,JK009270,1412,724,1190,375,100
264,1193,1497,JK009270,1416,969,1271,242,99
264,795,945,ShamAY0034106,105,320,470,121,100
264,970,1135,Meshkat0014420,1456,1145,1310,133,100
264,864,1135,JK006476,434,1009,1286,217,97
264,1039,1227,JK006476,435,692,1002,133,53
264,450,1292,ShamAY0036821,796,824,1497,531,78
264,1292,1497,ShamAY0036821,797,0,203,162,98
264,727,1135,Shia001171,15,924,1135,133,36
264,301,605,Meshkat00042485,2571,937,1483,190,41
264,727,1278,Tafsir02104,148,539,1515,414,52
264,905,1135,Sham19Y0147312,625,285,758,179,46
264,970,1193,Shamela0004445,1196,618,841,180,100
264,795,1193,Sham19Y0013550,211,827,1407,240,47
264,97,401,Zaydiyya0000062,463,105,588,122,31
264,366,795,Zaydiyya0000062,463,559,988,208,44
264,767,970,Zaydiyya0000062,464,160,406,160,80
264,970,1149,Zaydiyya0000062,464,1438,1616,144,99
264,1182,1423,Zaydiyya0000062,466,1223,1498,185,83
264,795,970,Shamela0006947,3863,1376,1551,141,100
264,813,1135,Shamela0037458,1097,892,1514,257,51
264,1127,1354,Shamela0037458,1100,422,657,182,96
264,834,1193,JK000791,646,528,1036,239,53
264,881,1135,Shamela0000922,445,626,986,161,56
264,1069,1214,Shamela0000922,446,606,1099,101,24
264,827,1193,JK007018,193,0,379,291,95
264,1298,1497,JK007018,194,0,204,159,96
264,251,414,Zaydiyya0000295Vols,2512,603,1053,80,23
264,795,1193,JK009396,407,955,1353,321,100
264,1260,1497,JK009396,410,0,237,190,100
264,816,970,Sham19Y0023608,762,0,154,124,100
264,366,970,Sham19Y0023608,1116,279,999,333,46
264,919,1193,Sham19Y0023608,1119,573,970,206,64
264,1193,1402,Sham19Y0023608,1122,14,223,167,100
264,957,1135,JK000381,2934,870,1062,141,91
264,795,970,JK000381,4556,476,651,141,100
264,970,1135,JK000381,4835,1126,1292,133,99
264,919,1135,Meshkat00042488,441,62,375,173,68
264,795,970,Rafed0003726Vols,395,94,269,141,100
264,727,970,Shia002356Vols,321,195,438,195,100
264,970,1193,Shia002356Vols,321,1215,1437,179,99
264,970,1201,Zaydiyya0000142,2599,545,781,185,97
264,852,1304,Tafsir04038,157,0,726,336,58
264,391,1240,Shia002380Vols,205,0,1586,540,40
264,1249,1497,Shia002380Vols,206,0,389,190,59
264,795,970,JK001496,601,872,1049,141,98
264,970,1193,JK001496,602,1178,1403,179,97
264,301,494,Tafsir02102,1530,735,1066,130,49
264,727,1193,Shamela0008473,1745,342,970,375,74
264,919,1083,Shamela0008473,1746,713,999,125,53
264,1145,1497,Shamela0008473,1747,1081,1500,275,82
264,1193,1402,Shamela0008473,3305,647,856,167,100
264,1193,1402,Shamela0008473,3745,1149,1358,167,100
264,366,605,Shia002382Vols,578,903,1199,165,68
264,657,846,Shia002382Vols,579,62,497,135,37
264,970,1135,JK000079,8,946,1112,133,99
264,234,938,Shamela0023591,2823,1078,1527,339,58
264,938,1497,Shamela0023591,2824,0,558,448,99
264,970,1135,JK009266,3536,0,165,133,100
264,1160,1428,Tafsir10098,431,869,1630,208,34
264,135,431,JK000458,1010,679,1461,165,26
264,366,970,Shamela0021821,536,896,1491,340,56
264,1027,1354,Shamela0021821,538,0,327,262,100
264,864,1364,Rafed0003793Vols,603,255,562,218,54
264,970,1135,Rafed0003793Vols,605,891,1055,132,99
264,864,1135,Rafed0003793Vols,817,380,663,212,92
264,970,1135,Rafed0003793Vols,1033,379,543,132,99
264,795,970,JK009362,2534,503,678,141,100
264,970,1135,JK001420,323,367,532,133,100
264,774,949,JK006478,3522,1032,1657,132,26
264,494,894,Rafed0003943Vols,343,1260,1507,201,61
264,894,1406,Rafed0003943Vols,344,0,512,407,98
264,795,970,Shamela0010273,736,1304,1479,141,100
264,970,1145,Shamela0010273,737,1405,1578,140,98
264,894,1135,Shamela0007798,3653,583,1080,194,48
264,94,462,Tafsir01006,446,884,1478,188,38
264,462,846,Tafsir01006,447,0,629,225,39
264,1039,1193,Hindawi039418519,107,54,208,124,100
264,894,1135,Sham19Y0014404,406,806,1215,188,57
264,1278,1525,Sham19Y0014404,408,19,664,183,35
264,834,970,Meshkat00057178,1308,854,1040,109,73
264,727,963,Masaha000554Vols,1385,862,1101,187,96
264,795,970,Masaha000554Vols,2392,1189,1364,141,100
264,234,1497,QuranAnalysis001,56,193,1202,790,76
264,800,970,Shia001292,34,0,170,137,100
264,420,867,Rafed0001713Vols,734,0,728,286,47
264,949,1193,Rafed0001713Vols,736,0,254,196,95
264,795,945,Tafsir04056,3968,851,1001,121,100
264,727,970,Shamela0000041,830,421,710,194,83
264,894,1193,Shamela0000041,831,205,681,241,62
264,1182,1497,Shamela0000041,832,1090,1405,252,100
264,234,1069,Shamela0023578,1106,886,1472,446,64
264,1069,1354,Shamela0023578,1107,0,286,229,98
264,731,990,Shamela0023578,1108,707,1522,205,31
264,130,590,JK000876,398,190,1004,227,32
265,259,735,Shia001432Vols,1906,1017,1501,191,34
265,0,435,Meshkat00042485,2573,280,949,218,38
265,702,1624,Tafsir08060,151,202,854,327,39
265,0,735,Tafsir01006,447,272,1339,329,34
265,979,1624,Tafsir01006,448,438,1262,297,38
265,564,823,Rafed0001713Vols,735,872,1326,120,32
266,331,1073,Shia001432Vols,1897,109,493,305,51
266,275,980,Shia001432Vols,1907,621,1578,400,49
266,1146,1564,Shia001432Vols,2477,403,822,338,99
266,890,1073,Shia001432Vols,22515,227,399,139,93
266,935,1077,Shamela0023632,1150,695,837,112,98
266,1226,1471,Shamela0023632,1155,1332,1576,196,99
266,684,1564,JK009268,1746,0,756,613,85
266,664,1095,Sham19Y0023618,550,126,447,230,62
266,1226,1540,Sham19Y0023618,553,153,467,254,100
266,331,924,Shamela0023628,1124,372,620,199,41
266,908,1177,Shamela0023628,1125,1207,1549,218,78
266,1226,1480,Shamela0023628,1129,716,970,204,100
266,331,1146,Rafed0003257Vols,2084,963,1422,370,56
266,1208,1564,Rafed0003257Vols,2092,0,358,289,99
266,715,1073,Sham19Y0020891,1891,24,257,187,65
266,935,1146,Sham19Y0020891,1893,614,1134,117,28
266,1312,1540,Sham19Y0020891,1897,26,303,185,82
266,992,1540,Sham19Y0020966,127,937,1149,90,19
266,935,1073,JK010001,1648,1179,1316,111,99
266,331,924,JK009270,1416,1023,1271,199,41
266,935,1329,JK009270,1419,1156,1547,318,99
266,1338,1564,JK009270,1425,425,652,184,99
266,1338,1525,JK000322,27,133,385,152,74
266,715,1146,Meshkat0014420,1467,412,717,247,70
266,1139,1338,Meshkat0014420,1472,1326,1524,159,98
266,1338,1564,Meshkat0014420,1476,750,977,184,99
266,67,726,JK000865,174,794,1289,188,29
266,0,518,JK006476,436,730,1478,131,17
266,1001,1146,JK006476,437,1344,1492,118,97
266,1149,1441,JK006476,438,1055,1353,235,97
266,890,1073,Shamela0006879,34,51,223,139,93
266,415,1149,ShamAY0036821,797,0,415,330,55
266,1146,1480,ShamAY0036821,810,1231,1562,263,97
266,935,1146,Shia001171,543,774,985,169,99
266,1139,1480,Shamela0029677,691,107,447,273,99
266,582,980,Meshkat00042485,2585,540,1105,240,51
266,402,1073,Tafsir02104,149,11,514,235,40
266,360,987,Shamela0001466,693,353,1312,322,36
266,1146,1338,JK000088,80,618,810,156,100
266,890,1073,Sham19Y0147312,629,36,274,132,68
266,935,1073,Sham19Y0013550,213,1126,1264,111,100
266,1146,1540,Sham19Y0013550,214,229,1071,230,29
266,606,1146,Zaydiyya0000062,467,682,1177,294,55
266,1255,1505,Zaydiyya0000062,469,0,257,189,91
266,1329,1564,Shamela0006947,19071,476,712,187,97
266,908,1149,Shamela0037458,1103,344,658,195,76
266,1226,1540,Shamela0037458,1106,1096,1410,254,100
266,942,1073,JK000791,650,1289,1420,106,100
266,935,1073,Shamela0000922,448,750,888,111,100
266,1248,1561,Shamela0000922,450,0,593,207,43
266,935,1540,JK007018,194,532,1386,489,70
266,938,1067,Zaydiyya0000295Vols,127,407,531,102,96
266,935,1146,JK009396,410,1175,1386,171,100
266,342,924,JK009396,410,0,237,190,40
266,1104,1540,JK009396,411,246,829,351,74
266,654,1146,Sham19Y0023608,1124,1104,1631,285,53
266,1146,1480,Sham19Y0023608,1128,1058,1392,270,100
266,0,577,JK000818,162,1030,1530,208,33
266,805,1073,Meshkat00042488,443,238,585,180,61
266,1139,1338,Rafed0003726Vols,393,306,504,159,98
266,935,1564,Rafed0003726Vols,401,633,1397,316,46
266,935,1480,Shamela0022371,158,535,1277,387,63
266,1146,1342,JK010729,170,785,981,158,99
266,715,1146,Shia002356Vols,323,459,924,238,54
266,459,924,Shia002356Vols,323,5,273,178,44
266,1146,1338,Shia002356Vols,324,114,306,156,100
266,1183,1564,Shia002356Vols,324,961,1491,271,62
266,1342,1533,Zaydiyya0000037Vols,1862,1236,1500,155,71
266,19,534,ShamAY0034059,1515,718,1439,175,24
266,664,1226,Tafsir04038,157,856,1307,291,59
266,331,1226,Shia002380Vols,206,0,814,446,49
266,648,1077,JK001496,605,314,605,210,60
266,331,924,Shamela0008473,1747,1252,1500,199,41
266,667,1146,Shamela0008473,1749,321,844,276,55
266,1026,1540,Shamela0008473,1750,554,1094,418,95
266,599,1026,Shia002382Vols,581,17,640,237,40
266,935,1073,Tafsir07055,1714,1416,1552,110,98
266,1338,1505,Tafsir07055,2907,165,356,135,87
266,331,1146,Shamela0023591,2824,310,769,370,56
266,1146,1552,Shamela0023591,2867,1125,1551,280,82
266,883,1073,JK009266,3556,1263,1498,138,72
266,1342,1525,Zaydiyya0000096,14,0,321,149,57
266,491,924,Shamela0021821,539,1112,1410,162,40
266,719,1154,Shamela0021821,540,0,472,263,64
266,1146,1540,Shamela0021821,541,186,580,320,100
266,935,1073,JK009362,2548,1363,1500,111,99
266,664,1073,JK001420,324,589,938,175,46
266,1322,1540,JK001420,326,81,568,172,43
266,935,1077,JK006478,3540,659,798,111,96
266,715,1428,Rafed0003943Vols,345,1018,1605,475,82
266,11,588,Shamela0010273,740,263,1268,217,23
266,664,1146,Shamela0010273,741,1197,1544,280,71
266,664,1056,Shamela0010273,742,12,723,249,43
266,1146,1480,Shamela0010273,743,840,1174,270,100
266,275,1001,Tafsir01006,449,206,1271,413,46
266,965,1154,Zaydiyya0000075BK28,7,221,409,149,97
266,360,1146,Sham19Y0014404,408,153,1329,380,33
266,1194,1471,Sham19Y0014404,409,994,1557,223,48
266,890,1073,Meshkat00057178,1314,751,986,139,72
266,664,1139,Masaha000554Vols,1396,759,1101,272,69
266,1338,1540,Masaha000554Vols,1402,780,985,163,97
266,331,1255,QuranAnalysis001,56,954,1521,459,61
266,1255,1564,QuranAnalysis001,57,0,310,251,99
266,412,1146,Rafed0001713Vols,740,781,1350,363,56
266,629,980,Rafed0001713Vols,741,0,825,215,32
266,1146,1338,Rafed0001713Vols,742,1234,1426,156,100
266,1312,1561,Rafed0001713Vols,744,7,290,191,83
266,1139,1312,Shia002374Vols,158,742,915,138,97
266,1226,1480,Shamela0030868,39,649,903,204,100
266,331,924,Shamela0000041,832,1157,1405,199,41
266,935,1231,Shamela0000041,834,7,301,239,99
266,1226,1480,Shamela0000041,835,1213,1467,204,100
266,412,901,Shamela0023578,1110,1210,1552,165,37
266,901,1480,Shamela0023578,1111,0,571,460,97
266,1194,1312,Shamela0023578,1113,1150,1313,96,72
267,406,768,Shia001432Vols,1908,30,395,208,62
267,0,387,Shia001432Vols,2477,822,1033,158,51
267,177,387,Shamela0023632,1161,0,210,168,100
267,61,390,JK009268,1760,653,984,262,99
267,230,406,Sham19Y0023618,556,0,183,136,92
267,164,390,Shamela0023628,1133,29,257,181,99
267,61,387,JK009270,1428,1008,1334,260,100
267,0,390,ShamAY0036821,813,444,830,299,96
267,406,633,Meshkat00042485,2586,984,1272,144,62
267,61,387,Zaydiyya0000062,471,11,338,260,99
267,0,329,JK007018,195,582,1124,260,60
267,0,252,JK009396,413,162,414,199,100
267,387,670,ShamIbadiyya0000075,229,502,921,140,33
267,10,252,Tafsir04038,159,585,1183,189,39
267,1174,1517,JK001496,607,246,979,193,30
267,0,193,Shamela0008473,1753,1331,1523,152,99
267,387,1086,Shia002382Vols,581,400,1335,368,42
267,0,303,Shamela0023591,2878,1256,1558,240,99
267,0,252,Shamela0021821,543,105,357,199,100
267,120,390,Rafed0003943Vols,348,1247,1595,200,72
267,387,670,Tafsir01006,449,1138,1535,187,57
267,0,390,QuranAnalysis001,57,310,702,309,99
267,387,608,Rafed0001713Vols,741,786,1542,140,22
267,164,390,Shamela0000041,837,1150,1378,181,99
267,0,390,Shamela0023578,1114,779,1174,309,98
267,541,849,JK000876,402,18,777,171,27
268,1154,1398,Shamela0010273,747,147,563,117,36
269,1016,1460,Shia001432Vols,2477,1042,1365,249,71
269,722,1016,Shia001432Vols,4684,429,724,240,99
269,722,965,Shia001432Vols,20952,1161,1404,198,100
269,722,927,Shamela0023632,1162,1333,1537,167,99
269,1016,1329,Shamela0023632,1164,959,1272,253,100
269,607,1278,JK009268,1760,935,1534,485,89
269,1278,1460,JK009268,1761,0,182,146,100
269,722,1016,Sham19Y0023618,556,1104,1398,240,100
269,1016,1190,Sham19Y0023618,557,1377,1550,138,99
269,1190,1375,Sham19Y0023618,558,0,194,129,81
269,1016,1460,Shamela0023628,1136,377,821,356,100
269,607,1016,Rafed0003257Vols,2106,361,700,275,82
269,965,1199,Rafed0003257Vols,2111,220,462,186,95
269,1199,1329,Rafed0003257Vols,2113,772,902,107,100
269,1080,1375,Tafsir09083,402,15,917,228,31
269,1129,1285,Sham19Y0020891,1909,1027,1375,122,43
269,1069,1329,Sham19Y0020891,1910,39,489,113,30
269,1129,1329,Tafsir09068,337,1035,1525,159,40
269,722,1016,JK010001,1702,222,516,240,100
269,722,1026,JK009270,1434,279,583,244,98
269,1016,1360,JK009270,1436,1216,1559,277,99
269,137,316,Shamela0000140,2104,427,616,142,90
269,722,1016,Meshkat0014420,1488,437,731,240,100
269,1016,1329,Meshkat0014420,1491,226,539,253,100
269,987,1268,JK006476,442,1192,1482,226,96
269,1095,1460,JK006476,443,304,1244,289,38
269,592,1423,ShamAY0036821,813,768,1518,589,87
269,1033,1184,ShamAY0036821,822,0,531,92,21
269,790,1016,Shamela0029677,1111,1116,1342,183,100
269,1203,1460,Sham19Y0147312,638,0,631,207,40
269,1016,1332,Zaydiyya0000062,473,987,1450,254,67
269,867,1132,Zaydiyya0000062,473,22,284,210,98
269,1184,1460,Zaydiyya0000062,474,42,769,223,37
269,1199,1329,Shamela0006947,470,1197,1327,107,100
269,1016,1199,Sham19Y0016826,787,865,1004,111,75
269,330,965,Shamela0037458,1113,414,1134,314,44
269,965,1199,Shamela0037458,1116,13,247,188,100
269,1172,1465,Shamela0037458,1117,737,1051,219,86
269,1069,1460,JK000791,661,137,1354,306,31
269,1016,1460,Shamela0000922,454,129,1081,315,41
269,709,965,Tafsir07076,676,1385,1635,203,97
269,722,981,Tafsir07076,7241,1347,1605,211,99
269,1199,1329,ShamAY0038316,141,1143,1273,107,100
269,607,1016,JK009396,415,58,396,275,82
269,1016,1184,JK009396,415,1415,1582,133,99
269,1184,1460,JK009396,416,0,276,223,100
269,607,1029,Sham19Y0023608,1139,91,460,282,79
269,1016,1329,Sham19Y0023608,1144,99,412,253,100
269,1278,1460,Sham19Y0023608,1146,130,543,146,44
269,1199,1329,JK000381,84,615,745,107,100
269,1199,1329,JK000381,2694,1313,1443,107,100
269,21,790,JK000818,164,946,1528,266,37
269,1019,1460,JK000818,165,574,1435,342,49
269,1069,1408,Meshkat00042488,449,399,1537,267,29
269,1199,1329,Shamela0012034,556,582,712,107,100
269,1016,1199,Shamela0004473,6225,81,264,146,100
269,1016,1199,Shamela0004473,10255,675,858,146,100
269,1016,1199,Shamela0004473,12014,955,1271,123,46
269,510,1029,Shia002356Vols,326,1063,1528,324,73
269,1016,1329,Shia002356Vols,327,997,1308,251,99
269,1132,1460,Tafsir04038,162,735,1301,262,57
269,886,1420,Shia002380Vols,209,96,1283,338,36
269,1016,1199,Shamela0001419,176,1120,1254,99,68
269,722,1016,JK001496,611,102,397,240,99
269,1109,1460,JK001496,612,106,1096,263,33
269,607,1016,Shamela0008473,1756,1127,1465,275,82
269,889,1329,Shamela0008473,1758,1031,1475,345,95
269,722,1016,Tafsir07055,1768,1085,1379,240,100
269,790,1016,Shamela0003055,3852,1237,1463,183,100
269,722,965,Shamela0003055,4056,1234,1477,198,100
269,1199,1329,Shamela0008983,2,0,130,107,100
269,607,1460,Shamela0023591,2879,40,822,631,91
269,1199,1329,JK009266,3604,491,621,107,100
269,433,1016,Shamela0021821,545,352,911,312,60
269,981,1164,Shamela0021821,546,1332,1543,134,78
269,1129,1460,Shamela0021821,547,603,1376,263,42
269,1016,1199,Shia002389Vols,764,926,1320,144,45
269,722,1016,JK009362,2585,109,415,240,96
269,867,1092,JK009362,2590,1314,1544,181,96
269,1016,1199,JK001110,36,1165,1348,146,100
269,1029,1329,JK001420,329,547,1444,243,33
269,867,1129,JK006478,3575,235,499,210,99
269,1016,1199,Sham19Y0017116,1003,1024,1163,111,75
269,965,1199,Rafed0003943Vols,351,904,1138,188,100
269,1199,1460,Rafed0003943Vols,352,313,574,210,100
269,839,1016,Zaydiyya0000148,44,0,177,143,100
269,722,1016,Shamela0010273,749,866,1160,240,100
269,1092,1199,Shamela0010273,751,0,107,85,100
269,1167,1329,Shamela0010273,752,96,253,116,88
269,1278,1460,Shamela0007798,3691,517,1021,146,36
269,722,1007,Zaydiyya0000093,276,89,374,232,100
269,712,834,Sham19Y0014404,412,0,268,101,45
269,913,1199,Sham19Y0014404,412,767,1579,226,34
269,1172,1460,Sham19Y0014404,413,47,581,224,52
269,1208,1432,Meshkat00057178,1326,845,1529,179,32
269,965,1322,Masaha000554Vols,1416,1066,1430,282,93
269,1016,1172,JK000447,229,1100,1449,124,44
269,607,1460,QuranAnalysis001,57,653,1435,631,91
269,510,1553,Rafed0001713Vols,747,608,1482,387,36
269,965,1199,Rafed0001713Vols,749,410,644,188,100
269,1199,1329,Rafed0001713Vols,750,65,195,107,100
269,1016,1244,Tafsir04042,754,707,1069,183,62
269,316,818,Shamela0000041,838,374,922,252,47
269,818,1132,Shamela0000041,838,1060,1399,250,90
269,1080,1392,Shamela0000041,839,1175,1549,243,79
269,607,1016,Shamela0023578,1114,1125,1463,275,82
269,1016,1355,Shamela0023578,1116,1256,1597,273,98
269,722,1007,Zaydiyya0000388,30,118,403,232,100
270,967,1419,JK006476,443,601,1374,167,20
270,533,859,Meshkat00042485,2601,514,943,190,52
270,323,954,Tafsir02067,275,640,1492,271,40
270,323,551,Shamela0021766,1416,523,1012,121,31
270,194,1530,JK000818,165,62,1378,593,45
270,7,356,ShamIbadiyya0000075,232,1140,1577,176,42
270,7,922,Shia002356Vols,327,210,1144,357,37
270,267,607,Shia002380Vols,208,1064,1425,175,55
270,7,917,JK001496,611,621,1539,364,38
270,879,1329,Shamela0021821,547,603,934,181,48
270,194,1003,Tafsir08060,154,511,1287,381,48
270,203,601,Shamela0010273,750,59,682,201,37
270,492,922,Tafsir01006,453,949,1630,245,43
270,523,1003,Sham19Y0014404,412,987,1579,231,40
270,1157,1530,Sham19Y0014404,413,90,776,172,26
270,262,516,Rafed0001713Vols,748,677,1254,137,29
270,523,859,Rafed0001713Vols,749,410,939,176,40
270,1157,1530,Rafed0001713Vols,750,65,840,187,25
270,661,1404,Shamela0000041,839,774,1533,326,39
270,879,1506,Shamela0000041,840,68,641,273,44
270,7,581,JK000876,405,913,1624,259,37
270,661,1501,JK000876,406,180,1398,379,33
271,225,656,ShamAY0037152,373,894,1325,346,99
271,307,592,Shia001432Vols,7090,1298,1581,231,99
271,307,552,Shamela0003722,8286,157,402,200,100
271,56,472,JK009268,1772,1203,1588,236,62
271,472,697,JK009268,1773,0,225,183,100
271,56,521,Sham19Y0023618,558,1186,1522,272,72
271,225,697,Rafed0003257Vols,2118,888,1360,382,100
271,1391,1518,Tafsir09084,821,1249,1391,98,84
271,219,526,JK009270,1442,216,523,243,98
271,307,656,Shamela0004445,1162,827,1176,282,100
271,307,552,JK000022,150,1045,1290,199,99
271,435,662,Zaydiyya0000062,476,791,1018,184,100
271,225,521,Shamela0037458,1119,250,546,239,100
271,307,656,Shamela0023833,237,918,1267,282,100
271,307,656,Shamela0009770,220,395,744,282,100
271,56,656,JK009396,416,236,707,380,78
271,56,521,Sham19Y0023608,1146,503,839,272,72
271,225,521,Shamela0004473,6433,196,492,239,100
271,435,697,Shia002356Vols,329,1068,1328,211,98
271,495,697,Shia002380Vols,210,1005,1533,162,37
271,1391,1518,Tafsir02102,1568,779,916,94,84
271,56,656,Shamela0008473,1760,172,643,380,78
271,307,656,Masaha002028Vols,588,1096,1445,282,100
271,435,667,Shamela0023591,2910,1345,1576,188,99
271,47,943,Shamela0021821,548,214,1183,528,61
271,307,662,JK001110,75,898,1253,284,99
271,307,592,Shia003986,284,570,855,232,100
271,316,697,QuranAnalysis001,58,0,381,310,100
271,50,951,Shamela0000041,840,840,1535,338,39
271,56,697,Shamela0023578,1117,63,578,415,79
273,0,260,Shia001432Vols,2478,19,269,171,84
273,0,201,Shamela0023632,1172,1237,1438,159,100
273,180,462,Shamela0023632,1174,1106,1456,226,80
273,0,462,JK009268,1773,291,753,367,100
273,0,128,Sham19Y0023618,560,993,1121,100,100
273,0,128,Shamela0023628,1144,1258,1386,100,100
273,128,465,Shamela0023628,1146,411,748,269,100
273,0,462,Rafed0003257Vols,2129,455,917,367,100
273,29,201,LMN20251118,174,813,984,127,92
273,0,201,Sham19Y0020891,1921,613,814,159,100
273,17,162,JK009270,1446,1349,1518,113,84
273,29,201,Meshkat0014420,1505,783,955,136,100
273,48,264,JK006476,446,1250,1472,172,97
273,36,201,ShamAY0036821,824,0,163,129,98
273,480,692,Meshkat00042485,2616,513,884,110,38
273,904,1218,Meshkat00042485,2617,1060,1493,152,38
273,0,201,Zaydiyya0000062,478,68,339,158,73
273,128,462,Zaydiyya0000062,478,952,1401,267,74
273,0,622,Shamela0037458,1123,469,1110,181,23
273,0,462,JK007018,197,762,1475,366,64
273,62,180,Zaydiyya0000295Vols,2544,760,878,93,100
273,0,345,JK009396,419,172,517,272,100
273,88,201,Sham19Y0023608,1156,0,113,91,100
273,201,462,Sham19Y0023608,1158,868,1129,208,100
273,0,128,Meshkat00042488,452,1367,1495,100,100
273,0,692,Shia002356Vols,330,1095,1525,250,45
273,36,349,Tafsir04038,164,0,457,226,63
273,0,296,Shia002380Vols,211,210,905,223,40
273,0,622,JK001496,616,893,1477,223,33
273,805,1215,JK001496,617,440,899,178,41
273,0,345,Shamela0008473,1766,263,608,272,100
273,477,769,Shia002382Vols,589,1106,1569,178,49
273,808,1218,Shia002382Vols,590,0,392,179,48
273,0,201,Shamela0023591,2911,96,297,159,100
273,201,462,Shamela0023591,2919,827,1088,208,100
273,328,462,Shamela0023591,2924,127,261,108,100
273,0,455,Shamela0021821,551,469,924,361,100
273,319,462,JK001110,37,0,143,115,100
273,29,201,Rafed0003943Vols,361,167,339,136,100
273,681,1218,Shamela0010273,758,782,1452,218,37
273,0,201,Shamela0010273,758,192,393,159,100
273,733,1429,Tafsir01006,457,496,1500,342,40
273,0,191,Masaha000554Vols,1428,340,533,149,96
273,0,462,QuranAnalysis001,58,447,909,367,100
273,0,201,Rafed0001713Vols,755,366,567,159,100
273,808,1218,Rafed0001713Vols,756,820,1465,188,32
273,0,173,Shamela0000041,844,1332,1561,135,74
273,29,462,Shamela0000041,845,28,1092,344,40
273,0,201,Shamela0023578,1117,644,845,159,100
273,128,462,Shamela0023578,1123,683,1083,266,83
273,477,692,JK000876,409,0,356,108,36
273,805,1331,JK000876,409,693,1372,239,38
274,686,822,Shamela0008381,2869,1270,1406,109,100
274,686,1147,Shia001432Vols,2478,235,696,368,99
274,686,822,Shia001432Vols,22143,704,840,109,100
274,686,822,Shia001432Vols,29000,44,180,109,100
274,1021,1326,Shia001432Vols,31275,567,873,243,98
274,394,686,Shamela0023632,1176,781,1094,162,61
274,822,1021,Shamela0023632,1179,193,392,158,100
274,1205,1429,Shamela0023632,1183,92,316,175,98
274,1205,1351,Zaydiyya0000015,2189,1247,1393,115,100
274,534,1089,JK009268,1785,1015,1569,442,99
274,1089,1425,JK009268,1786,0,336,269,100
274,1205,1346,Zaydiyya0000405,23,528,669,111,100
274,220,822,Sham19Y0023618,564,1094,1495,321,66
274,810,1021,Sham19Y0023618,566,688,926,168,88
274,1205,1425,Sham19Y0023618,569,14,234,175,100
274,220,776,Shamela0023628,1149,274,821,327,67
274,776,954,Shamela0023628,1151,1226,1404,141,100
274,1205,1425,Shamela0023628,1155,1315,1535,175,100
274,220,1021,Rafed0003257Vols,2129,800,1400,478,74
274,1021,1425,Rafed0003257Vols,2145,990,1394,324,100
274,538,686,Sham19Y0020891,1929,881,1029,119,100
274,815,1031,Sham19Y0020891,1931,629,848,161,91
274,686,822,JK010001,1178,180,316,109,100
274,686,868,JK010001,3424,111,293,145,100
274,220,692,JK009270,1449,1248,1525,215,56
274,686,995,JK009270,1452,133,442,246,100
274,995,1260,JK009270,1454,1293,1557,216,99
274,1260,1425,JK009270,1455,0,165,129,100
274,538,686,Meshkat0014420,1513,505,653,119,100
274,686,822,Meshkat0014420,1516,729,865,109,100
274,822,1021,Meshkat0014420,1517,1256,1455,158,100
274,1205,1425,Meshkat0014420,1524,617,837,175,100
274,559,702,JK006476,448,488,637,114,95
274,920,1233,JK006476,450,663,995,238,84
274,1147,1425,JK006476,451,253,811,216,48
274,686,822,Sham19Y0036072,168,499,635,109,100
274,315,1209,ShamAY0036821,825,815,1570,599,83
274,1209,1425,ShamAY0036821,826,0,216,171,99
274,1260,1425,Shamela0029677,1885,1389,1581,129,85
274,220,626,Sham19Y0147312,645,886,1454,154,24
274,686,822,Sham19Y0147312,647,781,917,109,100
274,1101,1425,Sham19Y0147312,649,440,1221,239,38
274,538,686,Shamela0004445,60,1174,1322,119,100
274,315,776,Zaydiyya0000062,479,664,1243,277,56
274,708,954,Zaydiyya0000062,480,834,1219,195,63
274,1109,1418,Zaydiyya0000062,482,272,667,243,76
274,1021,1260,Shamela0006947,15069,556,795,195,100
274,1021,1322,Shamela0010517,80,775,1076,242,100
274,708,995,Shamela0037458,1130,561,839,192,81
274,1205,1429,Shamela0037458,1135,780,1004,176,99
274,702,822,JK000791,671,0,120,97,100
274,1205,1425,JK000791,674,956,1176,175,100
274,451,791,Shamela0000922,460,5,719,196,34
274,906,1289,Shamela0000922,461,620,1526,169,20
274,538,686,JK007018,198,0,146,114,94
274,686,954,JK007018,198,837,1111,214,97
274,1151,1331,JK007018,199,1303,1523,131,72
274,954,1205,JK007018,199,254,514,202,96
274,220,686,JK009396,420,255,520,212,56
274,686,954,JK009396,422,338,606,214,100
274,954,1205,JK009396,423,1107,1358,202,100
274,1205,1425,JK009396,424,1330,1550,175,100
274,220,686,Sham19Y0023608,1158,1012,1277,212,56
274,822,1021,Sham19Y0023608,1166,1083,1282,158,100
274,1021,1425,Sham19Y0023608,1171,176,580,324,100
274,686,822,Sham19Y0016953Vols,236,1138,1274,109,100
274,220,686,JK000381,975,1226,1491,212,56
274,1260,1380,JK000381,2931,1002,1122,93,100
274,686,822,JK000381,4514,1211,1347,109,100
274,220,655,JK000381,4697,690,924,189,53
274,686,822,JK000381,6748,194,330,109,100
274,650,822,Shamela0001340,229,261,440,118,82
274,626,791,Meshkat00042488,455,1021,1487,118,31
274,739,954,Meshkat00042488,456,122,557,164,47
274,1193,1425,Meshkat00042488,457,1260,1526,185,87
274,1205,1351,Rafed0003726Vols,419,1210,1356,115,100
274,686,822,Shamela0004473,5982,1081,1217,109,100
274,220,954,Shamela0004473,6225,286,819,425,72
274,655,822,Shamela0004473,9623,240,399,116,86
274,538,954,Shamela0004473,10255,48,648,292,60
274,686,1425,Shamela0022371,160,849,1461,356,52
274,1265,1425,Zaydiyya0000338,18,0,160,125,100
274,686,822,Shamela0012828,2,1121,1257,109,100
274,330,634,Shia002356Vols,332,3,481,148,39
274,626,822,Shia002356Vols,332,980,1174,154,98
274,954,1205,Shia002356Vols,333,915,1166,202,100
274,1183,1425,Shia002356Vols,334,419,655,183,92
274,1205,1425,Zaydiyya0000142,2619,114,334,175,100
274,220,920,Tafsir04038,164,579,1268,349,48
274,1021,1425,Tafsir04038,165,917,1381,240,55
274,655,954,Shia002380Vols,212,419,1105,237,43
274,384,686,JK001496,618,1161,1480,173,64
274,616,822,JK001496,619,737,1120,162,53
274,862,1021,JK001496,620,0,160,127,99
274,1167,1425,JK001496,621,1065,1308,183,88
274,199,686,Shamela0008473,1769,507,797,223,56
274,650,954,Shamela0008473,1772,0,304,243,100
274,920,1205,Shamela0008473,1783,332,712,230,75
274,1193,1425,Shamela0008473,1784,1125,1377,185,92
274,538,686,Shamela0008473,4634,75,223,119,100
274,538,686,Shamela0008473,4957,884,1032,119,100
274,686,822,Tafsir07055,1237,381,517,109,100
274,686,868,Tafsir07055,3515,417,599,145,100
274,686,842,ShamAY0036031,144,939,1096,109,87
274,686,828,ShamAY0036031,183,92,239,109,92
274,220,655,JK000378,286,967,1201,189,53
274,1253,1380,JK000079,5,962,1090,97,97
274,220,983,Shamela0023591,2919,971,1532,447,73
274,983,1425,Shamela0023591,2920,0,442,355,100
274,1205,1425,JK000371,412,712,932,175,100
274,451,689,JK009266,3638,453,702,152,73
274,686,822,JK009266,3644,72,208,109,100
274,822,1026,JK009266,3645,690,894,161,99
274,1151,1425,JK009266,3653,1166,1449,191,85
274,220,655,Rafed0003314Vols,259,293,527,189,53
274,686,822,Shamela0002386,120,856,992,109,100
274,220,686,Shamela0021821,551,814,1079,212,56
274,576,954,Shamela0021821,554,8,607,302,63
274,895,1183,Shamela0021821,555,1232,1561,228,85
274,1147,1357,Shamela0021821,556,1261,1612,166,59
274,686,822,JK000351,75,83,219,109,100
274,473,686,JK009362,2632,259,583,144,55
274,668,822,JK009362,2634,1055,1218,124,94
274,1065,1425,JK009362,2647,460,924,224,59
274,220,976,JK001110,37,26,574,433,71
274,199,626,JK001420,332,917,1315,170,38
274,626,796,JK001420,333,520,924,130,40
274,1167,1425,JK001420,334,967,1397,205,60
274,1205,1418,Zaydiyya0000079BK1,26,1009,1222,169,100
274,451,686,JK006478,3603,806,1042,148,75
274,686,822,JK006478,3612,875,1012,109,99
274,1147,1425,JK006478,3619,156,439,221,98
274,199,686,Rafed0003943Vols,364,920,1196,219,55
274,629,995,Rafed0003943Vols,365,617,952,200,66
274,853,1205,Rafed0003943Vols,366,423,844,225,60
274,1205,1425,Rafed0003943Vols,367,1185,1405,175,100
274,1205,1425,Zaydiyya0000148,42,410,626,172,98
274,315,686,Shamela0010273,761,0,241,193,64
274,686,822,Shamela0010273,762,912,1048,109,100
274,822,1021,Shamela0010273,763,579,778,158,100
274,1205,1425,Shamela0010273,765,395,615,175,100
274,344,662,Shamela0007798,3713,600,1183,137,27
274,1147,1425,Shamela0007798,3733,132,481,212,76
274,123,626,Sham19Y0014404,417,909,1523,158,24
274,600,791,Sham19Y0014404,418,382,935,141,32
274,1021,1284,Sham19Y0014404,419,911,1605,209,37
274,1284,1425,Sham19Y0014404,420,0,141,111,100
274,686,822,Rafed0003799Vols,604,1128,1264,109,100
274,757,954,Meshkat00057178,1342,0,503,153,38
274,1138,1425,Meshkat00057178,1346,433,722,194,82
274,315,677,Masaha000554Vols,1431,879,1114,184,62
274,1147,1418,Masaha000554Vols,1444,225,836,214,43
274,220,1138,QuranAnalysis001,58,792,1508,573,77
274,1138,1425,QuranAnalysis001,59,0,287,229,100
274,686,822,Rafed0001713Vols,759,562,698,109,100
274,1147,1425,Rafed0001713Vols,762,585,863,221,100
274,1205,1425,JK000122,20,319,539,175,100
274,220,839,Tafsir04042,760,631,1587,358,42
274,1205,1425,Zaydiyya0000476,356,642,1338,174,31
274,1205,1425,Zaydiyya0000476,427,813,1509,174,31
274,686,822,Tafsir04056,440,546,682,107,98
274,1021,1289,Tafsir04056,1357,1226,1494,217,100
274,686,822,JK006950,1051,188,324,109,100
274,52,776,Shamela0000041,846,712,1505,387,52
274,784,954,Shamela0000041,848,0,170,135,100
274,906,1205,Shamela0000041,849,891,1212,237,91
274,1151,1425,Shamela0000041,850,962,1236,194,88
274,1239,1425,Shamela0000041,851,133,688,144,32
274,220,971,Shamela0023578,1123,967,1516,435,72
274,1021,1425,Shamela0023578,1127,968,1374,323,98
275,998,1166,Shamela0008381,504,1113,1312,128,78
275,998,1166,Shamela0025794,3992,654,842,128,81
275,998,1166,Tafsir09084,830,765,989,130,70
275,1007,1166,Tafsir01005,2219,1105,1295,123,78
275,204,607,Meshkat00042485,2624,673,1217,216,42
275,435,784,Meshkat00042485,2625,1068,1549,143,31
275,998,1166,JK009336,2505,1190,1382,130,82
275,588,946,JK000818,168,9,332,159,47
275,998,1166,JK007107,187,454,651,130,80
275,998,1166,PV2024060602,7443,33,250,130,72
275,435,957,Shia002382Vols,592,292,979,249,39
275,998,1166,Shamela0001875,473,393,584,132,84
275,459,1579,Tafsir08060,157,17,1246,427,32
275,71,435,Shamela0010273,761,1055,1404,154,44
275,204,957,Tafsir01006,459,20,1261,371,35
275,998,1166,ShamAY0033910,357,605,822,130,72
275,998,1166,JK000707,418,1195,1375,134,90
275,204,684,Rafed0001713Vols,759,263,698,217,45
275,504,732,Rafed0001713Vols,759,1038,1590,148,33
276,1113,1577,JK009268,1786,179,422,186,50
276,1113,1577,Sham19Y0023618,569,77,320,186,50
276,1113,1577,Rafed0003257Vols,2145,1237,1480,186,50
276,1393,1572,Tafsir09084,834,1176,1429,121,54
276,0,193,Shamela0000140,1968,205,406,146,88
276,1113,1577,JK006476,451,654,900,186,50
276,1113,1577,ShamAY0036821,826,59,301,185,50
276,1202,1572,Shamela0022769,439,567,1152,183,36
276,1113,1577,Zaydiyya0000062,482,517,760,186,50
276,1202,1577,Shamela0000922,462,0,652,172,27
276,1113,1577,Shia002356Vols,334,498,1124,174,26
276,860,1546,Shia002380Vols,213,896,1588,315,48
276,34,459,JK001496,621,333,876,187,37
276,1393,1577,Shamela0008473,1785,790,949,126,84
276,1020,1537,Shia002382Vols,594,130,727,270,48
276,1113,1577,Shamela0023591,2920,285,528,186,50
276,1393,1577,JK009266,3658,531,719,135,83
276,22,224,Shamela0010273,764,1229,1548,144,56
276,860,1110,Shamela0010273,765,625,1002,122,39
276,335,1313,Tafsir01006,460,733,1618,310,29
276,1057,1577,Sham19Y0014404,420,291,815,246,49
276,1113,1577,QuranAnalysis001,59,130,372,186,50
276,1113,1577,Rafed0001713Vols,762,706,949,186,50
276,860,1048,Rafed0001713Vols,763,249,533,89,38
276,1121,1572,Tafsir04042,762,995,1425,196,43
276,1113,1577,Shamela0000041,850,1079,1321,186,50
276,1202,1577,Shamela0000041,851,489,844,193,52
276,1113,1577,Shamela0023578,1127,1216,1460,183,50
277,290,827,Shia001432Vols,3561,961,1497,426,99
277,827,1018,Shia001432Vols,3562,0,191,156,100
277,164,290,Shia001432Vols,28063,310,436,103,100
277,444,724,Shia002185Vols,2698,71,352,222,99
277,114,294,Shamela0023632,1187,863,1043,146,99
277,577,840,Shamela0023632,1196,887,1150,208,100
277,421,659,Masaha004743,18,689,927,187,100
277,0,290,JK009268,1786,422,712,237,100
277,290,1018,JK009268,1797,12,740,584,100
277,362,659,Shia004552Vols,62,212,512,236,98
277,0,290,Sham19Y0023618,569,320,610,237,100
277,421,724,Sham19Y0023618,572,1275,1577,240,99
277,640,1018,Sham19Y0023618,575,34,568,286,66
277,421,724,JK000382,432,855,1158,240,100
277,114,294,Shamela0023628,1158,139,319,146,99
277,290,490,Shamela0023628,1159,891,1091,162,100
277,490,840,Shamela0023628,1167,538,888,277,100
277,569,1018,Shamela0011258,155,613,1062,355,98
277,0,132,Rafed0003257Vols,2145,1480,1611,108,99
277,132,290,Rafed0003257Vols,2146,0,158,129,100
277,276,739,Rafed0003257Vols,2158,1064,1537,358,94
277,724,1018,Rafed0003257Vols,2174,649,943,236,100
277,362,715,Zaydiyya0000044,53,253,605,281,99
277,114,290,Sham19Y0020891,1940,625,801,144,100
277,189,724,Sham19Y0020891,1942,178,698,384,88
277,682,1018,Sham19Y0020891,1945,489,846,252,87
277,0,290,JK006889,26,309,531,176,74
277,290,724,Hindawi019640759,20,1148,1582,346,99
277,724,955,Hindawi019640759,21,617,850,184,99
277,434,698,JK000362,57,1089,1355,206,97
277,724,948,JK000362,232,1300,1523,178,99
277,724,1018,JK000362,800,387,715,236,89
277,724,850,JK000362,1474,1353,1478,99,99
277,640,955,JK000362,1703,653,968,252,100
277,0,160,JK009270,1457,849,1009,131,100
277,139,362,JK009270,1459,1311,1525,172,95
277,490,1021,JK009270,1464,174,701,420,98
277,160,290,Shamela0005756,15458,1181,1311,106,100
277,114,290,Meshkat0014420,1529,1013,1189,144,100
277,372,724,Meshkat0014420,1534,1055,1408,256,89
277,724,955,Meshkat0014420,1541,834,1065,184,100
277,20,306,JK006476,452,269,563,231,96
277,511,827,JK006476,454,1111,1433,221,86
277,724,1018,JK000101,125,665,959,236,100
277,0,290,ShamAY0036821,826,301,584,228,96
277,290,1018,ShamAY0036821,834,308,1028,570,97
277,283,724,Hindawi041584975,250,555,996,350,99
277,362,659,Shamela0029677,1738,221,518,237,100
277,1018,1536,Meshkat00042485,2635,187,896,251,38
277,82,290,Sham19Y0147312,652,404,997,153,31
277,659,840,Sham19Y0147312,658,226,562,144,53
277,765,1018,Shamela0004445,175,760,1013,203,100
277,290,1018,Shamela0004445,202,229,1252,583,70
277,577,808,Shamela0004445,203,472,720,183,93
277,64,228,Shamela0022769,440,816,1540,122,20
277,0,290,Sham19Y0013550,222,612,918,145,51
277,0,298,Zaydiyya0000062,482,760,1058,238,98
277,421,659,Zaydiyya0000062,485,408,645,186,99
277,659,955,Zaydiyya0000062,486,684,981,237,99
277,421,659,Kraken220413202142,42,682,921,179,96
277,0,160,Shamela0006947,17100,740,900,131,100
277,0,290,Shamela0008555,31,470,625,116,49
277,724,1018,JK000374,94,1006,1300,236,100
277,0,160,Shamela0037458,1137,116,276,131,100
277,41,290,Shamela0037458,1138,397,693,149,51
277,409,659,Shamela0037458,1142,52,319,188,90
277,659,840,Shamela0037458,1143,843,1024,144,100
277,164,290,Masaha001075,88,386,512,103,100
277,0,160,JK000791,675,1234,1394,131,100
277,125,290,JK000791,676,1232,1393,121,88
277,659,827,JK000791,681,1374,1541,133,99
277,412,724,Zaydiyya0000075BK13,10,584,895,243,98
277,629,903,JK000365,1239,1251,1524,217,99
277,160,362,Hindawi085315384,87,117,343,164,89
277,41,290,Shamela0000922,463,141,351,143,61
277,724,840,Shamela0000922,466,1114,1230,91,100
277,290,724,Sham19Y0009800,218,765,1199,348,100
277,467,724,Tafsir07076,4884,0,255,202,98
277,362,724,Tafsir07076,8483,1100,1456,282,97
277,421,659,Tafsir07076,8984,1172,1408,185,98
277,0,290,JK007018,200,634,930,237,97
277,724,1018,JK007018,202,250,551,236,97
277,0,125,JK009396,425,1461,1585,102,99
277,125,290,JK009396,426,0,165,135,100
277,246,724,JK009396,427,8,516,374,91
277,724,1018,JK009396,429,41,335,236,100
277,0,290,Sham19Y0023608,1176,133,423,237,100
277,164,724,Sham19Y0023608,1179,138,962,424,63
277,682,961,Sham19Y0023608,1185,1341,1657,210,82
277,730,1018,Sham19Y0016953Vols,1367,290,582,231,98
277,774,1018,JK000381,52,0,244,196,100
277,724,1018,JK000381,214,425,719,236,100
277,429,673,JK000381,420,1143,1396,187,94
277,0,164,JK000381,1237,1138,1302,132,98
277,698,1021,JK000381,1475,0,324,258,99
277,421,724,JK000381,1642,956,1259,240,100
277,735,1021,JK000381,7799,927,1214,227,97
277,0,139,JK000381,8055,20,159,114,100
277,101,290,Meshkat00042488,459,805,1281,148,38
277,724,840,Meshkat00042488,462,741,857,91,100
277,765,1018,Shia003721Vols,86,205,458,203,100
277,290,1018,Shia003721Vols,113,173,1187,582,71
277,577,808,Shia003721Vols,114,396,636,182,95
277,444,724,Hindawi047090584,34,509,789,221,99
277,1018,1524,ShamIbadiyya0000075,240,676,1501,235,30
277,724,955,Shamela0004473,6080,927,1158,184,100
277,160,290,Shamela0004473,6225,842,972,106,100
277,724,840,Shamela0004473,10563,1033,1149,91,100
277,426,724,Shamela0004473,11105,0,298,236,100
277,412,724,Shamela0004473,11336,1193,1503,244,98
277,724,1018,Shamela0004473,14326,673,967,236,100
277,290,724,Hindawi020414802,67,211,643,346,99
277,290,730,Hindawi091929150,59,1104,1545,353,99
277,730,1018,Hindawi091929150,60,0,288,231,100
277,421,659,Hindawi091929150,151,60,298,187,100
277,0,380,Shamela0022371,161,110,1302,299,30
277,290,1018,Sham19Y0145435,4967,544,1333,583,91
277,482,955,Kraken210622021811,198,76,544,361,95
277,0,160,Shia002356Vols,334,1124,1281,128,98
277,724,1018,Shia002356Vols,337,894,1186,234,99
277,0,290,Shamela0011380,237,1031,1180,117,49
277,283,724,Hindawi083096496,175,274,713,348,98
277,0,421,Tafsir04038,166,42,641,342,69
277,257,495,Shia002380Vols,214,1069,1584,189,44
277,114,290,JK001496,623,1189,1367,144,98
277,189,739,JK001496,624,507,1057,381,83
277,724,1007,Shamela0008363,75,1256,1538,227,99
277,712,840,Shamela0008473,521,730,857,93,93
277,0,298,Shamela0008473,1785,949,1253,241,97
277,290,724,Shamela0008473,1796,1011,1445,348,100
277,724,1018,Shamela0008473,1802,872,1166,236,100
277,1018,1533,Shia002382Vols,594,677,1258,245,43
277,724,840,Shamela0003055,238,1488,1603,91,99
277,673,1018,Shamela0003055,2659,992,1350,200,59
277,0,290,Shamela0003055,2929,521,687,113,47
277,0,290,Shamela0003055,3649,1259,1498,178,75
277,0,290,Shamela0023591,2920,528,818,237,100
277,290,986,Shamela0023591,2947,856,1551,558,99
277,0,160,JK009266,3658,719,879,131,100
277,362,724,Shamela0010283,2391,211,609,287,89
277,362,659,Hindawi080313908,92,821,1118,237,100
277,182,421,Tafsir10098,446,0,550,189,41
277,362,724,Zaydiyya0000454,308,208,560,281,96
277,0,290,Shamela0021821,557,904,1193,236,99
277,349,739,Shamela0021821,559,0,399,303,95
277,629,1018,Shamela0021821,561,532,961,274,79
277,724,845,JK001487,28,1077,1198,92,97
277,362,659,Rafed0003793Vols,610,178,475,237,100
277,0,290,Shamela0011073,10,780,931,116,49
277,362,659,Shamela0009270,293,352,667,189,74
277,114,290,JK009362,2655,975,1157,144,96
277,421,724,JK009362,2668,564,881,238,94
277,0,164,Shamela0011730,165,1055,1219,132,98
277,429,673,Shamela0011730,503,906,1158,186,93
277,160,730,JK001110,37,565,1135,456,99
277,712,1018,JK000367,281,50,354,239,97
277,372,659,Sham19Y0073348,2660,405,659,195,86
277,101,290,JK001420,336,276,650,142,46
277,577,840,JK001420,338,1027,1505,208,55
277,704,1018,JK000385,93,1026,1356,246,92
277,421,724,Shamela0022653,175,1131,1434,240,100
277,724,895,JK000376,119,1334,1504,135,99
277,362,698,Shamela0003118,836,58,402,225,80
277,444,724,Shia003459BK2,25,483,764,222,99
277,0,462,JK006478,714,698,1163,376,98
277,88,290,JK006478,3624,1136,1572,162,45
277,724,840,Shamela0008206,427,433,549,91,100
277,0,160,Rafed0003943Vols,368,130,290,131,100
277,160,421,Rafed0003943Vols,368,1263,1524,214,100
277,362,659,Rafed0003943Vols,369,1142,1481,207,71
277,712,955,Rafed0003943Vols,371,0,243,194,100
277,0,290,Shamela0010273,767,469,759,237,100
277,440,724,Shamela0010273,770,0,284,225,100
277,659,840,Shamela0010273,772,480,820,144,53
277,362,659,Shamela0007798,3754,978,1355,217,72
277,659,840,Shamela0007798,3759,823,1091,127,60
277,724,1018,JK000966,50,707,1001,236,100
277,64,252,Tafsir06048,318,1059,1323,145,68
277,421,895,Tafsir06048,320,703,1475,366,59
277,523,920,Tafsir06048,321,760,1394,309,61
277,421,724,Hindawi020604026,90,1137,1440,240,100
277,283,724,ShamAY0007299,2532,336,779,350,98
277,724,1018,JK000066,103,791,1085,236,100
277,88,380,Sham19Y0014404,421,17,697,204,35
277,673,840,Sham19Y0014404,424,370,592,133,75
277,114,290,Meshkat00057178,1349,759,1012,128,62
277,724,840,Meshkat00057178,1357,1099,1215,91,100
277,454,659,Masaha000554Vols,2707,156,483,149,57
277,421,1018,ShamAY0034390,5,28,625,476,100
277,0,1018,QuranAnalysis001,59,372,1390,821,100
277,724,955,Shamela0011379,299,1212,1443,184,100
277,362,724,Hindawi084602738,150,993,1353,288,99
277,0,164,JK000028,342,431,596,131,96
277,380,724,Rafed0003537Vols,289,0,344,275,100
277,440,724,Shamela0023596,118,0,284,225,100
277,362,724,JK000916,1901,661,1039,251,81
277,164,290,Shia001372,23,1309,1438,103,97
277,362,691,Zaydiyya0000034,2,251,578,261,99
277,0,290,Rafed0001713Vols,762,949,1239,237,100
277,421,724,Rafed0001713Vols,766,983,1286,240,100
277,633,1018,Rafed0001713Vols,768,7,589,309,66
277,0,160,Shia002374Vols,164,1400,1560,131,100
277,724,955,Shia002374Vols,167,915,1146,184,100
277,189,402,Tafsir04042,764,853,1264,146,42
277,0,228,Zaydiyya0000476,357,377,887,179,43
277,0,228,Zaydiyya0000476,428,556,1066,179,43
277,372,840,Hindawi070638427,27,721,1165,338,91
277,735,1021,JK006950,2101,661,948,227,97
277,0,139,JK006950,2356,1015,1154,114,100
277,114,294,Shamela0000041,852,5,185,146,99
277,243,490,Shamela0000041,853,216,514,196,80
277,765,1018,Shamela0000041,859,705,1189,202,52
277,450,724,Sham19Y0145334,8,0,306,199,81
277,52,290,Shamela0023578,1128,0,238,194,99
277,0,1018,Shamela0023578,1130,83,1476,741,62
277,426,659,Shamela0023578,1135,318,610,171,74
278,767,1089,Shia002382Vols,595,1267,1573,191,65
278,500,793,Shia002382Vols,595,122,587,145,34
278,891,1192,Tafsir01006,462,1088,1456,187,54
278,531,1062,Sham19Y0014404,421,375,1073,209,29
278,531,1062,Rafed0001713Vols,765,131,497,220,46
278,927,1099,Rafed0001713Vols,766,95,387,133,54
279,40,556,Tafsir09084,838,1050,1518,238,47
279,27,376,Meshkat0014420,1538,419,836,164,45
279,9,322,JK000865,183,1078,1512,152,43
279,616,1010,Meshkat00042485,2653,223,541,152,41
279,347,612,Shamela0011334,20,474,742,141,49
279,991,1511,JK007018,202,334,839,205,34
279,9,384,JK000818,170,81,649,178,37
279,649,1442,ShamAY0033108,580,206,1240,287,30
279,869,1010,JK001496,627,16,246,91,48
279,36,612,Shamela0008473,1800,97,595,289,55
279,178,1010,Tafsir01006,463,621,1503,340,37
279,347,1346,Rafed0001713Vols,768,7,526,318,36
279,616,1010,Rafed0001713Vols,769,319,813,190,41
280,746,955,Shamela0008381,440,625,824,150,88
280,746,955,Shamela0008381,2857,44,243,150,88
280,392,733,Shia001432Vols,3190,1276,1615,280,98
280,733,926,Shia001432Vols,3191,0,193,156,98
280,545,844,Shia001432Vols,3230,0,224,189,74
280,606,926,Shamela0023632,1201,1015,1335,261,99
280,331,758,JK009268,1809,1148,1664,336,77
280,758,926,JK009268,1810,0,168,137,100
280,320,606,Sham19Y0023618,576,402,687,235,99
280,606,926,Sham19Y0023618,577,22,342,261,99
280,499,746,Shamela0023628,1171,1199,1492,205,84
280,746,926,Shamela0023628,1173,1099,1279,146,99
280,320,606,Sham19Y0037562,113,1224,1509,235,99
280,392,926,Rafed0003257Vols,2179,1033,1566,438,99
280,339,664,Zaydiyya0000044,244,368,672,239,88
280,392,758,Rafed0000110,7,558,891,273,88
280,437,926,Sham19Y0020891,1946,158,646,401,99
280,320,513,Hindawi019640759,21,1145,1338,158,100
280,444,610,Tafsir09068,350,1385,1551,139,100
280,610,860,Tafsir09068,351,773,1220,180,48
280,655,844,Shia001146,199,0,189,153,100
280,320,606,JK009270,1469,553,839,236,100
280,606,926,JK009270,1476,736,1056,262,100
280,606,926,Meshkat0014420,1549,474,794,262,100
280,773,926,JK006476,458,273,429,124,98
280,320,885,ShamAY0036821,834,1028,1578,444,95
280,444,713,Shamela0001397,442,772,1041,224,100
280,570,746,Sham19Y0147312,662,950,1471,129,29
280,320,679,Shamela0004445,147,462,820,292,98
280,679,926,Sham19Y0014592,59,0,247,200,100
280,320,997,Zaydiyya0000062,487,950,1597,362,55
280,554,926,Zaydiyya0000062,488,671,1237,305,65
280,320,606,Shamela0006947,2962,74,360,236,100
280,320,709,Zaydiyya0000220,102,1257,1643,320,99
280,709,931,Zaydiyya0000220,103,0,222,177,98
280,773,931,Zaydiyya0000220,279,0,157,124,96
280,392,606,Shamela0037458,1147,137,351,178,100
280,606,926,Shamela0037458,1149,977,1297,262,100
280,671,860,JK000791,685,50,334,132,57
280,320,606,Shamela0021766,298,530,815,235,99
280,593,879,JK000365,1219,1133,1330,143,59
280,392,856,Shamela0000922,467,517,1219,262,45
280,692,926,Shia003026VolsBK2,834,248,482,188,99
280,315,606,Tafsir07076,2286,307,598,238,99
280,408,671,Tafsir07076,3074,165,561,201,58
280,444,926,JK007018,203,0,501,396,95
280,425,671,Zaydiyya0000295Vols,2568,725,1261,160,33
280,356,931,JK009396,430,534,1121,451,92
280,392,926,Sham19Y0023608,1190,650,1183,438,99
280,419,606,Sham19Y0095660,714,0,187,156,100
280,425,844,Shia002333,16,1095,1511,344,99
280,392,844,Shia002333,36,412,860,370,99
280,593,746,JK000381,2208,544,697,117,94
280,671,885,JK000381,7858,727,941,171,98
280,606,746,Meshkat00042488,464,1203,1553,115,40
280,692,941,Meshkat00042488,465,6,826,190,28
280,320,671,Shia003721Vols,56,240,589,290,99
280,593,746,Sham19Y0020587,24,443,596,117,94
280,320,671,Sham19Y0145435,4937,1060,1411,292,100
280,392,671,Sham19Y0145435,4994,645,924,234,100
280,320,671,Shia002356Vols,338,620,966,287,98
280,593,826,Shia002356Vols,338,1397,1612,155,78
280,532,739,Shia002380Vols,216,1331,1548,169,92
280,315,926,Hindawi018613191,16,377,988,499,99
280,392,926,ShamAY0001202,3,59,592,438,99
280,320,926,JK001496,626,771,1384,496,98
280,392,879,JK010552,350,1036,1517,398,98
280,474,926,Shamela0008473,1807,0,452,373,100
280,320,926,Shamela0008473,3037,944,1387,353,70
280,320,675,Zaydiyya0000398,133,711,1065,293,99
280,532,844,Shia002382Vols,601,282,701,254,73
280,392,606,Shamela0001404,25,250,464,178,100
280,320,926,Shamela0023591,2948,32,637,496,99
280,392,746,JK009266,3703,637,991,293,100
280,746,937,JK009266,3709,61,253,150,96
280,671,879,Zaydiyya0000153,23,1129,1337,169,100
280,339,926,Shamela0021821,563,618,1215,464,93
280,425,844,Shia001122Vols,3516,96,439,287,81
280,425,844,Shia002389Vols,788,523,865,286,81
280,392,671,JK009362,2686,400,680,234,99
280,425,844,Shia001174Vols,4612,974,1318,287,81
280,582,937,JK001420,341,712,1470,270,43
280,597,746,JK000385,56,1094,1243,117,95
280,408,746,JK009257,237,0,335,277,99
280,320,926,Zaydiyya0000206,33,1099,1705,497,99
280,392,926,Shia001625,5,228,761,439,99
280,320,879,Shia001625,27,1063,1621,460,99
280,392,746,JK006478,3662,173,529,293,99
280,671,844,JK000082,223,158,331,140,100
280,425,844,PV2024060601,3516,96,439,287,81
280,315,582,Rafed0003943Vols,373,1341,1606,219,99
280,582,844,Rafed0003943Vols,374,0,262,216,100
280,392,926,Shamela0010273,776,316,849,438,99
280,617,926,Shia004456Vols,4296,0,302,247,97
280,351,897,Tafsir06048,322,693,1568,387,50
280,582,937,Sham19Y0014404,428,149,1284,258,27
280,320,606,Rafed0003799Vols,1787,535,820,235,99
280,593,917,Masaha000554Vols,1466,301,1080,253,39
280,460,926,QuranAnalysis001,60,0,466,385,100
280,331,1289,Rafed0001713Vols,770,783,1589,543,61
280,307,520,Masaha002880Vols,385,1346,1561,168,95
280,444,606,Tafsir07057,1819,1438,1600,136,100
280,392,879,Tafsir04056,249,461,946,401,99
280,320,879,Tafsir04056,2312,45,603,460,99
280,671,885,JK006950,2160,374,588,171,98
280,499,720,Shamela0000041,860,1291,1552,184,83
280,626,926,Shamela0000041,861,774,1493,205,32
280,356,576,Shamela0023578,1137,1275,1528,173,82
280,576,926,Shamela0023578,1138,0,356,287,98
280,582,926,Shamela0023578,1139,260,959,277,48
281,888,1226,JK000330,239,98,436,272,100
281,888,1140,JK000330,263,1274,1525,201,99
281,1226,1631,ShamAY0037152,374,112,619,328,79
281,879,1226,Shia001432Vols,2478,901,1262,279,95
281,888,1317,Shia001432Vols,2656,460,1184,259,42
281,10,325,Shia001432Vols,3190,1422,1603,150,57
281,1102,1249,Shamela0023632,1207,995,1138,107,90
281,10,428,JK009268,1809,1446,1664,181,52
281,888,1631,JK009268,1815,633,1378,600,99
281,888,1218,Zaydiyya0000077Vols,13,283,613,265,100
281,775,1226,Sham19Y0023618,579,50,550,313,75
281,10,394,Shamela0023628,1171,1285,1492,171,53
281,525,1102,Shamela0023628,1173,1154,1493,270,58
281,1102,1475,Shamela0023628,1179,184,558,302,99
281,10,586,Rafed0003257Vols,2179,1179,1484,248,52
281,888,1565,Rafed0003257Vols,2191,896,1573,546,99
281,10,586,Sham19Y0020891,1946,259,564,248,52
281,1102,1259,Sham19Y0020891,1956,511,784,110,49
281,1086,1226,Sham19Y0020891,1957,23,197,115,80
281,923,1171,JK000362,899,0,248,199,100
281,525,1107,JK009270,1476,931,1275,273,58
281,1102,1475,JK009270,1481,529,903,302,99
281,920,1178,JK006476,459,0,333,201,75
281,778,1631,ShamAY0036821,835,0,778,618,89
281,10,318,Shamela0001397,442,867,1041,144,56
281,888,1171,JK000373,27,364,647,226,100
281,888,1631,JK000373,168,533,1270,593,98
281,888,1291,JK000373,270,183,593,322,98
281,1102,1249,Sham19Y0147312,665,996,1157,103,78
281,992,1226,Shamela0004445,465,0,234,192,100
281,1126,1451,JK001417,229,864,1232,165,41
281,1021,1322,JK000375,170,0,301,241,100
281,772,1230,Zaydiyya0000062,489,661,1122,321,80
281,1102,1226,Shamela0006947,12764,60,184,102,100
281,888,1230,Shamela0037458,1151,1152,1494,274,99
281,1102,1226,JK000791,687,1117,1241,102,100
281,928,1226,Shamela0000922,468,1040,1473,232,65
281,888,1226,JK007018,203,794,1136,272,98
281,10,553,JK009396,430,729,1302,219,31
281,903,1226,JK009396,431,0,323,260,100
281,1226,1631,JK009396,432,929,1336,328,99
281,10,586,Sham19Y0023608,1190,796,1101,248,52
281,888,1226,Sham19Y0023608,1196,682,1020,272,100
281,1226,1631,Sham19Y0023608,1200,1104,1511,328,99
281,10,586,Shia002333,16,1208,1511,246,51
281,10,586,Shia002333,36,557,860,246,51
281,703,1102,Shamela0009637,29,0,290,231,72
281,13,743,JK000818,171,789,1553,346,44
281,1021,1380,JK000818,172,440,1251,284,43
281,1041,1226,Meshkat00042488,466,865,1221,150,51
281,888,1249,Shia003721Vols,374,978,1337,277,95
281,1102,1226,Shamela0004473,7234,1399,1523,102,100
281,1102,1475,Shamela0022371,163,400,894,302,75
281,888,1322,Tafsir04038,170,325,1075,344,57
281,10,586,Hindawi018613191,16,601,906,248,52
281,10,586,ShamAY0001202,3,205,510,248,52
281,10,586,JK001496,626,991,1301,244,51
281,1086,1226,JK001496,629,1076,1254,114,78
281,10,586,JK010552,350,1181,1482,245,51
281,10,586,Shamela0008473,1807,65,370,248,52
281,1095,1226,Shamela0008473,1811,0,131,108,100
281,1317,1631,Shamela0008473,1813,0,315,258,99
281,10,772,Shia002382Vols,601,289,885,330,48
281,1034,1322,Shia002382Vols,602,682,1468,226,36
281,525,1631,Shamela0023591,2948,512,1382,699,78
281,10,586,Shamela0023591,2948,250,555,248,52
281,10,394,JK009266,3703,784,991,171,53
281,1102,1249,JK009266,3722,1106,1249,107,90
281,10,586,Shamela0021821,563,828,1133,248,52
281,772,1226,Shamela0021821,565,237,726,320,73
281,888,1288,Kraken220413194022,3135,424,820,316,98
281,1102,1226,JK009362,2714,243,368,102,99
281,1102,1226,JK001420,343,382,506,102,100
281,10,398,JK009257,237,129,339,170,53
281,10,586,Zaydiyya0000206,33,1317,1623,248,52
281,10,586,Shia001625,5,374,679,248,52
281,10,586,Shia001625,27,1281,1586,248,52
281,10,394,JK006478,3662,320,529,169,53
281,1102,1226,JK006478,3681,1399,1525,102,98
281,272,982,Tafsir08060,160,27,743,301,41
281,684,1102,Rafed0003943Vols,374,1076,1395,235,68
281,1226,1557,Rafed0003943Vols,377,1318,1649,267,99
281,10,586,Shamela0010273,776,462,767,248,52
281,53,735,Shamela0010273,777,674,1545,312,39
281,1102,1226,Shamela0010273,780,1280,1404,102,100
281,1226,1631,Shamela0010273,781,961,1368,328,99
281,1102,1226,Shamela0007798,3784,1387,1511,102,100
281,703,1102,JK000805,27,1127,1417,231,72
281,10,794,Tafsir06048,322,946,1575,305,40
281,53,888,Sham19Y0014404,428,149,1273,342,30
281,775,1102,Sham19Y0014404,429,87,428,232,80
281,947,1475,Sham19Y0014404,430,101,976,354,46
281,525,1631,QuranAnalysis001,60,341,1210,700,78
281,10,586,QuranAnalysis001,60,79,384,248,52
281,911,1230,Shia004015,298,286,514,170,67
281,10,586,Rafed0001713Vols,770,1094,1399,248,52
281,772,1107,Rafed0001713Vols,773,318,847,247,57
281,888,1218,Zaydiyya0000476,203,1165,1547,265,85
281,888,1387,Zaydiyya0000476,257,918,1556,400,77
281,10,586,Tafsir04056,249,606,911,248,52
281,10,586,Tafsir04056,2312,263,568,248,52
281,10,325,Shamela0000041,860,1372,1552,150,57
281,947,1475,Shamela0000041,863,500,978,355,83
281,539,1102,Shamela0023578,1138,236,571,261,57
281,1152,1631,Shamela0023578,1141,0,481,389,99
282,641,1198,Meshkat00042485,2667,606,859,119,27
282,943,1471,JK000818,172,503,790,158,36
282,0,225,JK000818,172,121,334,115,52
282,0,486,Shamela0010273,779,142,670,138,22
282,969,1471,Tafsir01006,467,175,872,249,39
282,1082,1441,Sham19Y0014404,430,10,476,135,31
283,1367,1655,Shia001432Vols,1049,32,321,235,99
283,1367,1531,Shamela0023632,1212,966,1130,131,98
283,1040,1566,JK009268,1815,1278,1576,243,56
283,1367,1612,Sham19Y0023618,583,640,885,200,100
283,1320,1593,Shamela0023628,1183,1241,1557,205,80
283,1367,1655,Rafed0003257Vols,2207,194,483,236,99
283,1367,1527,JK010001,4151,1240,1400,131,100
283,1040,1527,JK009270,1484,603,863,212,53
283,1367,1527,Meshkat0014420,1561,1352,1512,131,100
283,1477,1655,JK006476,462,245,430,147,96
283,1367,1655,ShamAY0036821,842,984,1269,232,98
283,1367,1655,JK000373,57,644,933,236,99
283,1453,1612,Sham19Y0147312,670,1196,1355,131,100
283,1453,1612,Shamela0004445,37,967,1126,131,100
283,1040,1612,Sham19Y0013550,229,861,1397,221,36
283,1405,1612,Zaydiyya0000062,493,371,619,150,72
283,1453,1612,Shamela0037458,1159,225,384,131,100
283,1367,1527,Shamela0000922,470,128,662,128,29
283,1367,1655,JK010427,10,147,436,236,99
283,1361,1577,JK007018,204,1351,1572,167,92
283,1375,1531,ShamAY0034080,345,576,704,95,73
283,1303,1612,JK009396,434,432,1016,235,48
283,1367,1655,Sham19Y0023608,1203,1302,1591,236,99
283,405,605,Shamela0021715,2259,0,275,152,64
283,1367,1655,JK000465,1167,653,942,236,99
283,1367,1655,Shamela0004473,1739,1347,1636,236,99
283,1367,1655,Shamela0004473,6225,992,1281,236,99
283,1367,1655,Shamela0004473,10255,885,1174,236,99
283,1367,1527,Shia002356Vols,342,515,674,130,99
283,0,345,Shia002380Vols,218,241,551,172,55
283,1367,1612,Shamela0008473,1815,706,951,200,100
283,1367,1527,Tafsir07055,4267,463,623,131,100
283,1367,1655,Shamela0023591,2983,861,1150,236,99
283,1303,1655,Shamela0021821,568,516,917,267,80
283,1367,1655,JK001110,37,1135,1424,236,99
283,1482,1612,Masaha004394,1,455,585,107,100
283,1367,1503,JK001420,345,597,733,111,100
283,1367,1655,Sham19Y0038093,226,958,1247,236,99
283,1367,1631,JK000082,285,736,999,206,96
283,1367,1612,Rafed0003943Vols,379,632,877,200,100
283,1367,1527,Shamela0010273,783,1151,1311,131,100
283,1367,1655,Zaydiyya0000075BK1,7,737,1028,236,98
283,1367,1612,Shamela0001403,30,187,581,78,19
283,1367,1655,JK000181,3,21,324,194,74
283,976,1520,Sham19Y0014404,431,758,1630,253,31
283,1367,1520,Masaha000554Vols,1478,535,689,123,97
283,1040,1655,QuranAnalysis001,60,1110,1499,317,62
283,943,1402,Rafed0001713Vols,777,921,1580,216,37
283,1402,1655,Rafed0001713Vols,778,0,254,208,99
283,1367,1527,Shia002374Vols,169,159,319,131,100
283,1367,1655,Zaydiyya0000476,276,1322,1615,232,96
283,1367,1655,Zaydiyya0000476,294,0,293,232,96
283,1320,1655,Shamela0000041,865,1207,1520,255,92
283,1375,1655,Shamela0000041,866,392,1367,221,27
283,1320,1655,Shamela0023578,1144,76,416,252,88
283,1503,1641,Shamela0023578,1145,7,169,112,85
284,0,341,Shia001432Vols,1049,321,662,277,100
284,90,258,Shia001432Vols,20432,0,168,137,100
284,28,258,Shamela0023632,1215,1228,1458,186,100
284,0,341,JK009268,1816,90,431,277,100
284,0,258,Sham19Y0023618,584,219,477,209,100
284,28,258,Shamela0023628,1188,853,1083,186,100
284,0,258,Rafed0003257Vols,2207,483,741,209,100
284,28,258,Sham19Y0020891,1967,926,1156,186,100
284,0,162,Sham19Y0020966,134,197,420,130,72
284,45,341,JK009270,1495,0,296,241,100
284,28,258,Meshkat0014420,1567,237,467,186,100
284,28,179,JK006476,462,1398,1549,122,100
284,0,308,ShamAY0036821,842,1269,1570,244,97
284,0,258,JK000373,57,933,1191,209,100
284,28,258,Meshkat00042485,2754,452,682,186,100
284,28,258,Tafsir02104,158,947,1388,178,50
284,28,258,Hindawi019507951,1,1123,1353,186,100
284,28,258,Sham19Y0147312,673,67,297,186,100
284,28,258,Sham19Y0013550,230,44,274,186,100
284,904,1327,Zaydiyya0000062,493,991,1569,202,39
284,75,258,Zaydiyya0000062,494,0,183,149,100
284,28,258,Shamela0010517,2598,830,1060,186,100
284,28,341,Shamela0037458,1163,703,1016,254,100
284,28,258,JK000791,693,480,710,186,100
284,28,258,Shamela0011363,354,841,1071,186,100
284,28,258,Shamela0000922,471,252,482,186,100
284,28,258,Tafsir07076,1537,733,963,186,100
284,28,258,Tafsir07076,3227,1202,1432,186,100
284,0,258,JK007018,205,791,1053,209,98
284,37,258,Rafed0003591Vols,310,623,839,173,96
284,0,258,JK009396,435,870,1128,209,100
284,52,258,Sham19Y0023608,1204,0,206,167,100
284,0,366,JK000465,1167,942,1254,229,73
284,0,258,Meshkat00042488,470,132,739,209,42
284,28,251,ShamIbadiyya0000075,246,174,540,172,58
284,28,258,Shamela0004473,5963,1370,1600,186,100
284,0,258,Shamela0004473,6225,1281,1539,209,100
284,0,258,Shamela0004473,10255,1174,1432,209,100
284,0,104,Shamela0022371,163,1420,1659,83,42
284,104,341,Shamela0022371,164,0,451,194,52
284,28,258,Shia002356Vols,343,884,1112,184,99
284,9,317,Tafsir04038,172,505,867,207,68
284,341,763,Shia002380Vols,219,143,630,122,22
284,28,229,Shamela0001419,184,334,947,162,32
284,28,258,JK001496,634,137,369,186,99
284,28,198,JK010552,901,573,744,136,98
284,0,258,Shamela0008473,1817,655,913,209,100
284,0,341,Shamela0023591,2983,1150,1491,277,100
284,28,258,JK009266,3753,1264,1494,186,100
284,0,366,Shamela0021821,568,917,1224,235,79
284,16,258,JK009362,2738,547,817,193,88
284,28,280,JK009362,2868,893,1294,204,62
284,0,120,JK001110,37,1424,1543,96,99
284,120,341,JK001110,38,0,221,181,100
284,28,258,Shamela0007853,8,898,1125,182,98
284,28,258,JK001420,346,217,447,186,100
284,0,258,Sham19Y0038093,226,1247,1505,209,100
284,28,171,JK006478,3710,1493,1634,115,98
284,28,179,JK006478,3836,1122,1316,105,60
284,0,229,JK000082,285,954,1184,186,99
284,28,198,Sham19Y0018100,1032,638,808,138,100
284,0,341,Rafed0003943Vols,380,390,731,277,100
284,28,258,Shamela0010273,785,1311,1541,186,100
284,0,258,Zaydiyya0000075BK1,7,1028,1264,192,91
284,0,258,Shamela0007798,3809,723,1006,206,89
284,28,258,Sham19Y0018567,1027,891,1120,184,99
284,0,258,Sham19Y0014404,432,639,1311,186,33
284,28,258,Rafed0003799Vols,423,596,827,184,98
284,0,258,Meshkat00057178,1376,391,1055,209,38
284,0,251,Masaha000554Vols,1484,740,988,199,97
284,0,108,QuranAnalysis001,60,1499,1606,86,99
284,108,341,QuranAnalysis001,61,0,233,191,100
284,0,341,Rafed0001713Vols,778,254,595,277,100
284,28,258,JK000122,295,1080,1310,186,100
284,469,1187,Shamela0000041,866,375,1023,250,31
284,0,258,Shamela0000041,867,642,900,209,100
284,0,752,Shamela0023578,1144,416,1110,340,46
285,354,1077,Shia001432Vols,20433,12,860,244,29
285,237,655,Shamela0001466,731,942,1426,182,38
285,17,683,Shamela0021766,1458,608,1479,213,24
285,237,868,Rafed0001713Vols,780,650,1530,249,31
286,10,253,Shia001432Vols,1049,638,862,177,92
286,311,814,Shia001432Vols,2479,0,328,254,62
286,379,630,Shia001432Vols,5907,601,852,200,100
286,201,384,Shamela0023632,1219,763,946,148,98
286,379,630,Shamela0023632,1222,712,963,200,100
286,53,253,AOCP20240501183,173,184,383,156,99
286,53,253,Sham19Y0148529,269,852,1052,157,100
286,53,814,JK009268,1840,579,1340,610,100
286,118,502,Sham19Y0023618,587,474,890,261,71
286,379,814,Sham19Y0023618,589,162,614,286,79
286,10,253,JK000382,723,348,572,177,92
286,149,379,Shamela0023628,1192,945,1322,185,61
286,379,630,Shamela0023628,1197,675,926,200,100
286,10,327,Rafed0003257Vols,2214,135,433,236,94
286,327,502,Rafed0003257Vols,2227,95,270,141,100
286,10,246,Zaydiyya0000044,61,1078,1295,171,91
286,586,814,Shamela0023606,179,0,228,186,100
286,379,814,JK000362,975,1048,1483,350,100
286,24,327,JK009270,1500,1176,1497,227,89
286,327,589,JK009270,1504,1333,1594,210,99
286,276,562,Sham19Y0150960,749,983,1215,142,57
286,411,814,JK000322,28,0,450,326,89
286,359,567,JK006476,466,236,456,166,94
286,567,722,JK006476,467,64,223,126,97
286,10,819,ShamAY0036821,843,9,787,613,94
286,10,828,JK000373,327,372,1172,632,96
286,436,630,Sham19Y0147312,679,1031,1495,156,41
286,10,227,Shamela0004445,608,1302,1499,155,90
286,253,482,Shamela0012820,163,1181,1410,184,100
286,53,253,Zaydiyya0000041,2,1065,1264,156,99
286,101,256,JK000375,59,0,156,121,99
286,436,630,Sham19Y0013550,101,266,460,156,100
286,246,630,Sham19Y0013550,233,454,1050,196,36
286,285,502,Zaydiyya0000062,497,7,335,170,64
286,404,814,Zaydiyya0000062,497,966,1554,331,69
286,10,253,JK000374,29,358,582,177,92
286,24,253,Shamela0037458,1167,155,408,167,84
286,201,436,Shamela0037458,1169,538,882,181,64
286,436,656,Shamela0037458,1171,1224,1443,166,94
286,253,379,JK000791,697,677,1267,100,20
286,253,379,Shamela0000922,473,977,1428,103,27
286,436,630,Shamela0000922,474,819,1168,156,55
286,129,379,JK007018,206,556,818,196,93
286,524,814,JK007018,207,0,598,235,48
286,53,253,JK009396,437,633,833,157,100
286,253,379,JK009396,438,949,1075,103,100
286,379,630,JK009396,439,546,797,200,100
286,10,253,Sham19Y0023608,1210,840,1064,177,92
286,204,502,Sham19Y0023608,1214,255,601,228,82
286,502,819,Sham19Y0023608,1217,272,589,253,98
286,34,235,JK000381,3910,1301,1489,147,93
286,10,253,Shia003721Vols,517,624,848,177,92
286,280,741,Rafed0003726Vols,405,741,1326,252,49
286,34,253,Rafed0003726Vols,1800,627,833,162,94
286,67,253,Shamela0004473,6226,0,186,145,100
286,379,536,Shamela0004473,15632,627,784,124,100
286,327,644,Shamela0022371,164,451,819,155,38
286,10,253,Sham19Y0145435,5126,1166,1390,177,92
286,10,253,Shia002356Vols,344,960,1182,175,91
286,210,379,Shia002356Vols,346,165,315,112,82
286,379,630,Shia002356Vols,346,1176,1426,199,99
286,53,436,Tafsir04038,172,914,1492,243,47
286,536,706,Shia002380Vols,221,1374,1574,138,85
286,182,379,JK001496,637,787,1468,137,25
286,379,630,JK001496,638,1022,1446,200,59
286,246,379,Shamela0008473,1824,1271,1408,107,94
286,53,285,ShamAY0036031,13,1313,1544,182,99
286,139,814,Shamela0023591,2984,0,675,543,100
286,10,253,Shamela0021821,571,715,938,176,91
286,235,436,Shamela0021821,573,559,773,162,93
286,436,630,Shamela0021821,574,629,823,156,100
286,10,333,JK001110,38,197,501,238,93
286,276,562,JK000441,104,289,907,143,26
286,144,379,JK001420,348,0,731,150,25
286,436,630,JK001420,349,151,563,156,47
286,10,253,Zaydiyya0000080,256,647,871,177,92
286,53,253,ALCorpus00028,7,1231,1431,155,98
286,276,502,JK000452,15,1249,1481,97,45
286,253,506,Rafed0003943Vols,383,45,299,200,98
286,502,678,Rafed0003943Vols,384,1368,1543,143,99
286,48,253,JK000742,41,199,404,158,98
286,10,253,Zaydiyya0000075BK5,8,771,994,175,91
286,379,598,Sham19Y0014404,435,1159,1576,173,52
286,210,379,Sham19Y0014404,435,219,618,133,40
286,292,562,JK000444,27,397,737,157,57
286,379,605,Meshkat00057178,1382,895,1580,175,32
286,239,496,Masaha000554Vols,1497,1054,1318,197,92
286,10,814,QuranAnalysis001,61,209,994,630,97
286,10,256,Rafed0001713Vols,778,571,798,177,91
286,204,379,Rafed0001713Vols,783,561,846,135,57
286,10,246,Zaydiyya0000270,60,457,673,170,91
286,201,379,Shamela0000041,869,638,816,146,100
286,449,630,Shamela0000041,871,0,181,146,100
286,562,741,Shamela0000041,872,547,767,145,81
286,276,502,Zaydiyya0000207,21,849,1139,95,38
286,10,502,Shamela0023578,1147,166,641,373,94
286,502,814,Shamela0023578,1150,147,460,253,99
287,1304,1526,JK000865,189,1211,1409,113,56
287,306,993,Meshkat00042488,473,121,766,242,34
287,253,993,Shia002382Vols,609,323,890,292,40
287,1133,1439,Shamela0010273,794,219,754,75,13
287,1137,1522,Sham19Y0014404,435,1159,1541,173,42
287,897,1427,Rafed0001713Vols,784,10,493,212,37
288,1263,1552,Shia001432Vols,1298,0,290,237,99
288,1248,1552,JK009268,1855,1285,1590,249,99
288,1127,1552,ShamAY0036821,853,442,916,280,70
288,625,984,Meshkat00042485,2706,1182,1558,115,26
288,81,456,Shamela0037458,1173,377,909,172,32
288,1248,1552,Sham19Y0023608,1224,749,1054,249,99
288,66,449,ShamIbadiyya0000075,248,55,655,171,32
288,71,677,Shia002356Vols,347,361,1436,247,25
288,1205,1552,Shia002356Vols,348,245,612,264,82
288,81,337,JK001496,639,975,1536,147,32
288,1248,1552,Shamela0023591,3016,1298,1603,249,99
288,936,1163,JK009266,3811,1234,1547,118,46
288,184,456,Shamela0022721,626,529,763,122,51
288,1163,1552,Rafed0003943Vols,385,86,441,289,90
288,238,980,Tafsir01006,475,85,1043,288,31
288,1248,1552,JK000066,80,364,669,249,99
288,1163,1552,QuranAnalysis001,61,944,1299,289,90
288,49,456,QuranAnalysis001,61,711,958,166,48
288,0,456,Rafed0001713Vols,785,954,1540,189,31
288,1311,1552,Shamela0000041,874,1278,1528,196,96
288,936,1316,Shamela0000041,874,324,1002,217,39
288,1163,1552,Shamela0023578,1150,410,766,289,90
288,49,456,Shamela0023578,1150,176,424,166,48
288,238,885,JK000876,426,32,821,205,27
289,8,276,Shia001432Vols,2479,458,726,215,99
289,326,709,Shia001432Vols,20312,632,900,201,65
289,0,136,Shamela0023632,1228,1440,1576,112,100
289,136,326,Shamela0023632,1230,689,879,149,99
289,362,533,Shamela0023632,1232,0,171,128,94
289,104,709,JK009268,1856,0,605,486,99
289,0,195,Sham19Y0023618,593,303,498,159,99
289,326,709,Sham19Y0023618,594,423,981,311,68
289,8,326,Shamela0023628,1206,304,622,254,99
289,462,630,Shamela0023628,1209,0,170,132,93
289,8,276,Rafed0003257Vols,2244,1297,1564,215,99
289,326,709,Rafed0003257Vols,2257,647,1030,311,100
289,332,630,Tafsir09084,866,470,1311,204,30
289,276,522,Sham19Y0020891,1996,852,1098,195,100
289,0,199,JK000362,976,353,552,161,98
289,0,195,JK000362,1315,567,762,159,99
289,326,630,Shamela0009759,230,325,549,174,71
289,8,276,JK009270,1512,42,310,215,99
289,276,522,JK009270,1515,835,1081,195,100
289,522,709,JK009270,1518,1364,1551,155,100
289,326,522,Shamela0005756,13165,770,968,156,98
289,326,593,Meshkat0014420,1599,1181,1448,215,100
289,522,713,JK006476,471,207,402,155,96
289,0,150,JK000101,63,1560,1709,123,99
289,150,326,JK000101,64,0,176,139,100
289,0,141,JK000101,341,1497,1637,116,99
289,141,326,JK000101,342,0,185,146,100
289,0,635,ShamAY0036821,853,916,1545,503,98
289,1058,1296,Meshkat00042485,2709,1268,1609,170,61
289,892,1222,Shamela0001466,740,593,1012,168,42
289,326,507,Sham19Y0018176,2083,1272,1454,143,98
289,8,593,Sham19Y0013550,234,446,896,214,35
289,332,630,Zaydiyya0000062,501,907,1294,208,66
289,875,1222,Shamela0037458,1176,364,1003,182,32
289,0,195,Shamela0037458,1177,1413,1608,160,100
289,177,522,Shamela0037458,1180,209,594,273,89
289,472,696,Shamela0037458,1182,1302,1593,170,69
289,326,522,JK000110,1527,117,313,156,100
289,800,1254,Shamela0021766,1466,15,759,255,41
289,326,709,JK009336,311,842,1229,311,98
289,8,326,JK007018,208,699,1030,255,96
289,326,709,JK007018,209,24,418,311,96
289,326,522,Sham19Y0018103,3393,177,373,156,100
289,161,593,JK009396,443,484,927,331,93
289,195,709,Sham19Y0023608,1231,297,811,413,100
289,326,522,Shamela0021715,8548,750,948,156,98
289,326,713,Sham19Y0016953Vols,1191,919,1233,255,80
289,0,195,JK000381,4582,235,437,159,96
289,8,276,JK000381,5651,1104,1372,215,99
289,8,425,JK000818,176,585,1518,306,41
289,479,709,Meshkat00042488,479,240,882,185,35
289,8,195,Shamela0004473,2553,205,392,153,100
289,8,195,Shamela0004473,5247,38,225,153,100
289,0,195,Shia002356Vols,349,242,446,159,94
289,307,593,Shia002356Vols,350,116,400,230,99
289,783,1125,ShamAY0034059,1620,516,1105,129,25
289,188,709,Tafsir04038,175,377,1187,361,55
289,161,635,Shia002380Vols,223,88,1116,365,44
289,326,522,PV2024060602,1527,117,313,156,100
289,326,522,Sham19Y0014827,439,787,983,156,100
289,421,713,JK001496,643,868,1428,215,46
289,258,522,JK001496,643,13,336,207,81
289,0,214,Shamela0008363,37,1477,1690,173,99
289,0,146,Shamela0008363,146,1479,1624,119,98
289,146,326,Shamela0008363,147,0,180,142,100
289,239,630,Shamela0008473,1837,5,538,247,57
289,546,709,Shamela0008473,1838,100,546,135,36
289,709,1198,Shia002382Vols,611,986,1561,263,48
289,462,593,Shamela0003055,966,1120,1251,108,100
289,30,709,Shamela0023591,3017,0,679,547,99
289,311,522,JK009266,3834,1143,1395,168,83
289,546,709,JK009266,3838,691,1145,135,35
289,8,265,Shamela0021821,577,1328,1584,207,99
289,265,709,Shamela0021821,578,0,444,359,100
289,326,522,Sham19Y0018106,3513,264,462,156,98
289,709,1034,Tafsir08060,163,1346,1617,141,45
289,493,713,Tafsir08060,165,193,592,162,49
289,0,376,Rafed0003943Vols,385,441,817,301,99
289,376,597,Rafed0003943Vols,386,1390,1612,175,97
289,709,1133,Shamela0010273,797,376,963,217,42
289,326,709,Shamela0010273,802,1157,1540,311,100
289,892,1340,Tafsir01006,476,73,785,246,42
289,326,709,Rafed0003882,43,563,1172,233,42
289,326,522,Sham19Y0013605,4044,498,696,156,98
289,709,1222,Sham19Y0014404,437,453,1133,242,39
289,479,709,Sham19Y0014404,439,1002,1426,186,53
289,546,709,Meshkat00057178,1394,769,943,135,93
289,326,585,Masaha000554Vols,1510,929,1192,206,96
289,0,265,QuranAnalysis001,61,1299,1563,214,99
289,265,709,QuranAnalysis001,62,0,444,359,100
289,276,593,Shia004015,308,141,377,85,25
289,829,1133,Rafed0001713Vols,787,358,933,171,36
289,326,709,Rafed0001713Vols,791,64,447,311,100
289,8,326,Shamela0000041,876,23,341,254,99
289,291,630,Shamela0000041,877,431,766,197,61
289,395,709,Shamela0000041,878,175,473,193,67
289,8,522,Shamela0023578,1155,332,846,410,99
289,177,446,Shamela0023578,1156,4,801,204,32
290,250,591,Meshkat00042485,2712,646,1180,204,45
290,23,572,Shia002380Vols,222,1080,1584,261,47
290,980,1487,Shia002380Vols,223,122,734,259,45
290,23,575,Shia002382Vols,612,894,1402,260,47
290,1021,1490,Shia002382Vols,613,423,1088,262,45
290,871,1087,Shamela0021821,578,1055,1371,128,49
290,871,1007,Sham19Y0013231,1430,1143,1553,90,27
290,58,1482,Tafsir08060,164,456,1491,496,38
290,23,371,Tafsir01006,476,1022,1482,180,44
290,803,1220,Sham19Y0014404,438,775,1338,201,39
290,68,520,Rafed0001713Vols,788,941,1575,209,32
290,856,1099,Shamela0000041,876,1257,1508,121,50
291,1206,1376,JK000330,905,804,974,137,100
291,1082,1290,Shia001432Vols,5907,1084,1293,169,99
291,1082,1290,Shamela0023632,1235,518,726,169,100
291,1290,1575,Shamela0023632,1237,76,361,228,100
291,1082,1588,JK009268,1869,212,720,408,99
291,1087,1437,Sham19Y0023618,596,0,350,283,100
291,702,1206,Shamela0023628,1212,845,1233,189,41
291,1256,1437,Shamela0023628,1215,0,181,146,100
291,1082,1437,Rafed0003257Vols,2263,464,819,287,100
291,1125,1350,Tafsir09083,429,85,782,175,31
291,1057,1290,Sham19Y0020891,2001,1260,1480,173,91
291,1206,1437,JK009270,1525,796,1027,187,100
291,1082,1290,Meshkat0014420,1606,200,408,169,100
291,1251,1469,JK006476,472,1236,1461,171,95
291,840,1588,ShamAY0036821,854,5,574,456,75
291,20,447,Meshkat00042485,2719,282,925,217,36
291,840,1062,Meshkat00042485,2722,228,436,136,73
291,1087,1437,Zaydiyya0000062,503,20,644,276,54
291,1082,1290,Shamela0006947,5130,116,324,169,100
291,1053,1290,Shamela0037458,1185,435,652,176,91
291,1315,1580,Shamela0037458,1187,0,265,211,99
291,1146,1290,JK000791,709,1000,1187,104,68
291,999,1290,Shamela0000922,479,625,1305,184,33
291,1206,1575,JK007018,210,20,540,293,69
291,1206,1437,JK009396,445,867,1098,187,100
291,1115,1290,Sham19Y0023608,1237,0,175,142,100
291,1290,1588,Sham19Y0023608,1239,993,1292,239,99
291,24,1376,JK000818,177,11,1504,532,34
291,1146,1404,Meshkat00042488,480,885,1592,194,33
291,1146,1437,Shia002356Vols,351,550,934,218,70
291,840,1290,Tafsir04038,175,1047,1527,231,45
291,8,1172,Shia002380Vols,223,712,1561,393,35
291,1087,1477,Shia002380Vols,224,96,863,285,46
291,1057,1290,JK001496,644,656,878,175,92
291,1082,1437,Shamela0008473,1846,544,1101,271,60
291,16,411,Shia002382Vols,613,1131,1520,189,46
291,637,1062,Shia002382Vols,614,1162,1445,171,48
291,840,1588,Shamela0023591,3017,610,1186,467,76
291,1082,1575,Shamela0021821,581,913,1406,397,100
291,191,480,Tafsir08060,165,43,393,161,50
291,840,1588,Rafed0003943Vols,387,988,1564,467,76
291,835,1043,Shamela0010273,803,1276,1530,121,55
291,1172,1420,Tafsir06048,332,1171,1595,201,58
291,840,1290,JK000066,80,688,969,226,60
291,1082,1283,Masaha000554Vols,1514,157,357,159,95
291,840,1588,QuranAnalysis001,62,375,951,467,76
291,840,1290,Rafed0001713Vols,791,378,655,228,61
291,480,1137,Rafed0001713Vols,792,957,1400,219,36
291,1212,1437,Rafed0001713Vols,793,717,1180,182,48
291,1206,1575,Shamela0009065,96,278,792,206,45
291,835,1206,Shamela0000041,879,858,1353,221,52
291,1172,1437,Shamela0000041,880,939,1270,215,80
291,840,1588,Shamela0023578,1157,85,666,467,76
292,87,320,Shamela0008381,57,798,1031,189,100
292,87,320,Shamela0008381,116,255,488,189,100
292,87,320,Shamela0008381,284,954,1187,189,100
292,162,320,Shamela0008381,307,0,158,128,100
292,87,274,JK000062,131,631,840,148,87
292,87,320,Shia001432Vols,1897,510,743,189,100
292,139,320,Shia001432Vols,19603,0,181,147,100
292,87,320,Shia001432Vols,23704,257,504,189,94
292,87,320,Shamela0023632,1241,493,726,189,100
292,92,274,Shamela0000894,713,628,810,147,100
292,0,320,JK009268,1869,720,1040,260,100
292,0,320,Sham19Y0023618,597,639,959,260,100
292,87,274,JK000146,389,1087,1274,151,100
292,0,274,Shamela0023628,1219,696,970,222,100
292,156,320,Rafed0003257Vols,2278,0,164,133,100
292,87,257,Shamela0030518,16,321,492,138,99
292,70,274,Sham19Y0020891,2009,327,536,165,97
292,87,285,JK000100,454,362,558,154,96
292,87,320,JK009270,1533,204,436,189,99
292,87,274,Shamela0012094,253,1076,1283,151,90
292,36,320,Meshkat0014420,1617,905,1188,230,99
292,0,236,JK006476,474,468,732,192,89
292,87,274,Shamela0036543,291,714,900,151,99
292,36,320,ShamAY0036821,860,202,481,226,98
292,87,257,JK000373,244,313,483,138,100
292,87,320,JK000373,307,1316,1549,189,100
292,1387,1559,Meshkat00042485,2728,32,311,126,52
292,87,320,JK000083,308,1215,1451,188,98
292,87,320,Sham19Y0147312,693,107,339,189,99
292,70,320,Zaydiyya0000062,504,1233,1486,202,97
292,87,274,Shamela0006947,14527,664,851,151,100
292,87,257,Shamela0011334,127,138,308,138,100
292,0,274,Shamela0037458,1189,879,1153,222,100
292,87,274,JK000087,524,1010,1197,151,100
292,40,274,JK000791,713,501,763,170,76
292,36,274,Shamela0000922,481,834,1242,192,58
292,87,320,Sham19Y0009800,455,708,941,189,100
292,0,269,JK007018,210,1003,1513,218,52
292,87,257,JK009396,447,1409,1578,138,99
292,8,274,Sham19Y0023608,1244,500,1327,215,32
292,87,257,Sham19Y0016953Vols,781,361,531,138,100
292,87,320,JK000381,2694,485,718,189,100
292,87,257,JK000381,4116,949,1119,138,100
292,0,274,Meshkat00042488,482,496,1361,222,31
292,87,274,Shamela0012034,291,1052,1259,151,90
292,87,274,Shamela0021537,869,73,260,151,100
292,87,274,Shamela0021537,2271,707,894,151,100
292,87,257,Shamela0021537,2278,845,1015,138,100
292,87,320,Shamela0004473,6704,0,233,189,100
292,87,274,Shamela0004473,17276,147,334,151,100
292,0,274,Shia002356Vols,352,875,1147,220,99
292,87,274,JK010475,146,1030,1217,146,94
292,0,320,Tafsir04038,176,615,1100,212,49
292,496,1559,Shia002380Vols,224,69,863,316,29
292,0,320,Shia002380Vols,225,464,1284,258,38
292,70,274,JK001496,646,1070,1280,165,96
292,87,274,Shamela0008363,276,1230,1417,151,100
292,40,285,Shamela0008473,1854,441,789,185,64
292,1119,1559,Shia002382Vols,616,0,753,246,38
292,87,285,JK009265,278,318,516,155,96
292,70,320,JK009265,293,214,485,199,90
292,87,298,Shamela0003055,2809,1342,1546,158,93
292,87,320,ShamAY0035828,91,137,369,189,99
292,87,257,JK000378,144,1318,1488,138,100
292,36,320,Shamela0023591,3041,323,607,230,100
292,70,274,JK009266,3861,940,1193,165,79
292,87,274,Shamela0002386,114,474,661,151,100
292,105,274,Shamela0002386,215,590,759,136,100
292,70,320,Shamela0021821,585,46,325,203,89
292,87,274,Shamela0007597,184,680,890,151,89
292,87,274,JK009362,2826,831,1022,151,96
292,99,222,Zaydiyya0000103,37,0,123,100,100
292,0,274,JK001420,354,652,1157,191,46
292,87,274,Shamela0011354,16,1072,1259,151,100
292,87,274,Shamela0001426,19,963,1150,151,100
292,87,274,JK009257,244,387,572,150,98
292,87,320,JK000082,53,925,1158,188,99
292,36,320,Rafed0003943Vols,392,150,434,230,100
292,87,320,Shamela0010273,809,876,1109,189,100
292,87,320,Shamela0002908,9,500,733,189,100
292,70,274,Shamela0007798,3879,330,588,165,79
292,448,1023,Tafsir01006,479,1020,1556,246,42
292,1089,1531,Tafsir01006,480,119,833,256,40
292,0,274,Sham19Y0014404,442,535,1155,222,43
292,87,280,Meshkat00057178,1402,475,667,153,97
292,0,320,QuranAnalysis001,62,951,1271,260,100
292,87,320,Zaydiyya0000474,78,319,552,189,100
292,8,320,Rafed0001713Vols,795,749,1501,250,41
292,87,252,Shamela0095735,829,626,791,134,100
292,87,274,Shamela0010710,65,236,451,149,86
292,0,180,Shamela0000041,882,1384,1563,147,99
292,87,274,Shamela0010045,14,528,738,151,89
292,8,320,Shamela0023578,1161,1114,1455,253,90
293,0,840,Tafsir09083,430,279,1418,339,30
293,704,963,Meshkat00042485,2733,636,1073,158,46
293,310,691,Shamela0001466,747,42,632,168,33
293,500,691,Shamela0021766,1476,209,680,116,30
293,0,191,JK009396,1351,1098,1323,150,83
293,197,883,JK000818,178,275,984,245,33
293,290,691,Meshkat00042488,482,162,532,142,36
293,592,1323,Tafsir02102,1680,160,1508,311,24
293,0,191,JK006474,1177,905,1194,150,65
293,197,1253,Tafsir08060,166,93,796,320,34
293,0,191,Rafed0003943Vols,391,17,276,136,65
293,650,1345,Tafsir01006,481,511,1616,313,33
293,461,1408,Sham19Y0014404,442,430,1541,333,29
293,853,1526,Rafed0001713Vols,796,243,1251,289,32
293,570,752,Shamela0000041,883,154,331,95,57
294,601,1193,Shia001432Vols,2479,975,1566,478,99
294,1193,1456,Shia001432Vols,2480,0,263,214,100
294,1093,1469,Shia001432Vols,19909,543,1215,283,51
294,818,1353,Shia001432Vols,22515,833,1368,436,100
294,156,601,Shamela0023632,1243,966,1310,246,68
294,601,818,Shamela0023632,1245,4,221,173,100
294,1093,1258,Shamela0023632,1249,339,486,120,89
294,507,1456,JK009268,1886,330,1279,767,100
294,156,601,Sham19Y0023618,600,181,505,245,67
294,818,1236,Sham19Y0023618,601,1215,1632,341,99
294,601,818,Sham19Y0023618,601,371,588,173,100
294,1249,1456,Sham19Y0023618,603,0,207,168,100
294,507,724,Shamela0023628,1225,548,765,173,100
294,1093,1372,Shamela0023628,1231,228,506,220,96
294,341,601,Rafed0003257Vols,2278,151,420,212,96
294,601,818,Rafed0003257Vols,2281,159,376,173,100
294,1206,1456,Rafed0003257Vols,2285,0,250,203,100
294,570,724,Sham19Y0020891,2014,473,685,121,70
294,1093,1236,Sham19Y0020891,2022,7,150,117,100
294,1236,1456,Tafsir09068,379,169,703,170,39
294,1100,1266,JK010001,1176,524,668,118,86
294,883,1249,Sham19Y0133357,597,0,412,207,56
294,606,818,JK009270,1538,0,211,168,99
294,818,1104,JK009270,1541,15,303,228,97
294,1093,1353,JK009270,1544,1305,1565,212,100
294,345,601,Meshkat0014420,1622,289,544,209,99
294,601,818,Meshkat0014420,1624,836,1052,172,99
294,1115,1236,Meshkat0014420,1633,0,121,99,100
294,541,730,JK006476,476,0,205,151,92
294,983,1258,JK006476,477,1307,1589,218,94
294,1042,1456,JK006476,478,184,1441,321,31
294,341,1456,ShamAY0036821,860,468,1574,882,96
294,412,601,JK000373,308,0,189,154,100
294,622,1199,Tafsir02104,163,225,1421,343,33
294,511,1104,Shamela0001466,749,911,1554,459,86
294,601,829,Sham19Y0147312,695,39,787,172,28
294,1076,1266,Sham19Y0147312,698,702,906,141,79
294,1067,1456,Shamela0004445,783,0,389,316,100
294,1093,1266,Sham19Y0014592,2145,1413,1585,141,99
294,1093,1266,Sham19Y0013550,9,517,668,124,87
294,594,977,Zaydiyya0000062,507,0,382,306,99
294,1093,1390,Zaydiyya0000062,509,1298,1594,242,99
294,1093,1266,Shamela0010517,136,1311,1467,124,87
294,818,1266,Shamela0010517,919,1063,1493,347,95
294,818,1266,Shamela0010517,1620,635,1066,348,95
294,1093,1353,Shamela0003328,133,1217,1477,212,100
294,0,580,Shamela0037458,1192,148,701,292,49
294,555,724,Shamela0037458,1194,921,1090,135,100
294,922,1236,Shamela0037458,1198,288,576,232,90
294,1211,1510,Shamela0037458,1200,406,721,208,73
294,156,507,JK000791,714,701,1255,223,48
294,601,724,JK000791,716,7,130,98,100
294,1093,1266,JK000791,719,406,577,131,86
294,62,252,Shamela0021766,1477,803,1489,110,19
294,1236,1431,Shamela0022712,219,965,1473,140,34
294,1093,1211,Shamela0022712,219,106,224,96,100
294,1093,1431,Shamela0022712,240,884,1240,130,38
294,1100,1266,Shamela0000922,483,1266,1439,122,86
294,514,818,Shamela0000922,483,141,782,151,27
294,1093,1211,Tafsir07076,3224,1294,1518,90,50
294,3,601,JK007018,211,539,1349,288,36
294,601,977,JK007018,212,45,517,301,79
294,1082,1456,JK007018,213,65,446,294,95
294,818,1456,ShamIbadiyya0000100,18,119,756,518,99
294,601,818,JK009396,450,1295,1512,173,100
294,1093,1266,JK009396,452,1025,1197,131,86
294,1184,1456,JK009396,453,361,636,200,90
294,0,606,Sham19Y0023608,1247,901,1299,295,60
294,601,818,Sham19Y0023608,1253,23,240,173,100
294,818,1431,Sham19Y0023608,1256,983,1595,499,99
294,818,1266,Shamela0021729,97,1106,1543,350,95
294,1093,1236,Sham19Y0016953Vols,1192,137,280,117,100
294,840,1456,JK000917,651,0,616,502,100
294,1093,1211,JK000381,2973,305,423,96,100
294,818,1236,JK000381,8346,1081,1499,341,100
294,1042,1456,JK000818,180,376,1180,325,50
294,601,829,Meshkat00042488,485,116,787,155,29
294,1093,1266,Meshkat00042488,487,896,1056,131,92
294,1093,1211,Shamela0022647,13,1165,1283,96,100
294,977,1353,Shamela0022371,166,178,987,308,46
294,427,797,Shamela0009086,60,591,1209,127,18
294,507,818,Shia002356Vols,354,10,315,242,97
294,955,1236,Shia002356Vols,355,839,1174,223,79
294,1093,1456,Shia002356Vols,356,756,1179,223,57
294,62,252,ShamAY0034059,1649,285,626,125,45
294,818,1390,Tafsir04038,177,766,1590,361,47
294,427,977,Shia002380Vols,226,53,1081,434,52
294,996,1456,Shia002380Vols,227,0,1048,356,41
294,560,818,JK001496,649,491,1123,199,39
294,1104,1266,JK001496,652,5,168,122,84
294,1298,1456,JK001496,653,260,516,117,56
294,223,507,Shamela0008473,1856,372,833,168,43
294,601,818,Shamela0008473,1859,97,314,173,100
294,1076,1236,Shamela0008473,1862,1370,1583,131,75
294,1148,1353,Shamela0008473,1863,848,1355,165,39
294,427,661,Shia002382Vols,619,845,1617,190,30
294,983,1469,Shia002382Vols,621,86,1527,360,30
294,341,601,JK009265,293,472,741,212,96
294,1100,1236,Tafsir07055,1235,945,1081,111,100
294,427,861,Tafsir05047,244,539,1325,308,49
294,341,1339,Shamela0023591,3041,594,1600,810,99
294,1339,1464,Shamela0023591,3042,0,125,95,95
294,1093,1236,JK009266,3888,1177,1320,117,100
294,341,601,Shamela0021821,585,312,581,212,96
294,555,724,Shamela0021821,586,921,1174,131,65
294,797,1456,Shamela0021821,587,554,1269,536,92
294,1093,1325,Shia002389Vols,817,269,583,185,72
294,1093,1236,JK009362,2859,1132,1276,117,99
294,555,905,JK001420,355,668,1449,277,44
294,1093,1236,JK001420,356,1183,1326,117,100
294,818,1456,JK000967,91,652,1058,204,36
294,560,724,JK006478,3823,909,1188,130,58
294,1093,1266,JK006478,3833,439,614,124,77
294,341,576,JK000082,53,1145,1389,192,96
294,341,601,Rafed0003943Vols,392,421,690,212,96
294,601,897,Rafed0003943Vols,393,1240,1535,238,99
294,897,1456,Rafed0003943Vols,394,0,559,454,100
294,1093,1236,JK000360,45,982,1125,117,100
294,521,724,Shamela0010273,812,0,203,163,100
294,1033,1236,Shamela0010273,817,472,754,146,63
294,0,280,Shamela0007798,3881,461,1024,82,15
294,507,690,Shamela0007798,3885,881,1425,129,30
294,1093,1266,Shamela0007798,3894,310,461,124,87
294,576,797,Tafsir06048,335,1136,1544,176,54
294,818,1266,Rafed0003882,44,813,1274,267,67
294,1236,1456,ShamAY0007299,2073,255,475,178,100
294,977,1456,ShamAY0007299,2075,248,468,180,45
294,818,1353,ShamAY0007299,2658,991,1415,336,77
294,818,1236,ShamAY0007299,2670,23,441,341,100
294,1093,1360,ShamAY0007299,3496,1348,1617,212,96
294,427,724,Sham19Y0014404,443,664,1499,234,34
294,1025,1353,Sham19Y0014404,445,474,1308,230,32
294,1093,1456,Rafed0003799Vols,1822,1089,1497,221,61
294,555,809,Masaha000554Vols,1525,170,550,198,65
294,1076,1348,Masaha000554Vols,1529,1243,1519,215,92
294,341,647,QuranAnalysis001,62,1258,1572,249,96
294,647,1456,QuranAnalysis001,63,0,809,655,100
294,1093,1325,Shamela0010013,3,1251,1483,189,100
294,1093,1353,JK000439,134,880,1140,212,100
294,818,1353,Shamela0009182,391,32,833,346,47
294,423,601,Rafed0001713Vols,796,0,178,145,100
294,601,818,Rafed0001713Vols,798,482,699,173,100
294,1093,1360,Rafed0001713Vols,801,347,614,212,98
294,1184,1325,Tafsir04042,797,1061,1403,115,41
294,1093,1211,JK001414,900,273,391,96,100
294,690,818,Tafsir07057,1880,576,1098,102,24
294,993,1236,JK006950,2648,0,243,200,100
294,818,1464,Shamela0009065,97,246,929,226,32
294,107,280,Shamela0000041,884,938,1227,120,50
294,384,734,Shamela0000041,885,582,1049,277,73
294,612,1093,Shamela0000041,886,262,909,384,73
294,1058,1353,Shamela0000041,888,321,721,236,72
294,1315,1456,Shamela0000041,889,467,652,114,76
294,433,753,Shamela0023578,1164,996,1561,255,55
294,753,1456,Shamela0023578,1165,0,708,571,99
295,775,1250,Meshkat00042485,2740,44,809,249,39
295,933,1442,ShamIbadiyya0000075,254,24,631,290,55
295,400,982,Shia002382Vols,619,1196,1617,182,32
295,20,861,Tafsir01006,482,488,1579,340,31
295,553,1039,Rafed0001713Vols,798,20,574,199,34
295,933,1205,Rafed0001713Vols,798,1015,1514,133,33
296,821,1274,Zaydiyya0000062,509,449,1221,222,31
296,1039,1555,Shia002380Vols,227,96,456,214,47
296,1039,1567,Shia002382Vols,621,195,607,235,48
296,582,1482,Tafsir01006,484,210,1515,430,38
296,82,737,Sham19Y0014404,444,604,1105,194,29
296,559,1190,Rafed0001713Vols,800,291,1547,295,27
297,718,898,Zaydiyya0000054,138,581,748,137,92
297,40,722,Shia001432Vols,19909,756,1210,300,53
297,711,1316,Shia001432Vols,20154,874,1471,486,98
297,529,894,Shamela0023632,1252,72,351,228,76
297,894,1109,Shamela0023632,1254,351,566,176,100
297,1172,1316,Shamela0023632,1256,0,144,116,100
297,894,1141,Shamela0000894,48,609,856,202,99
297,980,1316,Shia000812Vols,609,699,1035,271,98
297,718,955,JK009268,1894,1427,1663,195,99
297,955,1316,JK009268,1895,0,361,293,100
297,718,980,Sham19Y0023618,603,1131,1393,215,100
297,980,1125,Sham19Y0023618,604,1429,1573,119,99
297,1125,1316,Sham19Y0023618,605,0,191,154,100
297,426,894,Shamela0023628,1232,152,602,266,57
297,894,1089,Shamela0023628,1236,1317,1511,160,99
297,1141,1316,Shamela0023628,1238,0,175,141,100
297,606,980,Rafed0003257Vols,2286,850,1248,268,78
297,963,1276,Rafed0003257Vols,2292,1285,1605,254,97
297,993,1232,Shamela0008362BK1,548,1287,1525,195,99
297,613,894,Sham19Y0020891,2024,216,433,168,72
297,971,1380,Sham19Y0020891,2026,0,398,290,87
297,718,894,Shamela0009759,232,658,834,145,100
297,529,894,JK009270,1546,969,1248,228,76
297,894,1042,JK009270,1550,1438,1586,120,98
297,1042,1316,JK009270,1551,0,275,223,99
297,718,894,Meshkat0014420,1638,805,981,145,100
297,894,1316,Meshkat0014420,1643,555,977,343,100
297,863,1227,JK006476,480,406,963,288,63
297,1055,1316,JK006476,481,178,590,179,54
297,718,1307,ShamAY0036821,865,978,1557,468,97
297,894,1316,ShamIbadiyya0000129,716,671,1141,343,89
297,1316,1620,Meshkat00042485,2754,749,1185,182,46
297,718,894,Sham19Y0147312,701,59,235,145,100
297,765,1109,Sham19Y0147312,701,829,1581,221,36
297,1109,1316,Sham19Y0147312,702,1296,1503,167,100
297,718,1109,Sham19Y0013550,236,275,884,269,52
297,1141,1316,Sham19Y0013550,269,0,175,141,100
297,606,898,Zaydiyya0000062,511,75,397,210,77
297,874,1113,Zaydiyya0000062,512,444,737,193,80
297,1094,1316,Zaydiyya0000062,513,713,949,177,93
297,1082,1320,Shamela0010517,137,0,240,189,97
297,718,906,Hindawi052082590,3,68,257,152,97
297,590,894,Shamela0037458,1201,115,421,195,74
297,1109,1316,Shamela0037458,1207,57,264,167,100
297,575,894,JK000791,721,759,1059,174,64
297,980,1270,JK000791,723,1336,1625,236,99
297,993,1316,Shamela0023833,49,1109,1319,116,37
297,529,894,Shamela0000922,485,96,523,201,45
297,996,1316,Shamela0000922,487,637,958,194,65
297,980,1125,Tafsir07076,987,1446,1591,119,98
297,1125,1316,Tafsir07076,988,0,192,154,99
297,980,1316,Tafsir07076,2129,609,947,273,99
297,980,1316,Tafsir07076,4613,1206,1544,273,99
297,980,1141,Tafsir07076,4848,256,418,132,99
297,980,1141,Tafsir07076,5598,178,340,132,99
297,980,1141,Tafsir07076,6764,1370,1532,132,99
297,980,1141,Tafsir07076,7088,648,810,132,99
297,1012,1316,Tafsir07076,8433,0,303,244,98
297,980,1316,Tafsir07076,9076,299,632,268,97
297,718,980,JK007018,213,990,1257,215,98
297,980,1316,JK007018,214,565,907,271,97
297,894,1055,Shia000298Vols,3243,1597,1734,97,75
297,489,1232,ShamIbadiyya0000100,18,633,1290,516,82
297,718,949,JK009396,453,1413,1643,190,99
297,980,1276,JK009396,455,1322,1617,241,99
297,718,1232,Sham19Y0023608,1262,1097,1610,421,99
297,980,1202,Sham19Y0023608,1266,1282,1504,181,99
297,980,1316,JK000917,610,438,774,273,100
297,1119,1320,JK000818,181,784,1052,159,73
297,718,898,Meshkat00042488,489,138,317,146,98
297,1179,1316,Meshkat00042488,491,0,137,110,100
297,980,1307,Zaydiyya0000203,57,711,1040,264,98
297,0,863,ShamIbadiyya0000075,255,611,1551,422,45
297,1082,1307,ShamIbadiyya0000075,257,249,632,179,57
297,718,963,Shamela0022371,166,1294,1602,202,78
297,894,1119,Shia002356Vols,357,1386,1611,184,99
297,426,894,Shia002356Vols,357,183,628,214,48
297,1119,1320,Shia002356Vols,358,0,203,158,96
297,208,718,ShamAY0034059,1659,5,947,255,31
297,894,1199,Tafsir04038,178,956,1297,250,89
297,147,863,Shia002380Vols,227,508,1336,359,44
297,718,906,Sham19Y0014827,439,1069,1253,152,97
297,426,906,JK001496,653,286,928,262,44
297,894,1316,JK001496,654,557,982,343,99
297,718,980,Shamela0008473,1865,221,483,215,100
297,980,1316,Shamela0008473,1869,511,847,273,100
297,0,784,Shia002382Vols,621,607,1653,384,38
297,980,1316,MMS00013,1851,286,626,271,98
297,980,1316,MMS00013,1852,1034,1374,271,98
297,894,1109,ShamIbadiyya0000005,510,429,671,176,88
297,894,1307,Masaha002028Vols,150,849,1262,335,100
297,718,1316,Shamela0023591,3066,337,935,488,100
297,606,894,JK009266,3896,605,922,198,76
297,949,1316,JK009266,3904,782,1186,286,87
297,606,1613,Shamela0021821,590,324,1367,614,64
297,980,1141,Sham19Y0013231,2033,1036,1197,132,100
297,718,894,JK000460,161,198,374,145,100
297,918,1350,JK009362,2876,655,1221,317,69
297,718,980,JK001110,38,661,923,215,100
297,711,927,Shamela0007853,352,1061,1259,157,88
297,529,894,JK001420,357,1099,1544,225,51
297,894,1109,JK001420,358,252,502,146,72
297,1024,1285,JK000967,27,175,359,139,66
297,718,906,JK006478,3836,315,501,152,97
297,894,1316,JK006478,3841,1019,1444,343,99
297,489,894,Rafed0003943Vols,394,436,735,244,73
297,894,1316,Rafed0003943Vols,396,224,646,343,100
297,718,894,Shamela0010273,819,692,868,145,100
297,758,1316,Shamela0010273,820,942,1612,402,71
297,529,906,Shamela0007798,3903,8,298,189,55
297,980,1168,Shamela0007798,3922,1155,1540,134,42
297,1109,1316,Shamela0007798,3923,322,529,167,100
297,426,750,Tafsir01006,485,925,1487,177,36
297,980,1316,Rafed0003882,45,860,1196,273,100
297,529,894,Sham19Y0014404,446,572,1047,234,59
297,1027,1316,Sham19Y0014404,449,534,952,233,68
297,718,906,Rafed0003799Vols,423,1141,1324,152,97
297,718,894,Meshkat00057178,1414,188,364,145,100
297,1094,1316,Meshkat00057178,1417,565,797,177,94
297,894,1190,Masaha000554Vols,1535,1261,1558,234,94
297,1190,1307,Masaha000554Vols,1536,0,116,92,99
297,489,1316,QuranAnalysis001,63,686,1407,587,87
297,980,1316,Zaydiyya0000004,546,1159,1499,271,97
297,980,1400,Shamela0023596,120,185,543,278,81
297,606,849,Rafed0001713Vols,802,1167,1636,182,46
297,849,1620,Rafed0001713Vols,803,0,756,245,26
297,874,1316,Rafed0001713Vols,804,34,491,356,95
297,718,906,JK000122,391,1227,1417,150,96
297,745,894,JK000122,392,0,149,123,100
297,1109,1320,JK000122,1253,439,650,167,98
297,718,906,Shamela0000432,5276,249,433,152,97
297,718,898,Zaydiyya0000361,376,704,871,137,92
297,980,1307,Zaydiyya0000361,892,126,455,265,99
297,426,894,Shamela0000041,889,477,828,267,68
297,894,1113,Shamela0000041,891,139,370,176,93
297,1027,1316,Shamela0000041,891,1075,1522,233,64
297,590,1404,Shamela0023578,1169,767,1627,571,77
297,1027,1320,JK000876,437,420,1111,218,38
298,335,913,Shia001432Vols,19910,135,1113,223,27
298,889,1233,Tafsir09083,439,131,585,212,50
298,359,1299,Shamela0023624,381,56,1286,347,29
298,331,976,JK000865,196,1087,1619,208,34
298,225,427,Meshkat00042485,2756,8,213,118,64
298,296,773,Meshkat00042485,2757,98,677,234,46
298,849,1233,Meshkat00042485,2758,757,1273,230,52
298,533,1233,Shamela0021766,1487,59,1250,377,34
298,359,1526,JK000818,181,2,1109,453,37
298,639,1213,Meshkat00042488,490,493,1638,227,23
298,282,713,ShamAY0034059,1662,390,1140,205,30
298,296,1521,Shia002380Vols,228,55,1076,486,40
298,600,1206,Tafsir02102,1700,539,1488,326,38
298,1175,1488,Tafsir02102,1701,460,904,216,59
298,1143,1526,Shamela0008473,1870,90,687,240,48
298,291,906,Shia002382Vols,623,1054,1498,213,38
298,913,1233,Shia002382Vols,624,11,399,177,48
298,359,1233,Shamela0010273,821,65,860,378,45
298,4,878,Tafsir01006,486,273,1564,420,37
298,889,1443,Tafsir01006,487,89,981,324,41
298,613,1431,Sham19Y0014404,449,0,952,370,38
298,335,1015,Rafed0001713Vols,804,518,1606,326,35
298,1077,1299,Rafed0001713Vols,805,103,785,164,30
298,359,1282,Tafsir04042,799,105,1143,328,29
299,572,717,JK000330,328,779,924,118,100
299,136,717,Shia001432Vols,2480,279,860,467,99
299,76,286,Shia001432Vols,20155,0,210,168,100
299,528,717,Shamela0023632,1263,360,549,154,100
299,0,717,JK009268,1895,391,1108,573,100
299,240,717,Sham19Y0023618,607,0,477,384,100
299,575,720,Shamela0023628,1247,0,145,118,100
299,169,356,Rafed0003257Vols,2294,0,187,147,97
299,319,717,Rafed0003257Vols,2300,266,729,320,85
299,300,829,Tafsir09083,442,327,670,95,16
299,118,350,Sham19Y0020891,2031,883,1125,187,95
299,572,717,Sham19Y0020891,2037,1387,1532,118,100
299,136,528,JK009270,1561,212,604,314,100
299,528,717,JK009270,1564,1166,1355,154,100
299,173,350,Meshkat0014420,1650,0,177,144,100
299,473,717,Meshkat0014420,1652,0,244,198,100
299,0,720,ShamAY0036821,866,39,755,570,99
299,572,717,JK000373,192,857,1002,118,100
299,720,1261,Meshkat00042485,2761,339,1113,222,29
299,384,720,JK000343,591,0,336,270,100
299,572,717,Sham19Y0147312,706,918,1063,118,100
299,442,717,Sham19Y0013550,238,0,396,192,60
299,489,720,Zaydiyya0000062,516,1008,1290,187,81
299,0,350,Shamela0006947,7026,380,643,200,71
299,0,286,Shamela0006947,10698,134,420,227,100
299,136,362,Shamela0037458,1211,631,856,178,97
299,528,720,Shamela0037458,1215,669,861,156,100
299,542,717,JK000791,728,1009,1237,136,73
299,528,717,Shamela0000922,490,82,365,154,66
299,136,717,JK007018,215,340,938,467,96
299,286,720,JK009396,458,924,1358,348,100
299,0,350,Sham19Y0023608,1268,1061,1411,278,100
299,350,717,Sham19Y0023608,1272,803,1170,295,100
299,572,717,JK000917,666,106,251,118,100
299,0,286,JK000381,5799,873,1159,227,100
299,572,723,Meshkat00042488,494,371,522,121,99
299,136,350,Shamela0004473,14162,202,416,173,100
299,147,717,Shamela0022371,168,0,663,253,39
299,46,350,Shia002356Vols,359,691,1089,215,67
299,258,717,Shia002356Vols,360,11,548,345,79
299,1057,1300,ShamAY0034059,1664,1127,1502,140,43
299,136,492,Tafsir04038,179,862,1543,274,50
299,136,620,Shia002380Vols,229,693,1511,383,58
299,350,717,Shamela0008473,1876,664,1031,295,100
299,717,1234,Shia002382Vols,625,748,1157,200,44
299,0,593,Shamela0023591,3066,966,1558,472,99
299,593,720,Shamela0023591,3067,0,127,103,100
299,76,350,JK009266,3910,0,274,219,100
299,572,717,JK009266,3929,481,626,118,100
299,717,1077,JK007044,4608,778,1477,182,30
299,0,350,Shamela0021821,592,603,953,278,100
299,286,644,JK001420,359,946,1463,191,38
299,572,717,Shamela0022653,252,741,886,118,100
299,0,350,JK006478,3845,210,561,278,99
299,0,286,Rafed0003943Vols,396,677,963,227,100
299,286,717,Rafed0003943Vols,397,325,756,346,100
299,350,727,Shamela0010273,825,642,1021,297,97
299,0,258,JK000089,171,572,830,203,100
299,536,717,Shamela0007798,3939,14,285,148,66
299,741,1107,Tafsir01006,487,1090,1527,125,26
299,873,1391,Sham19Y0014404,450,860,1404,190,36
299,572,717,JK000379,9,365,510,118,100
299,122,720,QuranAnalysis001,64,0,598,481,100
299,732,1391,Rafed0001713Vols,806,277,1321,304,34
299,286,572,Rafed0001713Vols,807,904,1423,221,53
299,593,717,Rafed0001713Vols,809,0,124,101,100
299,572,717,JK000122,1248,760,905,118,100
299,0,286,JK006950,103,995,1281,227,100
299,575,717,Tafsir02094,1249,260,817,116,25
299,565,720,Shamela0000041,897,0,155,126,100
299,0,762,Shamela0023578,1173,706,1501,604,95
299,793,1371,JK000876,438,8,677,205,31
300,564,1243,Tafsir09084,891,987,1549,213,34
300,29,276,Sham19Y0020891,2032,1075,1385,94,35
300,88,622,Meshkat00042488,493,3,740,209,30
300,724,1497,ShamAY0034059,1667,272,1057,263,30
300,5,622,Shia002380Vols,229,716,1160,251,45
300,29,392,JK001496,657,21,396,151,42
300,705,1511,Shamela0010273,826,216,1070,243,27
300,719,1273,Tafsir01006,489,48,777,225,36
301,188,641,Shamela0008381,986,792,1288,360,89
301,445,594,ShamAY0037152,68,0,149,121,100
301,214,594,ShamAY0037152,447,143,525,306,97
301,214,594,ShamAY0037152,481,296,674,306,98
301,214,594,Shia001432Vols,6157,555,935,305,98
301,188,686,Shia001432Vols,24108,147,647,401,99
301,410,602,Shamela0023632,1266,763,951,152,97
301,188,868,JK006870,1,506,1176,426,71
301,261,686,Sham19Y0011326,50,0,425,345,100
301,410,594,Shamela0000894,896,888,1072,149,100
301,188,686,Shamela0000894,3937,768,1264,404,99
301,410,594,JK009325,2,934,1118,149,100
301,188,686,JK009325,711,274,772,401,99
301,188,651,JK009268,1907,1203,1665,376,99
301,651,777,JK009268,1908,0,126,102,100
301,359,868,Sham19Y0023618,609,0,386,301,73
301,188,598,Hindawi070427368,63,499,908,331,99
301,410,594,Shamela0023628,1250,649,833,149,100
301,594,777,Shamela0023628,1251,1030,1213,149,100
301,403,594,Rafed0003257Vols,653,698,888,152,98
301,403,594,Rafed0003257Vols,1587,1100,1290,152,98
301,126,567,Rafed0003257Vols,2304,1108,1630,340,77
301,410,594,Sham19Y0020891,2042,153,337,149,100
301,188,686,JK010001,4110,553,1051,404,100
301,410,686,JK009270,1568,964,1240,224,100
301,188,567,Sham19Y0150960,644,98,472,298,97
301,403,594,Meshkat0014420,1659,328,518,152,98
301,224,587,Shia001421Vols,49,1100,1463,293,99
301,394,747,JK006476,485,401,1009,282,57
301,40,594,ShamAY0036821,866,676,1152,386,85
301,1185,1573,Meshkat00042485,2777,328,765,230,59
301,383,594,Sham19Y0147312,709,441,647,158,92
301,188,686,Shamela0004445,411,193,691,404,100
301,342,791,Zaydiyya0000062,518,938,1579,341,66
301,410,608,Shamela0037458,1218,1453,1650,160,99
301,359,594,JK000791,730,667,934,168,76
301,188,686,JK010397,226,720,1218,404,100
301,188,686,JK009336,312,748,1246,404,100
301,303,598,Shamela0000922,491,514,833,186,67
301,188,686,Sham19Y0009800,480,917,1415,404,100
301,353,594,Tafsir07076,2266,0,241,195,100
301,322,594,JK007018,216,338,638,177,72
301,410,686,JK009396,460,367,643,224,100
301,188,686,Sham19Y0023608,1276,154,652,404,100
301,403,594,JK000917,666,927,1117,152,98
301,342,594,Meshkat00042488,495,415,889,194,51
301,188,686,Shia003721Vols,321,171,671,404,99
301,175,594,Shia003636Vols,609,1162,1580,328,96
301,780,1560,ShamIbadiyya0000075,259,240,983,328,41
301,181,624,Shamela0021537,181,381,838,360,96
301,188,686,Shamela0021537,2297,889,1402,404,97
301,188,624,Shamela0021537,5474,719,1170,354,96
301,188,686,Shamela0021537,5481,78,591,404,97
301,188,616,Shamela0021537,6460,1040,1483,347,96
301,188,686,Shamela0004473,6337,512,1010,404,100
301,188,808,Shamela0004473,11666,499,1081,426,85
301,188,686,JK010729,2,569,1071,404,99
301,410,598,JK010729,133,363,551,150,98
301,188,722,Shamela0000767,1960,178,715,414,95
301,0,660,Tafsir04038,180,282,1057,453,65
301,759,1573,Shia002380Vols,230,104,1200,364,34
301,209,594,Sham19Y0014827,445,577,1081,309,75
301,285,587,Zaydiyya0000019,48,0,304,244,99
301,388,598,Shamela0008473,1883,454,679,168,92
301,1185,1573,Shia002382Vols,629,184,898,207,33
301,188,665,Tafsir07055,4223,1156,1632,387,99
301,0,594,Shamela0023591,3067,33,530,402,83
301,410,602,JK009266,3938,549,737,152,97
301,261,594,Shamela0010283,2478,0,333,270,100
301,188,567,Zaydiyya0000063,205,194,573,307,100
301,0,686,Shamela0021821,594,14,603,477,85
301,214,594,Rafed0000185Vols,34,786,1162,306,98
301,303,686,JK001110,76,223,606,310,100
301,188,814,Shamela0010463,289,396,995,436,86
301,188,572,JK000008,77,1204,1586,311,99
301,188,680,Zaydiyya0000074,25,565,1059,399,99
301,550,777,Rafed0003943Vols,399,0,227,185,100
301,188,686,Shamela0010273,827,1000,1498,404,100
301,388,594,Shamela0007798,3944,46,297,166,81
301,787,1573,Tafsir01006,490,102,1424,418,36
301,214,594,Shia003695Vols,57,305,690,304,97
301,353,686,Tafsir06048,5,0,333,270,100
301,303,594,Sham19Y0014404,453,19,469,223,61
301,1372,1556,Sham19Y0014404,453,496,862,82,24
301,214,594,Rafed0003799Vols,1845,1056,1433,305,97
301,410,594,Meshkat00057178,1424,22,206,149,100
301,40,689,Masaha000554Vols,1548,173,945,461,67
301,0,777,QuranAnalysis001,64,504,1184,551,87
301,188,567,Shamela0010013,76,476,855,307,100
301,0,477,Rafed0001713Vols,809,860,1598,357,59
301,477,895,Rafed0001713Vols,810,0,578,244,49
301,905,1251,Rafed0001713Vols,810,940,1551,195,38
301,1274,1577,Rafed0001713Vols,811,94,728,190,34
301,425,594,JK000122,697,0,169,137,100
301,342,594,JK000122,708,218,474,161,78
301,410,594,JK000122,1086,1018,1202,149,100
301,410,594,JK000122,1087,132,316,149,100
301,289,686,Tafsir04056,1385,0,397,322,100
301,383,594,Shamela0000041,898,786,1006,165,93
301,516,777,Shamela0000041,899,393,940,209,46
301,158,561,Shamela0023578,1175,1120,1535,313,92
301,561,868,Shamela0023578,1176,0,404,226,68
302,1117,1543,Shia001432Vols,2480,853,1270,325,94
302,1142,1462,Shamela0023632,1270,108,428,252,97
302,1077,1543,JK009268,1908,91,528,353,93
302,1077,1448,Sham19Y0023618,610,905,1246,278,91
302,946,1448,Shamela0023628,1253,675,1286,321,62
302,1319,1543,Shamela0023628,1254,864,1265,176,54
302,1077,1448,Rafed0003257Vols,2314,712,1053,278,91
302,1194,1536,Tafsir09083,445,553,1545,197,23
302,1319,1536,Shamela0001388,19,398,615,99,59
302,1142,1465,Sham19Y0020891,2046,305,630,253,96
302,1142,1448,JK000362,28,798,1104,249,100
302,1142,1353,JK010001,1068,740,951,172,100
302,1236,1448,JK009270,1571,0,212,171,100
302,1194,1448,Meshkat0014420,1665,1320,1574,205,100
302,1319,1543,JK006476,487,36,389,179,63
302,1142,1309,Shia001269,1,1452,1618,137,99
302,1309,1448,Shia001269,2,0,139,112,100
302,1142,1448,JK000101,402,1064,1370,249,100
302,1077,1543,ShamAY0036821,873,113,542,339,90
302,1142,1353,Shamela0009924,85,609,828,172,96
302,1142,1353,JK000081,1197,1163,1374,172,100
302,1253,1543,Sham19Y0147312,713,171,875,226,39
302,1233,1462,Zaydiyya0000062,521,30,289,171,83
302,1269,1462,Shamela0037458,1224,635,831,145,92
302,1269,1448,JK000791,734,1192,1371,144,100
302,521,669,Shamela0021766,1498,815,1308,93,23
302,1194,1543,Shamela0000922,493,292,986,261,47
302,1082,1543,JK007018,217,0,471,206,42
302,1194,1543,JK009396,462,65,415,280,99
302,1142,1448,Shamela0011216,16,727,1033,249,100
302,1128,1448,Sham19Y0023608,1285,0,313,254,97
302,1386,1543,Sham19Y0023608,1288,363,928,125,27
302,1142,1448,JK000381,745,861,1167,249,100
302,1142,1448,JK000381,5738,393,699,249,100
302,1142,1319,JK000381,7392,855,1032,145,100
302,1152,1448,Meshkat00042488,497,232,640,214,60
302,1269,1448,Zaydiyya0000086,305,380,560,144,99
302,1194,1353,ShamIbadiyya0000075,570,1332,1491,128,100
302,1077,1448,Shia002356Vols,363,15,355,277,91
302,1142,1536,Tafsir04038,181,18,619,318,65
302,1077,1543,Shia002380Vols,231,569,1198,345,64
302,1142,1448,JK001496,662,467,774,249,99
302,1194,1391,Tafsir02102,3367,0,197,158,100
302,1194,1391,Tafsir02102,3410,111,308,158,100
302,1088,1448,Shamela0008473,1890,161,569,269,75
302,1142,1448,Shamela0008473,3135,772,1078,249,100
302,1147,1353,Shamela0008473,3606,1236,1420,138,83
302,1194,1362,Shamela0008473,3974,1335,1502,135,99
302,1282,1448,Shamela0008473,4064,0,166,134,100
302,1142,1353,Tafsir07055,1124,1137,1348,172,100
302,1088,1543,Shamela0023591,3098,0,426,344,93
302,994,1448,JK009266,3947,380,865,303,71
302,1077,1543,Shamela0021821,598,82,519,353,93
302,1142,1448,Kraken220413194022,492,317,618,239,96
302,1269,1465,Tafsir10066,476,421,633,150,86
302,1142,1353,JK009362,129,462,673,172,100
302,1194,1353,JK009362,963,423,580,126,98
302,1106,1448,JK009362,2917,315,708,262,82
302,1142,1353,JK009362,5217,587,798,172,100
302,1142,1353,JK009362,6758,1074,1285,172,100
302,1142,1319,JK009362,7093,1316,1493,145,100
302,1142,1448,JK009362,7500,136,442,249,100
302,1194,1353,Sham19Y0147597,279,51,210,128,100
302,1194,1539,JK001420,362,766,1513,272,45
302,1319,1448,Shamela0011354,147,420,549,104,100
302,1194,1448,JK009257,247,1115,1462,205,73
302,1088,1448,JK006478,3868,546,951,275,81
302,1077,1543,Rafed0003943Vols,399,192,629,353,93
302,34,669,Shamela0010273,829,756,1504,190,24
302,1142,1448,Shamela0010273,831,513,819,249,100
302,1194,1353,JK000089,100,110,269,128,100
302,1242,1448,Shamela0007798,3956,1274,1520,164,82
302,1269,1410,Shamela0007798,3957,653,1085,113,32
302,57,911,Tafsir01006,491,0,1084,288,27
302,1142,1319,Shamela0012293,273,1362,1538,145,99
302,1142,1376,Shamela0012293,1179,235,468,176,92
302,521,1543,Sham19Y0014404,454,0,1543,485,31
302,1204,1448,Meshkat00057178,1428,0,414,197,58
302,1077,1441,Masaha000554Vols,1554,762,1099,263,87
302,1077,1523,QuranAnalysis001,64,1149,1564,337,93
302,34,280,Rafed0001713Vols,811,865,1231,122,37
302,1077,1448,Rafed0001713Vols,812,736,1077,278,91
302,1323,1543,Rafed0001713Vols,813,1090,1491,176,54
302,1319,1539,Tafsir04042,812,198,801,150,29
302,1142,1448,JK001414,482,616,922,249,100
302,1147,1353,Tafsir07057,3978,730,914,138,83
302,1142,1448,JK006950,42,624,930,249,100
302,1142,1319,JK006950,1694,1283,1460,145,100
302,928,1448,Shamela0000041,900,1028,1560,339,70
302,1250,1543,Shamela0000041,901,470,955,227,58
302,895,1543,Shamela0023578,1179,795,1429,391,67
303,663,1514,Shia001432Vols,2480,869,1249,296,42
303,663,1271,Shamela0023632,1270,108,414,244,49
303,424,678,Shamela0023632,1277,879,1129,193,96
303,0,678,JK009268,1908,528,1198,534,98
303,663,1271,Sham19Y0023618,610,940,1246,244,49
303,56,316,Sham19Y0023618,612,1254,1558,209,84
303,174,571,Sham19Y0023618,613,1026,1552,264,62
303,663,1271,Shamela0023628,1253,980,1286,244,49
303,127,342,Shamela0023628,1260,1223,1521,172,71
303,406,663,Shamela0023628,1263,1204,1504,204,85
303,663,1271,Rafed0003257Vols,2314,747,1053,244,49
303,857,1484,Tafsir09083,445,428,1516,305,32
303,663,1271,Sham19Y0020891,2046,305,611,244,49
303,424,663,Sham19Y0020891,2054,377,898,189,45
303,663,1271,JK000362,28,798,1104,244,49
303,851,1271,JK009270,1571,0,212,171,50
303,174,384,JK009270,1580,856,1066,169,100
303,384,668,JK009270,1582,1238,1522,223,99
303,793,1271,Meshkat0014420,1665,1320,1574,205,53
303,424,663,Meshkat0014420,1675,1257,1496,189,100
303,368,663,JK006476,489,140,742,229,48
303,998,1284,Shia001269,2,0,152,115,50
303,663,1271,JK000101,402,1064,1370,244,49
303,0,668,ShamAY0036821,873,542,1208,526,98
303,961,1271,Sham19Y0147312,713,182,358,142,56
303,446,663,Sham19Y0147312,716,508,1046,172,40
303,424,663,Sham19Y0013550,240,636,1014,189,63
303,839,1271,Zaydiyya0000062,521,12,272,176,49
303,485,663,Zaydiyya0000062,524,0,178,143,100
303,254,485,Shamela0008555,94,457,688,183,100
303,961,1271,Shamela0037458,1224,638,814,142,56
303,79,339,Shamela0037458,1229,565,825,206,99
303,793,1271,JK000791,734,962,1371,200,42
303,327,485,JK000365,1239,0,158,125,100
303,776,1271,Shamela0000922,493,274,587,201,50
303,384,663,Shamela0000922,496,267,695,221,65
303,254,663,JK007018,218,385,1113,326,56
303,760,1499,JK009396,462,50,890,285,29
303,375,663,JK009396,466,499,905,221,68
303,663,1271,Shamela0011216,16,727,1033,244,49
303,663,1271,Sham19Y0023608,1285,7,313,244,49
303,254,663,Sham19Y0023608,1295,86,495,326,100
303,663,1271,JK000381,745,861,1167,244,49
303,663,1271,JK000381,5738,393,699,244,49
303,663,1484,JK000818,183,871,1583,378,50
303,760,1271,Meshkat00042488,497,192,640,265,53
303,961,1271,Zaydiyya0000086,305,383,560,142,56
303,663,1514,ShamIbadiyya0000075,260,536,1633,433,42
303,663,1271,Shia002356Vols,363,50,355,241,48
303,368,663,Shia002356Vols,365,802,1139,226,84
303,663,1514,Tafsir04038,181,18,606,309,39
303,339,683,Tafsir04038,182,0,451,261,72
303,663,1484,Shia002380Vols,231,604,1102,341,48
303,678,1271,JK001496,662,473,774,240,49
303,401,663,JK001496,665,0,617,204,41
303,663,1271,Shamela0008473,1890,185,569,251,48
303,663,1271,Shamela0008473,3135,772,1078,244,49
303,971,1271,Shamela0008473,4064,0,166,134,55
303,663,1484,Shia002382Vols,631,65,826,402,51
303,0,668,Shamela0023591,3098,426,1097,533,99
303,1214,1360,Shamela0023591,3106,668,1112,97,26
303,663,1271,JK009266,3947,559,865,244,49
303,310,663,JK009266,3961,547,912,278,94
303,663,1514,Shamela0021821,598,117,498,298,43
303,189,508,Shamela0021821,601,1067,1472,226,71
303,508,663,Shamela0021821,602,0,155,125,100
303,961,1271,Tafsir10066,476,424,620,139,52
303,678,1271,JK009362,2917,395,708,241,49
303,663,1271,JK009362,7500,136,442,244,49
303,336,663,JK001110,38,929,1256,260,100
303,787,1271,JK001420,362,760,1169,215,46
303,1008,1271,Shamela0011354,147,420,549,104,49
303,793,1271,JK009257,247,1115,1462,212,55
303,678,1271,JK006478,3868,650,951,240,49
303,663,1514,Rafed0003943Vols,399,227,608,298,43
303,174,424,Rafed0003943Vols,400,1487,1737,201,100
303,424,663,Rafed0003943Vols,403,973,1212,189,100
303,663,1271,Shamela0010273,831,513,819,244,49
303,857,1271,Shamela0007798,3956,1211,1520,183,50
303,663,1271,Sham19Y0014404,454,557,1070,304,53
303,803,1271,Meshkat00057178,1428,0,414,207,43
303,663,1264,Masaha000554Vols,1554,800,1099,227,46
303,663,1514,QuranAnalysis001,64,1184,1564,298,43
303,0,683,QuranAnalysis001,65,21,709,533,97
303,663,1271,Rafed0001713Vols,812,771,1077,244,49
303,1012,1514,Rafed0001713Vols,813,1090,1470,203,45
303,427,668,Rafed0001713Vols,817,0,241,189,99
303,254,556,Zaydiyya0000476,328,248,550,240,100
303,254,556,Zaydiyya0000476,399,403,705,240,100
303,663,1271,JK001414,482,616,922,244,49
303,1214,1444,Tafsir07057,1920,92,839,161,26
303,663,1271,JK006950,42,624,930,244,49
303,663,1271,Shamela0000041,900,1255,1560,244,49
303,1324,1499,Shamela0000041,901,1103,1313,75,45
303,127,424,Shamela0000041,904,543,883,239,87
303,262,671,Shamela0000041,905,743,1517,301,47
303,663,1514,Shamela0023578,1179,955,1407,306,43
303,839,1514,Shamela0023578,1180,842,1509,299,41
303,167,663,Shamela0023578,1180,0,495,396,99
303,415,583,Shamela0023578,1187,247,610,132,46
304,771,1008,Tafsir09083,446,786,1256,155,41
304,217,317,Shamela0036543,422,1378,1478,76,94
304,217,317,Shamela0029882,874,858,955,76,97
304,29,317,Meshkat00042485,2787,503,774,128,51
304,640,1034,Meshkat00042485,2788,187,699,206,44
304,105,313,Kraken220216061221,229,0,191,118,64
304,217,387,Sham19Y0016684,1561,249,635,130,42
304,519,904,Shia002382Vols,633,562,1077,174,38
304,588,1131,Tafsir01006,493,658,1414,295,44
304,86,387,JK000264,3160,228,528,237,99
304,640,1080,Sham19Y0014404,455,944,1520,210,38
304,870,1034,Rafed0001713Vols,815,1015,1543,105,25
304,839,1034,Tafsir07057,1923,88,601,128,32
305,1162,1337,Shamela0023632,1279,142,336,141,90
305,1337,1523,Shamela0023632,1280,1305,1491,150,98
305,252,668,JK009268,1919,289,736,201,46
305,970,1529,JK009268,1922,405,971,366,70
305,1021,1337,Sham19Y0023618,616,402,752,168,53
305,252,740,Shamela0023628,1264,273,837,207,40
305,1155,1448,Shamela0023628,1265,1259,1542,212,90
305,1175,1523,Rafed0003257Vols,2338,17,372,280,97
305,1266,1523,JK009270,1592,744,1001,209,100
305,1203,1529,ShamAY0036821,878,434,757,259,97
305,163,981,Meshkat00042485,2791,5,734,324,40
305,246,754,Shamela0001466,769,27,532,247,49
305,908,1337,Zaydiyya0000062,525,172,563,196,52
305,1139,1390,Shamela0037458,1235,318,891,203,43
305,1358,1523,JK000791,742,763,1255,131,32
305,62,506,Shamela0021766,1514,708,1548,201,27
305,1162,1337,Sham19Y0023608,1302,314,502,141,93
305,715,1337,Shia002356Vols,366,144,878,230,32
305,107,1390,Shia002380Vols,233,207,1456,519,38
305,1337,1529,JK006896,11,969,1161,157,98
305,1143,1337,Shamela0008473,1908,1297,1496,148,92
305,1337,1523,Shamela0008473,1909,810,996,152,100
305,446,985,Shia002382Vols,636,299,722,202,40
305,1208,1490,Shia002382Vols,637,395,1152,197,31
305,1162,1398,Shamela0023591,3115,1331,1579,190,94
305,1398,1529,Shamela0023591,3116,0,132,107,97
305,1167,1529,Shamela0021821,604,499,862,290,98
305,132,1034,Tafsir08060,172,281,823,234,29
305,1148,1462,Rafed0003943Vols,405,319,624,235,93
305,1337,1523,Shamela0010273,841,116,302,150,98
305,366,981,Tafsir01006,494,587,1264,257,35
305,821,1002,Tafsir09071,309,1057,1296,104,53
305,536,1198,Sham19Y0014404,457,10,612,217,34
305,1162,1529,QuranAnalysis001,65,684,1026,276,92
305,290,848,Rafed0001713Vols,817,769,1448,214,31
305,1175,1337,Rafed0001713Vols,818,943,1105,130,100
305,446,903,Tafsir07057,1925,20,628,196,35
305,1162,1390,Shamela0000041,906,1006,1211,165,89
305,1390,1529,Shamela0000041,907,912,1052,115,99
305,1251,1529,Shamela0023578,1188,0,279,226,98
306,0,173,JK009268,1922,971,1144,143,100
306,0,173,Sham19Y0023618,618,1252,1425,143,100
306,0,173,JK009270,1595,717,890,143,100
306,6,146,JK006476,491,1409,1553,116,97
306,183,267,Meshkat00042485,2792,739,835,55,77
306,0,173,Shamela0023591,3116,132,305,143,100
306,0,173,JK001420,366,13,528,140,33
306,183,544,Tafsir01006,495,173,769,181,38
306,865,1313,Tafsir01006,496,103,867,242,36
306,0,173,Sham19Y0014404,458,911,1466,68,13
306,0,173,QuranAnalysis001,65,1026,1199,143,100
307,125,587,Shia001432Vols,3303,812,1275,373,99
307,587,1162,Shia001432Vols,3326,525,1098,466,99
307,735,933,Shia001432Vols,3332,1261,1516,125,57
307,674,1065,Shia001432Vols,3344,535,1125,302,62
307,674,1018,Shia001432Vols,8773,1094,1635,261,58
307,152,591,Shia001432Vols,19668,0,441,351,98
307,885,1121,Shia002185Vols,1383,1001,1237,192,100
307,214,406,Shamela0023632,1287,1341,1532,151,99
307,674,836,Shamela0023632,1296,319,480,131,99
307,836,1061,Shamela0023632,1298,657,881,184,99
307,674,850,Shamela0000894,5856,232,408,144,100
307,125,525,JK009268,1932,1285,1684,322,99
307,525,1162,JK009268,1933,0,635,518,99
307,125,570,Sham19Y0023618,619,1188,1631,358,99
307,178,440,Sham19Y0023618,620,748,1010,209,100
307,587,836,Sham19Y0023618,623,77,325,201,99
307,836,1162,Sham19Y0023618,624,533,858,266,99
307,674,1065,Shia004030Vols,1327,1044,1629,301,63
307,288,535,Shamela0023628,1275,277,537,197,93
307,521,805,Shamela0023628,1278,1025,1307,228,99
307,805,995,Shamela0023628,1281,67,256,156,99
307,125,421,Rafed0003257Vols,2354,1380,1675,237,99
307,587,1162,Rafed0003257Vols,2367,458,1031,467,99
307,735,1125,Rafed0003257Vols,2373,1011,1490,280,70
307,591,995,Rafed0003257Vols,2376,0,702,328,57
307,281,397,Tafsir09083,452,119,560,86,24
307,549,995,Sham19Y0020891,2076,442,951,359,86
307,195,440,JK009270,1599,489,768,191,86
307,440,805,JK009270,1602,107,471,296,99
307,796,1121,JK009270,1605,346,671,261,98
307,214,351,Meshkat0014420,1689,1170,1307,107,100
307,542,836,Meshkat0014420,1696,0,292,238,99
307,836,1162,Meshkat0014420,1700,709,1034,266,99
307,125,377,JK006476,493,358,626,190,85
307,443,707,JK006476,495,50,501,209,56
307,0,787,ShamAY0036821,878,868,1573,560,88
307,787,1162,ShamAY0036821,879,0,368,301,98
307,475,933,Tafsir02104,169,284,1162,299,40
307,288,397,Sham19Y0147312,726,257,673,86,25
307,818,1061,Sham19Y0147312,730,1277,1546,196,88
307,125,1042,Shamela0004445,94,675,1589,742,99
307,521,674,Shamela0004445,101,792,945,124,100
307,521,850,Shamela0004445,104,904,1419,142,34
307,587,918,JK009158,306,169,706,140,29
307,521,805,Zaydiyya0000062,530,63,380,229,88
307,784,995,Zaydiyya0000062,531,427,699,173,76
307,189,355,Shamela0037458,1244,929,1112,130,90
307,351,591,Shamela0037458,1247,625,865,193,98
307,587,836,Shamela0037458,1250,1167,1415,201,99
307,836,1061,Shamela0037458,1253,432,656,184,99
307,674,850,JK000087,100,95,272,144,99
307,288,397,JK000791,746,530,1000,86,22
307,521,674,JK000791,748,219,372,124,100
307,769,1162,JK000791,749,817,1216,305,93
307,1250,1431,Shamela0021766,1525,1308,1623,104,38
307,587,738,Hindawi085315384,69,1420,1569,121,98
307,738,1162,Hindawi085315384,70,0,423,346,99
307,521,648,Tafsir02011,535,1060,1582,102,24
307,616,995,Shamela0000922,505,0,1013,310,37
307,591,981,Shia003752Vols,351,1308,1695,316,98
307,281,580,Tafsir07076,3306,1358,1604,77,22
307,152,397,JK007018,220,0,690,191,34
307,521,836,JK007018,221,492,849,224,73
307,149,397,JK009396,471,403,724,164,64
307,521,836,JK009396,474,213,1030,255,38
307,836,1061,JK009396,476,216,440,184,99
307,221,587,Sham19Y0023608,1312,0,365,294,99
307,587,1162,Sham19Y0023608,1318,101,674,467,99
307,836,1065,JK000381,4516,784,1013,187,99
307,674,836,JK000381,5472,162,323,131,99
307,218,351,Shamela0001340,104,335,468,104,100
307,152,674,Hindawi036246035,283,456,1056,225,35
307,674,1121,Hindawi036246035,284,101,546,363,99
307,342,587,Hindawi036246035,286,964,1208,197,98
307,85,355,Meshkat00042488,504,682,1429,179,29
307,125,303,Shia003721Vols,1,1374,1551,141,98
307,303,1162,Shia003721Vols,2,0,856,698,99
307,521,674,Shia003721Vols,9,472,624,123,99
307,521,850,Shia003721Vols,12,642,1129,139,36
307,587,1162,Shamela0004473,9163,31,604,467,99
307,624,995,Shamela0004473,9700,0,369,302,99
307,521,805,Shamela0022371,170,1000,1427,161,38
307,125,351,JK010729,136,125,351,180,100
307,730,995,Sham19Y0145435,934,338,623,187,78
307,125,1162,Sham19Y0145435,4923,365,1399,840,99
307,521,674,Sham19Y0145435,4929,1199,1351,124,99
307,836,1121,Sham19Y0145435,4931,681,1202,232,54
307,288,587,Shia002356Vols,369,117,415,242,99
307,521,995,Shia002356Vols,370,54,656,375,76
307,735,1078,Tafsir04038,11,1118,1548,243,67
307,525,885,Tafsir04038,184,670,1421,262,42
307,0,248,Shia002380Vols,235,387,965,159,32
307,558,970,Shia002380Vols,237,374,953,224,43
307,288,388,JK001496,670,268,832,62,13
307,549,1000,JK001496,673,84,602,358,84
307,575,1162,AOCP20251104085,1,758,1390,470,90
307,288,397,Shamela0008473,1915,1313,1422,87,100
307,525,836,Shamela0008473,1919,467,1035,245,52
307,836,1065,Shamela0008473,1920,469,697,187,99
307,591,867,Shia002382Vols,642,179,651,209,54
307,905,1162,Shia002382Vols,643,28,382,209,72
307,0,1162,Shamela0023591,3116,246,1339,885,93
307,119,549,Hindawi018502737,90,1147,1574,343,98
307,549,1162,Hindawi018502737,91,0,611,498,99
307,0,406,Shamela0021821,606,1193,1532,270,83
307,406,1162,Shamela0021821,607,0,756,618,100
307,836,1065,JK000351,76,1206,1435,187,99
307,674,1065,Shia002389Vols,848,1005,1595,302,62
307,735,1125,Shia002389Vols,849,607,1097,280,69
307,674,1065,Shia002389Vols,2338,190,780,302,62
307,244,616,JK009362,458,558,765,130,44
307,198,351,JK009362,2969,0,153,120,100
307,674,836,JK009362,2986,1117,1280,132,99
307,674,1065,Shia001148,100,808,1400,301,62
307,85,440,JK001420,366,776,1466,231,42
307,587,805,JK001420,367,754,1292,175,40
307,587,1121,Hindawi040706146,1,303,926,391,77
307,595,1121,Shamela0003118,1015,495,1175,279,43
307,674,850,JK006478,3914,1372,1548,144,98
307,292,587,JK000082,31,349,550,105,39
307,704,1136,Tafsir08060,174,70,783,319,54
307,674,1065,Shia001387,168,567,1152,296,62
307,0,401,Rafed0003943Vols,411,1308,1642,266,82
307,587,721,Rafed0003943Vols,416,1459,1592,108,99
307,805,1121,Rafed0003943Vols,419,89,404,258,99
307,125,587,Shamela0010273,844,359,820,372,99
307,587,1162,Shamela0010273,848,1032,1605,467,99
307,730,1000,Shamela0007798,334,958,1251,189,78
307,157,401,Tafsir06048,350,1153,1440,163,70
307,730,1087,Tafsir06048,352,475,1139,292,53
307,288,401,Kraken2107192213161,21,966,1081,90,97
307,587,1162,Hindawi020604026,537,321,894,467,99
307,149,355,Sham19Y0014404,459,170,938,144,22
307,125,580,Masaha000554Vols,1589,939,1400,352,92
307,587,990,Masaha000554Vols,1600,189,585,312,93
307,0,458,QuranAnalysis001,65,1140,1531,313,84
307,458,1162,QuranAnalysis001,66,0,702,573,99
307,587,927,Hindawi047174958,12,902,1275,220,72
307,850,1121,JK000916,2472,115,465,196,68
307,46,521,Rafed0001713Vols,822,382,1010,371,73
307,604,1162,Rafed0001713Vols,827,0,556,454,99
307,587,1065,JK000122,1336,232,708,388,99
307,674,836,Shamela0000432,4455,786,946,130,98
307,157,351,JK000940,206,974,1231,114,53
307,587,765,JK000940,209,208,384,125,82
307,587,699,Tafsir04056,108,1386,1497,91,99
307,699,1162,Tafsir04056,109,0,462,377,99
307,735,1087,Tafsir04056,121,1167,1598,250,69
307,730,995,Shamela0009783BK1,76,1036,1322,187,78
307,1162,1495,Shamela0000041,909,513,1048,121,22
307,288,535,Shamela0000041,910,767,1026,197,94
307,521,836,Shamela0000041,912,172,486,255,99
307,0,587,Shamela0023578,1191,858,1560,429,75
307,525,1162,Shamela0023578,1196,885,1589,506,87
308,1176,1580,Sham19Y0020891,2076,105,662,169,29
308,1268,1533,Meshkat00042485,2812,229,727,171,40
308,1245,1398,Shamela0001466,776,993,1435,113,32
308,477,660,Sham19Y0147312,726,257,664,86,23
308,378,669,JK000791,746,360,1000,130,23
308,1185,1580,Shia002356Vols,370,0,364,183,45
308,527,673,Shamela0001419,198,214,571,80,26
308,477,673,JK001496,670,268,845,101,21
308,952,1320,Shia002382Vols,641,521,991,189,48
308,1125,1533,Tafsir01006,499,48,823,263,39
308,226,772,Sham19Y0014404,459,639,1537,195,22
308,1185,1564,Tafsir04042,824,14,322,160,45
308,542,669,Tafsir04056,2855,146,292,67,52
308,477,699,JK000876,447,1106,1576,128,33
309,1332,1610,Shia001432Vols,2481,345,640,219,91
309,1028,1610,JK009268,1951,542,1236,468,82
309,1323,1610,Sham19Y0023618,627,858,1202,230,81
309,1028,1323,Rafed0003257Vols,2380,1296,1638,229,81
309,1323,1610,Rafed0003257Vols,2381,0,288,236,99
309,962,1355,JK009270,1607,531,989,289,75
309,1355,1610,JK009270,1612,317,573,209,99
309,1151,1566,JK006476,500,54,839,336,52
309,570,1128,Tafsir01005,2366,200,727,187,29
309,271,1355,ShamAY0036821,879,0,632,506,57
309,770,1069,Meshkat00042485,2817,1248,1527,139,41
309,1355,1610,JK000081,179,1279,1534,209,99
309,185,713,Sham19Y0147312,730,908,1546,269,45
309,1134,1355,Sham19Y0013550,243,836,1454,179,35
309,1348,1556,Zaydiyya0000062,534,0,208,169,100
309,1185,1539,JK000087,463,380,733,287,99
309,1355,1610,Sham19Y0009800,169,542,798,209,99
309,918,1355,JK007018,222,37,607,285,55
309,1092,1355,JK009396,478,820,1099,184,79
309,1276,1610,JK009396,479,132,618,216,47
309,1081,1355,Sham19Y0023608,1323,960,1232,221,99
309,1397,1610,Sham19Y0023608,1327,0,214,174,99
309,1355,1610,JK000381,1116,548,803,209,99
309,1092,1610,Shamela0022371,171,831,1220,145,26
309,774,1355,Shia002356Vols,371,809,1358,354,65
309,1313,1610,Shia002356Vols,372,1102,1483,241,76
309,918,1556,Tafsir04038,185,279,1178,342,39
309,151,713,Shia002380Vols,237,818,1493,251,37
309,774,1196,JK001496,675,456,1040,179,29
309,271,1240,AOCP20251104085,1,971,1542,421,53
309,1128,1355,Shamela0008473,1924,630,1181,174,38
309,1403,1610,Shamela0008473,1925,0,208,169,99
309,268,1355,Shamela0023591,3116,962,1611,524,59
309,268,1355,Hindawi018502737,91,234,883,524,59
309,102,713,Shamela0021821,607,298,655,291,58
309,1028,1610,Shamela0021821,611,649,1357,462,80
309,1185,1610,JK001420,369,338,1064,259,39
309,1155,1355,Shia000181,59,1263,1463,161,98
309,1167,1610,Shamela0022653,288,122,568,346,93
309,271,1172,Tafsir08060,174,269,1007,341,37
309,1196,1610,Rafed0003943Vols,422,0,414,339,99
309,1355,1610,Shamela0010273,853,272,528,209,99
309,151,298,Shamela0007798,4016,1264,1386,74,63
309,1155,1355,Shamela0007798,4029,929,1459,162,37
309,210,496,Tafsir01006,500,79,617,136,30
309,770,992,Tafsir01006,500,1455,1642,84,33
309,962,1471,Tafsir06048,353,218,1296,384,43
309,268,1355,Hindawi020604026,537,517,1166,524,59
309,1167,1610,JK000379,45,51,496,345,93
309,268,1610,QuranAnalysis001,66,325,1230,733,66
309,918,1355,JK000028,294,20,384,292,82
309,1081,1610,Rafed0001713Vols,830,696,1224,430,99
309,1081,1355,JK000122,1118,751,1124,221,72
309,102,713,Tafsir04056,109,5,361,290,58
309,1155,1556,Shamela0000041,915,938,1338,325,99
309,102,713,Shamela0023578,1196,1130,1488,291,58
309,1037,1610,Shamela0023578,1199,0,602,456,91
309,1313,1516,Shamela0023578,1201,501,1110,161,32
309,612,1016,JK000876,450,778,1237,178,45
310,460,819,Meshkat00042485,2820,745,1187,201,49
310,631,819,JK000906,3162,1378,1630,89,38
310,708,1359,JK000818,188,23,595,214,32
310,119,650,Meshkat00042488,509,283,1247,206,25
310,823,1359,Shia002356Vols,372,1052,1390,193,40
310,234,1154,Shia002380Vols,238,126,1032,363,40
310,478,859,JK001496,676,400,1209,179,23
310,447,1154,Shia002382Vols,643,880,1572,301,41
310,460,935,Tafsir01006,501,935,1577,242,42
310,460,819,Rafed0001713Vols,831,713,1536,204,29
310,790,1499,Shamela0000041,916,27,814,255,30
311,1218,1583,Shia001432Vols,21561,0,366,292,98
311,742,1129,Shamela0023632,1311,73,455,298,96
311,1120,1318,Shamela0023632,1315,276,474,157,98
311,1314,1583,Shamela0023632,1316,994,1264,217,99
311,1278,1515,Shamela0000894,732,660,953,191,80
311,109,882,JK009268,1951,1174,1612,351,56
311,958,1583,JK009268,1964,857,1483,506,99
311,958,1314,Sham19Y0023618,632,52,742,198,32
311,1278,1583,Sham19Y0023618,633,40,373,247,91
311,867,1314,Shamela0023628,1296,178,671,362,90
311,1285,1583,Shamela0023628,1299,703,1023,228,88
311,958,1124,Rafed0003257Vols,2409,1028,1190,132,97
311,1120,1583,Rafed0003257Vols,2412,582,1046,374,99
311,969,1263,Tafsir09083,458,623,1408,234,36
311,1120,1318,Sham19Y0020891,2096,959,1157,157,98
311,958,1124,Sham19Y0020891,2096,79,245,133,98
311,1314,1583,Sham19Y0020891,2097,141,411,217,99
311,958,1318,JK000362,969,537,990,182,50
311,1314,1436,JK010001,1504,1483,1604,97,99
311,1436,1583,JK010001,1505,0,148,120,99
311,1314,1444,JK010001,3048,1337,1467,104,100
311,1372,1583,JK010001,3067,222,434,172,99
311,399,958,JK009270,1615,730,1187,310,65
311,958,1314,JK009270,1618,594,949,289,99
311,1314,1583,JK009270,1621,339,609,217,99
311,1120,1314,Meshkat0014420,1721,1037,1231,157,100
311,1314,1583,Meshkat0014420,1723,463,733,217,99
311,1314,1424,Sham19Y0017581,159,81,191,87,100
311,1044,1278,JK006476,503,1322,1561,191,97
311,1318,1583,JK006476,504,704,1165,131,33
311,1372,1515,Shamela0006879,34,234,376,115,99
311,1251,1515,ShamAY0036821,903,256,489,181,84
311,1314,1515,ShamAY0036821,904,0,201,160,99
311,958,1120,Sham19Y0147312,739,610,771,132,99
311,1120,1314,Sham19Y0147312,739,1320,1514,157,100
311,1278,1515,Sham19Y0147312,740,1060,1359,185,76
311,1227,1583,JK000058,21,0,355,287,99
311,1120,1366,Sham19Y0013550,248,1073,1324,159,79
311,878,1307,Zaydiyya0000062,537,867,1453,319,65
311,1278,1508,Zaydiyya0000062,538,572,841,185,85
311,958,1120,Shamela0006947,1570,88,250,132,100
311,1314,1462,Shamela0006947,8587,30,178,119,100
311,958,1314,Shamela0037458,1280,315,1042,288,48
311,1278,1515,Shamela0037458,1281,1038,1312,191,86
311,958,1301,JK000791,757,1222,1564,278,99
311,1233,1488,JK000791,758,1222,1635,188,57
311,1318,1583,Shamela0022712,123,961,1227,214,99
311,1051,1278,Shamela0022712,124,1285,1511,185,99
311,1318,1536,Shamela0022712,372,1292,1509,176,99
311,1120,1314,Shamela0000922,510,754,948,157,100
311,1227,1515,Shamela0000922,511,383,950,208,46
311,109,900,Sham19Y0009800,169,736,1193,365,57
311,1366,1515,Tafsir07076,3350,658,808,119,98
311,1120,1583,Tafsir07076,7269,303,767,374,99
311,1366,1583,Hindawi086930379,94,604,822,177,99
311,595,1120,JK007018,223,541,1081,407,93
311,1153,1583,JK007018,224,0,438,348,98
311,1197,1351,Hindawi095926405Vols,1063,1471,1649,123,85
311,900,1120,JK009396,481,1303,1523,179,100
311,1190,1583,JK009396,482,1057,1533,236,50
311,928,1314,JK009396,482,328,657,192,56
311,1120,1505,Sham19Y0023608,1341,1204,1588,310,99
311,1424,1583,Shamela0004482,362,774,933,129,98
311,958,1120,Sham19Y0016953Vols,1521,142,304,132,100
311,958,1120,JK000381,83,1381,1543,132,100
311,1314,1583,JK000381,1909,290,560,217,99
311,1314,1579,JK000381,3297,80,345,170,81
311,958,1133,JK000381,3915,221,396,137,96
311,958,1120,JK000381,5738,710,871,132,99
311,1197,1575,Shamela0001340,139,31,390,205,59
311,958,1318,Meshkat00042488,513,476,1453,291,36
311,1233,1515,Meshkat00042488,514,283,768,226,58
311,777,1296,ShamIbadiyya0000075,270,656,1582,408,54
311,958,1120,Shamela0012034,555,1343,1505,132,100
311,1372,1583,Rafed0003726Vols,448,1178,1390,172,99
311,1314,1583,Shamela0004473,1391,96,366,217,99
311,913,1120,ShamAY0033108,637,1129,1491,140,45
311,785,1314,Shia002356Vols,374,648,1331,413,74
311,1233,1583,Shia002356Vols,375,488,882,248,75
311,792,1583,Tafsir04038,186,416,1367,435,48
311,0,327,Shia002380Vols,239,22,765,171,26
311,900,1328,Shia002380Vols,240,703,1530,334,49
311,399,900,Sham19Y0014827,447,855,1389,321,70
311,1314,1583,Shamela0001419,201,427,651,178,81
311,1314,1583,JK001496,680,1244,1519,213,96
311,958,1314,JK001496,680,31,645,288,57
311,521,761,Shamela0008473,1931,115,446,156,57
311,829,1314,Shamela0008473,1932,392,1477,309,32
311,1197,1583,Shamela0008473,1933,873,1527,312,59
311,1314,1583,Shamela0008473,2621,945,1215,217,99
311,1397,1583,Shamela0008473,3047,1078,1265,152,99
311,965,1227,Shia002382Vols,650,0,537,213,48
311,1314,1583,Tafsir07055,1569,1241,1511,217,99
311,1314,1444,Tafsir07055,3139,628,758,104,100
311,1372,1583,Tafsir07055,3157,198,410,172,99
311,785,1397,Tafsir05047,258,154,1122,287,36
311,1120,1372,Shamela0010900,102,341,593,202,100
311,958,1120,Shamela0008983,1,721,883,132,100
311,109,1296,Shamela0023591,3151,725,1577,686,71
311,1296,1583,Shamela0023591,3152,0,288,232,99
311,928,1124,Shamela0023591,3164,362,560,142,83
311,1064,1314,JK009266,4056,79,346,175,79
311,1296,1515,JK009266,4059,221,449,176,96
311,1429,1561,Tafsir10098,902,48,180,107,100
311,1120,1314,Shamela0002386,321,1236,1430,157,100
311,595,969,Shamela0021821,614,401,797,283,89
311,913,1583,Shamela0021821,616,116,870,537,87
311,1314,1579,JK000077,92,1271,1537,170,80
311,958,1120,Shamela0007663,66,1214,1375,132,99
311,1366,1583,Shia002389Vols,865,1027,1445,133,39
311,1372,1583,ShamIbadiyya0000107,24,1107,1317,167,97
311,1105,1583,JK009362,3033,758,1267,386,93
311,900,1515,JK001420,371,310,1002,351,56
311,1314,1528,JK009257,259,1382,1596,172,99
311,1372,1508,Zaydiyya0000074,5,1475,1611,110,100
311,1314,1583,JK006478,3945,475,749,213,96
311,913,1418,Tafsir08060,176,34,850,308,42
311,109,761,Rafed0003943Vols,422,352,670,255,48
311,958,1583,Rafed0003943Vols,430,139,765,506,99
311,624,958,Shamela0010273,855,909,1243,268,100
311,958,1124,Shamela0010273,857,655,1285,56,9
311,1120,1318,Shamela0010273,858,203,402,157,97
311,1314,1583,Shamela0010273,859,159,429,217,99
311,1051,1314,Shamela0007798,4051,272,775,215,52
311,1258,1515,Shamela0007798,4056,840,1149,194,76
311,846,1197,Tafsir06048,355,256,1116,278,40
311,1274,1583,Tafsir06048,356,0,633,248,48
311,1314,1515,Tafsir06048,991,521,722,161,100
311,996,1515,Sham19Y0014404,466,158,1379,370,36
311,1314,1515,Rafed0003799Vols,204,877,1078,161,100
311,1051,1251,Meshkat00057178,1463,1180,1607,127,32
311,1197,1521,Meshkat00057178,1465,89,750,225,39
311,1314,1583,Masaha000554Vols,1632,1064,1336,213,96
311,109,878,QuranAnalysis001,66,1168,1602,348,55
311,878,1583,QuranAnalysis001,67,0,706,570,99
311,1314,1515,ShamAY0037387,227,1395,1598,161,99
311,900,1557,Rafed0001713Vols,836,762,1546,531,83
311,1366,1515,ShamIbadiyya0000115,98,551,699,111,87
311,1314,1424,JK001414,2521,170,280,87,100
311,1139,1363,Tafsir04056,2935,871,1553,170,31
311,958,1120,JK006950,42,941,1102,132,99
311,1424,1583,Tafsir02094,180,1240,1414,130,91
311,1314,1488,Tafsir02094,1203,959,1133,140,100
311,129,761,Shamela0000041,917,790,1101,249,48
311,679,1051,Shamela0000041,918,982,1408,290,85
311,867,1307,Shamela0000041,919,610,1512,351,48
311,1205,1583,Shamela0000041,920,798,1305,301,73
311,797,1120,Shamela0023578,1203,0,324,261,98
311,812,1583,Shamela0023578,1205,296,1415,620,68
312,1060,1496,JK009268,1964,857,1096,188,53
312,682,1496,Tafsir09083,458,120,1212,359,34
312,1060,1496,JK009270,1618,594,832,188,52
312,7,455,Meshkat00042485,2827,550,1056,189,37
312,520,884,Meshkat00042485,2828,644,1091,202,48
312,686,1149,Meshkat00042485,2829,1053,1370,168,39
312,677,1245,Shamela0022769,498,475,991,209,39
312,1054,1496,Shamela0037458,1280,307,925,208,34
312,1060,1496,JK000791,757,1222,1461,188,53
312,895,1510,Shia002380Vols,240,757,1224,278,49
312,1060,1510,JK001496,680,208,779,143,25
312,895,1496,Shamela0008473,1932,680,1360,239,31
312,1067,1516,Shia002382Vols,650,0,440,226,48
312,789,1496,Shamela0023591,3151,1149,1479,261,45
312,1060,1496,Rafed0003943Vols,430,139,378,188,53
312,7,931,Tafsir01006,503,514,1580,418,39
312,931,1510,Tafsir01006,504,0,659,270,38
312,800,1496,QuranAnalysis001,67,0,319,252,44
312,7,474,Rafed0001713Vols,835,15,511,203,40
312,520,1496,Rafed0001713Vols,836,71,1187,465,41
312,1060,1510,Rafed0001713Vols,837,72,816,233,35
312,633,1496,Shamela0000041,919,530,1403,355,39
312,800,1510,JK000876,454,308,1219,311,37
313,1301,1493,Shamela0008381,867,155,352,154,95
313,206,1296,Shia001432Vols,21561,21,1187,368,28
313,1324,1480,Shia001432Vols,22516,0,156,127,100
313,1301,1531,Shamela0023632,1319,400,631,189,99
313,1301,1493,Shamela0000894,1118,1363,1572,154,90
313,1375,1531,JK009268,1965,0,157,128,99
313,1046,1531,Sham19Y0023618,634,300,737,240,52
313,1242,1531,Shamela0023628,1301,594,933,217,78
313,1004,1531,Rafed0003257Vols,2412,962,1284,262,60
313,1019,1480,Sham19Y0020891,2098,868,1354,213,44
313,1301,1493,JK000030,264,21,219,152,93
313,1242,1531,JK009270,1622,1015,1339,208,77
313,1301,1480,Meshkat0014420,1725,1159,1338,146,100
313,1301,1480,Sham19Y0009763,114,1395,1583,146,94
313,1242,1480,JK006476,504,1142,1357,171,87
313,1046,1531,JK006476,505,73,810,146,17
313,335,1137,Meshkat00042485,2832,762,1484,322,43
313,1117,1428,Sham19Y0147312,743,0,343,187,62
313,23,869,Shamela0022769,499,55,1105,371,37
313,1301,1428,Sham19Y0013550,249,54,181,104,100
313,1009,1493,Zaydiyya0000062,539,233,760,260,52
313,1301,1509,Shamela0006947,14527,1145,1301,129,75
313,1004,1428,Shamela0037458,1283,84,329,190,55
313,1046,1428,JK000791,760,59,343,172,48
313,1004,1428,Shamela0000922,512,97,428,141,29
313,1301,1428,Tafsir07076,3352,769,896,104,100
313,1289,1531,Tafsir07076,3354,197,1046,192,27
313,1004,1531,JK007018,224,351,1183,268,33
313,1301,1493,JK009396,483,639,845,151,89
313,1301,1480,Sham19Y0023608,1344,1405,1584,146,100
313,1052,1428,Meshkat00042488,515,0,445,187,44
313,40,1107,Shia002356Vols,375,231,1596,392,28
313,1113,1531,Shia002356Vols,376,6,457,256,67
313,370,621,Shia002380Vols,241,0,179,109,55
313,1216,1531,Shia002380Vols,241,773,1271,227,53
313,1082,1493,JK001496,681,590,995,252,70
313,629,1364,Tafsir02102,1795,18,1348,303,24
313,1301,1480,Shamela0008473,1935,338,517,146,100
313,1279,1480,JK009265,358,210,414,151,92
313,1004,1531,Shamela0023591,3152,204,526,262,60
313,1301,1445,JK009266,4064,1058,1202,108,93
313,783,1531,Shamela0021821,617,838,1481,341,50
313,1301,1428,Shia004549Vols,382,927,1054,104,100
313,887,1368,JK000875,107,27,329,103,23
313,1162,1428,JK001420,372,366,622,125,54
313,1004,1531,Rafed0003943Vols,430,681,1003,262,60
313,335,1296,Shamela0010273,859,455,1397,391,43
313,1301,1480,Shamela0010273,860,380,559,146,100
313,1272,1428,Shamela0007798,4059,1190,1350,110,85
313,26,895,Tafsir01006,504,694,1593,390,42
313,833,1275,Tafsir04003,1561,301,950,164,30
313,0,594,Sham19Y0014404,466,824,1601,275,36
313,788,1471,Sham19Y0014404,467,254,1245,290,29
313,1301,1428,Meshkat00057178,1467,155,282,104,100
313,1004,1531,QuranAnalysis001,67,622,944,262,60
313,405,1480,Rafed0001713Vols,838,0,1246,538,47
313,1004,1428,Shamela0000041,920,1221,1439,177,51
313,550,1531,Shamela0000041,921,173,1584,476,36
313,1408,1531,Shamela0023578,1208,298,616,102,38
313,310,1381,JK000876,455,83,1389,464,36
314,0,305,Shia001432Vols,2419,1365,1670,243,98
314,305,595,Shia001432Vols,2420,0,290,239,100
314,595,1101,Shamela0023632,1319,400,664,206,50
314,33,219,Shamela0023632,1321,433,619,150,100
314,219,415,Shamela0023632,1323,264,460,158,100
314,415,595,Shamela0023632,1324,846,1026,149,100
314,0,219,JK009268,1965,157,376,177,100
314,219,595,JK009268,1973,1203,1579,307,100
314,595,1101,Sham19Y0023618,634,506,770,206,50
314,33,219,Sham19Y0023618,635,398,584,150,100
314,219,586,Sham19Y0023618,636,22,396,264,86
314,0,219,Shamela0023628,1301,933,1152,177,100
314,325,520,Shamela0023628,1307,1055,1311,156,72
314,219,595,Sham19Y0037562,86,636,1455,270,40
314,0,225,Rafed0003257Vols,2412,1284,1510,179,98
314,81,595,Rafed0003257Vols,2421,568,1383,419,63
314,1016,1148,Sham19Y0020891,2101,316,463,109,89
314,219,415,Sham19Y0020891,2103,694,890,158,100
314,279,441,Sham19Y0020891,5714,818,962,117,88
314,212,441,Sham19Y0020891,6658,521,731,168,90
314,33,275,JK010001,3049,1309,1573,195,90
314,577,1101,JK009270,1622,1070,1372,211,47
314,18,586,JK009270,1624,538,1138,427,88
314,0,219,Meshkat0014420,1728,250,469,177,100
314,212,415,Meshkat0014420,1731,756,958,161,98
314,415,595,Meshkat0014420,1733,901,1081,149,100
314,166,484,JK006476,507,154,433,188,66
314,382,595,JK006476,507,1337,1556,177,97
314,212,415,Shamela0006879,34,600,802,161,98
314,219,487,ShamAY0036821,907,1042,1568,177,41
314,595,797,Meshkat00042485,2833,1159,1594,117,32
314,33,219,Sham19Y0147312,745,584,770,150,100
314,315,520,Sham19Y0147312,747,599,985,155,47
314,53,465,Tafsir02067,310,205,971,332,53
314,172,441,Sham19Y0013550,250,153,541,164,50
314,33,243,Sham19Y0013550,589,923,1129,152,89
314,586,818,Zaydiyya0000062,539,734,1155,140,38
314,0,212,Zaydiyya0000062,540,345,559,171,99
314,182,556,Zaydiyya0000062,541,105,531,285,81
314,859,1101,Shamela0037458,1284,1309,1501,134,63
314,6,219,Shamela0037458,1285,800,1013,172,100
314,219,415,Shamela0037458,1287,732,928,158,100
314,33,219,JK000791,762,498,684,150,100
314,219,484,JK000791,764,935,1160,179,83
314,741,932,Shamela0021766,1549,267,595,137,52
314,0,219,Shamela0000922,513,359,677,177,68
314,219,556,Tafsir07076,4474,447,879,184,48
314,0,219,JK007018,224,1183,1405,176,98
314,219,595,JK007018,225,18,403,306,97
314,0,219,Shamela0037325,1361,808,1027,177,100
314,415,556,Hindawi095926405Vols,708,1492,1633,117,100
314,895,1148,Zaydiyya0000295Vols,2199,681,1412,164,27
314,0,219,JK009396,484,539,758,177,100
314,255,595,JK009396,485,0,340,278,100
314,0,219,Sham19Y0023608,1346,445,664,177,100
314,219,595,Sham19Y0023608,1348,793,1169,307,100
314,881,1148,Meshkat00042488,515,1080,1552,160,41
314,0,219,Meshkat00042488,516,0,260,177,84
314,320,520,Meshkat00042488,517,376,860,162,40
314,766,1582,ShamIbadiyya0000075,272,0,842,388,44
314,33,357,Shamela0022371,172,511,834,260,99
314,0,1269,Shia002356Vols,376,457,1547,404,29
314,279,595,Shamela0001038,510,709,944,172,67
314,33,465,Tafsir04038,187,728,1432,292,52
314,595,1416,Shia002380Vols,241,846,1610,358,41
314,193,446,Shia002380Vols,242,557,1106,206,46
314,33,219,JK001496,682,1344,1532,150,98
314,853,1140,Tafsir02102,1798,443,1079,121,20
314,0,219,Shamela0008473,1939,693,912,177,100
314,415,595,Shamela0008473,1942,28,208,149,100
314,415,595,Shamela0008473,1945,1270,1506,149,76
314,595,1365,Shia002382Vols,651,310,1323,353,34
314,187,428,Shia002382Vols,652,289,944,196,36
314,423,595,JK009265,433,1176,1348,142,100
314,33,279,Tafsir07055,3140,589,855,198,92
314,0,595,Shamela0023591,3152,526,1121,484,100
314,33,219,JK009266,4069,677,863,150,100
314,348,595,Shamela0021821,620,1020,1394,205,66
314,182,484,Shamela0021821,620,238,562,202,70
314,219,415,JK009362,3053,262,463,158,97
314,415,595,JK009362,3057,966,1146,149,100
314,212,501,Shamela0010463,294,1261,1548,232,98
314,315,595,Shia001174Vols,2153,233,522,231,96
314,0,219,JK001420,373,210,446,165,86
314,331,520,JK001420,374,954,1202,147,71
314,279,595,JK009349,14,1171,1409,172,66
314,0,219,JK006478,3951,852,1073,177,98
314,43,484,Tafsir08060,177,301,1354,327,38
314,0,415,Rafed0003943Vols,430,1003,1419,335,99
314,415,595,Rafed0003943Vols,432,1005,1185,149,100
314,0,219,Shamela0010273,861,720,939,177,100
314,219,595,Shamela0010273,863,108,484,307,100
314,33,219,Shamela0007798,4069,269,455,150,100
314,586,1148,Tafsir01006,505,366,1674,326,30
314,595,830,Tafsir04003,1563,93,699,120,24
314,586,1101,Sham19Y0014404,467,841,1553,256,40
314,26,219,Sham19Y0014404,468,0,193,156,100
314,357,520,Sham19Y0014404,469,264,548,135,57
314,6,219,Meshkat00057178,1468,1391,1614,172,95
314,0,219,Masaha000554Vols,1636,551,770,172,96
314,0,595,QuranAnalysis001,67,944,1539,484,100
314,26,219,Rafed0003537Vols,418,698,892,151,96
314,0,219,Rafed0001713Vols,839,1225,1445,177,99
314,283,595,Rafed0001713Vols,841,0,312,256,100
314,595,1101,Shamela0000041,921,917,1617,255,40
314,46,219,Shamela0000041,922,0,173,140,100
314,219,556,Shamela0000041,923,1186,1528,258,93
314,0,219,Shamela0023578,1206,74,294,177,98
314,651,1269,Shamela0023578,1208,5,797,251,33
314,219,595,Shamela0023578,1209,825,1200,307,99
314,762,1294,JK000876,456,0,694,255,38
315,993,1632,Shia001432Vols,2420,152,624,381,72
315,1385,1632,Shamela0023632,1327,731,979,204,99
315,252,803,JK009268,1973,1197,1449,202,45
315,1351,1632,JK009268,1974,0,282,232,99
315,1157,1468,Sham19Y0023618,637,1193,1437,202,78
315,1272,1632,Sham19Y0023618,638,0,822,238,33
315,1063,1492,Shamela0023628,1311,47,471,232,57
315,258,803,Rafed0003257Vols,2421,1007,1253,197,44
315,993,1536,Rafed0003257Vols,2421,1245,1619,300,67
315,764,1468,Sham19Y0020891,2105,6,365,269,46
315,1290,1468,JK010001,3264,584,764,145,97
315,1063,1632,JK009270,1627,456,1059,354,65
315,1299,1468,Meshkat0014420,1736,11,180,140,100
315,1157,1581,JK006476,508,459,1207,295,46
315,654,1376,Zaydiyya0000062,542,284,941,262,36
315,1038,1468,Shamela0037458,1291,154,531,241,66
315,1299,1468,JK000365,2144,1149,1318,140,100
315,1299,1468,Shamela0012014,162,1457,1626,140,100
315,1290,1632,JK007018,225,986,1339,275,94
315,1299,1480,Shia003744Vols,123,1037,1254,149,82
315,1299,1632,JK009396,486,908,1404,274,66
315,252,1107,JK000818,190,813,1526,328,38
315,1157,1632,JK000818,191,73,862,341,51
315,1299,1468,Meshkat00042488,518,945,1481,140,31
315,759,1501,Shia002356Vols,378,837,1421,244,31
315,1063,1632,Shia002380Vols,243,624,1595,352,41
315,654,1498,JK001496,684,687,1158,287,39
315,1281,1468,Shamela0008473,4101,463,650,148,95
315,439,839,Shia002382Vols,652,593,1173,209,39
315,1371,1626,Shia002382Vols,656,0,732,171,26
315,1290,1468,Tafsir07055,3352,479,659,145,97
315,993,1632,Shamela0023591,3152,983,1455,381,72
315,258,803,Shamela0023591,3152,745,991,197,44
315,993,1468,ShamIbadiyya0000007,217,1114,1420,246,62
315,658,1342,Tafsir10098,500,663,1401,225,27
315,158,501,Shamela0021821,620,104,884,157,21
315,1192,1480,Shamela0021821,621,665,950,196,78
315,1299,1480,JK009362,3060,1169,1375,143,84
315,1157,1575,Shamela0010463,295,19,370,286,83
315,993,1468,Shamela0009292,43,146,531,258,62
315,1239,1632,JK001420,375,206,1174,279,33
315,1299,1480,JK006478,3966,94,292,149,90
315,993,1632,Rafed0003943Vols,432,1047,1519,381,72
315,258,803,Shamela0010273,863,108,354,197,44
315,993,1468,Shamela0010273,864,1087,1549,246,50
315,1299,1468,Shamela0007798,4087,105,1122,85,9
315,1319,1575,Shamela0007798,4090,277,596,205,76
315,1293,1468,Sham19Y0014404,470,31,347,142,54
315,258,803,QuranAnalysis001,67,1163,1409,197,44
315,1361,1632,QuranAnalysis001,68,0,272,224,99
315,1157,1501,Rafed0001713Vols,843,888,1258,220,61
315,1299,1468,Tafsir04056,157,474,643,140,100
315,158,877,Shamela0000041,923,1060,1528,289,46
315,1063,1575,Shamela0000041,926,0,501,252,55
315,993,1632,Shamela0023578,1209,1062,1536,381,71
315,242,803,Shamela0023578,1209,811,1070,201,44
316,56,295,Shia001432Vols,1897,919,1158,191,100
316,111,295,Shamela0023632,1330,356,540,146,100
316,0,295,JK009268,1974,282,577,237,100
316,0,307,Sham19Y0023618,638,822,1142,247,95
316,0,307,Shamela0023628,1312,576,883,247,100
316,56,254,Sham19Y0037562,85,93,291,158,100
316,0,301,Rafed0003257Vols,2422,97,398,239,99
316,56,315,Sham19Y0020891,2052,607,854,198,95
316,7,295,Sham19Y0020891,2109,362,686,217,84
316,56,198,JK009270,1629,1394,1535,114,99
316,712,962,Shamela0000140,1143,1248,1518,184,82
316,56,295,Meshkat0014420,1740,897,1136,191,100
316,0,315,JK006476,509,794,1128,244,91
316,111,295,ShamAY0036821,910,300,484,146,100
316,500,715,Meshkat00042485,2845,1382,1588,150,82
316,1001,1472,Meshkat00042485,2848,443,892,234,46
316,111,295,Sham19Y0147312,751,365,549,146,100
316,164,295,JK001000,80,0,131,103,100
316,111,324,Sham19Y0013550,250,603,803,153,90
316,35,288,Zaydiyya0000062,544,97,392,203,85
316,31,295,Shamela0037458,1293,253,530,212,95
316,111,295,Noorlib0035479,85,666,850,146,100
316,111,295,JK000791,769,126,310,146,100
316,0,295,Shamela0000922,514,715,1295,237,50
316,56,315,Tafsir07076,123,7,254,198,95
316,111,315,Tafsir07076,205,230,422,153,94
316,56,254,Tafsir07076,4579,608,938,158,60
316,56,223,ShamAY0038316,143,57,278,134,75
316,68,295,JK009396,487,0,227,181,100
316,56,295,Sham19Y0023608,1356,885,1124,191,100
316,111,315,Sham19Y0095660,1077,463,655,153,94
316,56,223,JK000381,2696,278,445,134,100
316,56,254,JK000381,4235,84,650,158,34
316,869,1597,JK000818,191,422,1199,325,40
316,111,295,Meshkat00042488,520,0,184,146,100
316,111,295,Shamela0022371,173,494,678,146,100
316,0,295,Shia002356Vols,379,482,1208,234,40
316,56,270,JK000166,8993,648,862,171,100
316,111,295,Tafsir04038,190,660,967,146,59
316,295,1356,Shia002380Vols,243,873,1626,413,44
316,7,315,JK001496,686,147,484,224,81
316,56,254,Tafsir02102,503,225,822,158,33
316,56,270,Tafsir02102,1740,638,852,171,100
316,56,295,Shamela0008473,1950,245,484,191,100
316,523,715,Shia002382Vols,655,0,208,122,68
316,111,295,Noorlib0010712,78,951,1135,146,100
316,371,1293,Tafsir05047,260,1001,1636,222,24
316,0,171,Shamela0023591,3152,1455,1625,139,99
316,171,295,Shamela0023591,3153,0,124,98,100
316,56,211,AOCP20251104043,26,1140,1296,121,97
316,81,315,Shamela0021821,624,0,222,177,94
316,148,295,Shia002389Vols,874,102,277,116,84
316,111,301,Rafed0002565Vols,55,911,1240,147,56
316,56,254,Shamela0009220,5,779,1345,158,34
316,111,315,JK006478,3970,298,492,153,94
316,56,211,Rafed0003943Vols,434,1379,1533,124,99
316,0,219,Shamela0010273,865,1426,1644,177,99
316,962,1610,Shamela0010273,866,268,1297,325,34
316,111,315,Shamela0007798,4093,677,869,153,94
316,295,715,Tafsir01006,507,1027,1400,257,67
316,81,295,Sham19Y0014404,471,0,361,170,59
316,111,295,Meshkat00057178,1477,711,895,146,100
316,179,295,Masaha000554Vols,1649,0,116,92,100
316,0,295,QuranAnalysis001,68,272,567,237,100
316,7,295,Rafed0001713Vols,844,1146,1558,231,69
316,81,307,Shamela0000041,927,0,237,180,95
316,968,1531,Shamela0000041,927,225,1133,280,32
316,0,295,Shamela0023578,1213,663,1001,237,87
316,111,295,Noorlib0010584,7,718,902,146,100
316,111,295,Noorlib0010584,102,278,462,146,100
317,877,1296,Shia001432Vols,3456,385,802,326,96
317,355,655,Shia001432Vols,26837,301,601,244,99
317,355,659,Shia001432Vols,27031,175,479,244,98
317,355,655,Shia001432Vols,27885,917,1217,243,99
317,489,655,Shia001432Vols,28064,95,261,134,99
317,355,664,Shia001432Vols,29357,128,433,248,98
317,348,664,Shia001432Vols,30765,805,1126,250,95
317,655,900,Shamela0023632,1336,326,571,195,98
317,877,1139,Shamela0023632,1340,577,841,198,95
317,1139,1296,Shamela0023632,1342,187,344,130,100
317,348,896,JK009268,1983,1055,1601,441,98
317,731,1261,JK009268,2009,986,1655,364,63
317,655,896,Sham19Y0023618,642,0,241,195,100
317,877,1296,Sham19Y0023618,643,507,921,328,97
317,1112,1296,Sham19Y0023618,644,315,557,151,76
317,655,896,Shamela0023628,1326,1059,1300,195,100
317,877,1139,Shamela0023628,1331,124,388,198,95
317,1112,1296,Shamela0023628,1333,682,900,151,84
317,265,858,Rafed0003257Vols,2429,963,1601,451,83
317,877,1318,Rafed0003257Vols,2438,341,769,327,92
317,355,655,Masaha000722Vols,179,1025,1325,245,100
317,921,1139,Tafsir09083,467,687,1360,167,31
317,532,896,Sham19Y0020891,2114,36,400,295,100
317,993,1139,Sham19Y0020891,2121,231,377,115,100
317,655,896,Shamela0023606,213,445,686,195,100
317,896,1304,Hindawi019640759,3,492,900,322,98
317,900,1139,Tafsir09068,414,761,1479,173,30
317,532,807,JK009270,1635,269,544,221,99
317,807,1034,JK009270,1638,193,419,180,99
317,1034,1234,JK009270,1641,1316,1515,162,98
317,1084,1296,Shamela0005756,15502,401,615,174,99
317,896,1296,Meshkat0014420,1752,250,648,321,99
317,681,1211,JK006476,512,517,1306,422,66
317,867,1296,JK006476,513,86,1020,337,45
317,655,1075,ShamAY0036821,914,1146,1553,323,96
317,1075,1296,ShamAY0036821,915,0,218,174,95
317,896,1296,Shamela0004445,144,337,737,321,100
317,435,800,Zaydiyya0000062,545,737,1255,263,61
317,807,1058,Zaydiyya0000062,547,271,523,181,88
317,1011,1204,Zaydiyya0000062,548,54,307,154,74
317,24,265,Shamela0037458,1293,1182,1518,133,48
317,655,896,Shamela0037458,1300,769,1010,195,100
317,1139,1296,Shamela0037458,1305,1268,1425,130,100
317,358,655,Masaha001075,55,0,297,243,100
317,348,659,Masaha001075,165,481,792,248,98
317,355,655,Masaha001075,195,24,323,244,99
317,896,1139,JK000791,775,722,965,191,100
317,24,405,Shamela0021766,1559,277,971,224,39
317,24,251,Tafsir02011,549,1115,1552,141,39
317,787,1211,Shamela0000922,517,1050,1504,172,37
317,595,884,JK007018,226,1270,1575,205,78
317,896,1296,JK007018,227,667,1083,319,95
317,655,896,JK009396,489,890,1131,195,100
317,945,1296,JK009396,490,0,351,282,100
317,746,896,Sham19Y0023608,1369,0,150,122,100
317,858,1296,Sham19Y0023608,1374,270,1052,347,55
317,348,655,Shamela0010488,475,1065,1371,247,98
317,1045,1296,Meshkat00042488,524,49,1079,197,23
317,896,1296,Shia003721Vols,51,1142,1543,321,99
317,993,1139,Shia003721Vols,60,939,1205,115,54
317,348,655,Shamela0021537,48,1099,1406,248,99
317,355,655,Shamela0021537,1413,861,1161,245,100
317,543,1072,Rafed0003726Vols,455,887,1520,298,54
317,355,655,Shamela0004473,1362,632,932,245,100
317,896,1296,Shamela0004473,3841,1112,1344,179,56
317,655,900,Shamela0004473,5963,722,977,195,94
317,926,1211,Shamela0004473,6067,1052,1349,213,90
317,993,1139,Shamela0004473,12827,1475,1621,115,100
317,24,655,Shamela0022371,173,515,1127,343,56
317,896,1296,Sham19Y0145435,4933,502,900,321,99
317,993,1139,Sham19Y0145435,4941,653,916,115,54
317,147,659,Shia002356Vols,380,12,482,310,73
317,646,896,Shia002356Vols,381,178,426,199,98
317,1029,1296,Shia002356Vols,382,0,263,214,98
317,24,699,Tafsir04038,190,681,1447,337,44
317,820,1296,Shia002380Vols,246,902,1459,337,72
317,454,896,JK001496,687,376,894,343,81
317,993,1139,JK001496,690,348,493,115,99
317,625,896,Shamela0008473,1955,1153,1438,216,92
317,896,1139,Shamela0008473,1957,439,682,191,100
317,921,1296,Shamela0008473,1958,278,1427,295,32
317,655,1267,Shamela0023591,3196,934,1545,492,99
317,867,993,Shamela0023591,3205,564,987,100,29
317,993,1139,Shamela0023591,3207,882,1501,115,23
317,1084,1296,JK009266,4129,196,409,174,99
317,355,655,Shia001365,69,701,992,235,96
317,24,229,JK000458,1179,602,827,116,58
317,247,800,Shamela0021821,624,912,1556,411,77
317,896,1084,Shamela0021821,627,1419,1606,147,99
317,1084,1296,Shamela0021821,628,0,212,174,100
317,355,659,Shia000042,23,37,345,245,97
317,997,1299,Tafsir10066,502,72,1032,222,28
317,1034,1211,JK009362,3100,8,185,142,98
317,355,896,JK001110,39,43,584,439,99
317,912,1296,JK001420,378,0,1460,305,26
317,896,1139,JK000385,134,296,539,191,100
317,355,655,Shia000210,25,688,988,244,99
317,872,1139,JK006478,4044,516,864,210,74
317,24,424,Tafsir08060,178,1070,1557,236,56
317,183,655,Rafed0003943Vols,435,0,384,312,81
317,763,1211,Rafed0003943Vols,440,0,448,358,100
317,1102,1296,Rafed0003943Vols,442,677,1202,111,26
317,355,655,Zaydiyya0000148,40,1333,1632,244,99
317,655,896,Zaydiyya0000148,41,0,244,195,98
317,355,655,Shamela0010273,867,1330,1630,245,100
317,655,896,Shamela0010273,871,1383,1624,195,100
317,877,1296,Shamela0010273,873,1131,1552,328,97
317,1084,1211,Shamela0007798,4106,163,623,103,27
317,884,1139,Tafsir06048,362,1154,1468,198,79
317,555,807,Sham19Y0014404,472,986,1546,200,44
317,945,1139,Sham19Y0014404,474,741,1354,143,29
317,1112,1296,Sham19Y0014404,475,12,431,151,43
317,867,993,Meshkat00057178,1485,119,406,100,43
317,877,1291,Masaha000554Vols,1660,261,668,309,89
317,24,1296,QuranAnalysis001,68,404,1508,890,86
317,489,655,Shia001372,24,871,1037,134,99
317,363,655,Rafed0001713Vols,847,290,711,182,53
317,945,1296,Rafed0001713Vols,850,0,351,282,100
317,489,655,Shia001288,25,1240,1401,130,96
317,523,896,Zaydiyya0000476,435,61,1040,291,36
317,973,1211,Zaydiyya0000476,525,440,744,157,62
317,973,1211,Zaydiyya0000476,572,171,475,157,62
317,926,1139,Tafsir04056,2999,44,940,140,19
317,896,1139,Shamela0000041,932,1228,1471,191,100
317,945,1296,Shamela0000041,933,627,1361,274,46
317,24,900,Shamela0023578,1213,838,1548,570,80
317,862,1139,Shamela0023578,1218,1262,1566,215,86
317,655,896,JK000094,121,937,1187,195,96
318,50,312,Shia001432Vols,18086,1170,1573,140,36
318,225,1030,Tafsir09083,466,85,737,244,31
318,1178,1569,Tafsir09083,466,798,1212,149,35
318,1004,1266,Shamela0021715,5072,1355,1508,101,44
318,270,1609,JK000818,192,318,1237,375,29
318,1004,1628,Shia002380Vols,246,193,555,251,48
318,919,1266,Tafsir02102,1847,541,1002,93,16
318,1004,1628,Shia002382Vols,660,903,1365,244,42
318,50,312,Tafsir01006,509,620,1022,138,36
319,294,1159,Shia001432Vols,3456,402,802,310,44
319,1190,1548,Shia001432Vols,3502,568,927,284,99
319,1190,1422,Shamela0023632,1343,753,985,184,100
319,1210,1483,Tafsir03097,626,515,918,205,63
319,1124,1548,JK009268,2010,0,394,315,92
319,1190,1548,Sham19Y0023618,644,1166,1525,285,99
319,1190,1548,Sham19Y0023618,645,95,610,285,69
319,752,1464,Shamela0023628,1333,682,1255,335,49
319,1273,1548,Shamela0023628,1335,530,1420,220,30
319,294,1163,Rafed0003257Vols,2438,348,754,317,45
319,1236,1548,Rafed0003257Vols,2446,0,313,249,99
319,1154,1417,Tafsir09083,468,507,1088,186,40
319,1205,1502,Tafsir09084,942,777,1504,200,34
319,986,1548,Sham19Y0020891,2129,376,1554,363,35
319,268,1159,Hindawi019640759,3,473,892,321,45
319,1339,1548,Hindawi019640759,4,0,212,168,98
319,1385,1548,Tafsir09068,416,12,426,127,37
319,1101,1422,JK009270,1642,13,292,222,85
319,711,1422,Shamela0005756,15502,408,846,345,60
319,273,1159,Meshkat0014420,1752,244,648,322,45
319,1263,1548,Meshkat0014420,1757,0,285,229,99
319,294,1417,JK000865,211,3,1383,531,43
319,781,1539,JK006476,513,677,1385,414,62
319,1210,1531,JK006476,514,90,621,246,58
319,892,1548,ShamAY0036821,915,95,572,377,70
319,1312,1472,Meshkat00042485,2870,1161,1321,128,100
319,1263,1403,Shamela0001466,808,72,708,112,22
319,1273,1385,Sham19Y0147312,761,0,111,89,99
319,1385,1548,Sham19Y0147312,761,735,1080,132,47
319,294,1159,Shamela0004445,144,337,737,317,45
319,1190,1548,Shamela0004445,171,668,1027,286,99
319,1263,1422,Shamela0004445,174,162,302,75,61
319,1335,1548,Zaydiyya0000062,550,49,348,171,70
319,853,1312,Shamela0037458,1305,1276,1546,216,58
319,1335,1548,Shamela0037458,1308,392,606,171,99
319,259,794,JK000791,775,566,1383,220,26
319,892,1548,JK000791,776,0,864,398,49
319,1210,1531,Tafsir02011,555,917,1448,249,59
319,986,1210,Tafsir02011,555,320,634,96,34
319,986,1548,Shamela0000922,518,44,1135,325,34
319,294,1548,JK007018,227,667,1459,598,59
319,416,1548,JK009396,490,0,710,555,61
319,294,1159,Sham19Y0023608,1374,652,1052,317,45
319,986,1417,Sham19Y0023608,1377,662,1636,260,32
319,1417,1548,Sham19Y0023608,1378,0,132,105,98
319,1263,1422,Sham19Y0023608,1379,37,858,124,19
319,1190,1422,Shamela0001340,113,391,902,136,30
319,451,1548,JK000818,193,0,1314,595,49
319,813,1159,Meshkat00042488,524,757,1263,162,32
319,1205,1531,Meshkat00042488,525,265,1316,219,25
319,294,1159,Shia003721Vols,51,1142,1543,313,45
319,1273,1548,Shia003721Vols,81,0,277,221,99
319,1263,1422,Shia003721Vols,84,627,954,108,41
319,752,1257,ShamIbadiyya0000075,276,696,1481,283,39
319,1263,1520,ShamIbadiyya0000075,277,30,891,197,28
319,294,1293,Shamela0004473,3841,1112,1472,246,31
319,1228,1548,Shamela0004473,11100,0,321,256,99
319,294,1159,Sham19Y0145435,4933,502,900,317,45
319,1149,1548,Shia002356Vols,383,69,458,297,92
319,152,940,Shia002380Vols,246,684,1346,309,40
319,813,1159,JK001496,691,584,1109,187,37
319,1228,1548,JK001496,692,0,323,256,98
319,1184,1510,Tafsir02102,1856,115,848,229,38
319,1179,1489,Shamela0008473,1959,1240,1549,242,98
319,752,1210,Shia002382Vols,662,14,571,247,46
319,1195,1472,Shia002382Vols,663,141,553,206,63
319,1130,1548,Shamela0023591,3197,0,388,309,92
319,1190,1376,JK009266,4131,1341,1524,146,98
319,1376,1548,JK009266,4132,0,174,140,98
319,1214,1531,Shamela0010283,2355,141,469,218,81
319,986,1342,Tafsir10098,507,804,1573,188,29
319,1190,1433,Shamela0021821,628,1262,1504,193,99
319,1154,1548,JK001420,379,60,499,204,49
319,1190,1548,JK000385,134,568,927,286,99
319,1190,1472,JK009257,265,406,683,220,97
319,1263,1422,Shia001625,68,346,505,127,100
319,1190,1506,JK006478,4053,1208,1523,251,98
319,986,1422,Rafed0003943Vols,442,1117,1434,252,72
319,294,1163,Shamela0010273,873,1152,1556,317,45
319,384,896,Shamela0010273,874,197,1029,259,35
319,1190,1548,Shamela0010273,875,499,858,285,99
319,1257,1385,Shamela0007798,4107,1117,1245,98,96
319,1326,1548,Shamela0007798,4108,6,365,176,61
319,1252,1455,Tafsir01006,513,1188,1486,159,66
319,910,1170,Tafsir01006,513,45,537,154,35
319,853,1510,Tafsir06048,363,19,1046,370,40
319,839,1263,Sham19Y0014404,475,219,679,203,48
319,1335,1548,Sham19Y0014404,476,33,365,171,63
319,1385,1548,Meshkat00057178,1493,35,393,132,45
319,1190,1548,Masaha000554Vols,1664,186,551,275,92
319,194,1252,QuranAnalysis001,68,1079,1569,389,45
319,1252,1548,QuranAnalysis001,69,0,297,238,99
319,1263,1385,ShamAY0037387,228,716,850,97,89
319,416,1159,Rafed0001713Vols,850,0,351,282,47
319,1179,1548,Rafed0001713Vols,854,444,824,289,95
319,1312,1510,Rafed0001713Vols,855,493,1346,158,23
319,964,1548,Tafsir04042,852,576,1296,348,54
319,1335,1548,Zaydiyya0000476,525,813,1034,171,95
319,1335,1548,Zaydiyya0000476,572,544,765,171,95
319,1263,1422,Tafsir04056,2353,425,584,127,100
319,416,1326,Shamela0000041,933,627,1496,392,39
319,1210,1548,Shamela0000041,934,834,1293,261,71
319,853,1548,Shamela0023578,1219,6,516,406,71
319,883,1443,Shamela0023578,1220,739,1580,316,41
319,1210,1531,Shamela0023578,1221,676,1213,241,56
319,497,722,JK000876,462,0,448,122,32
320,0,462,Shia001432Vols,3502,927,1314,300,78
320,409,698,Shamela0023632,1343,762,993,171,72
320,101,457,Shamela0023632,1347,715,990,212,74
320,1026,1201,Tafsir09050,1250,0,487,122,31
320,101,312,Tafsir03097,627,450,1040,156,32
320,0,321,JK009268,2010,394,714,255,97
320,409,958,Sham19Y0023618,644,1175,1538,283,64
320,409,993,Sham19Y0023618,645,104,636,299,52
320,47,312,Shamela0023628,1336,0,265,216,100
320,0,312,Rafed0003257Vols,2446,313,625,255,100
320,13,312,Tafsir09083,469,178,916,241,40
320,105,312,Tafsir09084,943,639,1083,169,46
320,66,312,Sham19Y0020891,2133,0,246,201,100
320,0,312,Hindawi019640759,4,212,524,255,100
320,275,694,JK009270,1642,21,292,197,58
320,0,233,JK009270,1647,589,821,188,99
320,275,694,Shamela0005756,15502,573,846,197,58
320,478,694,Shamela0023624,409,223,556,142,51
320,0,312,Meshkat0014420,1757,285,597,255,100
320,730,1542,JK000865,212,0,668,329,45
320,0,457,JK006476,514,788,1176,294,77
320,108,457,JK006476,515,0,514,206,45
320,0,457,ShamAY0036821,915,572,943,286,77
320,496,782,Meshkat00042485,2870,1059,1336,156,62
320,872,1122,Meshkat00042485,2873,477,960,157,37
320,13,317,Sham19Y0147312,762,50,756,245,42
320,0,462,Shamela0004445,171,1027,1462,300,71
320,101,233,Shamela0004445,177,475,607,107,100
320,13,312,Sham19Y0014592,1540,1092,1391,244,100
320,13,305,Zaydiyya0000062,551,588,882,238,98
320,6,233,Shamela0037458,1310,22,247,181,98
320,409,993,JK000791,776,514,890,293,62
320,13,312,JK000791,777,502,851,219,72
320,66,312,Tafsir07076,3413,1018,1301,124,46
320,47,312,JK007018,228,0,272,216,97
320,13,328,JK009396,490,987,1297,245,95
320,409,689,Sham19Y0023608,1377,1419,1636,166,73
320,0,393,Sham19Y0023608,1378,132,526,273,85
320,101,233,Sham19Y0095660,1130,29,161,107,100
320,398,1142,JK000818,193,719,1511,388,52
320,0,317,Meshkat00042488,526,118,1166,251,29
320,0,462,Shia003721Vols,81,277,692,300,73
320,101,233,Shia003721Vols,88,285,417,107,100
320,478,706,ShamIbadiyya0000075,277,30,373,143,46
320,13,488,Shamela0004473,3842,84,401,211,53
320,0,312,Shamela0004473,11100,321,633,255,100
320,657,839,ShamAY0033108,653,994,1258,114,54
320,13,312,Shia002356Vols,384,108,405,241,98
320,369,1542,Shia002380Vols,247,26,1379,591,46
320,433,958,JK001496,692,0,336,261,62
320,13,312,JK001496,693,527,829,244,99
320,409,815,Shamela0008473,1959,1260,1549,224,68
320,0,312,Shamela0008473,1961,807,1142,255,93
320,105,312,Shamela0008473,1962,33,519,170,42
320,415,1361,Shia002382Vols,663,156,1574,538,42
320,0,457,Shamela0023591,3197,388,764,294,79
320,0,233,JK009266,4132,174,406,188,99
320,415,901,Shamela0010283,2355,136,469,220,55
320,409,730,Shamela0021821,628,1271,1504,179,69
320,0,557,Shamela0021821,629,116,725,360,64
320,0,233,JK000385,134,927,1160,189,100
320,409,836,JK009257,265,415,875,237,54
320,478,694,Shia001625,68,346,505,124,72
320,409,832,JK006478,4053,1217,1523,235,68
320,13,312,JK006478,4059,72,373,244,98
320,275,694,Rafed0003943Vols,442,1161,1434,198,59
320,0,457,Rafed0003943Vols,443,281,657,294,79
320,0,415,Shamela0010273,875,858,1227,281,81
320,415,1077,Shamela0010273,876,16,1352,421,38
320,1077,1418,Shamela0010273,877,6,374,137,37
320,13,233,Shamela0007798,4117,6,633,178,35
320,457,752,Tafsir01006,513,1188,1486,182,64
320,798,1066,Tafsir01006,514,314,674,172,54
320,979,1356,Tafsir04003,1592,21,529,193,41
320,105,321,JK000066,29,1385,1524,92,51
320,911,1356,Sham19Y0014404,476,849,1472,208,34
320,0,305,Masaha000554Vols,1664,551,860,240,93
320,0,457,QuranAnalysis001,69,297,673,294,79
320,0,415,Rafed0001713Vols,854,824,1235,281,80
320,478,863,Rafed0001713Vols,855,217,1376,255,26
320,945,1418,Rafed0001713Vols,856,330,1243,249,31
320,275,958,Tafsir04042,852,707,1426,321,44
320,101,233,Zaydiyya0000476,455,295,427,107,100
320,101,233,Zaydiyya0000476,470,219,351,107,100
320,478,694,Tafsir04056,2353,425,584,124,72
320,0,193,Shamela0000041,934,1293,1485,156,99
320,193,911,Shamela0000041,935,0,396,233,36
320,275,958,Shamela0023578,1219,114,529,307,55
320,409,740,Shamela0023578,1220,1337,1580,185,68
320,0,352,Shamela0023578,1221,107,467,270,90
320,0,312,Shamela0023578,1222,34,556,255,59
320,415,698,JK000876,463,440,1002,154,32
320,1026,1542,JK000876,464,530,1148,241,40
321,789,912,Shamela0008381,5219,885,1008,99,100
321,121,789,Shia001432Vols,3527,619,1287,540,100
321,789,994,Shia001432Vols,3676,1333,1537,166,99
321,426,590,Shia001432Vols,22872,488,652,133,100
321,843,1070,Shia001432Vols,24832,0,132,96,52
321,0,288,Shamela0023632,1347,863,1093,184,79
321,288,590,Shamela0023632,1351,1074,1376,246,100
321,590,789,Shamela0023632,1352,1100,1299,162,100
321,789,925,Shamela0023632,1353,1446,1581,109,99
321,925,1070,Shamela0023632,1354,0,145,120,100
321,789,912,Shamela0000894,4408,1190,1313,99,100
321,789,912,Shia004012,165,309,432,99,100
321,590,789,Rafed0000040Vols,1080,32,231,162,100
321,789,979,Tafsir03097,629,884,1407,153,36
321,121,1070,JK009268,2021,22,971,769,100
321,283,789,Sham19Y0023618,651,27,532,411,99
321,789,1070,Sham19Y0023618,652,1114,1395,229,100
321,916,1070,Sham19Y0023618,653,0,154,127,100
321,426,604,Zaydiyya0000413Vols,2986,1469,1649,143,96
321,121,288,Shamela0023628,1342,926,1093,132,100
321,288,672,Shamela0023628,1344,7,391,312,100
321,912,1177,Shamela0023628,1354,480,725,190,89
321,780,1070,Hindawi013961474,95,484,774,234,98
321,0,789,Rafed0003257Vols,2450,484,1311,593,85
321,622,1070,Rafed0003257Vols,2454,30,1161,365,39
321,426,590,Rafed0003257Vols,4045,1207,1371,133,100
321,727,912,Shamela0022593,845,131,567,133,37
321,217,538,Tafsir09083,471,4,891,240,33
321,912,1151,Tafsir09083,473,241,1275,167,20
321,121,711,Rafed0000110,45,1211,1544,267,56
321,789,1070,Rafed0000110,51,1203,1492,229,97
321,430,590,Tafsir09084,1994,1339,1490,113,85
321,121,426,Sham19Y0020891,2136,72,377,245,100
321,410,789,Sham19Y0020891,2140,417,790,297,96
321,780,1070,Sham19Y0020891,2144,1271,1559,233,98
321,185,672,JK010001,842,435,902,104,16
321,789,1070,Sham19Y0133357,632,1246,1375,94,41
321,0,318,JK009270,1650,1305,1563,208,81
321,426,789,JK009270,1653,711,1072,295,99
321,789,1177,JK009270,1657,502,869,289,92
321,121,413,Meshkat0014420,1761,1342,1632,234,99
321,413,789,Meshkat0014420,1762,0,374,306,99
321,332,789,Meshkat0014420,1765,0,1396,356,31
321,789,1070,Meshkat0014420,1768,410,691,229,100
321,0,311,JK006476,514,1046,1305,203,80
321,4,672,JK006476,515,292,1246,473,58
321,382,680,JK006476,516,8,524,235,56
321,808,1075,JK006476,517,436,718,218,94
321,789,912,Shamela0021765,1203,82,205,99,100
321,0,823,ShamAY0036821,915,819,1575,606,90
321,823,1177,ShamAY0036821,916,0,328,256,90
321,270,549,Meshkat00042485,2878,916,1581,221,40
321,545,711,Meshkat00042485,2879,1108,1481,136,44
321,410,789,Sham19Y0147312,764,231,1060,305,45
321,846,1075,Sham19Y0147312,766,164,667,162,40
321,121,789,Shamela0004445,185,526,1194,540,100
321,131,426,Shamela0004445,187,1059,1369,227,91
321,789,1070,Shamela0004445,251,325,614,229,97
321,169,711,Tafsir02067,315,494,1582,425,48
321,410,672,Tafsir02067,700,359,626,184,83
321,426,590,Sham19Y0014592,1566,1157,1321,133,100
321,789,920,Sham19Y0014592,1613,430,561,101,96
321,14,436,Zaydiyya0000062,552,871,1301,281,71
321,338,780,Zaydiyya0000062,555,88,756,354,64
321,789,1061,Zaydiyya0000062,556,992,1269,221,97
321,121,426,Shamela0006947,1570,1094,1397,163,50
321,0,288,Shamela0037458,1310,1243,1473,184,79
321,426,590,Shamela0037458,1313,866,1030,133,100
321,789,937,Shamela0037458,1316,386,544,108,85
321,0,426,JK000791,777,788,1571,306,46
321,369,590,JK000791,778,1232,1409,143,79
321,815,979,JK000791,780,0,164,132,100
321,382,687,Noorlib0038508,49,758,1115,124,35
321,622,789,Shamela0021766,1580,913,1375,136,36
321,426,590,JK000365,2145,51,215,133,100
321,426,789,Tafsir02011,559,396,1453,287,33
321,185,711,Shamela0000922,520,303,988,249,41
321,121,322,Sham19Y0009800,31,1299,1495,142,90
321,0,789,JK007018,228,209,1401,596,60
321,789,1070,JK007018,229,946,1239,229,95
321,121,717,JK009396,491,406,1001,477,98
321,711,979,JK009396,492,1234,1502,216,100
321,0,789,Sham19Y0023608,1381,566,1575,593,70
321,789,1070,Sham19Y0023608,1387,47,328,229,100
321,188,672,Shia002333,39,0,480,388,98
321,789,1047,Shia002333,40,1288,1544,209,99
321,789,1022,Shamela0001340,119,1316,1549,189,100
321,143,695,JK000818,194,487,1526,440,52
321,711,1186,JK000818,195,46,933,354,50
321,121,288,Meshkat00042488,527,26,193,132,100
321,426,698,Meshkat00042488,528,474,1225,206,33
321,912,1070,Meshkat00042488,530,957,1592,125,24
321,121,789,Shia003721Vols,96,163,847,540,97
321,278,430,Shia003721Vols,99,0,151,121,97
321,789,1075,Shia003721Vols,163,202,501,231,94
321,4,613,ShamIbadiyya0000075,278,526,1619,448,50
321,613,1061,ShamIbadiyya0000075,279,0,1104,364,40
321,426,590,JK000328,18,1161,1325,133,100
321,0,322,Rafed0003726Vols,456,573,911,160,52
321,672,1148,Rafed0003726Vols,456,940,1481,271,55
321,0,711,Shamela0004473,3842,231,484,175,29
321,789,912,Shamela0004473,4727,501,624,99,100
321,426,590,Shamela0004473,11133,307,471,133,100
321,121,711,Shamela0004473,11333,882,1254,208,43
321,230,516,ShamAY0033108,656,523,1303,227,35
321,855,1070,ShamAY0033108,659,497,1258,176,28
321,789,1070,Sham19Y0145435,4956,1124,1405,229,100
321,14,426,Shia002356Vols,384,859,1224,281,81
321,382,789,Shia002356Vols,385,984,1444,312,82
321,789,1070,Shia002356Vols,386,1161,1440,227,99
321,126,789,Shia002380Vols,248,63,1326,517,50
321,622,1070,Shia002380Vols,250,321,1403,267,27
321,789,1070,Shamela0001419,230,479,760,229,100
321,14,426,JK001496,695,748,1162,274,71
321,426,789,JK001496,698,271,631,291,97
321,766,1070,JK001496,700,450,772,248,94
321,426,622,Tafsir02091,835,96,745,154,29
321,855,1070,Tafsir02091,840,140,895,176,28
321,426,590,Tafsir02102,3157,12,176,133,100
321,121,711,Shamela0008473,1966,237,827,477,100
321,126,230,Shamela0008473,1968,118,447,81,31
321,808,1070,Shamela0008473,1974,358,1325,194,23
321,426,590,Shamela0008473,3555,665,829,133,100
321,430,590,Shamela0008473,3930,558,709,113,85
321,278,789,Shia002382Vols,665,0,1107,411,45
321,208,390,JK006474,1289,713,1184,139,36
321,426,590,Tafsir07055,821,292,456,133,100
321,426,590,Tafsir07055,2898,829,993,133,100
321,0,979,Shamela0023591,3197,637,1557,742,93
321,254,419,Shamela0023591,3220,1114,1552,135,37
321,0,288,JK009266,4139,205,818,206,40
321,410,802,JK009266,4143,1022,1445,311,88
321,711,937,JK009266,4149,134,368,148,79
321,121,717,Shia003749,106,925,1523,482,99
321,789,971,Shia003749,153,1367,1548,146,99
321,789,920,JK000154,4666,1196,1327,101,96
321,121,789,Shamela0021821,630,388,1056,540,100
321,717,1070,Shamela0021821,632,200,786,287,60
321,430,590,Kraken220413194022,3069,883,1037,124,93
321,795,912,JK000484,5449,0,117,94,100
321,789,912,JK009362,3131,542,665,99,100
321,121,288,JK001420,379,1237,1404,132,100
321,270,912,JK001420,380,138,1165,350,39
321,893,1177,JK001420,381,61,483,157,45
321,121,288,JK009257,266,793,960,132,100
321,426,597,JK009220,122,1253,1424,135,97
321,169,426,JK006478,4062,0,261,207,97
321,382,789,JK006478,4065,692,1199,319,76
321,0,1132,Rafed0003943Vols,443,530,1589,847,92
321,121,789,Shamela0010273,879,78,746,540,100
321,226,711,Shamela0010273,880,33,1259,384,38
321,789,1070,Shamela0010273,882,393,674,229,100
321,390,590,Shamela0010273,2219,812,1007,143,88
321,789,937,ShamAY0034282,3116,801,946,101,86
321,14,288,Shamela0007798,4118,879,1286,187,53
321,426,590,Shamela0007798,4130,321,485,133,100
321,226,583,Tafsir01006,516,566,1565,284,35
321,0,855,Tafsir06048,364,153,1563,640,54
321,855,1177,Tafsir06048,365,64,1056,236,28
321,121,711,Hindawi083863050,33,535,1125,477,100
321,222,672,Sham19Y0014404,478,71,1337,303,27
321,912,1177,Sham19Y0014404,480,603,1233,190,36
321,121,245,Rafed0003799Vols,1738,972,1096,88,92
321,0,361,Masaha000554Vols,1668,917,1629,248,41
321,361,789,Masaha000554Vols,1669,0,435,337,93
321,766,1061,Masaha000554Vols,1673,877,1177,223,90
321,426,734,Masaha000554Vols,4048,164,823,181,31
321,0,1075,QuranAnalysis001,69,546,1563,822,94
321,121,789,Rafed0001713Vols,858,662,1330,540,100
321,1106,1576,Rafed0001713Vols,859,115,827,248,38
321,789,1070,Rafed0001713Vols,863,473,754,229,100
321,14,604,Tafsir04042,855,134,1537,435,37
321,610,961,Tafsir04042,856,150,1555,276,24
321,426,672,Sham19Y0014579,598,358,695,181,66
321,382,516,Tafsir07057,1989,687,1279,109,22
321,426,590,Tafsir07057,3917,588,752,133,100
321,426,590,Tafsir04056,5780,1132,1290,128,96
321,121,288,Shia001615Vols,3493,1115,1281,132,99
321,426,617,Tafsir02094,2836,1207,1629,155,44
321,121,535,Shamela0000041,939,1140,1553,333,99
321,143,789,Shamela0000041,940,340,1421,518,59
321,597,789,Shamela0000041,941,100,465,144,47
321,930,1177,Shamela0000041,949,0,227,176,88
321,121,1204,Shamela0023578,1227,360,1492,643,59
321,230,687,Shamela0023578,1228,142,822,369,66
321,789,1070,Shamela0023578,1236,896,1177,229,100
321,426,672,JK000876,1075,1047,1274,171,81
322,225,1160,Shia001432Vols,3527,867,1287,331,43
322,225,744,Shamela0023632,1351,1155,1376,174,41
322,856,1160,Shamela0023632,1352,1120,1299,145,58
322,856,1160,Rafed0000040Vols,1080,52,231,145,58
322,225,1160,JK009268,2021,270,690,331,43
322,225,1160,Sham19Y0023618,651,112,532,331,43
322,225,933,Shamela0023628,1344,88,391,237,41
322,225,1160,Rafed0003257Vols,2450,891,1311,331,43
322,699,948,Rafed0000110,45,1378,1520,116,57
322,341,1160,Sham19Y0020891,2140,431,790,287,43
322,341,1160,JK009270,1653,699,1072,292,43
322,341,1160,Meshkat0014420,1762,17,374,287,42
322,0,1160,Meshkat0014420,1765,16,1396,430,31
322,361,1160,JK000865,213,0,752,302,37
322,225,933,JK006476,515,934,1246,237,41
322,355,1160,JK006476,516,129,861,329,38
322,341,1160,ShamAY0036821,915,1190,1543,280,42
322,0,622,Meshkat00042485,2878,1015,1593,284,50
322,595,1077,Meshkat00042485,2879,887,1494,226,36
322,225,1160,Shamela0004445,185,774,1194,331,43
322,355,1064,Tafsir02067,315,1077,1582,247,36
322,873,1160,Shamela0037458,1314,1306,1579,144,46
322,389,948,JK000791,779,0,221,140,30
322,545,799,Shamela0021766,1580,0,295,101,40
322,873,1225,Shamela0021766,1580,913,1502,209,41
322,199,1160,Tafsir02011,559,149,1453,387,29
322,355,1160,JK007018,228,1034,1401,283,43
322,225,948,JK009396,491,654,972,250,42
322,225,1160,Sham19Y0023608,1381,1155,1575,331,43
322,225,933,Shia002333,39,181,480,233,40
322,26,1071,JK000818,194,829,1614,358,35
322,0,933,Meshkat00042488,528,42,1203,364,30
322,873,1181,Meshkat00042488,529,471,986,186,43
322,225,1160,Shia003721Vols,96,411,847,331,42
322,341,1160,Shia002356Vols,385,1092,1444,281,42
322,523,1160,Shia002380Vols,248,675,1326,294,41
322,341,1160,JK001496,698,275,631,283,42
322,225,948,Shamela0008473,1966,485,803,250,42
322,35,1160,Shia002382Vols,665,54,1107,452,37
322,225,1160,Shamela0023591,3197,948,1368,331,43
322,341,1160,JK009266,4143,1079,1436,287,42
322,222,948,Shia003749,106,1173,1494,252,42
322,225,1160,Shamela0021821,630,636,1056,331,43
322,341,1160,JK006478,4065,843,1199,283,42
322,225,1160,Rafed0003943Vols,443,841,1261,331,43
322,225,1160,Shamela0010273,879,326,746,331,43
322,0,1077,Shamela0010273,880,332,1282,390,35
322,0,737,Tafsir01006,516,809,1565,320,45
322,355,1160,Tafsir06048,364,864,1418,297,39
322,225,948,Hindawi083863050,33,783,1101,250,42
322,225,1160,QuranAnalysis001,69,857,1277,331,43
322,225,1160,Rafed0001713Vols,858,910,1330,331,43
322,0,460,Rafed0001713Vols,859,890,1537,257,44
322,484,799,Rafed0001713Vols,860,201,593,172,52
322,225,792,Tafsir04042,855,1010,1537,209,33
322,864,1160,Tafsir04042,856,187,842,138,22
322,415,744,Tafsir07057,1990,378,605,81,26
322,35,1160,Shamela0000041,940,652,1421,413,41
322,873,1167,Shamela0000041,941,120,484,185,56
322,341,1160,Shamela0023578,1227,671,1029,284,42
322,225,1160,Shamela0023578,1228,386,1352,369,32
322,868,1160,JK000876,467,118,514,156,44
323,649,1577,Shia001432Vols,3882,184,1115,750,99
323,689,843,Shia001432Vols,13745,84,233,114,91
323,649,974,Shamela0023632,1356,68,393,263,100
323,974,1269,Shamela0023632,1357,1220,1514,237,99
323,1391,1577,Shamela0023632,1360,508,695,154,99
323,649,1577,JK009268,2033,345,1274,751,99
323,649,914,Sham19Y0023618,653,1347,1611,213,99
323,914,1577,Sham19Y0023618,654,0,664,538,99
323,301,843,Shamela0023628,1354,480,832,285,64
323,843,1391,Shamela0023628,1356,812,1360,441,100
323,974,1171,Shamela0023628,1357,925,1600,153,28
323,1391,1567,Shamela0023628,1360,647,823,145,100
323,649,1142,Rafed0003257Vols,2456,1128,1620,400,99
323,1142,1577,Rafed0003257Vols,2457,0,436,351,99
323,689,843,Shia003707Vols,151,1285,1434,114,91
323,593,843,Shamela0022593,846,564,1144,168,36
323,909,1233,Shamela0022593,847,126,720,233,48
323,1256,1577,Tafsir09083,475,438,1196,227,37
323,1180,1495,Tafsir09084,952,558,1223,189,35
323,569,880,Sham19Y0020891,2149,0,340,220,80
323,880,1080,Sham19Y0020891,2149,873,1073,161,99
323,1039,1391,Sham19Y0020891,2155,501,905,276,85
323,1391,1567,Sham19Y0020891,2158,444,620,145,100
323,736,1086,Tafsir09068,420,912,1621,211,36
323,1076,1299,JK010001,1257,1284,1506,177,99
323,716,843,JK010001,3936,0,127,104,100
323,301,843,JK009270,1657,625,976,285,64
323,843,1076,JK009270,1664,608,841,190,100
323,1092,1396,JK009270,1666,0,302,238,98
323,1391,1577,JK009270,1669,734,921,154,99
323,1080,1304,ShamAY0034106,123,0,569,161,35
323,1076,1299,JK000322,3,817,1040,177,100
323,649,1086,Meshkat0014420,1772,496,928,347,97
323,1031,1402,Meshkat0014420,1775,1043,1407,256,86
323,1391,1577,Meshkat0014420,1779,699,886,154,99
323,870,1282,JK000865,214,569,1321,322,53
323,654,943,JK006476,518,231,523,231,98
323,943,1324,JK006476,519,162,553,304,97
323,1294,1577,JK006476,520,92,466,226,74
323,301,847,ShamAY0036821,916,88,438,283,63
323,1080,1577,ShamAY0036821,930,1033,1527,396,97
323,1076,1202,Shamela0001397,436,1429,1554,102,99
323,974,1171,Meshkat00042485,2890,697,1005,160,63
323,0,654,Sham19Y0147312,766,34,667,193,28
323,649,843,Sham19Y0147312,766,1088,1281,156,99
323,843,1076,Sham19Y0147312,767,214,447,190,100
323,1391,1573,Sham19Y0147312,768,780,1243,145,37
323,649,1577,Shamela0004445,262,263,1190,751,99
323,736,974,Shamela0004445,265,637,1325,195,34
323,974,1417,Shamela0004445,270,6,456,342,95
323,974,1304,Shamela0022769,521,29,777,255,42
323,1076,1396,JK009158,125,59,371,240,93
323,301,815,Tafsir02067,316,434,1218,288,39
323,1256,1531,Tafsir02067,317,890,1555,219,40
323,897,1324,Tafsir02067,317,23,1021,334,41
323,689,843,Hindawi015792571,36,1052,1201,114,91
323,847,974,Sham19Y0014592,1639,229,356,104,100
323,1076,1396,JK000375,104,78,400,254,99
323,569,1067,Zaydiyya0000062,558,283,857,380,81
323,943,1184,Zaydiyya0000062,560,527,863,195,70
323,1162,1382,Zaydiyya0000062,561,468,700,164,90
323,1350,1577,Zaydiyya0000062,562,135,433,188,75
323,533,843,Shamela0037458,1318,668,943,208,80
323,820,1080,Shamela0037458,1320,342,583,196,92
323,974,1191,Shamela0037458,1321,658,1223,175,38
323,1391,1537,Shamela0037458,1324,1450,1595,120,99
323,758,974,JK000791,781,494,902,160,48
323,877,1191,JK000791,782,7,465,224,56
323,1246,1577,JK000791,783,0,332,269,99
323,943,1340,Noorlib0038508,89,702,1481,316,50
323,909,1171,Shamela0021766,1591,328,762,211,59
323,1067,1316,JK000365,458,1329,1575,192,96
323,1076,1313,JK000365,2008,494,731,188,100
323,649,836,Shamela0000922,521,1360,1546,150,99
323,758,974,Shamela0000922,522,639,998,155,52
323,1076,1391,Shamela0000922,523,61,729,251,47
323,708,1391,JK007018,230,0,1093,545,61
323,1391,1577,JK007018,231,324,520,154,94
323,1076,1367,Shamela0037325,1370,136,427,231,100
323,649,1076,JK009396,493,633,1060,346,100
323,1076,1391,JK009396,494,392,707,251,100
323,1391,1573,JK009396,495,1284,1465,145,96
323,649,1076,Sham19Y0023608,1390,283,710,346,100
323,1076,1396,Sham19Y0023608,1396,989,1309,251,98
323,1391,1577,Sham19Y0023608,1400,1109,1296,154,99
323,649,843,Sham19Y0095660,890,1140,1334,156,100
323,1076,1211,JK000381,3061,1338,1473,109,98
323,1211,1414,JK000381,3062,0,208,156,92
323,1076,1304,JK000381,4596,306,534,181,100
323,1391,1531,Shamela0001340,162,963,1103,115,100
323,116,1092,JK000818,195,395,1625,546,47
323,640,843,Meshkat00042488,531,517,723,159,96
323,794,974,Meshkat00042488,532,841,1071,132,65
323,965,1191,Meshkat00042488,533,134,673,177,40
323,649,1577,Shia003721Vols,174,292,1220,751,99
323,649,974,Shia003721Vols,177,498,1412,262,35
323,1063,1417,Shia003721Vols,182,0,354,270,95
323,1391,1567,Shia003721Vols,184,1328,1504,145,100
323,974,1260,ShamIbadiyya0000075,280,868,1609,229,38
323,1260,1577,ShamIbadiyya0000075,281,0,707,247,43
323,649,959,Shamela0004473,9087,1276,1585,250,99
323,649,974,Shamela0022371,177,695,1084,263,83
323,135,511,ShamAY0033108,659,587,945,133,35
323,974,1171,ShamAY0033108,661,52,473,159,46
323,649,877,Sham19Y0145435,5004,1226,1452,184,99
323,877,1577,Sham19Y0145435,5005,0,700,567,99
323,736,974,Sham19Y0145435,5008,172,825,195,36
323,974,1417,Sham19Y0145435,5012,950,1391,342,96
323,1191,1495,Sham19Y0145435,5013,55,650,243,50
323,689,836,Zaydiyya0000035,33,1291,1433,108,91
323,500,1092,Shia002356Vols,387,743,1463,406,67
323,1120,1414,Shia002356Vols,389,0,289,223,95
323,1350,1577,Shia002356Vols,390,27,344,186,70
323,671,974,Shia002380Vols,251,666,1586,241,32
323,1373,1567,Shia002380Vols,252,959,1308,154,53
323,974,1304,Shia002380Vols,252,57,624,260,57
323,713,1171,Shamela0001419,226,943,1369,247,54
323,569,1076,JK001496,702,62,607,380,85
323,1039,1350,JK001496,704,1216,1579,242,83
323,1391,1567,JK001496,706,623,799,145,100
323,135,511,Tafsir02091,840,230,584,132,35
323,870,1076,Tafsir02102,1887,477,985,159,38
323,640,843,Shamela0008473,1975,1309,1510,159,97
323,843,1076,Shamela0008473,1976,875,1108,190,100
323,1256,1549,Shamela0008473,1977,1098,1546,230,63
323,930,1391,Shamela0008473,1977,5,658,363,69
323,285,649,Shia002382Vols,670,0,490,190,45
323,828,1171,Shia002382Vols,671,530,1516,279,34
323,1076,1299,Tafsir07055,1317,995,1216,176,99
323,649,843,Tafsir07055,4048,88,281,156,99
323,1171,1456,Shamela0012884,2037,883,1549,206,39
323,1067,1414,JK000378,131,1026,1405,265,86
323,457,843,Shamela0023591,3198,0,285,232,73
323,880,1076,Shamela0023591,3236,0,196,160,100
323,1152,1577,Shamela0023591,3241,0,426,343,99
323,649,847,JK009266,4154,950,1148,156,96
323,758,982,JK009266,4156,515,943,173,49
323,1076,1414,JK009266,4159,470,816,265,94
323,649,974,Shia003749,240,378,703,261,99
323,569,1577,Shamela0021821,633,42,1006,769,94
323,847,1206,Shamela0021821,634,43,1024,268,33
323,1175,1414,Kraken220413194022,895,0,245,184,91
323,1076,1396,Kraken220413194022,3069,1060,1383,253,97
323,1076,1396,Shia003704,346,279,598,254,99
323,1076,1396,Shia003675Vols,1017,356,676,254,99
323,649,1076,JK009362,3139,890,1331,346,96
323,1076,1391,JK009362,3150,109,424,251,99
323,1417,1567,JK009362,3157,0,150,124,100
323,301,1391,JK001420,381,86,1382,519,38
323,1391,1567,JK001420,382,207,474,113,52
323,843,1191,JK009257,267,852,1528,280,50
323,1256,1567,JK009257,268,380,1160,216,34
323,828,974,JK006478,4077,106,284,119,82
323,1142,1408,JK006478,4079,0,281,209,93
323,1378,1577,JK006478,4084,1224,1426,165,98
323,1076,1340,Kraken220413030927,563,485,1080,167,32
323,301,1304,Tafsir08060,181,272,1410,423,39
323,301,697,Rafed0003943Vols,443,1384,1589,167,51
323,697,1577,Rafed0003943Vols,444,0,881,713,99
323,649,1109,Shamela0010273,883,1143,1602,373,99
323,1109,1577,Shamela0010273,884,0,469,378,99
323,1299,1567,Shamela0010273,886,704,1333,213,41
323,649,843,Shamela0007798,4135,1157,1351,156,100
323,689,843,Shia003702,86,464,613,114,91
323,154,511,Tafsir01006,518,1140,1603,137,35
323,654,900,Tafsir06048,365,919,1456,196,45
323,900,1577,Tafsir06048,366,104,1583,525,43
323,689,843,Shia003727Vols,108,351,500,114,91
323,640,1543,Hindawi039418519,76,695,1596,725,99
323,1216,1396,Sham19Y0018567,521,21,178,119,84
323,1104,1391,Sham19Y0018567,697,132,420,228,99
323,675,843,ShamAY0007299,351,526,694,135,100
323,128,843,Sham19Y0014404,480,436,1340,363,41
323,736,1076,Sham19Y0014404,481,815,1537,278,47
323,1011,1391,Sham19Y0014404,482,0,836,301,44
323,301,820,Meshkat00057178,1510,1010,1576,185,28
323,843,974,Meshkat00057178,1512,725,856,107,100
323,649,1076,Masaha000554Vols,1676,1125,1552,340,96
323,974,1391,Masaha000554Vols,1679,730,1155,328,95
323,870,1373,JK000447,270,385,1335,262,32
323,301,671,QuranAnalysis001,69,1400,1579,147,48
323,671,1577,QuranAnalysis001,70,0,907,733,99
323,1076,1414,JK000028,354,828,1190,261,90
323,649,1577,Rafed0001713Vols,866,631,1560,751,99
323,965,1171,Rafed0001713Vols,869,56,474,161,47
323,649,843,JK000122,872,323,517,156,100
323,974,1152,Tafsir04042,860,18,390,144,47
323,1373,1531,Tafsir04042,861,830,1403,127,27
323,1076,1328,JK001098,42,266,519,185,92
323,1076,1414,JK001414,872,34,392,261,90
323,1076,1333,Tafsir07057,2712,497,754,197,96
323,1076,1202,Tafsir04056,2573,1443,1568,102,99
323,1076,1233,Tafsir04056,3012,150,643,103,26
323,1067,1328,Shamela0009065,122,1206,1469,201,95
323,319,843,Shamela0000041,949,0,334,272,63
323,743,1391,Shamela0000041,950,19,1208,498,50
323,1299,1567,Shamela0000041,951,568,947,215,69
323,649,1567,Shamela0023578,1238,637,1557,738,98
323,847,1233,JK000876,469,513,1589,247,28
324,364,1474,Shia001432Vols,3882,321,792,367,41
324,970,1474,Shamela0023632,1357,1220,1502,223,55
324,360,1474,JK009268,2033,479,952,372,41
324,857,1474,Sham19Y0023618,654,0,342,272,54
324,704,1474,Shamela0023628,1356,846,1225,301,48
324,360,1195,Rafed0003257Vols,2456,1262,1620,287,42
324,857,1451,Shamela0022593,847,131,720,264,44
324,707,1088,Sham19Y0020891,2149,873,1069,160,51
324,704,1088,JK009270,1664,642,841,162,51
324,360,1088,Meshkat0014420,1772,629,922,234,39
324,682,1474,JK000865,214,562,1274,370,49
324,970,1412,Meshkat00042485,2890,697,1280,259,52
324,704,1102,Sham19Y0147312,767,248,463,165,51
324,360,1224,Shamela0004445,262,396,783,309,44
324,970,1474,Shamela0004445,270,6,288,223,55
324,970,1474,Shamela0022769,521,29,717,242,37
324,360,1079,Zaydiyya0000062,558,571,857,225,38
324,416,1088,Shamela0037458,1320,283,583,218,38
324,857,1224,Shamela0037458,1321,343,1203,226,31
324,970,1224,JK000791,782,248,445,160,77
324,857,1474,Noorlib0038508,89,540,1338,291,39
324,857,1320,Shamela0021766,1591,333,876,280,58
324,750,1474,JK007018,230,166,958,291,33
324,360,1102,JK009396,493,767,1076,237,39
324,360,1088,Sham19Y0023608,1390,417,710,234,39
324,69,1120,JK000818,195,804,1619,397,41
324,222,950,Meshkat00042488,532,490,1556,268,25
324,970,1224,Meshkat00042488,533,146,653,131,28
324,360,1474,Shia003721Vols,174,425,898,372,41
324,970,1390,ShamAY0033108,661,52,650,204,39
324,704,1224,Sham19Y0145435,5005,0,293,238,56
324,360,1088,Shia002356Vols,387,1154,1445,231,39
324,970,1474,Shia002380Vols,252,57,559,264,55
324,704,1088,Tafsir02091,841,696,1460,201,32
324,566,1071,Tafsir02102,1887,379,985,203,33
324,919,1474,Shamela0008473,1977,18,523,251,45
324,125,1278,Shia002382Vols,671,43,1555,530,38
324,717,1162,JK000458,1202,394,1123,258,42
324,360,1474,Shamela0021821,633,210,684,371,41
324,704,1390,Shamela0021821,634,97,1030,304,34
324,360,1474,Rafed0003943Vols,444,86,559,372,41
324,360,1162,Shamela0010273,883,1277,1602,260,39
324,717,1305,Shamela0010273,885,869,1571,367,60
324,750,1442,Tafsir01006,520,565,1515,400,49
324,788,1474,Tafsir06048,366,104,824,298,41
324,360,1474,Hindawi039418519,76,837,1310,372,41
324,336,1088,Sham19Y0014404,481,875,1537,316,42
324,360,1405,JK000447,270,82,1137,257,22
324,360,1474,QuranAnalysis001,70,112,585,372,41
324,360,1474,Rafed0001713Vols,866,765,1238,372,41
324,5,222,Rafed0001713Vols,867,0,527,144,32
324,970,1405,Rafed0001713Vols,869,65,790,252,41
324,222,1474,Shamela0000041,950,0,1073,433,31
324,454,1372,JK000876,469,127,1533,361,27
325,1138,1310,Shia001432Vols,23035,902,1074,141,100
325,1138,1413,Shamela0023632,1362,923,1198,226,100
325,1138,1303,JK009268,2041,1460,1624,135,99
325,1303,1563,JK009268,2042,0,261,213,99
325,1049,1413,Sham19Y0023618,657,99,793,278,49
325,898,1462,Shamela0023628,1361,651,1258,376,69
325,1138,1310,Rafed0003257Vols,2463,355,527,141,100
325,1310,1563,Rafed0003257Vols,2464,895,1148,207,100
325,630,1197,Tafsir09084,953,152,879,227,33
325,1138,1310,Sham19Y0020891,1906,865,1037,141,100
325,412,548,Sham19Y0020891,2158,444,1017,84,17
325,1138,1310,Sham19Y0020891,2161,107,279,141,100
325,1138,1310,Sham19Y0020891,2260,815,952,106,76
325,1138,1310,JK010001,223,182,354,141,100
325,1138,1310,JK010001,1702,541,713,141,100
325,1138,1296,JK010001,2459,388,546,130,100
325,1138,1310,JK010001,2472,328,500,141,100
325,1138,1310,JK010001,2753,577,749,141,100
325,861,1413,JK009270,1669,838,1263,345,76
325,1138,1321,Meshkat0014420,1781,1115,1297,142,94
325,1274,1563,Meshkat0014420,1783,929,1201,213,90
325,1160,1462,JK006476,521,0,403,249,74
325,1310,1563,Shamela0002300,5162,518,771,207,100
325,1099,1563,ShamAY0036821,931,0,447,359,94
325,1142,1314,ShamAY0036821,935,0,172,140,98
325,1138,1310,Shamela0029677,1190,1072,1244,141,100
325,933,1238,Meshkat00042485,2894,928,1521,163,32
325,933,1197,Shamela0001466,823,701,1379,143,25
325,1034,1462,Sham19Y0147312,769,566,1133,321,67
325,1138,1310,Sham19Y0014592,1647,1087,1527,141,39
325,1138,1419,Zaydiyya0000062,563,53,337,227,96
325,1138,1604,Shamela0037458,1326,686,1180,255,48
325,861,1462,JK000791,784,129,1184,342,35
325,1138,1317,Tafsir07076,676,471,659,142,92
325,861,1310,JK007018,231,434,873,262,59
325,1310,1585,Zaydiyya0000075BK22,23,1143,1434,216,91
325,885,1321,JK009396,496,62,517,250,65
325,1396,1563,JK009396,497,0,168,136,99
325,1138,1310,Sham19Y0023608,1403,60,232,141,100
325,1310,1563,Sham19Y0023608,1405,345,598,207,100
325,1406,1563,Sham19Y0095660,655,0,158,128,99
325,1138,1310,JK000381,5598,1013,1185,141,100
325,1052,1310,Meshkat00042488,535,0,753,199,32
325,861,1197,ShamIbadiyya0000075,281,520,912,180,47
325,957,1563,Rafed0003726Vols,457,180,753,207,32
325,898,1210,ShamAY0033108,663,97,678,165,32
325,1174,1413,JK007104,33,0,239,198,100
325,861,1333,Shia002356Vols,390,261,601,264,69
325,1247,1595,Shia002356Vols,391,83,736,276,51
325,44,621,Shia002380Vols,252,576,1184,225,38
325,412,553,JK001496,706,623,1242,88,16
325,1034,1310,JK001496,707,27,671,194,35
325,1310,1563,Shamela0008473,1980,79,332,207,100
325,44,589,Shia002382Vols,672,254,954,226,37
325,861,1197,Shia002382Vols,672,1107,1628,176,38
325,1049,1189,JK006474,1300,0,256,93,43
325,1138,1310,Tafsir07055,229,71,243,141,100
325,1138,1310,Tafsir07055,1768,1404,1576,141,100
325,1138,1296,Tafsir07055,2544,1159,1317,130,100
325,1138,1310,Tafsir07055,2557,1170,1342,141,100
325,1138,1310,Tafsir07055,2843,715,887,141,100
325,170,460,Tafsir05047,268,722,967,115,44
325,861,1563,Shamela0023591,3241,343,920,469,81
325,412,559,Shamela0023591,3246,804,1094,78,33
325,1034,1210,JK009266,4169,1161,1300,112,78
325,861,1413,Shamela0021821,635,360,953,299,54
325,1138,1310,Kraken220413194022,476,193,366,140,98
325,1138,1310,JK009362,2588,418,590,140,99
325,1138,1310,JK009362,3160,326,499,141,99
325,1296,1601,JK009362,3164,531,910,236,77
325,1138,1310,JK009362,4663,1140,1318,140,96
325,1138,1310,JK009362,9337,782,954,140,99
325,1138,1310,JK006478,4086,1315,1488,141,99
325,1310,1567,JK006478,4088,651,908,204,95
325,861,1310,Rafed0003943Vols,444,798,1122,262,71
325,1310,1563,Rafed0003943Vols,445,1118,1371,207,100
325,1138,1601,Shamela0010273,887,762,1256,374,92
325,1138,1310,Shamela0007798,3685,1239,1412,141,99
325,1049,1210,Shamela0007798,4145,1314,1484,111,77
325,1247,1563,Shamela0007798,4148,349,1307,254,32
325,1310,1589,Shamela0012293,868,664,940,216,95
325,1310,1563,Shamela0012293,6350,415,668,207,100
325,1138,1314,JK000966,252,1101,1277,142,98
325,1138,1310,Tafsir06048,311,393,618,141,76
325,1056,1282,Tafsir06048,367,0,445,163,45
325,1138,1310,Tafsir06048,1234,135,341,140,83
325,1210,1462,JK001131,266,647,899,207,100
325,44,621,Sham19Y0014404,482,974,1458,222,43
325,1138,1300,Sham19Y0014404,484,42,332,133,55
325,861,1563,QuranAnalysis001,70,824,1401,469,81
325,1257,1563,Rafed0001713Vols,871,1173,1567,233,72
325,1099,1310,Rafed0001713Vols,871,269,481,152,88
325,1034,1224,Tafsir04042,862,203,476,113,46
325,1138,1310,JK001414,465,656,828,141,100
325,170,627,Shamela0000041,951,573,881,162,40
325,911,1314,Shamela0000041,952,730,1066,257,78
325,1267,1563,Shamela0000041,953,358,692,238,87
325,933,1563,Shamela0023578,1242,509,1246,447,72
325,229,600,JK000876,470,664,1246,169,35
326,1280,1602,Shia001432Vols,3955,309,632,256,99
326,1105,1230,Shia001432Vols,20875,732,857,102,100
326,713,1109,Shamela0023632,1364,600,846,196,61
326,1255,1602,Shamela0023632,1367,1093,1492,274,86
326,686,1280,JK009268,2042,84,534,351,72
326,205,495,JK009268,2043,451,1037,152,31
326,1280,1602,JK009268,2047,62,384,255,99
326,1105,1234,Sham19Y0023618,658,1449,1577,105,99
326,713,1105,Sham19Y0023618,658,404,646,196,61
326,1234,1602,Sham19Y0023618,659,0,369,294,99
326,1280,1540,Sham19Y0023618,660,256,1134,205,29
326,713,1230,Shamela0023628,1364,83,526,305,66
326,1197,1570,Shamela0023628,1366,323,777,298,82
326,513,1105,Rafed0003257Vols,2464,947,1246,239,49
326,824,1280,Rafed0003257Vols,2466,60,1313,312,30
326,1280,1602,Rafed0003257Vols,2467,1023,1346,256,99
326,1367,1559,Shamela0022593,854,803,1366,129,28
326,1007,1197,Tafsir09083,477,867,1559,149,26
326,913,1105,Sham19Y0020891,2165,809,1188,129,42
326,1280,1493,Sham19Y0020891,2171,346,560,170,99
326,876,1493,Sham19Y0020966,146,381,956,321,55
326,1105,1230,JK000100,52,262,387,102,100
326,1105,1367,JK009270,1675,1080,1342,213,99
326,1367,1602,JK009270,1678,971,1204,184,99
326,1315,1540,ShamIbadiyya0000198Vols,809,326,551,147,79
326,1007,1280,Meshkat0014420,1786,827,1100,222,100
326,1280,1602,Meshkat0014420,1790,68,389,253,98
326,1230,1602,JK000865,216,608,1403,272,43
326,709,1230,JK006476,521,1213,1629,291,64
326,901,1602,JK006476,522,193,1452,511,49
326,1338,1556,JK006476,523,16,459,165,47
326,686,1602,ShamAY0036821,931,273,1033,589,79
326,1007,1367,JK000373,182,908,1518,292,58
326,1386,1540,JK000373,183,0,477,116,31
326,824,1105,Sham19Y0147312,770,58,534,154,35
326,1080,1230,Sham19Y0147312,770,1322,1468,106,87
326,1410,1540,Sham19Y0147312,772,372,502,101,100
326,1280,1602,Shamela0004445,373,415,737,255,99
326,350,1074,Shamela0022769,523,216,1031,292,35
326,1344,1565,Shamela0022769,525,376,1110,168,29
326,370,1105,Sham19Y0014592,1648,283,1043,271,30
326,1007,1230,Sham19Y0013550,256,94,546,181,49
326,1095,1358,Zaydiyya0000062,565,16,315,213,86
326,1334,1593,Zaydiyya0000062,566,66,380,204,80
326,628,1105,Shamela0037458,1328,341,632,212,54
326,1105,1280,Shamela0037458,1330,71,246,143,100
326,1255,1493,Shamela0037458,1331,865,1157,190,81
326,1007,1230,JK000791,785,439,662,181,100
326,1230,1570,JK000791,786,886,1230,250,85
326,94,580,Shamela0021766,1594,26,793,245,35
326,1202,1540,Shamela0000922,527,757,1483,239,39
326,1105,1230,Shamela0000922,527,220,345,102,100
326,1105,1230,Tafsir07076,3450,1429,1553,102,99
326,1367,1540,Tafsir07076,3460,108,432,121,47
326,1367,1602,Tafsir07076,4936,328,592,182,86
326,1367,1579,Shamela0023775,568,25,237,160,96
326,686,1280,JK007018,232,34,600,348,61
326,1280,1602,JK007018,232,1155,1497,255,93
326,671,981,Zaydiyya0000295Vols,2244,0,254,111,36
326,1007,1280,JK009396,497,407,874,214,56
326,1292,1607,JK009396,498,0,315,248,99
326,513,1105,Sham19Y0023608,1405,397,696,239,49
326,1105,1280,Sham19Y0023608,1408,565,740,143,100
326,1280,1602,Sham19Y0023608,1411,23,346,256,99
326,1358,1607,Sham19Y0023608,1413,94,1294,186,19
326,1074,1230,Meshkat00042488,537,129,334,124,74
326,1367,1493,Meshkat00042488,538,109,235,99,100
326,1367,1485,Shamela0010614,367,1434,1551,92,99
326,1280,1602,Shia003721Vols,284,128,450,255,99
326,1105,1283,Rafed0003726Vols,449,1064,1242,145,100
326,1047,1497,Shamela0022371,178,72,581,195,33
326,1298,1493,ShamAY0033108,666,1171,1523,109,38
326,1105,1230,Sham19Y0145435,57,394,519,102,100
326,1280,1602,Sham19Y0145435,5069,712,1033,253,98
326,901,1280,Shia002356Vols,392,29,788,303,49
326,1202,1602,Shia002356Vols,393,55,767,314,54
326,1166,1570,Shia002380Vols,254,363,1439,320,37
326,1105,1292,Shamela0001419,237,872,1023,112,74
326,913,1105,JK001496,709,38,429,131,41
326,1298,1493,JK001496,711,0,196,154,97
326,1091,1230,Tafsir02091,846,201,704,103,25
326,1298,1570,Tafsir02091,847,831,1501,169,31
326,1105,1280,Shamela0008473,1982,462,637,143,100
326,1358,1540,Shamela0008473,1984,346,531,140,96
326,478,1190,Shia002382Vols,673,630,1629,375,39
326,1367,1602,Shia002382Vols,676,169,902,184,31
326,1007,1135,JK006474,1304,739,929,79,52
326,0,1034,Tafsir05047,269,141,1239,455,41
326,713,1105,ShamAY0036031,157,799,1041,196,61
326,513,1602,Shamela0023591,3241,719,1516,638,72
326,1367,1493,Shamela0023591,3260,1000,1126,99,100
326,1074,1216,JK009266,4178,957,1516,115,25
326,1338,1540,JK009266,4183,506,729,150,83
326,1080,1280,Shamela0021821,637,310,519,148,87
326,1202,1602,Shamela0021821,637,892,1473,319,68
326,1367,1570,Tafsir10066,518,367,800,147,42
326,1105,1280,JK009362,3173,129,304,143,100
326,1367,1602,JK009362,3180,905,1145,185,97
326,1050,1280,JK001420,383,0,640,187,35
326,1283,1493,JK001420,383,921,1181,136,66
326,1386,1493,Shamela0022653,109,263,370,84,100
326,1386,1493,JK000902,6,1044,1151,84,100
326,513,1248,Rafed0003943Vols,445,1170,1611,356,59
326,1248,1410,Rafed0003943Vols,446,0,163,131,99
326,1395,1602,Rafed0003943Vols,448,1000,1209,154,94
326,225,1000,Shamela0010273,888,4,692,309,40
326,1007,1280,Shamela0010273,889,254,527,222,100
326,1367,1540,Shamela0007798,4153,1174,1453,135,62
326,94,1050,Tafsir01006,522,192,1614,455,37
326,1105,1602,Tafsir06048,368,4,1023,393,47
326,0,887,Sham19Y0014404,484,171,1155,320,30
326,972,1230,Sham19Y0014404,485,0,611,203,41
326,1410,1587,Sham19Y0014404,486,16,730,133,24
326,1105,1230,Rafed0003799Vols,192,733,858,102,100
326,1007,1272,Masaha000554Vols,1691,682,1268,213,44
326,1280,1602,Masaha000554Vols,1693,1037,1370,247,91
326,513,1193,QuranAnalysis001,70,1200,1586,311,56
326,1193,1602,QuranAnalysis001,71,0,409,326,99
326,967,1283,Rafed0001713Vols,873,155,471,241,90
326,1280,1602,Rafed0001713Vols,874,988,1311,256,99
326,297,1115,Shamela0000041,953,380,807,327,48
326,1047,1280,Shamela0000041,954,104,314,158,83
326,1311,1570,Shamela0000041,955,0,259,204,99
326,686,1280,Shamela0023578,1242,1069,1519,351,72
326,205,1000,Shamela0023578,1243,653,1319,274,33
326,1230,1602,Shamela0023578,1245,14,433,275,76
326,901,1074,JK000876,472,751,1204,115,31
327,1054,1559,JK000791,786,662,1531,217,25
327,993,1510,JK000818,197,1085,1592,236,42
327,980,1506,Shia002356Vols,393,26,614,244,41
327,1253,1468,Tafsir04003,1623,73,584,126,29
327,410,1468,Sham19Y0014404,485,578,1557,369,33
328,180,1430,Shia001432Vols,3955,440,1421,765,74
328,642,982,Shamela0023632,1370,905,1243,273,99
328,982,1298,Shamela0023632,1373,885,1201,258,100
328,781,1094,Masaha004743,68,1189,1500,252,99
328,634,821,Tafsir03097,636,1107,1614,113,27
328,838,1034,Tafsir03097,637,172,659,155,39
328,180,1407,JK009268,2047,192,1149,749,74
328,642,982,Sham19Y0023618,661,878,1216,273,99
328,720,954,Sham19Y0023618,662,135,737,187,38
328,1094,1430,Sham19Y0023618,663,962,1299,273,99
328,1107,1372,Sham19Y0023618,664,175,785,140,26
328,793,1034,Shamela0023628,1372,0,239,192,99
328,1034,1325,Shamela0023628,1374,793,1084,239,100
328,180,812,Rafed0003257Vols,2467,1154,1514,250,48
328,737,1242,Rafed0003257Vols,2471,1005,1593,406,84
328,1242,1407,Rafed0003257Vols,2472,0,165,135,100
328,1187,1325,Rafed0003257Vols,2475,449,1413,114,14
328,642,865,Tafsir09083,479,929,1458,137,30
328,72,291,Sham19Y0020891,2174,120,294,120,63
328,865,1153,Sham19Y0020891,2179,340,626,233,99
328,1153,1298,Sham19Y0020891,2180,1161,1306,118,100
328,1153,1298,JK010001,1616,610,755,118,100
328,1249,1372,JK010001,3061,1153,1327,100,70
328,683,812,JK009270,1681,1438,1566,105,99
328,812,1034,JK009270,1682,0,220,176,98
328,1034,1298,JK009270,1684,781,1045,217,100
328,781,982,Meshkat0014420,1798,148,348,163,99
328,1153,1407,Meshkat0014420,1804,261,515,206,100
328,72,167,Tafsir02079,1906,1035,1141,74,89
328,426,886,JK006476,523,848,1271,236,62
328,1065,1430,JK006476,525,789,1213,292,84
328,1157,1430,JK006476,526,5,709,211,37
328,180,1179,ShamAY0036821,931,843,1561,547,66
328,713,1430,ShamAY0036821,946,70,784,556,94
328,1242,1407,ShamAY0036821,948,121,288,132,97
328,982,1407,JK000373,183,517,942,346,100
328,771,1157,JK000343,162,410,806,308,95
328,781,1002,Sham19Y0147312,774,415,1078,171,31
328,1044,1249,Sham19Y0147312,775,919,1580,158,28
328,1249,1407,Sham19Y0147312,776,153,440,129,55
328,180,1407,Shamela0004445,373,545,1502,749,74
328,193,465,Shamela0022769,525,742,1155,169,51
328,642,926,Zaydiyya0000062,567,1091,1390,224,91
328,1153,1430,Zaydiyya0000062,570,628,902,212,90
328,720,982,Shamela0037458,1335,666,928,213,100
328,1011,1325,Shamela0037458,1338,567,1036,246,64
328,180,1153,JK000791,787,118,954,528,60
328,1153,1325,JK000791,790,1037,1209,140,100
328,189,445,Shamela0021766,1597,545,963,165,47
328,761,1034,Shamela0000922,529,891,1180,139,53
328,652,1153,JK007018,233,0,762,403,65
328,1210,1430,JK007018,234,0,238,180,92
328,1094,1411,Shamela0009823,625,585,1037,255,69
328,642,1002,Hindawi095926405Vols,1301,645,996,278,95
328,180,1153,JK009396,498,118,1309,547,49
328,1153,1430,JK009396,499,1006,1284,224,99
328,180,781,Sham19Y0023608,1411,154,485,240,48
328,781,982,Sham19Y0023608,1417,936,1135,161,99
328,1138,1407,Sham19Y0023608,1421,955,1252,218,90
328,324,916,Shamela0001340,126,113,503,304,64
328,198,999,JK000818,198,17,1331,401,34
328,1087,1430,JK000818,199,70,870,258,40
328,1065,1298,Meshkat00042488,541,4,635,162,29
328,865,1065,Shamela0010614,368,102,300,159,99
328,180,1420,Shia003721Vols,284,258,1229,750,73
328,78,273,ShamIbadiyya0000075,283,1330,1506,103,60
328,731,1027,ShamIbadiyya0000075,284,811,1307,235,57
328,1114,1393,ShamIbadiyya0000075,285,392,833,223,62
328,415,1153,Shamela0021537,2292,0,573,461,77
328,72,167,Rafed0003726Vols,474,1257,1363,74,89
328,781,1065,Shamela0004473,6160,529,813,229,100
328,1034,1325,Shamela0004473,16216,1265,1556,239,100
328,180,761,Shamela0022371,178,493,889,113,20
328,1034,1325,ShamAY0033108,669,501,1456,213,27
328,180,1169,Sham19Y0145435,5069,841,1558,554,67
328,1169,1407,Sham19Y0145435,5070,0,238,193,100
328,642,1187,Shamela0009086,70,249,922,122,14
328,515,982,Shia002356Vols,394,354,801,301,77
328,982,1407,Shia002356Vols,395,727,1150,343,99
328,82,465,Shia002380Vols,254,1110,1459,176,46
328,737,916,Shia002380Vols,255,540,719,144,100
328,1114,1430,Shia002380Vols,256,120,929,250,38
328,72,167,JK001496,711,1383,1489,74,89
328,720,865,JK001496,713,390,952,115,25
328,865,1153,JK001496,714,432,719,232,98
328,1034,1372,Tafsir02091,850,168,1298,240,26
328,331,754,Tafsir02102,1900,204,1060,207,27
328,1210,1433,Tafsir02102,1903,11,784,168,27
328,1153,1437,Shamela0008473,1988,1146,1434,206,88
328,965,1153,Shamela0008473,1988,166,354,154,100
328,937,1153,Shamela0008473,3487,737,1220,163,40
328,14,829,Shia002382Vols,676,285,1502,450,43
328,1153,1298,Tafsir07055,1682,654,799,118,100
328,1249,1372,Tafsir07055,3151,1219,1389,100,72
328,483,865,Tafsir05047,271,418,939,215,42
328,683,994,Shamela0023591,3242,0,309,245,97
328,72,198,Shamela0023591,3262,277,443,83,63
328,982,1430,Shamela0023591,3272,126,575,364,99
328,72,167,JK009266,4184,1005,1111,74,89
328,982,1317,JK009266,4198,1201,1535,273,99
328,1094,1237,Tafsir10098,521,270,813,113,25
328,180,767,Shamela0021821,637,1281,1597,229,47
328,754,1407,Shamela0021821,639,449,1110,526,97
328,1044,1325,Shamela0021821,640,827,1539,225,38
328,781,1094,Rafed0003793Vols,636,1201,1512,252,99
328,72,167,JK007126,795,733,835,71,85
328,1094,1407,JK009362,3194,944,1275,252,93
328,781,982,JK001420,384,1087,1494,142,42
328,1114,1430,JK001420,385,372,1113,190,29
328,720,865,JK006478,4103,1201,1346,118,100
328,865,1094,JK006478,4107,921,1148,183,98
328,1153,1430,JK006478,4114,226,513,212,87
328,198,799,Tafsir08060,183,309,893,197,30
328,737,1187,Tafsir08060,183,786,1543,268,43
328,180,838,Rafed0003943Vols,448,1017,1406,286,52
328,838,1006,Rafed0003943Vols,449,1419,1584,134,98
328,1006,1298,Rafed0003943Vols,450,0,292,239,100
328,1100,1430,Rafed0003943Vols,451,517,1107,179,33
328,82,781,Shamela0010273,891,300,1261,343,36
328,291,465,Shamela0010273,892,48,229,94,61
328,852,1094,Shamela0010273,893,0,240,195,99
328,1094,1411,Shamela0010273,894,497,815,255,98
328,3,465,Tafsir01006,524,401,1044,280,52
328,642,1002,Tafsir06048,369,173,897,279,47
328,78,304,Tafsir04003,1623,928,1503,151,33
328,180,445,Sham19Y0014404,486,16,694,153,26
328,1065,1249,Sham19Y0014404,488,953,1325,151,49
328,1169,1407,Sham19Y0014404,489,260,1034,187,29
328,1249,1407,Meshkat00057178,1534,659,1261,129,26
328,781,1153,Masaha000554Vols,1700,1249,1643,292,89
328,1153,1411,Masaha000554Vols,1706,1011,1280,204,92
328,180,1430,QuranAnalysis001,71,217,1198,765,74
328,72,198,Tafsir08090,724,1105,1270,85,66
328,180,920,Rafed0001713Vols,874,1119,1589,351,57
328,920,1407,Rafed0001713Vols,875,0,485,396,99
328,116,465,Rafed0001713Vols,876,0,629,232,46
328,665,916,Tafsir04042,867,256,1042,196,30
328,1034,1325,Tafsir04042,868,680,1286,232,46
328,1153,1298,Tafsir07057,3493,1015,1160,118,100
328,1114,1237,Tafsir02094,1383,410,1066,99,18
328,781,1039,Shamela0000041,957,1019,1277,204,98
328,1034,1298,Shamela0000041,958,902,1166,217,100
328,1153,1430,Shamela0000041,959,167,656,216,54
328,367,982,Shamela0023578,1245,344,772,341,68
328,786,1430,Shamela0023578,1248,204,1104,504,68
328,683,1172,Shamela0001402,76,74,494,149,31
329,49,953,Shia001432Vols,3955,632,1024,278,38
329,49,780,Shamela0023632,1370,905,1243,236,40
329,378,953,Masaha004743,68,1189,1440,189,41
329,49,953,JK009268,2047,384,776,278,38
329,49,780,Sham19Y0023618,661,878,1216,236,40
329,378,718,Sham19Y0023618,662,441,737,129,37
329,269,953,Rafed0003257Vols,2471,1005,1386,235,39
329,108,435,Tafsir09083,479,767,1277,141,30
329,1347,1505,Tafsir09083,481,5,262,97,47
329,378,780,Meshkat0014420,1798,148,348,150,46
329,49,953,ShamAY0036821,931,1033,1419,272,37
329,269,953,ShamAY0036821,946,94,385,220,40
329,668,1101,Meshkat00042485,2908,824,1506,266,45
329,1101,1366,Meshkat00042485,2909,555,1010,165,43
329,368,953,JK000343,162,410,683,195,41
329,49,953,Shamela0004445,373,737,1129,278,38
329,1279,1499,Zaydiyya0000062,570,417,1211,138,22
329,269,780,Shamela0037458,1335,683,928,187,45
329,1052,1531,Shamela0037458,1338,604,960,191,39
329,49,953,JK000791,787,443,835,278,38
329,426,742,Shamela0021766,1600,218,812,150,31
329,1009,1324,Shamela0021766,1601,36,510,198,46
329,378,594,Shamela0009823,623,832,1134,116,44
329,46,780,Hindawi095926405Vols,1301,645,985,238,40
329,49,953,JK009396,498,530,1190,270,28
329,351,1123,JK000818,198,803,1550,285,36
329,49,953,Shia003721Vols,284,450,843,274,37
329,226,1123,ShamIbadiyya0000075,284,773,1635,328,34
329,49,953,Shamela0021537,2292,62,454,278,38
329,348,1095,Shamela0004473,6160,519,816,225,37
329,895,1499,ShamAY0033108,669,317,1008,240,32
329,49,953,Sham19Y0145435,5069,1033,1424,276,38
329,46,780,Shia002356Vols,394,465,801,235,40
329,49,1224,Shia002380Vols,255,287,1598,539,42
329,1285,1519,Shia002380Vols,256,120,409,148,62
329,1052,1499,Tafsir02091,850,76,675,201,34
329,602,1519,Shia002382Vols,677,160,1482,492,43
329,887,1473,Tafsir05047,272,127,846,294,42
329,108,780,Shamela0023591,3242,0,297,224,41
329,269,953,Shamela0021821,639,315,737,254,41
329,378,953,Rafed0003793Vols,636,1201,1452,189,41
329,378,780,JK001420,384,1087,1494,151,33
329,65,1381,Tafsir08060,183,591,1543,435,37
329,1009,1531,Shamela0010273,894,171,652,240,43
329,668,1366,Tafsir01006,526,84,1234,422,43
329,378,780,Tafsir06048,369,615,880,152,44
329,534,1531,Sham19Y0014404,488,0,1325,358,26
329,378,946,Masaha000554Vols,1700,1249,1505,177,39
329,49,953,QuranAnalysis001,71,409,801,278,38
329,1009,1324,Rafed0001713Vols,880,54,628,232,49
329,679,953,Tafsir04056,3036,961,1532,97,18
329,269,489,Tafsir02094,1380,617,1074,118,28
329,351,953,Shamela0000041,957,1006,1272,198,41
329,520,924,Shamela0000041,958,0,458,186,41
329,49,780,Shamela0023578,1245,433,772,237,40
329,887,1324,Shamela0023578,1249,342,977,234,41
330,0,583,Shia001432Vols,3955,1239,1601,298,62
330,63,499,Shamela0023632,1376,322,552,188,52
330,499,725,Shamela0023632,1377,1229,1451,172,94
330,392,725,JK009268,2060,0,329,261,96
330,0,499,Sham19Y0023618,663,1117,1396,229,55
330,499,725,Sham19Y0023618,665,188,410,172,94
330,153,591,Shamela0023628,1376,197,492,242,67
330,378,583,Rafed0003257Vols,2476,1473,1677,169,99
330,63,503,Tafsir09083,481,738,1510,206,32
330,499,706,Sham19Y0020891,2185,1185,1391,167,99
330,47,435,Sham19Y0020966,147,332,479,104,33
330,412,591,JK009270,1687,0,179,149,100
330,378,591,Meshkat0014420,1806,996,1209,176,100
330,0,452,JK006476,525,1019,1263,189,51
330,0,675,JK006476,526,333,1169,366,45
330,0,725,ShamAY0036821,946,599,1103,392,66
330,0,499,Sham19Y0147312,776,153,812,233,34
330,499,701,Sham19Y0147312,777,243,864,164,32
330,378,809,Shamela0004445,376,752,1316,291,57
330,809,1198,Shamela0022769,530,168,624,121,27
330,378,701,Sham19Y0014592,1660,39,603,252,54
330,378,809,Zaydiyya0000062,571,801,1148,249,65
330,499,725,Shamela0037458,1342,744,966,172,94
330,0,591,JK000791,791,317,721,270,50
330,69,1027,Shamela0021766,1602,51,1126,360,32
330,167,435,Tafsir02011,571,24,594,144,30
330,153,701,Shamela0000922,530,72,847,269,39
330,44,715,JK007018,234,73,579,370,64
330,0,701,JK009396,499,1102,1583,393,68
330,378,748,Sham19Y0023608,1424,295,699,268,81
330,240,809,Meshkat00042488,542,118,786,298,47
330,378,809,Shia003721Vols,287,236,776,295,60
330,0,611,ShamIbadiyya0000075,285,591,1681,329,33
330,378,591,Shamela0004473,11113,1027,1584,176,38
330,499,748,Sham19Y0030863,36,1094,1343,176,87
330,378,701,Shamela0012828,11,168,558,264,82
330,378,701,JK010729,170,994,1317,261,98
330,378,809,Sham19Y0145435,5072,869,1419,294,59
330,0,767,Shia002356Vols,396,523,1433,421,54
330,378,701,Tafsir04038,191,729,1144,188,46
330,701,1521,Shia002380Vols,256,905,1606,322,40
330,0,448,Shia002380Vols,256,531,1012,209,48
330,378,865,JK001496,716,786,1099,155,32
330,499,701,JK001496,717,585,790,164,98
330,499,701,JK010552,658,444,645,163,99
330,307,776,Shamela0008473,1990,585,1159,355,76
330,33,448,Shia002382Vols,678,0,495,196,44
330,0,725,Shamela0023591,3272,393,894,397,67
330,153,701,JK009266,4199,8,413,330,73
330,171,776,Shamela0021821,641,85,707,364,64
330,378,725,JK009362,3199,1191,1507,195,65
330,153,591,JK001420,385,935,1412,207,46
330,378,776,JK006478,4117,867,1241,210,57
330,0,725,Rafed0003943Vols,451,944,1426,377,64
330,378,809,Shamela0010273,895,1032,1514,339,84
330,225,1061,Tafsir01006,527,748,1590,239,23
330,44,638,Tafsir06048,370,415,1533,336,33
330,383,725,Tafsir06048,371,99,437,194,58
330,499,701,Masaha000147,35,48,250,164,100
330,378,694,Masaha000554Vols,1711,544,866,252,95
330,0,725,QuranAnalysis001,71,1016,1517,397,67
330,378,849,Rafed0001713Vols,881,577,1145,365,76
330,499,701,Tafsir04056,1934,156,358,164,100
330,0,725,Shamela0023578,1248,920,1425,397,67
330,0,499,JK000876,477,211,1274,250,27
331,728,938,Shamela0006626,77,1148,1370,145,81
331,0,720,Shia001432Vols,3956,129,849,590,99
331,720,882,Shia001432Vols,4047,1414,1575,129,99
331,882,1041,Shia001432Vols,4048,0,159,131,100
331,741,1041,Shia001432Vols,4057,85,340,172,68
331,46,314,Shamela0023632,1379,611,879,221,100
331,314,552,Shamela0023632,1382,291,529,193,100
331,635,843,Shamela0023632,1384,0,208,168,100
331,843,1041,Shamela0023632,1386,1221,1419,161,100
331,0,1041,JK009268,2060,320,1361,850,99
331,314,481,Sham19Y0150966,1301,503,670,133,100
331,0,221,Sham19Y0023618,665,401,622,179,100
331,221,525,Sham19Y0023618,666,1300,1603,250,99
331,525,720,Sham19Y0023618,667,0,195,162,100
331,720,1041,Sham19Y0023618,669,993,1314,260,100
331,314,481,Tafsir06051,630,1389,1554,132,98
331,0,169,Shamela0023628,1378,266,434,137,99
331,221,552,Shamela0023628,1383,1011,1505,273,67
331,552,938,Shamela0023628,1385,736,1122,314,100
331,0,720,Rafed0003257Vols,2481,64,784,591,100
331,720,1041,Rafed0003257Vols,2484,548,869,260,100
331,314,481,Tafsir09084,2201,164,329,132,98
331,314,552,Sham19Y0020891,2196,634,872,193,100
331,720,963,Sham19Y0020891,2199,602,855,182,89
331,314,481,Sham19Y0020891,5751,906,1073,133,100
331,162,481,JK010001,3179,640,1079,238,66
331,0,221,JK009270,1690,315,536,179,100
331,221,741,JK009270,1692,766,1280,415,96
331,720,1046,JK009270,1708,517,841,261,98
331,0,162,Meshkat0014420,1809,636,798,132,100
331,314,552,Meshkat0014420,1816,743,980,193,99
331,720,938,Meshkat0014420,1819,1008,1225,175,99
331,229,666,JK006476,529,397,850,358,95
331,666,957,JK006476,530,434,741,233,94
331,650,938,Tafsir01005,235,421,652,115,49
331,3,545,ShamAY0036821,946,1097,1634,433,97
331,552,889,ShamAY0036821,947,6,336,267,97
331,893,1046,ShamAY0036821,956,926,1073,120,94
331,720,938,Shamela0029677,1981,1017,1198,139,79
331,369,720,Sham19Y0147312,780,204,1260,265,29
331,873,1061,Sham19Y0147312,783,338,929,147,30
331,0,314,Shamela0004445,360,563,877,259,100
331,0,314,Shamela0004445,385,300,614,259,100
331,314,552,Shamela0004445,388,146,384,193,100
331,481,1041,Shamela0004445,400,349,909,458,99
331,720,889,Shamela0004445,403,949,1118,135,100
331,162,481,JK000585,3006,51,337,202,74
331,0,155,Sham19Y0014592,1668,934,1089,126,100
331,0,481,Sham19Y0014592,1694,421,976,391,86
331,0,169,Zaydiyya0000062,572,772,945,137,95
331,140,474,Zaydiyya0000062,573,1105,1480,272,88
331,427,713,Zaydiyya0000062,576,538,851,208,80
331,720,929,Zaydiyya0000062,577,910,1123,166,95
331,540,843,Shamela0037458,1348,1230,1525,241,97
331,805,1041,Shamela0037458,1351,0,247,180,88
331,229,552,JK000791,796,1121,1464,235,81
331,457,843,JK000791,797,782,1417,296,57
331,307,481,Shamela0021766,2087,663,843,131,89
331,341,672,Shamela0021751,7146,90,657,261,56
331,314,843,Shamela0000922,532,272,1520,363,33
331,843,1061,Shamela0000922,533,54,416,172,58
331,0,419,Sham19Y0009800,96,1248,1666,342,99
331,419,566,Sham19Y0009800,97,0,148,114,93
331,314,519,JK010427,25,1337,1541,165,99
331,3,162,JK007018,235,777,940,130,97
331,720,1041,JK007018,237,14,349,259,95
331,295,481,Noorlib0031306,123,974,1160,122,80
331,162,481,Shamela0037325,1684,1194,1476,202,74
331,115,361,JK009396,502,1347,1631,184,76
331,0,162,JK009396,502,456,618,132,100
331,335,720,JK009396,504,93,744,232,38
331,788,1061,JK009396,505,0,583,202,43
331,0,314,Sham19Y0023608,1427,26,340,259,100
331,314,552,Sham19Y0023608,1431,822,1060,193,100
331,720,903,Sham19Y0023608,1434,1467,1649,146,99
331,221,481,Sham19Y0023608,3558,667,927,213,100
331,0,552,Sham19Y0016953Vols,1611,778,1330,452,100
331,0,140,JK000381,2405,144,284,114,100
331,720,898,JK000381,4185,1335,1512,142,99
331,720,889,JK000381,7796,890,1059,135,100
331,720,938,JK000381,7864,219,437,175,100
331,427,672,JK000381,7951,209,454,202,99
331,251,679,JK000818,200,492,1357,335,46
331,314,560,Meshkat00042488,546,99,857,190,31
331,889,1041,Meshkat00042488,548,290,582,125,52
331,0,314,Shia003721Vols,271,960,1274,259,100
331,0,314,Shia003721Vols,295,1003,1317,259,100
331,115,314,Shia003721Vols,296,240,696,165,43
331,314,552,Shia003721Vols,298,709,947,193,100
331,481,1041,Shia003721Vols,310,467,1026,458,99
331,720,893,Shia003721Vols,313,1007,1176,135,97
331,720,942,Shamela0004473,16111,1152,1374,176,99
331,0,162,Sham19Y0030863,37,342,504,132,100
331,314,533,ShamAY0033108,674,444,1373,177,23
331,0,314,Sham19Y0145435,5058,804,1118,259,100
331,720,893,Sham19Y0145435,5083,1007,1175,135,97
331,0,162,Shia002356Vols,397,1020,1182,132,100
331,131,552,Shia002356Vols,398,238,636,326,94
331,525,938,Shia002356Vols,400,8,433,321,92
331,873,1041,Shia002356Vols,401,137,533,115,35
331,552,1041,Tafsir04038,193,679,1423,398,65
331,131,552,Shia002380Vols,257,746,1401,342,63
331,552,1052,Shia002380Vols,259,248,1439,401,41
331,314,552,JK001496,722,443,681,193,99
331,720,938,JK001496,723,1161,1381,174,97
331,796,938,Shamela0011573,31,889,1031,113,100
331,285,533,Tafsir02091,857,55,1108,198,23
331,778,938,Shamela0008473,1538,739,891,119,93
331,0,162,Shamela0008473,1991,1153,1315,132,100
331,65,481,Shamela0008473,1992,13,653,338,65
331,481,720,Shamela0008473,1998,288,527,198,99
331,818,1041,Shamela0008473,2000,0,290,147,62
331,221,481,Shamela0008473,4277,97,357,213,100
331,285,552,Shia002382Vols,680,270,852,215,45
331,608,1041,Shia002382Vols,682,100,1177,341,39
331,335,481,MMS00013,2741,822,968,116,100
331,162,467,Tafsir07055,3267,1140,1565,223,64
331,221,460,Tafsir07055,3930,1284,1546,195,89
331,796,938,Shamela0003055,439,870,1012,113,100
331,796,938,Shamela0003055,1158,936,1078,113,100
331,0,772,Shamela0023591,3272,885,1656,634,99
331,889,1052,Shamela0023591,3298,1224,1384,130,96
331,0,720,JK009266,4210,97,815,588,99
331,720,846,JK009266,4226,1415,1538,100,97
331,720,938,Shamela0010283,2472,42,263,174,98
331,221,481,Tafsir10098,1427,172,430,212,99
331,0,720,Shamela0021821,642,401,1121,591,100
331,285,650,Shamela0021821,646,379,1282,298,40
331,720,1041,Shamela0021821,647,93,414,260,100
331,314,481,JK009362,3213,826,997,133,96
331,481,720,JK009362,3218,110,543,165,46
331,720,938,JK009362,3221,95,326,171,91
331,0,481,Hindawi092028080,15,506,821,251,63
331,720,889,JK000367,365,761,930,135,100
331,221,572,JK001420,386,849,1605,232,37
331,796,938,Shamela0007603,33,736,878,113,100
331,119,361,JK009257,272,816,1405,142,26
331,0,202,Rafed0003943Vols,451,1417,1618,164,99
331,314,593,Rafed0003943Vols,452,1372,1650,228,99
331,593,1041,Rafed0003943Vols,453,0,448,364,100
331,0,140,Shamela0010273,896,1461,1600,114,99
331,162,720,Shamela0010273,898,16,574,459,100
331,720,1041,Shamela0010273,901,159,480,260,100
331,1036,1308,Tafsir01006,528,924,1395,188,45
331,1297,1623,Tafsir01006,529,39,620,184,37
331,753,1041,Tafsir06048,374,1181,1527,180,57
331,625,893,Tafsir06048,374,227,671,215,60
331,221,481,Sham19Y0096629,64,702,962,213,100
331,314,747,Sham19Y0020642,305,1084,1457,240,65
331,335,720,Sham19Y0014404,492,774,1565,314,48
331,707,1041,Sham19Y0014404,493,771,1297,217,46
331,720,1041,Masaha000554Vols,1725,1270,1596,253,93
331,75,1052,QuranAnalysis001,72,0,974,794,99
331,162,552,Rafed0003489,320,1119,1509,320,100
331,0,202,Rafed0001713Vols,882,1443,1644,164,99
331,174,720,Rafed0001713Vols,884,504,1131,447,86
331,720,1041,Rafed0001713Vols,887,43,364,260,100
331,778,938,Shamela0030868,92,1014,1174,125,98
331,115,258,Tafsir04042,870,1217,1634,117,34
331,251,552,Tafsir04042,871,167,823,245,45
331,243,481,Tafsir04056,5845,1148,1385,175,84
331,720,889,JK006950,2098,656,825,135,100
331,814,938,JK006950,2166,0,124,99,100
331,427,578,JK006950,2252,1372,1522,125,99
331,728,938,Shamela0009783BK1,320,668,877,167,99
331,46,319,Shamela0000041,961,276,549,222,98
331,221,552,Shamela0000041,965,200,599,273,82
331,474,938,Shamela0000041,966,0,547,379,84
331,3,210,Shamela0023578,1248,1419,1628,168,98
331,210,560,Shamela0023578,1249,0,350,287,98
331,552,1041,Shamela0023578,1252,226,716,397,97
331,843,1041,Shamela0023578,1253,724,1178,160,43
332,914,1587,Shia001432Vols,3956,414,754,277,50
332,954,1454,Shamela0023632,1382,291,529,193,47
332,914,1587,JK009268,2060,605,945,277,50
332,954,1232,Sham19Y0150966,1301,503,656,122,55
332,914,1427,Sham19Y0023618,666,1364,1603,195,46
332,914,1454,Shamela0023628,1383,1161,1505,224,45
332,914,1587,Rafed0003257Vols,2481,349,689,277,50
332,954,1454,Sham19Y0020891,2196,634,872,193,47
332,954,1232,Sham19Y0020891,5751,906,1059,122,55
332,914,1587,JK009270,1692,830,1168,276,49
332,904,1086,Meshkat00042485,2919,672,1262,120,25
332,954,1454,Shamela0004445,388,146,384,193,47
332,914,1328,JK000585,3006,120,367,168,47
332,914,1232,Sham19Y0014592,1694,781,962,147,56
332,914,1454,JK000791,796,1172,1464,212,47
332,954,1421,JK010427,25,1337,1541,165,43
332,1016,1232,Noorlib0031306,123,1011,1146,105,60
332,914,1232,Shamela0037325,1684,1261,1462,147,54
332,954,1454,Sham19Y0023608,1431,822,1060,193,47
332,914,1232,Sham19Y0023608,3558,731,913,147,57
332,914,1454,Sham19Y0016953Vols,1611,1063,1330,215,48
332,843,1677,JK000818,200,538,1326,377,44
332,954,1454,Shia003721Vols,298,709,947,193,47
332,914,1454,Shia002356Vols,398,370,636,214,48
332,843,1454,Shia002380Vols,257,1033,1401,245,46
332,914,1232,Shamela0008473,1992,457,639,147,57
332,914,1232,Shamela0008473,4277,161,343,147,57
332,843,1454,Shia002382Vols,680,123,852,321,44
332,1016,1232,MMS00013,2741,822,954,105,61
332,914,1587,Shamela0023591,3272,1170,1510,277,50
332,914,1587,JK009266,4210,382,720,276,49
332,914,1232,Tafsir10098,1427,236,416,146,56
332,914,1587,Shamela0021821,642,686,1026,277,50
332,914,1539,Shamela0021821,646,379,1044,301,47
332,914,1232,Hindawi092028080,15,625,807,147,57
332,14,425,Tafsir08060,185,284,636,133,36
332,644,1587,Tafsir08060,185,818,1592,358,40
332,954,1510,Rafed0003943Vols,452,1372,1645,223,49
332,914,1587,Shamela0010273,898,139,479,277,50
332,904,1086,Shamela0010273,899,1313,1522,123,71
332,914,1232,Sham19Y0096629,64,766,948,147,57
332,914,1677,Sham19Y0014404,492,524,1507,252,22
332,914,1587,QuranAnalysis001,72,210,550,277,50
332,914,1454,Rafed0003489,320,1242,1509,215,48
332,914,1587,Rafed0001713Vols,884,696,1036,277,50
332,904,1086,Rafed0001713Vols,885,1364,1595,123,65
332,802,1454,Tafsir04042,871,160,823,258,37
332,914,1454,Shamela0000041,965,332,599,215,48
333,1354,1543,Shia001432Vols,1298,875,1064,153,100
333,829,1354,Shia001432Vols,4074,738,1264,426,99
333,1354,1592,Shia001432Vols,22516,343,582,195,99
333,1167,1354,Shamela0023632,1392,772,959,152,100
333,1354,1592,Shamela0023632,1395,238,477,195,99
333,829,1592,JK009268,2070,731,1495,621,99
333,1354,1543,JK000903,6,879,1068,153,100
333,829,1354,Sham19Y0023618,671,42,567,426,100
333,1354,1592,Sham19Y0023618,674,42,281,195,99
333,1354,1543,Shamela0023628,1400,803,992,153,100
333,822,1354,Rafed0003257Vols,2489,1115,1647,428,99
333,1354,1592,Rafed0003257Vols,2496,1336,1575,195,99
333,1167,1592,Sham19Y0020891,2217,63,893,347,51
333,1345,1543,JK000100,263,1008,1206,158,98
333,829,1247,JK009270,1712,412,828,337,99
333,1369,1592,JK009270,1717,0,224,183,99
333,1354,1592,Shamela0011353,254,725,963,195,99
333,1167,1354,Meshkat0014420,1829,1216,1402,152,99
333,1341,1592,Meshkat0014420,1832,546,837,206,86
333,0,481,JK000865,219,1159,1646,220,48
333,1319,1592,JK006476,534,778,1060,225,96
333,966,1592,ShamAY0036821,958,56,675,485,95
333,179,481,Meshkat00042485,2924,60,578,164,40
333,1179,1354,Shamela0096551,62,308,483,143,100
333,1354,1543,Sham19Y0147312,787,396,585,153,100
333,829,1592,Shamela0004445,414,36,800,621,99
333,1309,1592,Shamela0004445,418,216,893,224,40
333,1354,1543,Sham19Y0014592,2994,963,1152,153,100
333,1167,1536,Zaydiyya0000062,581,897,1270,299,98
333,1167,1354,Shamela0037458,1358,712,899,152,100
333,1171,1354,Sham19Y0016928,1,200,382,149,99
333,449,975,Shamela0000922,533,63,609,267,50
333,1354,1543,Shamela0000922,535,1158,1347,153,100
333,1354,1543,Tafsir07076,824,796,985,153,100
333,142,961,JK007018,237,14,708,362,45
333,1158,1354,JK007018,238,725,925,155,94
333,1360,1592,JK007018,239,0,237,190,97
333,1149,1354,JK009396,507,1216,1478,164,77
333,1354,1592,JK009396,508,1386,1625,195,99
333,829,1354,Sham19Y0023608,1439,74,599,426,100
333,1354,1543,Sham19Y0095660,505,275,464,153,100
333,1354,1543,Sham19Y0016953Vols,359,1361,1550,153,100
333,1354,1543,Sham19Y0016953Vols,1105,965,1154,153,100
333,1354,1543,JK000381,139,82,271,153,100
333,1149,1354,Meshkat00042488,550,887,1477,167,34
333,1354,1543,Meshkat00042488,551,863,1052,153,100
333,952,1592,Shia003721Vols,324,0,641,520,99
333,1369,1592,Shia003721Vols,328,144,552,172,51
333,1354,1543,Shamela0004473,6246,809,998,153,100
333,1354,1543,Shamela0004473,7686,1037,1226,153,100
333,1354,1556,Shia002356Vols,404,1376,1577,164,99
333,1345,1543,Zaydiyya0000142,3766,832,1028,155,96
333,1247,1592,JK001496,730,229,583,282,97
333,496,961,Shamela0008473,2000,138,644,237,43
333,1167,1354,Shamela0008473,2006,986,1173,152,100
333,1354,1592,Shamela0008473,2007,1191,1430,195,99
333,0,616,Shia002382Vols,682,323,1020,333,53
333,496,1020,Shamela0023591,3298,1224,1566,279,64
333,1167,1418,Shamela0023591,3306,1332,1582,203,99
333,1167,1354,JK009266,4237,1238,1424,151,98
333,1354,1543,JK009266,4243,244,433,153,100
333,1070,1309,Shamela0010283,2475,987,1226,190,99
333,505,1592,Shamela0021821,648,43,1011,687,73
333,1354,1543,Rafed0003793Vols,702,1074,1263,153,100
333,1354,1543,Masaha003390Vols,210,323,512,153,100
333,441,961,JK001420,388,524,952,169,29
333,1247,1592,JK001420,389,59,519,232,62
333,1354,1543,Shamela0011354,47,1061,1250,153,100
333,1354,1543,Shamela0022653,117,142,331,153,100
333,1354,1543,JK000376,43,131,320,153,100
333,1354,1543,Shamela0008206,385,1347,1536,153,100
333,0,596,Tafsir08060,186,46,655,259,44
333,822,1183,Rafed0003943Vols,454,1258,1618,288,98
333,1183,1592,Rafed0003943Vols,455,0,409,326,97
333,496,798,Shamela0010273,902,157,650,164,37
333,1167,1592,Shamela0010273,907,61,487,347,99
333,1167,1354,Shamela0007798,4207,629,1207,150,31
333,1354,1543,Shamela0007798,4211,86,275,153,100
333,179,481,Tafsir01006,531,1127,1646,164,40
333,1167,1543,Meshkat00057178,1564,745,1084,201,64
333,0,1472,QuranAnalysis001,72,587,1608,822,69
333,244,418,Rafed0001713Vols,887,1043,1455,104,32
333,580,1167,Rafed0001713Vols,888,610,1320,379,59
333,1277,1592,Rafed0001713Vols,893,0,316,259,99
333,1354,1543,Tafsir07057,2678,1268,1457,153,100
333,1354,1543,Tafsir04056,1915,554,743,153,100
333,1354,1592,Shamela0000041,975,1050,1289,195,99
333,368,1201,Shamela0023578,1253,724,1576,476,55
333,1201,1592,Shamela0023578,1254,0,399,320,97
334,707,1441,JK000865,220,810,1372,261,40
334,26,509,JK000865,220,406,802,202,42
334,1114,1241,Meshkat00042485,2934,1264,1521,88,42
334,26,403,Shamela0021715,5356,104,686,180,30
334,972,1389,ShamIbadiyya0000075,290,834,1322,176,38
334,1114,1410,Shia002380Vols,261,709,966,121,43
334,1114,1241,Shia002382Vols,686,1193,1441,84,42
334,26,502,Tafsir10066,530,1105,1583,177,33
334,217,509,Tafsir08060,186,1017,1306,170,61
334,921,1441,Tafsir08060,187,0,427,242,53
334,26,345,Sham19Y0014404,494,6,528,136,26
334,0,333,Shamela0023578,1254,399,634,166,59
335,1010,1337,Shia001432Vols,4074,1279,1605,263,99
335,1337,1481,Shia001432Vols,4075,0,144,118,100
335,1121,1329,Shia001432Vols,4091,226,452,154,84
335,1010,1213,Shamela0023632,1396,776,979,163,100
335,1159,1424,Shamela0023632,1399,640,934,209,85
335,642,1159,JK009268,2070,1304,1669,293,70
335,1159,1481,JK009268,2071,0,322,262,100
335,876,1496,Sham19Y0023618,674,910,1516,427,80
335,573,1424,Shamela0023628,1401,417,1355,542,62
335,821,1481,Rafed0003257Vols,2498,229,1013,481,73
335,1204,1496,Tafsir09083,491,253,1299,225,26
335,1121,1333,Tafsir09084,971,743,1230,165,41
335,1333,1481,Tafsir09084,972,13,329,118,45
335,1010,1213,Sham19Y0020891,2223,751,954,163,100
335,1247,1481,Sham19Y0020891,2227,0,234,191,100
335,841,1481,Sham19Y0020966,148,574,1005,260,46
335,1213,1359,JK010001,582,424,751,108,41
335,642,1126,JK009270,1717,33,366,267,68
335,1121,1481,JK009270,1721,206,566,292,100
335,1213,1481,Meshkat0014420,1839,550,818,218,100
335,642,1140,JK006476,535,157,843,287,44
335,1060,1359,JK006476,536,446,801,209,73
335,1304,1481,JK006476,537,222,483,127,60
335,686,1481,ShamAY0036821,958,516,1167,517,80
335,1222,1424,ShamAY0036821,963,0,300,134,55
335,876,1036,Meshkat00042485,2940,407,590,116,76
335,1159,1481,Sham19Y0147312,789,901,1203,231,88
335,642,1481,Shamela0004445,418,495,1466,549,62
335,1047,1227,Shamela0004445,420,497,882,136,44
335,1107,1481,Tafsir02067,327,35,743,299,52
335,821,1114,Zaydiyya0000062,583,755,1061,190,64
335,1121,1415,Zaydiyya0000062,584,1241,1537,237,98
335,1010,1227,Shamela0037458,1362,1265,1483,168,96
335,1159,1496,Shamela0037458,1365,150,899,264,43
335,1060,1481,JK000791,804,801,1308,338,82
335,1052,1424,Shamela0000922,537,237,883,279,52
335,1247,1424,Tafsir07076,3527,29,852,145,21
335,642,1481,JK007018,239,42,1062,556,59
335,1324,1496,Zaydiyya0000075BK22,33,219,622,120,36
335,686,1481,JK009396,509,380,1137,475,63
335,1213,1424,ShamIbadiyya0000220,162,985,1196,172,100
335,1010,1213,Sham19Y0023608,1450,435,638,163,100
335,1121,1481,Sham19Y0023608,1452,732,1544,291,44
335,1213,1387,JK000917,683,1357,1530,141,99
335,1010,1242,JK000381,4186,716,931,169,90
335,827,1121,Meshkat00042488,552,189,568,188,60
335,1130,1424,Meshkat00042488,553,798,1296,236,58
335,642,1481,Shia003721Vols,328,177,1104,547,65
335,1060,1227,Shia003721Vols,330,140,488,134,47
335,993,1213,Shamela0004473,12848,193,411,167,95
335,1100,1213,Shamela0004473,14140,0,113,92,100
335,1010,1201,Shamela0022371,179,1095,1494,153,47
335,1121,1428,Shamela0022371,180,17,317,196,79
335,1107,1424,ShamAY0033108,681,451,1404,255,32
335,1218,1481,Sham19Y0145435,167,370,787,173,50
335,1010,1213,Shia002356Vols,405,701,904,163,100
335,1140,1481,Shia002356Vols,406,191,714,259,61
335,725,1329,Tafsir04038,195,6,588,248,38
335,686,1333,Shia002380Vols,262,89,1479,410,33
335,1010,1213,JK001496,732,480,683,163,100
335,1140,1481,JK001496,733,1000,1469,255,67
335,1213,1424,Hindawi046286097,41,244,455,172,100
335,1107,1375,Tafsir02091,864,803,1530,215,36
335,686,1213,Shamela0008473,2008,738,1418,350,59
335,1121,1481,Shamela0008473,2009,1017,1530,292,70
335,1329,1481,Shamela0008473,2010,936,1364,118,34
335,1201,1424,Noorlib0010712,46,920,1159,179,92
335,1213,1359,Tafsir07055,616,336,662,108,41
335,664,1481,Shamela0023591,3307,0,672,543,81
335,876,1121,JK009266,4246,414,601,152,76
335,1121,1481,JK009266,4250,1053,1413,292,100
335,686,1274,Shamela0021821,652,636,1488,364,53
335,1126,1481,Shamela0021821,653,918,1354,258,73
335,1247,1481,Tafsir10066,535,436,1101,184,33
335,1165,1496,JK009362,3254,7,838,262,38
335,1121,1399,JK001420,389,1123,1444,182,71
335,1213,1496,JK009257,280,577,1198,222,43
335,1290,1481,Shia001625,52,1153,1405,156,75
335,1340,1462,Sham19Y0023644,454,106,306,100,61
335,1159,1481,JK006478,4158,461,1131,262,47
335,1010,1496,Rafed0003943Vols,473,805,1302,393,97
335,1010,1213,Shamela0010273,909,655,858,163,100
335,1213,1481,Shamela0010273,910,623,891,218,100
335,1165,1424,Shamela0007798,4215,897,1266,208,69
335,1213,1481,Tafsir06048,378,404,744,217,78
335,442,1121,Sham19Y0014404,497,127,1002,331,40
335,1100,1424,Sham19Y0014404,498,31,727,227,37
335,1213,1481,Rafed0003799Vols,1647,1091,1359,218,100
335,1213,1424,Meshkat00057178,1569,551,762,172,100
335,964,1201,Masaha000554Vols,1747,1266,1606,181,66
335,1213,1472,Masaha000554Vols,1751,228,488,208,97
335,1329,1504,Masaha000554Vols,1753,833,1357,129,29
335,1121,1445,JK000447,278,272,763,149,38
335,745,1481,QuranAnalysis001,73,0,618,503,83
335,1010,1594,Rafed0001713Vols,895,226,835,409,76
335,1140,1266,Tafsir04042,883,961,1109,102,85
335,1290,1481,Tafsir04056,2337,795,1059,156,72
335,1204,1496,Tafsir04056,5847,286,544,194,82
335,1218,1481,Shamela0009783BK1,324,78,491,170,50
335,706,1274,Shamela0000041,976,440,1042,360,67
335,1060,1481,Shamela0000041,977,39,737,337,59
335,695,1231,Shamela0023578,1265,735,1637,357,46
335,1231,1594,Shamela0023578,1266,0,396,238,64
335,457,1036,JK000876,485,553,1314,272,37
336,153,720,Rafed0003257Vols,2498,592,813,172,37
336,369,1070,Tafsir09084,971,743,1402,210,26
336,153,424,Meshkat00042485,2941,1043,1422,180,59
336,1207,1508,Meshkat00042485,2946,18,384,190,61
336,153,720,Shamela0004445,418,1045,1266,172,37
336,153,720,Zaydiyya0000062,584,789,1403,217,33
336,153,720,JK000791,804,801,1108,185,38
336,153,720,Shamela0000922,537,244,740,163,25
336,320,720,Sham19Y0023608,1452,680,1344,134,19
336,153,720,Shia003721Vols,328,683,904,172,37
336,14,256,Shia002356Vols,405,1049,1415,86,27
336,1077,1512,Shia002380Vols,263,189,616,212,50
336,153,714,Shia002382Vols,689,505,1035,268,51
336,153,720,Shamela0023591,3307,251,472,172,37
336,1057,1508,Shamela0010273,911,248,840,272,54
336,23,424,Tafsir01006,535,796,1486,221,41
336,442,1002,Tafsir01006,536,0,730,197,26
336,153,720,QuranAnalysis001,73,197,418,172,37
336,162,583,Rafed0001713Vols,896,12,784,262,42
337,0,557,Shia001432Vols,4075,191,748,451,100
337,188,474,Shia001432Vols,4091,1132,1558,217,63
337,188,822,Shia002185Vols,1528,636,1270,520,100
337,110,327,Shamela0023632,1402,1343,1559,175,99
337,188,416,Rafed0000040Vols,405,1054,1273,174,95
337,0,188,JK009268,2071,369,557,153,100
337,822,943,JK009268,2084,900,1173,75,34
337,188,844,JK009268,2088,252,903,522,97
337,279,634,JK000903,3,152,507,289,100
337,0,254,Sham19Y0023618,675,1312,1565,207,99
337,188,822,Shamela0010551,482,523,1157,520,100
337,110,399,Shamela0023628,1407,1256,1545,233,100
337,0,188,Rafed0003257Vols,2498,1060,1248,153,100
337,110,844,Rafed0003257Vols,2503,117,1372,585,56
337,188,822,Sham19Y0020891,2235,132,766,520,100
337,0,188,JK009270,1724,339,527,153,100
337,188,357,JK009270,1729,1474,1642,135,99
337,188,399,JK000322,30,981,1192,170,100
337,0,188,Meshkat0014420,1842,1083,1271,153,100
337,188,399,Meshkat0014420,1845,205,416,170,100
337,1131,1557,JK000865,222,251,692,194,42
337,37,248,JK006476,538,158,377,172,96
337,1332,1557,JK006476,538,720,1088,140,43
337,0,200,ShamAY0036821,958,1214,1424,162,94
337,44,195,ShamAY0036821,965,850,1300,122,33
337,195,557,ShamAY0036821,966,379,738,285,98
337,310,512,ShamAY0036821,967,551,752,160,99
337,188,409,Shamela0001397,437,574,795,172,97
337,0,188,Sham19Y0147312,792,316,756,149,41
337,188,399,Sham19Y0147312,793,302,513,170,100
337,0,145,Shamela0004445,418,1513,1657,118,99
337,0,188,Shamela0004445,422,453,1280,153,22
337,188,822,Shamela0004445,423,224,858,520,100
337,188,399,Sham19Y0013550,258,543,754,170,100
337,28,557,Sham19Y0013550,260,49,995,366,48
337,0,181,Zaydiyya0000062,586,508,694,147,96
337,822,1301,Zaydiyya0000062,586,1106,1602,179,34
337,133,550,Zaydiyya0000062,587,718,1239,334,79
337,0,188,Shamela0037458,1367,1331,1519,153,100
337,166,557,Shamela0037458,1370,45,464,316,93
337,17,188,JK000791,807,220,750,131,30
337,216,399,JK000791,808,0,183,147,100
337,225,539,Noorlib0038508,125,1166,1556,252,80
337,279,822,Noorlib0038508,126,302,846,446,99
337,0,399,Shamela0000922,538,58,1083,282,33
337,188,822,Shamela0023644,1136,810,1505,341,48
337,110,557,JK007018,240,892,1347,361,98
337,195,399,Zaydiyya0000075BK22,33,1029,1233,164,100
337,0,399,JK009396,511,262,1066,319,49
337,200,479,Sham19Y0023608,1457,1283,1561,223,99
337,195,428,Sham19Y0016953Vols,23,635,886,187,92
337,822,1589,JK000818,203,709,1230,253,36
337,37,205,Meshkat00042488,555,326,783,125,34
337,188,334,Meshkat00042488,555,1409,1554,117,99
337,0,188,Shia003721Vols,328,1151,1339,153,100
337,0,188,Shia003721Vols,332,5,802,153,23
337,188,463,Shia003721Vols,332,1271,1545,221,99
337,188,416,Masaha004568Vols,171,649,888,174,90
337,822,1566,ShamIbadiyya0000075,293,140,925,348,41
337,110,399,Shamela0022371,180,991,1481,233,58
337,0,188,Shia002356Vols,407,466,654,153,100
337,166,399,Shia002356Vols,407,1268,1559,188,80
337,956,1557,Shia002380Vols,263,599,1246,212,28
337,188,822,JK001496,737,19,660,518,98
337,188,557,Shamela0008473,2013,533,902,298,100
337,37,310,Shia002382Vols,691,143,791,219,41
337,37,188,Shamela0012884,2101,546,956,122,36
337,0,188,Shamela0023591,3307,719,907,153,100
337,188,557,Shamela0023591,3332,380,749,298,100
337,67,188,JK009266,4259,0,121,97,100
337,188,557,JK009266,4262,692,1061,298,100
337,37,409,Shamela0021821,655,1079,1535,295,80
337,188,822,JK009362,3264,436,1085,518,97
337,37,339,JK001420,390,617,1301,243,44
337,279,634,Shamela0022653,113,898,1253,289,100
337,188,405,Shia001625,50,1355,1571,175,99
337,37,188,JK006478,4163,449,985,122,28
337,188,416,JK006478,4165,196,445,175,87
337,740,1566,Tafsir08060,188,900,1397,269,38
337,0,844,Rafed0003943Vols,476,38,877,675,97
337,188,399,Shamela0010273,913,928,1139,170,100
337,188,399,Shamela0007798,4227,206,417,170,100
337,0,188,Tafsir06048,378,796,1140,152,54
337,188,399,Tafsir06048,379,989,1354,170,57
337,307,448,Kraken2107192213161,145,263,404,111,99
337,0,399,Sham19Y0014404,499,418,1395,319,40
337,188,323,Rafed0003799Vols,1644,1393,1527,109,99
337,188,399,Meshkat00057178,1575,410,621,170,100
337,0,188,Masaha000554Vols,1755,907,1104,152,94
337,110,428,Masaha000554Vols,1757,1309,1633,253,95
337,0,844,QuranAnalysis001,73,665,1504,675,97
337,822,1609,Rafed0001713Vols,898,508,1540,341,32
337,0,188,Rafed0001713Vols,898,284,472,153,100
337,175,557,Rafed0001713Vols,899,71,446,303,98
337,188,457,Tafsir04056,2335,962,1227,213,98
337,0,188,Shamela0000041,978,630,818,153,100
337,822,1456,Shamela0000041,978,829,1568,233,29
337,175,399,Shamela0000041,979,461,678,175,96
337,323,822,Shamela0000041,980,844,1358,411,97
337,37,563,Shamela0023578,1268,796,1326,425,98
337,822,1600,JK000876,488,20,921,281,28
338,123,368,Shamela0022593,879,738,1242,119,27
338,534,1271,Shamela0022769,541,179,1336,290,30
338,56,640,Shamela0021766,1627,872,1496,173,24
338,18,718,JK000465,1352,446,749,155,26
338,534,761,Shia002380Vols,263,1332,1492,118,66
338,650,1414,Shia002380Vols,264,223,857,318,44
338,56,603,Shamela0008473,2013,976,1193,125,28
338,534,761,Shia002382Vols,691,669,857,119,60
338,290,914,Shamela0010273,914,21,898,230,26
338,546,1460,Tafsir01006,538,25,1465,444,36
338,529,893,Rafed0001713Vols,900,99,748,184,34
339,1128,1614,Shia001432Vols,4048,174,661,398,99
339,1029,1411,Shia002185Vols,1530,0,382,314,100
339,955,1411,Shamela0023632,1411,488,944,373,100
339,1350,1614,Shamela0023632,1413,728,1018,186,79
339,1168,1614,Tafsir03097,655,60,907,366,52
339,1168,1379,JK009268,2100,1396,1606,173,99
339,1379,1614,JK009268,2101,0,235,193,100
339,955,1364,Sham19Y0023618,680,1198,1606,334,99
339,1177,1614,Sham19Y0023618,682,612,1147,283,65
339,1168,1614,Shamela0023628,1421,80,526,366,100
339,1168,1614,Rafed0003257Vols,2512,829,1275,366,100
339,1200,1375,Rafed0003257Vols,2513,639,922,143,61
339,1375,1631,Tafsir09083,496,14,712,164,29
339,1168,1411,Sham19Y0020891,2250,510,753,200,100
339,1303,1620,Sham19Y0020891,2253,89,467,223,71
339,1168,1310,JK009270,1750,1363,1504,116,99
339,1310,1614,JK009270,1751,0,304,250,100
339,1128,1411,Meshkat0014420,1854,988,1271,232,100
339,1411,1614,Meshkat0014420,1857,941,1144,166,100
339,1247,1614,JK006476,542,604,979,298,97
339,1411,1614,JK006476,543,12,579,161,34
339,966,1614,ShamAY0036821,968,0,639,520,98
339,165,605,Meshkat00042485,2955,743,1162,200,44
339,1200,1491,Meshkat00042485,2963,587,1107,238,55
339,1491,1614,Meshkat00042485,2964,1011,1378,101,33
339,1411,1614,Sham19Y0147312,797,1275,1478,166,100
339,1411,1614,Shamela0004445,480,151,354,166,100
339,1323,1614,Tafsir02067,330,304,959,238,44
339,1071,1404,Zaydiyya0000062,591,249,625,257,83
339,1411,1620,Zaydiyya0000062,593,415,623,166,95
339,1115,1411,Shamela0037458,1391,1350,1673,243,91
339,1168,1411,Noorlib0035479,45,149,392,198,99
339,1168,1430,JK000791,812,1347,1608,215,99
339,1430,1614,JK000791,813,0,184,151,100
339,685,944,Shamela0021766,1632,1009,1404,148,43
339,1168,1614,Shamela0021766,1636,21,1228,355,35
339,1128,1411,Shamela0000922,540,668,1018,232,80
339,1411,1614,Zaydiyya0000475,454,772,974,165,99
339,1128,1614,JK007018,242,898,1396,398,97
339,992,1614,JK009396,515,0,1022,506,60
339,1168,1411,Sham19Y0023608,1467,417,660,200,100
339,1411,1614,Sham19Y0023608,1469,500,703,166,100
339,1411,1551,Shamela0001340,6,146,287,115,99
339,1350,1614,JK000818,205,30,497,212,55
339,1168,1411,Meshkat00042488,559,1330,1573,200,100
339,1411,1614,Shia003721Vols,389,977,1180,166,100
339,1200,1620,ShamIbadiyya0000075,295,20,903,336,46
339,1168,1411,Shamela0022371,181,670,913,200,100
339,810,1411,Shia002356Vols,409,884,1502,433,83
339,1411,1614,Shia002356Vols,410,1179,1380,164,99
339,1168,1614,Shia002380Vols,265,888,1541,366,68
339,1323,1614,Shamela0001419,33,1260,1536,183,78
339,1168,1411,JK001496,742,394,638,200,99
339,1303,1614,JK001496,743,222,597,222,71
339,1200,1614,Tafsir02102,1940,182,995,339,50
339,1128,1379,Shamela0008473,2029,1329,1611,205,88
339,1379,1614,Shamela0008473,2030,0,235,193,100
339,1411,1614,Shia002382Vols,695,7,243,166,86
339,1200,1614,Tafsir05047,283,738,1247,227,48
339,1071,1614,Shamela0023591,3340,0,543,446,100
339,1200,1411,Shamela0023591,3347,1170,1381,173,100
339,1355,1614,Shamela0023591,3348,1079,1314,180,85
339,1168,1411,JK009266,4280,940,1183,200,100
339,1386,1614,JK009266,4284,1048,1346,187,76
339,1128,1614,Shamela0021821,659,69,555,398,100
339,1411,1620,Tafsir10066,541,984,1556,163,35
339,1168,1411,JK009362,3283,1275,1524,200,96
339,1411,1625,JK009362,3285,840,1226,171,54
339,972,1509,JK001420,392,0,780,200,23
339,1168,1411,JK009257,284,925,1168,199,99
339,1168,1411,JK006478,4185,1066,1310,200,99
339,1375,1614,JK006478,4187,622,965,196,69
339,286,840,Tafsir08060,189,943,1549,292,48
339,1128,1614,Rafed0003943Vols,483,387,873,398,100
339,1168,1411,Shamela0010273,922,459,702,200,100
339,1411,1614,Shamela0010273,923,8,211,166,100
339,1161,1411,Shamela0007798,4246,1179,1428,201,96
339,1200,1411,Shamela0007798,4247,1186,1397,173,100
339,551,992,Tafsir01006,539,279,1020,243,35
339,1188,1491,Tafsir01006,540,869,1403,238,53
339,1168,1614,Tafsir06048,382,199,1270,366,41
339,1051,1411,Sham19Y0014404,502,36,597,296,63
339,1168,1411,Meshkat00057178,1586,1057,1300,200,100
339,1200,1614,Meshkat00057178,1587,486,1148,339,62
339,1161,1411,Masaha000554Vols,1771,0,248,201,96
339,1411,1607,Masaha000554Vols,1773,1163,1362,159,97
339,1093,1614,QuranAnalysis001,74,0,521,428,100
339,1200,1441,Tafsir08090,750,845,1333,81,17
339,1168,1614,Rafed0001713Vols,905,863,1309,366,100
339,1200,1560,Rafed0001713Vols,906,456,1586,295,31
339,1228,1411,JK000122,205,0,183,150,100
339,1200,1555,Tafsir04042,891,428,1114,288,51
339,1168,1614,Shamela0000041,984,646,1092,366,100
339,1261,1614,Shamela0000041,985,59,740,286,51
339,1168,1614,Shamela0023578,1276,1134,1582,366,99
339,1200,1614,JK000876,491,311,1036,322,54
339,1168,1411,Noorlib0010584,55,1257,1500,200,100
339,1212,1411,Noorlib0010584,56,0,199,163,100
340,920,1570,Shia001432Vols,4048,299,611,251,47
340,1209,1570,Shamela0023632,1413,815,968,125,41
340,1179,1570,Tafsir03097,655,548,805,140,41
340,1148,1570,JK009268,2101,7,185,145,41
340,920,1570,Shamela0023628,1421,165,476,252,47
340,920,1570,Rafed0003257Vols,2512,914,1225,252,47
340,979,1570,Sham19Y0020891,2253,89,411,205,40
340,986,1570,JK009270,1751,0,254,208,43
340,1209,1570,Meshkat0014420,1857,941,1094,125,41
340,920,1570,JK006476,542,610,929,252,47
340,920,1570,ShamAY0036821,968,282,589,247,46
340,784,1310,Meshkat00042485,2963,587,1088,265,50
340,1441,1570,Meshkat00042485,2964,1011,1328,81,29
340,1067,1413,Shamela0001466,876,335,1013,131,20
340,1209,1570,Sham19Y0147312,797,1275,1428,125,41
340,1209,1570,Shamela0004445,480,151,304,125,41
340,1004,1570,Tafsir02067,330,282,859,243,38
340,1248,1570,JK000791,813,0,134,110,41
340,784,1570,Shamela0021766,1636,53,1178,341,29
340,1209,1570,Zaydiyya0000475,454,772,924,124,41
340,920,1570,JK007018,242,1027,1346,252,47
340,1441,1570,Zaydiyya0000295Vols,2296,950,1200,66,29
340,920,1570,JK009396,515,661,972,252,47
340,1203,1570,Sham19Y0023608,1469,496,653,128,42
340,979,1570,JK000818,11,311,965,238,37
340,736,1067,JK000818,204,1359,1644,175,58
340,1067,1570,JK000818,205,20,396,208,45
340,723,1474,Meshkat00042488,560,116,916,344,42
340,1209,1570,Shia003721Vols,389,977,1130,125,41
340,1209,1570,Shia002356Vols,410,1179,1330,123,41
340,784,1570,Shia002380Vols,265,1024,1491,318,46
340,1209,1570,Shamela0001419,33,1333,1486,125,41
340,979,1570,JK001496,743,222,547,205,40
340,784,1570,Tafsir02102,1940,182,936,343,43
340,1148,1570,Shamela0008473,2030,7,185,145,41
340,784,1173,Shia002382Vols,694,1261,1588,206,58
340,1209,1570,Shia002382Vols,695,7,193,134,42
340,920,1570,Shamela0023591,3340,182,493,252,47
340,1209,1570,Shamela0023591,3348,1111,1264,125,41
340,1148,1570,JK009266,4284,1048,1296,148,39
340,920,1570,Shamela0021821,659,194,505,252,47
340,1209,1570,Tafsir10066,541,984,1500,108,18
340,1209,1570,JK009362,3285,999,1159,125,41
340,1148,1570,JK006478,4187,633,915,145,36
340,920,1570,Rafed0003943Vols,483,512,823,252,47
340,736,1173,Shamela0010273,922,1035,1554,211,38
340,330,1310,Tafsir01006,540,254,1384,449,40
340,1148,1570,Tafsir06048,382,979,1220,155,44
340,760,1474,Sham19Y0014404,502,903,1536,333,46
340,1198,1570,Masaha000554Vols,1773,1150,1319,127,41
340,920,1570,QuranAnalysis001,74,160,471,252,47
340,784,1567,Rafed0001713Vols,906,456,1586,353,33
340,784,1562,Tafsir04042,891,428,1114,318,40
340,1209,1570,Tafsir02094,1425,934,1554,114,20
340,920,1570,Shamela0000041,984,731,1042,252,47
340,912,1570,Shamela0000041,985,49,684,259,33
340,920,1570,Shamela0023578,1276,1219,1532,252,47
340,928,1570,JK000876,491,385,986,288,43
341,590,955,JK000330,211,409,774,301,100
341,681,893,Shamela0008381,2761,218,430,172,100
341,105,491,Shia001432Vols,4339,927,1311,311,99
341,681,893,Shia001432Vols,22725,1010,1220,171,99
341,242,495,Shamela0023632,1416,417,670,202,99
341,491,681,Shamela0023632,1419,1363,1553,157,100
341,681,955,Shamela0023632,1421,696,970,224,100
341,28,1053,JK009268,2101,189,1191,817,97
341,314,491,Sham19Y0023618,683,0,177,143,100
341,491,681,Sham19Y0023618,684,573,763,157,100
341,659,955,Sham19Y0023618,685,294,641,243,85
341,260,681,Shamela0023628,1425,1017,1584,330,71
341,681,893,Shamela0023628,1428,877,1089,172,100
341,242,590,Rafed0003257Vols,2514,696,1044,281,100
341,554,858,Rafed0003257Vols,2517,1373,1728,249,85
341,858,1053,Rafed0003257Vols,2518,0,195,160,100
341,105,491,Sham19Y0020891,2254,514,900,312,100
341,590,893,Sham19Y0020891,2261,224,527,249,100
341,242,590,JK009270,1755,752,1101,281,99
341,590,893,JK009270,1758,365,668,249,100
341,188,491,Shamela0005756,9835,614,915,244,99
341,491,681,Meshkat0014420,1865,764,954,157,100
341,681,955,Meshkat0014420,1867,1056,1330,224,100
341,473,681,JK006476,545,78,294,172,96
341,778,1053,JK006476,546,785,1186,220,66
341,681,955,Shia001269,34,786,1062,224,99
341,97,491,Shamela0002300,187,1123,1517,319,100
341,206,439,Shamela0002300,705,0,233,190,100
341,28,590,ShamAY0036821,968,593,1129,431,94
341,246,547,ShamAY0036821,972,1245,1543,240,98
341,547,959,ShamAY0036821,973,0,405,330,97
341,858,1053,ShamAY0036821,975,911,1106,158,98
341,1142,1412,Meshkat00042485,2966,15,463,175,43
341,439,686,Sham19Y0147312,801,608,1319,191,32
341,681,893,Sham19Y0147312,802,419,631,172,100
341,97,491,Shamela0004445,684,328,722,319,100
341,734,893,Sham19Y0014592,1424,52,290,129,66
341,590,893,Sham19Y0014592,1746,1016,1319,249,100
341,97,491,Sham19Y0014592,1916,115,509,319,100
341,590,955,Sham19Y0014592,1999,773,1138,301,100
341,681,893,JK000298,3438,110,322,172,100
341,681,955,Shamela0012769,8,652,926,224,100
341,681,893,Sham19Y0013550,265,275,487,172,100
341,422,668,Zaydiyya0000062,596,1069,1621,198,43
341,668,886,Zaydiyya0000062,597,0,220,177,98
341,695,893,Shamela0006947,414,1207,1403,148,88
341,752,900,Shamela0035101,543,1407,1554,116,97
341,336,590,Shamela0037458,1397,633,887,204,99
341,681,955,Shamela0037458,1400,358,632,224,100
341,314,590,JK000791,814,1219,1531,215,82
341,668,893,JK000791,816,1104,1369,179,83
341,1142,1550,Shamela0021766,1637,177,980,231,35
341,681,893,Shamela0000922,543,968,1180,172,100
341,242,734,JK007018,243,582,1576,396,48
341,734,955,JK007018,244,0,225,181,98
341,97,439,Zaydiyya0000075BK22,22,670,1012,278,100
341,242,491,JK009396,516,902,1151,201,100
341,590,955,JK009396,517,824,1189,301,100
341,105,491,Sham19Y0023608,1471,119,505,312,100
341,491,1053,Sham19Y0023608,1474,713,1275,460,100
341,1053,1471,Shamela0021715,5395,781,1339,219,44
341,681,893,JK000060,83,743,956,172,99
341,491,893,Meshkat00042488,563,235,1463,329,32
341,590,893,Shamela0004473,9701,82,385,249,100
341,590,893,Shamela0004473,10320,618,921,249,100
341,97,491,Shamela0004473,11830,210,604,319,100
341,97,491,Shamela0004473,13802,1032,1426,319,100
341,590,893,Shamela0022371,181,1007,1372,249,82
341,681,893,Zaydiyya0000367,202,0,212,172,100
341,28,279,Shia002356Vols,410,1334,1559,182,89
341,439,681,Shia002356Vols,412,370,743,197,64
341,668,955,Shia002356Vols,413,28,329,234,94
341,681,881,Shamela0000132,1,1146,1344,161,99
341,371,955,Tafsir04038,199,709,1452,437,68
341,1119,1520,Shia002380Vols,266,10,332,199,53
341,105,361,JK001496,743,1363,1619,207,99
341,1136,1404,JK001496,744,570,904,84,24
341,590,809,JK001496,747,1297,1519,181,97
341,491,681,Zaydiyya0000191,36,899,1089,157,100
341,242,491,Shamela0008473,2031,624,873,201,100
341,590,955,Shamela0008473,2036,436,801,301,100
341,1053,1520,Shia002382Vols,695,319,711,219,48
341,242,469,MMS00013,2794,1206,1578,103,27
341,681,955,Shia002758,14,328,601,223,99
341,590,955,JK000378,13,623,988,301,100
341,242,959,Shamela0023591,3356,287,1004,585,100
341,177,491,JK009266,4287,0,315,254,99
341,590,955,JK009266,4297,1138,1503,301,100
341,97,590,Shamela0021821,660,1077,1570,399,100
341,511,955,Shamela0021821,663,404,902,340,83
341,242,495,JK009362,3291,433,699,204,95
341,681,955,JK009362,3299,1041,1317,224,99
341,97,491,Hindawi069795368Vols,509,130,524,319,100
341,681,886,Zaydiyya0000074,30,74,277,165,99
341,674,955,JK006478,4197,222,524,230,93
341,681,893,Zaydiyya0000039,890,1386,1598,172,100
341,28,491,Rafed0003943Vols,483,827,1266,354,94
341,491,1053,Rafed0003943Vols,488,614,1176,460,100
341,681,893,Zaydiyya0000148,43,1083,1295,172,100
341,173,491,Shamela0010273,924,0,318,257,100
341,590,955,Shamela0010273,927,39,404,301,100
341,681,893,Shamela0007798,4267,311,523,172,100
341,1119,1420,Tafsir01006,541,599,1089,198,45
341,422,590,Sham19Y0014404,504,1042,1423,133,43
341,511,893,Sham19Y0014404,505,202,798,296,58
341,681,893,Meshkat00057178,1593,1380,1592,172,100
341,681,955,Masaha000554Vols,1783,863,1136,219,97
341,28,1053,QuranAnalysis001,74,475,1477,817,97
341,342,574,Shamela0009429,4282,865,1183,187,72
341,97,491,JK000916,19817,1170,1564,319,100
341,28,491,Rafed0001713Vols,907,8,465,353,92
341,1119,1474,Rafed0001713Vols,907,664,1341,228,39
341,491,955,Rafed0001713Vols,910,177,641,381,100
341,681,893,JK000122,1256,498,710,172,100
341,269,491,JK001414,1220,0,222,180,100
341,681,955,Tafsir04056,1990,550,824,224,100
341,28,242,Shamela0000041,985,688,885,160,91
341,260,590,Shamela0000041,987,800,1115,158,51
341,547,893,Shamela0000041,988,0,346,280,98
341,752,1053,Shamela0000041,989,684,1217,243,56
341,105,491,Shamela0023578,1277,1050,1437,312,99
341,491,1053,Shamela0023578,1281,740,1306,460,99
342,399,914,JK000818,205,1083,1423,170,38
342,210,854,Tafsir08060,190,622,1123,206,36
342,414,907,Shamela0010273,925,11,688,223,34
342,17,670,Rafed0001713Vols,908,107,974,249,29
342,65,907,Tafsir04042,892,730,1577,237,25
343,43,659,Shamela0022769,548,524,1124,201,29
343,1069,1564,Shia002356Vols,414,387,791,251,60
343,0,663,Shia002380Vols,267,970,1622,228,30
343,0,674,Shia002382Vols,699,65,741,246,33
343,909,1367,Tafsir05047,286,540,1182,200,30
343,140,649,Zaydiyya0000265,1077,0,437,164,35
343,134,734,Shamela0010273,928,93,784,237,34
343,84,931,Sham19Y0014404,505,910,1660,291,33
343,890,1247,Shamela0000041,990,237,555,187,58
344,0,200,Shia001432Vols,7091,256,469,151,87
344,0,153,Shia001432Vols,20120,173,326,119,96
344,554,1120,Shia001432Vols,20885,936,1523,178,26
344,11,516,Shamela0023632,1430,277,782,412,100
344,70,229,Shamela0000894,6293,1435,1594,131,100
344,0,554,JK009268,2110,358,912,452,100
344,0,229,Sham19Y0023618,687,658,887,188,100
344,229,516,Sham19Y0023618,689,846,1133,233,100
344,173,433,Rafed0003257Vols,2525,358,618,211,100
344,0,208,Sham19Y0020891,2278,85,303,156,87
344,0,173,Shamela0023606,215,852,1025,141,100
344,0,281,JK009270,1766,1272,1553,230,100
344,281,554,JK009270,1777,856,1129,222,100
344,0,188,Zaydiyya0000076BK28,3,653,844,148,95
344,0,281,Meshkat0014420,1878,1007,1288,230,100
344,281,554,Meshkat0014420,1884,1126,1399,222,100
344,0,241,Shamela0002300,4384,260,499,192,97
344,127,554,ShamAY0036821,977,0,424,340,97
344,0,229,Shamela0004445,476,39,268,188,100
344,871,1166,Shamela0037458,1409,684,1268,133,24
344,11,272,Shamela0037458,1411,1263,1523,213,99
344,729,1133,Shamela0021766,1647,91,392,132,31
344,0,415,Shamela0023775,180,578,956,236,58
344,0,147,Shamela0023775,200,643,790,119,100
344,0,281,JK007018,245,868,1161,230,95
344,0,173,JK000347,8,1285,1458,141,100
344,0,229,JK009396,520,1065,1294,188,100
344,0,229,Sham19Y0023608,1482,1328,1557,188,100
344,0,173,Sham19Y0095660,1750,1168,1341,141,100
344,0,173,JK000381,3177,778,939,127,90
344,64,229,JK000381,9231,394,559,136,100
344,0,173,JK000381,9805,165,338,141,100
344,0,229,Shia003721Vols,385,866,1095,188,100
344,0,173,Shamela0004473,4121,439,612,141,100
344,1205,1542,Shamela0004473,17279,774,1022,151,52
344,3,424,Shamela0022371,182,984,1518,296,67
344,566,1133,Shia002356Vols,414,865,1460,178,28
344,0,281,Shia002356Vols,415,321,602,229,99
344,173,554,Shia002356Vols,416,762,1227,279,72
344,113,405,Shia002380Vols,270,139,697,234,51
344,0,173,EShia0071536,103,853,1026,141,100
344,0,139,ShamAY0001760,69,691,836,112,95
344,147,281,Zaydiyya0000328,356,190,345,110,85
344,847,1120,Tafsir02102,1949,1074,1465,126,36
344,0,236,Shamela0008473,2047,864,1101,188,96
344,0,222,Zaydiyya0000398,145,713,940,182,97
344,0,554,Shamela0023591,3363,46,600,452,100
344,0,281,JK009266,4314,785,1066,230,100
344,281,554,JK009266,4323,449,722,222,100
344,0,173,Zaydiyya0000259,3,871,1043,140,99
344,0,281,Shamela0021821,668,55,336,230,100
344,0,173,Shamela0001390,57,1350,1523,141,100
344,0,229,Shamela0010463,39,212,441,188,100
344,1205,1370,Shamela0001426,22,1238,1411,115,77
344,0,173,Shamela0022653,222,32,205,141,100
344,0,554,Rafed0003943Vols,494,782,1336,452,100
344,0,173,Zaydiyya0000148,41,1123,1296,141,100
344,816,1188,Shamela0010273,931,141,422,150,46
344,15,281,Shamela0010273,933,0,266,218,100
344,0,200,Shamela0012293,3152,300,586,155,66
344,70,464,Tafsir06048,387,302,985,308,55
344,0,272,Masaha000554Vols,1793,716,996,218,94
344,0,241,Zaydiyya0000299,446,1260,1491,186,94
344,0,554,QuranAnalysis001,75,157,711,452,100
344,884,1223,Rafed0001713Vols,913,905,1240,170,48
344,0,281,Rafed0001713Vols,914,316,597,230,100
344,0,173,Shamela0030868,120,46,219,141,100
344,0,194,Shamela0095735,126,622,820,147,92
344,0,147,Sham19Y0014579,284,1189,1336,119,100
344,64,229,JK006950,3531,1311,1476,136,100
344,0,173,Shamela0000041,997,636,809,141,100
344,113,342,Shamela0000041,998,998,1522,185,42
344,1188,1365,JK010662,15,1425,1607,141,95
344,0,620,Shamela0023578,1285,403,910,386,73
345,1117,1554,Meshkat00042485,2990,986,1267,152,40
345,924,1554,Tafsir01006,546,250,991,213,28
345,1122,1554,Rafed0001713Vols,915,1088,1516,147,29
346,1400,1573,Shia001432Vols,2481,1097,1267,128,92
346,1160,1560,Shamela0023632,1435,960,1229,216,67
346,1329,1632,JK009268,2126,501,865,203,69
346,1400,1610,Sham19Y0023618,691,1217,1427,167,100
346,1400,1515,Shamela0023628,1453,1460,1574,91,99
346,1126,1610,Rafed0003257Vols,2526,863,1205,275,70
346,0,1040,Tafsir09083,502,452,1623,388,34
346,1329,1451,Tafsir09084,997,814,1332,98,23
346,1329,1560,Sham19Y0020891,2292,479,712,185,99
346,1126,1451,JK009270,1777,1068,1251,148,56
346,1451,1632,JK009270,1783,358,540,146,99
346,1400,1610,Meshkat0014420,1891,0,210,167,100
346,1329,1446,JK006476,552,1302,1428,92,91
346,1329,1632,JK006476,553,428,1325,231,32
346,1126,1632,ShamAY0036821,977,363,725,286,70
346,1336,1553,Zaydiyya0000062,604,26,249,169,94
346,1350,1610,Shamela0037458,1419,1076,1336,207,100
346,1400,1610,JK000791,827,944,1154,167,100
346,1367,1610,JK007018,247,376,625,172,86
346,1367,1610,JK009396,523,705,965,178,86
346,1160,1610,Sham19Y0023608,1494,1076,1395,256,70
346,1413,1560,Meshkat00042488,574,0,597,114,24
346,1400,1560,Shamela0004473,10908,795,955,127,100
346,749,1628,Shia002356Vols,417,140,1246,372,33
346,1160,1603,Tafsir04038,202,943,1527,252,50
346,1329,1560,JK001496,755,1009,1242,185,99
346,252,463,Tafsir02102,1956,29,368,134,50
346,1431,1560,Shamela0008473,2061,0,129,102,100
346,1126,1632,Shamela0023591,3363,539,904,293,71
346,1400,1610,JK009266,4332,838,1048,167,100
346,1126,1610,Shamela0021821,671,275,616,274,70
346,1160,1518,JK001420,395,796,1559,174,26
346,1329,1632,Rafed0003943Vols,497,1052,1356,243,99
346,1400,1610,Shamela0010273,940,1284,1494,167,100
346,1405,1560,Shamela0007798,4308,0,388,122,39
346,983,1451,Sham19Y0014404,511,907,1465,169,29
346,1431,1560,Meshkat00057178,1615,251,403,102,84
346,1350,1603,Masaha000554Vols,1807,1216,1478,178,84
346,1126,1632,QuranAnalysis001,75,650,1015,294,71
346,1329,1610,Rafed0001713Vols,918,176,457,225,100
346,1329,1451,Shamela0009065,130,1090,1488,98,30
346,1400,1632,Shamela0000041,1002,198,506,186,75
346,1117,1610,Shamela0023578,1294,593,946,278,69
347,0,213,Shamela0008381,461,647,870,139,78
347,0,167,Shamela0000894,271,102,269,134,100
347,0,299,JK009268,2126,865,1167,238,99
347,0,167,Sham19Y0023618,692,1369,1535,133,98
347,0,167,Shamela0023628,1454,118,285,133,99
347,0,167,Rafed0003257Vols,605,1067,1234,133,99
347,0,299,Rafed0003257Vols,2531,1261,1560,237,99
347,577,898,Sham19Y0020891,2294,147,513,163,48
347,0,167,Sham19Y0020891,2297,52,219,133,99
347,0,167,JK010001,2949,539,706,134,100
347,0,299,JK009270,1783,540,839,238,100
347,0,173,Meshkat0014420,1892,1204,1377,135,97
347,0,167,Sham19Y0147312,809,327,494,134,100
347,29,287,Shamela0022769,556,438,1184,165,26
347,0,160,Zaydiyya0000062,605,1050,1210,128,100
347,0,167,Shamela0037458,1421,1301,1468,134,100
347,0,167,JK000791,828,947,1114,134,100
347,0,167,Shamela0023833,369,861,1028,133,99
347,0,167,Shamela0000922,547,219,386,134,100
347,15,167,Sham19Y0009800,655,0,152,121,99
347,0,167,Tafsir07076,3636,1000,1167,134,100
347,0,299,JK007018,247,834,1136,236,98
347,0,167,JK009396,523,1347,1514,134,100
347,0,167,Sham19Y0023608,1500,511,678,133,99
347,0,265,JK000381,5407,464,729,211,100
347,299,1161,JK000818,208,984,1598,258,33
347,556,1189,Meshkat00042488,574,43,1422,241,20
347,0,167,Meshkat00042488,575,164,331,133,99
347,757,1008,ShamIbadiyya0000075,301,1086,1557,122,31
347,0,306,Shamela0021537,2277,1216,1521,241,99
347,0,167,Shamela0021537,2743,1155,1322,134,100
347,0,299,Shia002356Vols,418,795,1094,237,99
347,0,272,Tafsir04038,203,446,707,174,73
347,577,1008,JK001496,756,425,1038,204,38
347,0,167,Shamela0008473,2062,125,292,134,100
347,0,167,Tafsir07055,3041,496,663,134,100
347,0,167,Masaha002028Vols,831,740,907,133,99
347,0,173,Shamela0023591,3363,904,1077,134,97
347,0,299,JK009266,4336,1179,1478,238,100
347,0,178,Shamela0010283,3364,716,897,135,93
347,0,167,Rafed0002565Vols,81,1377,1544,133,99
347,299,1189,Tafsir08060,193,834,1585,279,31
347,0,386,Rafed0003943Vols,497,1356,1582,175,56
347,556,1258,Shamela0010273,941,38,1356,356,31
347,0,167,Shamela0010273,942,694,861,133,99
347,0,167,Masaha002865,309,63,236,133,95
347,0,173,Shamela0012293,232,921,1094,136,98
347,0,167,Sham19Y0014404,512,1020,1187,134,100
347,0,167,Meshkat00057178,1616,1039,1206,134,100
347,0,299,QuranAnalysis001,75,1015,1317,238,99
347,0,167,Rafed0001713Vols,919,954,1121,133,99
347,0,167,Tafsir07057,1740,614,781,134,100
347,0,167,Shamela0000041,1002,506,673,134,100
347,730,1250,JK000876,499,107,954,239,33
348,1289,1518,Shia001432Vols,3414,985,1213,179,96
348,1297,1469,Masaha004743,11,1352,1523,140,99
348,1297,1552,JK009268,2126,1164,1420,208,99
348,1297,1552,Sham19Y0023618,694,627,883,208,99
348,983,1518,Sham19Y0020891,2302,49,599,274,47
348,1285,1518,JK000100,465,801,1038,185,96
348,1297,1552,JK009270,1788,950,1206,208,99
348,1297,1552,Meshkat0014420,1897,763,1019,208,99
348,262,433,JK006476,554,1326,1494,73,52
348,191,895,Tafsir01005,2494,233,1205,251,29
348,1297,1518,Shia001269,7,48,269,179,99
348,1042,1552,ShamAY0036821,990,705,1177,249,56
348,1297,1518,Shia003701,10,1023,1394,180,59
348,1297,1518,Rafed0003376Vols,1081,884,1109,180,98
348,810,1451,Sham19Y0147312,811,490,952,229,39
348,1297,1518,Shamela0004445,135,1264,1485,180,100
348,1297,1495,Sham19Y0014592,554,1132,1330,161,100
348,262,1014,Shamela0021766,1662,293,1192,295,35
348,1297,1518,Shamela0000922,548,161,809,143,25
348,1297,1518,JK009396,525,22,243,180,100
348,1297,1552,Sham19Y0023608,1509,915,1171,208,99
348,1297,1518,JK000917,704,711,932,180,100
348,1297,1518,Shia003721Vols,43,809,1030,180,100
348,1297,1518,JK000201,3788,1244,1465,180,100
348,1297,1518,Shamela0022371,183,363,814,176,48
348,1297,1463,JK000961,64,1397,1562,135,99
348,669,1552,Shia002356Vols,419,754,1391,369,48
348,1297,1495,Rafed0001140,198,1069,1267,161,100
348,1297,1495,Tafsir04038,203,751,949,161,100
348,713,1518,JK001496,759,82,867,372,44
348,1297,1518,Shamela0008473,2069,507,728,180,100
348,149,778,Tafsir05047,290,505,780,147,28
348,1297,1552,Shamela0023591,3397,80,336,208,99
348,1297,1552,JK009266,4343,947,1203,208,99
348,1289,1552,Shamela0021821,675,462,726,209,96
348,1297,1518,Rafed0003793Vols,715,571,792,180,100
348,1297,1518,JK000063,177,1323,1544,180,100
348,1297,1518,JK009362,3346,819,1043,180,98
348,1297,1518,JK006478,4247,799,1023,180,98
348,1297,1552,Rafed0003943Vols,499,740,996,208,99
348,1297,1518,JK000360,44,1026,1247,180,100
348,262,710,Shamela0010273,943,54,678,215,39
348,1285,1518,Shamela0010273,946,252,485,183,96
348,1297,1518,JK000089,237,600,821,180,100
348,262,762,Tafsir01006,549,911,1535,200,34
348,182,904,Sham19Y0014404,513,0,507,192,27
348,1039,1451,Meshkat00057178,1619,569,872,176,48
348,1297,1552,QuranAnalysis001,75,1314,1570,208,99
348,191,904,Rafed0001713Vols,920,466,1397,299,34
348,710,1552,Rafed0001713Vols,921,5,852,447,55
348,1297,1495,Shamela0000432,4516,402,600,161,100
348,1289,1518,JK001098,42,645,874,182,97
348,146,904,Shamela0000041,1003,184,1105,258,25
348,1297,1518,Shamela0000041,1004,602,823,180,100
348,1297,1552,Shamela0023578,1298,1098,1357,208,98
348,664,1165,JK000876,500,719,1535,240,33
349,0,186,Shamela0008381,520,163,349,153,100
349,0,480,Shia001432Vols,760,62,542,390,100
349,83,785,Shia001432Vols,2482,0,617,487,86
349,72,480,Shia001432Vols,26983,406,720,252,76
349,108,375,Shamela0023632,1445,303,588,211,91
349,359,573,Shamela0023632,1447,762,976,175,100
349,573,785,Shamela0023632,1449,1027,1239,170,100
349,785,978,Shamela0023632,1452,748,941,158,100
349,0,191,JK009268,2126,1420,1610,157,99
349,191,480,JK009268,2127,0,289,233,100
349,398,978,JK009268,2139,552,1113,415,88
349,108,480,Sham19Y0023618,697,163,535,301,100
349,673,834,Sham19Y0023618,700,544,705,130,100
349,0,186,Shamela0023628,1462,627,813,153,100
349,186,480,Shamela0023628,1464,111,405,237,100
349,635,834,Shamela0023628,1468,1280,1479,161,100
349,0,480,Rafed0003257Vols,2535,127,607,390,100
349,277,420,Rafed0003257Vols,2537,1160,1591,117,32
349,480,978,Rafed0003257Vols,2538,510,1009,404,99
349,0,140,Hindawi073920283,145,1451,1590,114,99
349,140,311,Hindawi073920283,146,0,171,138,100
349,277,398,Shamela0022593,909,178,679,99,24
349,0,470,ShamAY0035562,12,1107,1576,382,99
349,108,375,Sham19Y0020891,2312,1321,1542,175,81
349,613,785,Sham19Y0020891,2320,220,354,107,77
349,0,156,JK010001,1710,1351,1506,128,99
349,156,480,JK010001,1711,0,303,224,86
349,0,274,JK010001,2708,868,1296,222,64
349,0,283,JK009270,1788,1206,1488,229,99
349,359,635,JK009270,1795,302,578,225,100
349,635,978,JK009270,1800,83,426,278,100
349,40,311,Meshkat0014420,1903,677,948,219,100
349,311,480,Meshkat0014420,1905,1073,1242,138,100
349,673,785,Meshkat0014420,1914,185,297,89,100
349,0,186,JK006476,556,1025,1219,153,95
349,61,392,JK006476,557,643,1121,232,60
349,148,519,JK006476,558,39,902,292,41
349,0,431,ShamAY0036821,990,1177,1604,346,98
349,431,978,ShamAY0036821,991,0,543,438,98
349,324,644,ShamAY0036821,998,854,1175,158,42
349,186,519,Sham19Y0147312,814,249,683,269,76
349,673,785,Sham19Y0147312,815,1374,1486,89,100
349,72,324,Zaydiyya0000062,609,1282,1603,194,74
349,519,827,Zaydiyya0000062,611,1063,1378,216,84
349,0,359,Shamela0006947,4179,529,888,291,100
349,0,140,Shamela0037458,1430,1397,1536,114,99
349,140,311,Shamela0037458,1431,0,171,138,100
349,311,573,Shamela0037458,1433,274,536,214,100
349,663,834,Shamela0037458,1437,601,802,137,84
349,108,311,Noorlib0035479,67,402,605,163,100
349,0,333,JK000791,833,814,1584,263,42
349,673,785,JK000791,837,992,1104,89,100
349,380,785,Shamela0000922,549,449,737,150,36
349,673,801,Tafsir07076,3662,433,570,95,87
349,0,480,JK007018,248,1042,1546,390,94
349,573,834,JK007018,249,964,1343,163,53
349,0,480,JK009396,525,858,1338,390,100
349,108,480,Sham19Y0023608,1514,37,409,301,100
349,773,978,Sham19Y0023608,1523,896,1129,168,87
349,40,311,JK000381,4940,0,271,219,100
349,573,801,JK000381,5740,522,760,177,92
349,108,311,Meshkat00042488,578,945,1384,163,46
349,673,790,Meshkat00042488,581,353,476,93,95
349,0,156,ShamIbadiyya0000075,303,1262,1561,128,52
349,156,473,ShamIbadiyya0000075,304,0,582,250,53
349,0,480,Shamela0004473,9620,131,611,390,100
349,274,480,Shamela0004473,9622,301,748,168,46
349,156,311,ShamAY0033108,706,130,315,124,83
349,40,314,Shia002356Vols,421,42,420,213,70
349,186,519,Shia002356Vols,421,643,1084,230,59
349,519,790,Shia002356Vols,422,330,601,217,99
349,712,978,Shia002356Vols,423,321,686,190,64
349,0,489,Shia002380Vols,273,710,1574,397,56
349,644,834,Shia002380Vols,274,1191,1516,151,57
349,108,375,JK001496,761,1173,1428,175,71
349,304,480,JK001496,762,588,965,144,46
349,156,311,Tafsir02091,891,36,220,124,84
349,644,834,Tafsir02091,893,657,1320,143,26
349,0,311,Shamela0008473,2073,1185,1495,252,99
349,311,480,Shamela0008473,2074,0,169,138,100
349,40,359,Shamela0008473,2075,501,985,129,24
349,380,573,Shamela0008473,2076,221,843,134,25
349,83,480,Shia002382Vols,708,845,1486,321,61
349,0,480,Tafsir07055,1777,789,1248,352,90
349,0,274,Tafsir07055,2799,760,1177,222,65
349,72,480,Shia001111,183,575,925,283,85
349,0,978,Shamela0023591,3397,336,1314,794,100
349,108,311,JK009266,4352,1320,1522,163,99
349,311,480,JK009266,4356,117,286,138,100
349,480,785,JK009266,4358,858,1163,246,100
349,778,978,JK009266,4365,679,895,164,92
349,108,480,Shamela0021821,677,3,375,301,100
349,466,785,Shamela0021821,678,180,511,253,95
349,712,978,Shamela0021821,680,1121,1513,196,58
349,673,978,JK001110,76,1208,1513,247,100
349,40,359,JK001420,397,409,1328,249,33
349,785,981,Sham19Y0038093,244,49,247,159,97
349,0,186,JK006478,4253,533,719,153,100
349,291,480,JK006478,4257,1173,1343,138,89
349,0,311,Rafed0003943Vols,499,996,1307,252,100
349,311,480,Rafed0003943Vols,500,953,1122,138,100
349,461,794,Rafed0003943Vols,502,904,1266,255,87
349,785,978,Rafed0003943Vols,504,1195,1388,158,100
349,0,206,Shamela0010273,947,1342,1547,169,99
349,673,785,Shamela0010273,953,1362,1474,89,100
349,274,712,Shamela0007798,4330,1409,1542,96,26
349,673,785,Shamela0007798,4337,1012,1124,89,100
349,0,311,Sham19Y0014404,515,397,1298,212,28
349,673,778,Sham19Y0014404,517,879,984,83,100
349,628,785,Meshkat00057178,1626,608,883,125,56
349,72,311,Masaha000554Vols,1818,712,963,192,94
349,592,778,Masaha000554Vols,1821,0,190,146,94
349,673,785,Masaha000554Vols,1824,1471,1640,89,66
349,13,978,QuranAnalysis001,76,0,965,783,100
349,0,186,Rafed0003537Vols,335,144,341,153,94
349,108,483,Rafed0001713Vols,923,687,1062,301,99
349,319,573,Rafed0001713Vols,924,183,691,156,33
349,573,785,Rafed0001713Vols,925,604,817,170,99
349,712,978,Rafed0001713Vols,926,550,1039,213,53
349,254,489,Tafsir04042,910,0,711,191,33
349,108,311,Tafsir04056,2127,567,770,163,100
349,573,801,JK006950,44,768,1006,177,92
349,0,186,Shamela0000041,1006,1004,1190,153,100
349,148,519,Shamela0000041,1007,506,1028,254,53
349,588,834,Shamela0000041,1010,7,277,179,82
349,0,174,Shamela0023578,1298,1357,1530,143,99
349,174,319,Shamela0023578,1299,0,146,111,96
349,0,986,Shamela0023578,1302,0,1134,791,86
349,108,324,Noorlib0010584,81,1149,1366,164,94
350,673,1096,Shia002356Vols,420,1208,1538,166,45
350,21,305,Shamela0009918,1601,392,675,130,49
350,742,1572,Shia002380Vols,273,390,1064,286,34
350,958,1572,Shia002382Vols,708,445,1045,250,37
350,669,858,Rafed0001713Vols,922,1300,1521,120,63
350,289,454,Shamela0000041,1006,136,668,115,27
351,230,1000,Tafsir09083,508,671,1527,272,30
351,674,875,Tafsir09084,1006,935,1282,115,41
351,674,1006,Shamela0000140,1177,1178,1429,188,69
351,230,494,Meshkat00042485,3010,764,1021,134,53
351,160,516,Shamela0021766,1667,16,512,195,43
351,667,875,JK000917,707,669,982,100,39
351,52,565,JK000818,210,594,1181,235,40
351,45,565,Shia002380Vols,273,1064,1565,290,58
351,45,494,Shia002382Vols,708,1045,1472,265,60
351,230,1040,Tafsir01006,552,52,744,267,34
351,674,991,Tafsir04003,1708,389,1016,152,28
351,138,369,Rafed0001713Vols,924,4,394,153,45
352,281,624,Shamela0023628,1469,254,814,179,35
352,531,739,Tafsir09084,1010,831,1229,122,36
352,1011,1168,Shamela0000140,1860,415,714,113,46
352,281,739,JK000791,837,788,1104,131,27
352,49,824,Shamela0021766,1670,571,1485,345,38
352,487,1405,JK000818,211,350,1039,314,39
352,113,864,Shia002380Vols,274,1162,1535,211,35
352,66,889,Shia002382Vols,710,124,701,263,37
352,281,716,Shamela0021821,680,588,1258,232,39
352,179,824,Rafed0001713Vols,926,0,895,227,27
352,173,882,Tafsir04042,912,61,632,163,23
352,173,824,Shamela0000041,1010,571,1429,276,33
353,372,804,Shia001432Vols,6305,1030,1464,351,99
353,372,616,Shamela0023632,1462,1304,1549,199,99
353,616,804,Shamela0023632,1466,1155,1343,152,100
353,18,804,JK009268,2148,379,1159,612,92
353,492,804,Sham19Y0023618,706,400,712,253,100
353,372,616,Shamela0023628,1483,520,765,199,99
353,372,656,Rafed0003257Vols,2551,593,878,232,99
353,274,723,JK009270,1810,93,573,364,92
353,372,583,Meshkat0014420,1927,1322,1533,171,99
353,496,723,ShamAY0036821,1008,1333,1556,182,98
353,372,656,Shamela0004445,1380,527,811,232,100
353,422,616,Shamela0037458,1454,269,482,159,91
353,616,804,Shamela0037458,1455,1124,1312,152,100
353,68,430,JK009336,2188,416,778,299,100
353,220,616,Shamela0000922,551,382,1210,239,32
353,175,656,JK007018,251,357,921,393,84
353,180,656,JK009396,530,424,1035,302,51
353,372,656,Sham19Y0023608,1534,390,675,232,99
353,616,804,Sham19Y0023608,1538,422,892,152,40
353,372,804,Shia002333,45,323,754,349,99
353,372,626,Shamela0004473,300,1369,1643,204,91
353,372,656,Shamela0004473,1263,478,763,232,99
353,372,656,Shamela0004473,1765,625,1142,227,53
353,372,656,Shia003684Vols,81,241,523,227,97
353,314,656,Shia002356Vols,425,922,1381,260,69
353,0,376,JK001496,765,950,1319,298,93
353,372,656,Shamela0008473,2097,692,976,232,100
353,45,804,Shamela0023591,3423,540,1300,621,99
353,45,372,Shamela0021821,683,234,561,271,100
353,274,656,Shamela0021821,684,405,977,295,63
353,372,804,Shamela0009789,283,481,914,351,99
353,45,656,Rafed0003943Vols,506,766,1378,502,99
353,68,400,JK000264,1982,534,986,269,72
353,372,656,Masaha000147,16,217,502,232,99
353,68,723,QuranAnalysis001,76,975,1629,539,99
353,492,804,Rafed0001713Vols,936,1038,1350,253,100
353,372,815,JK006893,2,677,1448,286,44
353,492,712,JK006838,535,1309,1528,180,99
353,372,616,Shamela0000041,1017,0,244,199,100
353,372,804,Shamela0023578,1313,221,652,350,99
354,916,1293,Tafsir03095,379,439,1168,132,18
354,916,1157,Shamela0023624,453,541,1124,142,29
354,802,1038,Shia002356Vols,426,278,788,128,28
354,939,1393,Tafsir02102,1986,514,1092,197,38
354,802,997,JK006478,4293,1173,1431,107,46
355,1323,1555,Shia001432Vols,6306,0,233,190,99
355,1223,1460,Shamela0023632,1469,0,237,194,100
355,1176,1555,JK009268,2160,209,668,299,79
355,1213,1531,Sham19Y0023618,709,325,643,260,100
355,1021,1481,Shamela0023628,1491,175,521,274,73
355,1021,1555,Rafed0003257Vols,2556,334,762,348,79
355,1038,1337,Sham19Y0020891,2350,443,804,144,45
355,1213,1387,JK010001,1220,113,287,142,100
355,1419,1555,JK010001,3550,1082,1219,113,99
355,1015,1498,JK009270,1817,1179,1568,300,76
355,1021,1531,Shamela0005756,10601,356,764,327,78
355,1213,1555,Meshkat0014420,1936,228,571,281,99
355,1213,1531,Sham19Y0016584,2879,748,1066,260,100
355,1021,1531,Sham19Y0018176,1487,513,916,327,79
355,1038,1555,Zaydiyya0000062,620,653,1311,350,62
355,676,1061,Shamela0037458,1457,769,1365,134,24
355,1176,1460,Shamela0037458,1458,353,640,231,98
355,1021,1531,JK000110,1041,655,1058,327,79
355,1021,1337,Shamela0000922,552,831,1076,171,62
355,1021,1531,Sham19Y0009800,616,749,1152,327,79
355,1096,1555,JK007018,252,993,1387,308,80
355,1021,1531,Sham19Y0018103,2559,24,427,327,79
355,1085,1555,JK009396,533,270,738,314,72
355,1021,1555,Sham19Y0023608,1538,807,1235,348,79
355,1021,1460,Sham19Y0095660,826,1025,1357,269,75
355,1021,1531,Shamela0021715,6103,69,472,327,79
355,572,1299,JK000818,213,0,463,216,31
355,1334,1555,Shamela0004473,1418,1162,1384,182,99
355,1230,1555,Shia002356Vols,428,0,328,267,99
355,1021,1531,PV2024060602,1041,655,1058,327,79
355,1213,1555,Shamela0008473,2108,423,766,281,99
355,1179,1387,Tafsir07055,1279,70,267,149,88
355,1419,1555,Tafsir07055,3642,1130,1267,113,99
355,1021,1460,Shamela0023591,3423,1215,1547,269,75
355,1021,1555,Shamela0021821,685,1149,1577,348,79
355,1046,1531,Sham19Y0018106,2688,5,394,316,80
355,1213,1460,Rafed0000185Vols,556,118,365,202,100
355,1021,1524,Shamela0009789,283,829,1241,290,68
355,13,692,Tafsir08060,198,24,398,144,23
355,1334,1555,Rafed0003943Vols,515,874,1096,182,99
355,1213,1464,Shamela0010273,965,209,460,203,99
355,1213,1460,Shamela0007798,4379,638,885,202,100
355,1346,1555,Shamela0012293,1770,813,1023,173,99
355,1334,1555,Shamela0012293,4887,860,1082,182,99
355,1021,1531,Sham19Y0013605,3141,734,1383,327,53
355,1021,1337,Sham19Y0014404,524,28,367,210,70
355,1021,1555,Masaha000554Vols,1842,357,794,345,78
355,1025,1555,QuranAnalysis001,77,0,424,345,79
355,1021,1455,Rafed0001713Vols,936,1265,1591,265,75
355,1299,1555,JK006893,3,1124,1458,211,76
355,1213,1419,JK006838,581,1046,1252,168,100
355,1021,1460,Shamela0000041,1023,725,1057,269,75
355,1021,1555,Shamela0023578,1313,567,998,348,79
356,0,438,Shia001432Vols,6306,233,671,352,99
356,317,453,Shia001432Vols,6349,1254,1392,101,92
356,317,438,Shamela0023632,1478,702,823,97,100
356,0,460,JK009268,2160,668,1128,365,97
356,178,438,Sham19Y0023618,712,22,282,209,100
356,190,438,Shamela0023628,1499,546,1032,190,48
356,0,438,Rafed0003257Vols,2560,0,456,350,95
356,317,441,Sham19Y0020891,2363,672,796,98,99
356,0,349,JK009270,1822,1254,1601,282,99
356,317,438,Meshkat0014420,1947,933,1054,97,100
356,190,441,JK006476,569,0,583,177,38
356,14,438,ShamAY0036821,1018,919,1338,337,98
356,317,438,Sham19Y0147312,824,1280,1401,97,100
356,62,317,Sham19Y0147312,824,344,640,206,86
356,317,438,Shamela0004445,1419,1168,1289,97,100
356,290,421,Shamela0022769,569,1172,1303,96,92
356,166,429,Zaydiyya0000062,623,791,1056,211,98
356,304,438,Shamela0037458,1467,962,1096,108,100
356,11,285,ShamIbadiyya0000281,121,753,1028,219,98
356,294,438,JK000791,851,1276,1417,104,90
356,317,438,Shamela0000922,555,858,979,97,100
356,317,438,Tafsir07076,3717,42,163,97,100
356,190,438,JK007018,254,757,1053,136,54
356,237,438,JK009396,537,680,976,130,51
356,11,408,Sham19Y0023608,1543,1216,1612,320,99
356,317,438,Meshkat00042488,592,47,168,97,100
356,308,438,Shamela0021537,622,1226,1356,101,96
356,308,438,Shamela0021537,4294,366,496,101,96
356,317,438,JK000105,658,1031,1152,97,100
356,11,285,Shia002356Vols,430,206,480,221,100
356,190,438,Shia002356Vols,431,379,760,181,56
356,115,453,Tafsir04038,217,766,1402,227,45
356,237,438,Shia002380Vols,280,846,1415,152,32
356,317,438,JK001496,780,64,185,97,100
356,643,1180,Shamela0008473,2109,332,925,189,33
356,244,438,Shamela0008473,2120,79,478,146,45
356,317,453,Shia002382Vols,727,1317,1455,101,92
356,11,438,Shamela0023591,3450,182,609,344,100
356,317,438,Shamela0023591,3459,581,702,97,100
356,317,438,JK009266,4408,391,512,97,100
356,171,317,Shamela0021821,688,0,146,118,100
356,206,438,Shamela0021821,689,787,1262,180,47
356,270,453,Shia002389Vols,970,248,427,112,78
356,253,438,Tafsir10066,566,373,1227,129,19
356,317,438,JK009362,3433,1320,1441,97,100
356,41,317,Shamela0007853,18,0,272,220,98
356,11,438,JK001420,401,793,1388,231,44
356,290,438,JK006478,4311,116,264,119,100
356,0,285,Rafed0003943Vols,515,1096,1381,230,100
356,267,438,Rafed0003943Vols,518,405,577,128,94
356,317,438,Shamela0010273,970,1017,1138,97,100
356,317,438,Shamela0007798,4396,872,993,97,100
356,267,438,Sham19Y0014404,527,56,538,137,35
356,317,438,Meshkat00057178,1658,1061,1182,97,100
356,0,438,QuranAnalysis001,77,424,862,353,100
356,862,1394,Rafed0001713Vols,939,701,951,106,23
356,58,317,Rafed0001713Vols,941,0,259,209,100
356,299,438,Rafed0001713Vols,942,1457,1605,105,89
356,304,438,JK006893,5,19,156,101,92
356,317,438,Tafsir07057,2178,869,990,97,100
356,317,453,Tafsir04056,3227,1357,1495,101,92
356,285,448,Shamela0000041,1030,0,158,123,93
356,11,438,Shamela0023578,1321,951,1381,344,98
357,399,959,Tafsir09084,1028,456,1375,309,39
357,315,593,Meshkat00042485,3041,597,1070,135,33
357,0,804,JK000818,213,716,1489,301,35
357,0,861,Shia002380Vols,279,946,1626,333,41
357,218,901,Tafsir01006,560,21,1489,328,26
358,1287,1622,Shia001432Vols,2482,631,966,273,100
358,584,924,ShamIbadiyya0000193,1366,236,1053,174,25
358,1287,1446,Rafed0002679Vols,817,217,376,129,100
358,576,924,Tafsir09050,1397,473,1295,175,25
358,1021,1636,JK009268,2168,58,641,321,52
358,1340,1539,Sham19Y0023618,713,0,211,158,91
358,1053,1622,Shamela0023628,1503,72,646,355,70
358,1106,1506,Rafed0003257Vols,2563,589,1047,255,63
358,1258,1506,Sham19Y0020891,2364,124,386,190,89
358,1025,1403,JK009270,1823,0,203,159,52
358,1021,1397,Meshkat0014420,1947,961,1163,163,53
358,457,1589,ShamAY0036821,1018,1124,1637,405,44
358,512,1270,Meshkat00042485,3047,106,949,367,43
358,1287,1506,Sham19Y0147312,825,136,482,178,62
358,1287,1446,Sham19Y0014592,2563,1075,1234,129,100
358,443,1353,Shamela0037458,1467,602,1162,287,34
358,1353,1622,Shamela0037458,1469,340,609,219,100
358,1287,1506,JK009396,538,236,455,178,100
358,1180,1506,Sham19Y0023608,1548,742,1105,203,66
358,1021,1353,ShamAY0033108,720,1058,1640,144,26
358,1340,1636,Shia002356Vols,432,192,538,235,83
358,1314,1636,Zaydiyya0000037Vols,1856,830,1152,254,95
358,1005,1520,JK001496,780,629,1192,285,52
358,1021,1353,Tafsir02091,906,287,866,146,26
358,1106,1506,Shamela0008473,2121,389,769,234,63
358,484,1514,Shia002382Vols,732,156,1492,553,44
358,484,1397,Tafsir05047,299,214,1167,278,23
358,457,1636,Shamela0023591,3450,394,959,450,47
358,1184,1561,JK009266,4410,173,609,234,65
358,569,876,JK000458,1312,928,1500,153,31
358,1021,1539,Shamela0021821,690,121,694,322,65
358,1287,1506,JK009362,3437,817,1042,178,96
358,1307,1520,JK006478,4313,0,229,173,93
358,669,1622,Rafed0003943Vols,518,424,912,391,50
358,512,1270,Tafsir01006,562,4,863,372,43
358,1287,1636,Masaha000147,16,836,1186,285,99
358,584,1346,Sham19Y0014404,527,56,1162,332,31
358,457,1636,QuranAnalysis001,77,647,1212,450,47
358,484,1201,Rafed0001713Vols,942,1060,1605,255,35
358,746,1270,Rafed0001713Vols,943,249,929,248,40
358,1021,1506,JK006893,5,63,701,266,45
358,1025,1539,Shamela0000041,1032,660,1390,321,50
358,1477,1636,Shamela0000041,1033,766,935,131,94
358,457,1397,Shamela0023578,1321,1164,1491,257,33
358,1014,1506,Shamela0023578,1326,647,1588,281,34
359,23,170,Shamela0023632,1483,0,147,122,100
359,0,333,JK009268,2168,641,976,273,98
359,0,213,Sham19Y0023618,713,1041,1265,167,86
359,0,170,Rafed0003257Vols,2564,1393,1563,141,100
359,0,243,JK009270,1834,853,1094,201,99
359,0,333,ShamAY0036821,1019,48,377,264,94
359,56,315,Sham19Y0147312,826,1021,1548,215,48
359,28,296,Zaydiyya0000062,627,527,823,219,87
359,0,170,Shamela0006947,5129,1416,1586,141,100
359,0,243,Shamela0006947,11735,925,1168,202,100
359,0,170,Shamela0037458,1473,334,504,141,100
359,0,170,Sham19Y0023608,1551,245,415,141,100
359,157,301,Shia002356Vols,434,0,142,117,97
359,0,333,Shamela0023591,3450,959,1294,273,98
359,0,213,JK009266,4412,776,995,163,88
359,0,213,Shamela0021821,691,264,491,165,83
359,0,301,JK001110,77,392,693,250,100
359,0,178,JK000065,141,370,548,147,100
359,0,243,Rafed0003943Vols,521,773,1016,202,100
359,982,1221,JK000264,1160,877,1116,192,98
359,0,301,Masaha000147,16,1186,1487,250,100
359,0,333,QuranAnalysis001,77,1212,1547,273,98
359,0,213,Sham19Y0014579,241,636,857,165,86
359,0,170,Shamela0000041,1035,1142,1324,141,93
359,139,333,Shamela0000041,1036,102,343,157,78
359,0,170,Shamela0023578,1327,130,300,141,100
360,175,422,Shamela0036543,2365,838,1130,102,46
360,209,422,Meshkat00042485,3052,910,1192,101,43
360,1095,1448,JK001496,784,606,1268,147,26
360,1251,1363,Tafsir02102,2003,1451,1562,89,99
360,478,1005,JK009266,4418,902,1480,201,39
360,209,422,Tafsir01006,564,252,534,101,43
360,485,851,Shamela0023578,1330,1173,1532,155,45
361,807,931,Shia001432Vols,2319,0,124,99,98
361,284,725,Shia001432Vols,2482,981,1332,258,70
361,374,713,Shia001432Vols,5908,0,340,272,99
361,710,928,Shia001432Vols,29979,364,582,179,100
361,284,461,Shamela0023632,1490,147,324,141,100
361,456,639,Shamela0023632,1492,347,529,148,99
361,143,850,JK009268,2178,885,1739,527,75
361,351,639,Sham19Y0023618,718,477,768,221,92
361,654,829,Sham19Y0023618,720,0,175,144,100
361,710,919,Rafed0003257Vols,104,1437,1645,171,99
361,218,957,Rafed0003257Vols,2574,578,1501,587,78
361,389,639,Sham19Y0020891,2383,0,250,202,100
361,793,931,Sham19Y0020891,2390,0,138,111,98
361,461,928,Sham19Y0020966,154,69,504,181,38
361,284,710,JK009270,1842,343,769,344,100
361,710,957,JK009270,1847,1366,1609,190,94
361,284,461,Meshkat0014420,1964,1234,1411,141,100
361,461,639,Meshkat0014420,1966,1331,1509,145,100
361,710,928,Meshkat0014420,1970,1343,1561,179,100
361,82,355,JK006476,572,691,1081,190,60
361,461,713,JK006476,575,352,618,138,63
361,713,957,JK006476,576,193,439,188,93
361,43,957,ShamAY0036821,1019,301,1199,702,94
361,101,461,ShamAY0036821,1028,1216,1575,286,98
361,713,931,ShamAY0036821,1031,727,943,175,98
361,800,928,Shamela0029677,1538,864,992,105,100
361,461,710,Shamela0037361,131,893,1166,202,90
361,107,710,Sham19Y0147312,827,0,1275,435,40
361,698,829,Shamela0004445,1519,548,679,108,100
361,639,919,Zaydiyya0000062,632,643,926,229,98
361,9,386,Shamela0037458,1477,745,1126,258,83
361,525,710,Shamela0037458,1481,1041,1226,151,100
361,639,829,Shamela0037458,1483,193,555,148,49
361,562,962,Shamela0000922,558,603,944,170,49
361,710,957,JK007018,258,724,984,188,88
361,284,525,JK009396,542,1225,1466,193,100
361,461,710,JK009396,544,538,823,175,67
361,710,957,JK009396,545,748,1000,188,90
361,344,710,Sham19Y0023608,1563,1169,1556,285,91
361,710,928,Sham19Y0023608,1566,785,1003,179,100
361,525,928,Shamela0022371,186,252,826,236,46
361,246,639,Shia002356Vols,435,734,1238,316,77
361,537,916,Shia002356Vols,436,1034,1604,298,63
361,284,639,JK001496,787,93,453,286,98
361,246,525,Shamela0008473,2136,407,727,225,87
361,525,710,Shamela0008473,2141,19,204,151,100
361,710,928,Shamela0008473,2144,792,1010,179,100
361,800,928,Shia002382Vols,745,519,647,105,100
361,710,928,Shamela0003055,3861,784,1002,179,100
361,43,444,Shamela0023591,3450,1215,1610,306,93
361,444,957,Shamela0023591,3451,0,509,407,97
361,800,928,Shamela0023591,3483,320,448,105,100
361,370,639,JK009266,4425,326,595,217,100
361,680,957,JK009266,4433,278,571,212,87
361,355,710,Shamela0021821,694,687,1043,277,94
361,680,957,Shamela0021821,696,1176,1514,211,75
361,800,928,Shamela0021821,697,319,730,105,31
361,260,639,JK006478,4328,163,536,291,94
361,43,461,Rafed0003943Vols,523,485,898,320,94
361,461,957,Rafed0003943Vols,525,118,610,393,97
361,456,647,Shamela0010273,982,1062,1271,151,89
361,710,957,Shamela0010273,984,1119,1378,189,88
361,461,647,Shamela0007798,4430,1134,1320,147,97
361,525,755,Hindawi020604026,349,1355,1584,188,99
361,537,829,Sham19Y0014404,533,3,774,225,35
361,474,703,Masaha000554Vols,1867,0,233,187,97
361,710,919,Masaha000554Vols,1871,1390,1600,170,98
361,198,957,QuranAnalysis001,78,0,755,605,98
361,284,461,Rafed0001713Vols,951,1367,1544,141,100
361,461,639,Rafed0001713Vols,953,15,193,145,100
361,694,928,Rafed0001713Vols,954,1108,1361,192,92
361,284,461,JK006893,7,596,773,141,100
361,461,829,JK006893,8,135,962,290,42
361,456,710,Tafsir04056,6886,1244,1677,203,57
361,512,710,Shamela0000041,1043,51,274,162,88
361,680,856,Shamela0000041,1044,278,447,130,90
361,43,386,Shamela0023578,1331,526,865,254,89
361,246,710,Shamela0023578,1336,0,999,368,45
362,882,1126,JK009268,2180,0,351,137,41
362,811,1061,Sham19Y0020891,2386,761,1099,145,54
362,127,595,Tafsir09068,462,101,862,173,25
362,283,435,Shamela0005756,11541,833,1122,90,38
362,34,599,Meshkat00042485,3060,584,1394,218,25
362,494,1046,Shamela0001466,942,967,1388,213,43
362,811,1021,Zaydiyya0000062,631,374,682,148,59
362,808,1129,Sham19Y0023608,1564,635,1173,156,30
362,494,998,Shamela0021715,7018,325,1035,189,27
362,459,1126,Meshkat00042488,597,640,1394,215,26
362,513,968,ShamAY0034059,7538,1088,1512,173,34
362,127,243,Shia002380Vols,284,742,1139,84,25
362,811,1073,JK001496,788,412,787,152,51
362,367,612,Tafsir02102,2008,256,653,125,38
362,857,990,Tafsir02102,2009,0,174,93,65
362,318,435,Shamela0008473,2136,1141,1402,84,40
362,48,243,Shia002382Vols,740,843,1302,102,27
362,811,998,ShamIbadiyya0000050,2634,832,1043,130,75
362,811,1021,Shamela0023591,3476,45,262,144,74
362,165,595,Tafsir10066,572,879,1090,116,31
362,156,547,Sham19Y0014404,532,5,305,76,19
362,1073,1478,Sham19Y0014404,532,973,1370,115,27
362,48,213,Rafed0001713Vols,951,1094,1453,124,42
362,685,975,Rafed0001713Vols,952,1187,1538,160,52
362,127,293,Rafed0001713Vols,952,41,174,100,75
362,127,430,Tafsir07057,2197,660,1100,142,37
362,811,998,Tafsir07057,2200,90,344,132,65
362,127,1093,JK000876,516,315,1211,314,28
364,779,1600,Shia001432Vols,6306,801,1352,425,63
364,1013,1226,Shia001432Vols,7091,594,808,170,99
364,779,1226,Shamela0023632,1498,1153,1454,230,63
364,1335,1591,Shamela0023632,1508,176,517,180,65
364,963,1226,JK009268,2179,45,291,197,93
364,1226,1600,JK009268,2185,428,803,305,99
364,779,1226,Sham19Y0023618,721,56,357,230,63
364,1134,1600,Sham19Y0023618,722,149,976,375,55
364,1088,1226,Shamela0010551,190,1274,1412,112,100
364,779,1226,Shamela0023628,1520,569,870,230,63
364,1407,1600,Shamela0023628,1527,938,1132,157,99
364,1080,1226,Rafed0003257Vols,2580,1392,1538,116,97
364,1378,1600,Rafed0003257Vols,2584,286,515,166,89
364,1028,1226,ShamAY0035562,58,678,876,158,99
364,1335,1594,Sham19Y0020891,2400,15,322,170,69
364,1047,1226,Tafsir09068,464,0,731,143,24
364,1061,1226,JK009270,1848,0,165,133,99
364,1097,1600,JK009270,1852,42,476,330,80
364,1013,1226,Meshkat0014420,1973,907,1120,171,100
364,1407,1591,Meshkat0014420,1984,389,573,149,100
364,1315,1591,JK006476,579,642,1008,223,75
364,1234,1600,ShamAY0036821,1032,898,1263,295,98
364,1410,1591,ShamAY0036821,1035,537,924,146,46
364,1088,1226,Shamela0011578,25,1074,1212,112,100
364,963,1315,Tafsir02104,192,907,1456,271,59
364,987,1407,Sham19Y0147312,829,941,1552,331,65
364,1356,1591,Sham19Y0147312,831,152,395,160,82
364,925,1239,Zaydiyya0000062,633,922,1181,199,77
364,1219,1586,Zaydiyya0000062,634,667,1035,294,98
364,789,1158,Shamela0037458,1484,1001,1593,224,46
364,1386,1594,Shamela0037458,1493,496,757,167,79
364,1028,1219,JK000791,866,156,793,145,28
364,1315,1591,JK000791,868,1079,1343,177,77
364,1088,1226,Shamela0000922,558,1237,1466,112,60
364,1234,1594,Shamela0000922,561,470,943,217,54
364,1360,1575,Sham19Y0009800,619,0,211,171,98
364,956,1165,JK007018,258,1325,1554,137,74
364,1303,1591,JK007018,260,209,488,175,75
364,1013,1226,JK009396,546,677,890,170,99
364,1335,1591,JK009396,549,522,832,192,76
364,1013,1226,Sham19Y0023608,1568,118,331,171,100
364,1226,1600,Sham19Y0023608,1572,926,1301,305,99
364,1088,1226,Sham19Y0016953Vols,961,53,191,112,100
364,1088,1226,JK000917,733,220,358,112,100
364,1088,1219,Meshkat00042488,600,497,940,106,29
364,1407,1591,Shamela0004473,1766,434,652,147,83
364,1407,1591,Shamela0022371,186,922,1106,149,100
364,1088,1226,JK010729,85,1253,1391,112,100
364,789,1226,Shia002356Vols,437,881,1405,231,48
364,1138,1591,Shia002356Vols,438,561,1047,324,80
364,1097,1226,Zaydiyya0000037Vols,2347,45,174,104,100
364,764,1088,JK001496,790,702,1303,182,37
364,1088,1226,JK001496,791,716,854,112,100
364,1315,1591,JK001496,794,439,925,212,53
364,779,1272,Shamela0008473,2146,437,915,236,50
364,1386,1591,Shamela0008473,2159,1093,1288,153,92
364,1226,1600,Shamela0023591,3486,1144,1519,305,99
364,1013,1226,JK009266,4434,1207,1420,170,99
364,1226,1600,JK009266,4436,788,1163,305,99
364,963,1226,Shamela0021821,697,697,993,197,78
364,1203,1600,Shamela0021821,698,294,700,324,97
364,1407,1600,Rafed0000185Vols,555,1065,1259,157,99
364,1088,1226,JK009362,3481,551,695,112,95
364,1415,1594,JK009362,3494,0,182,145,98
364,1360,1591,JK001420,404,613,839,155,84
364,1088,1226,Zaydiyya0000075BK23,9,574,712,112,100
364,1088,1226,JK006478,4335,1178,1316,112,100
364,1226,1591,JK006478,4340,17,481,242,58
364,1088,1600,Rafed0003943Vols,527,117,630,417,99
364,1088,1226,Zaydiyya0000148,488,560,698,112,100
364,1088,1226,Shamela0010273,986,805,943,112,100
364,1407,1600,Shamela0010273,989,0,194,157,99
364,1013,1170,Shamela0007798,4448,43,387,123,45
364,1407,1591,Shamela0007798,4463,90,274,148,99
364,1407,1600,Masaha000147,17,441,635,157,99
364,764,1407,Sham19Y0014404,534,13,1182,383,37
364,1407,1591,Sham19Y0014404,537,254,438,149,100
364,1407,1591,Meshkat00057178,1681,1307,1491,149,100
364,1407,1600,Masaha000554Vols,1885,1048,1244,156,97
364,779,1600,QuranAnalysis001,78,642,1318,535,79
364,1088,1226,Sham19Y0006684,1958,433,579,112,94
364,863,1226,Rafed0001713Vols,956,0,465,257,68
364,1203,1600,Rafed0001713Vols,957,28,459,324,92
364,1392,1591,JK006838,524,746,939,149,92
364,1013,1226,Tafsir07057,2206,1333,1546,170,99
364,1013,1170,Tafsir07057,2278,21,178,124,99
364,1088,1226,Tafsir04056,468,664,802,112,100
364,1088,1226,Tafsir04056,471,984,1122,111,99
364,1013,1407,Shamela0000041,1045,174,741,318,69
364,1315,1594,Shamela0000041,1050,376,816,222,62
364,779,1226,Shamela0023578,1340,482,784,228,62
364,1134,1591,Shamela0023578,1342,996,1552,368,80
365,0,220,Shia001432Vols,6306,1352,1576,172,94
365,0,205,Shamela0023632,1511,609,814,168,100
365,0,220,JK009268,2185,803,1028,174,95
365,0,205,Sham19Y0023618,722,976,1181,168,100
365,0,205,Shamela0010551,172,876,1081,168,100
365,0,205,Shamela0023628,1527,1132,1337,168,100
365,0,205,Rafed0003257Vols,2584,515,720,168,100
365,205,509,Tafsir09083,524,561,1150,133,28
365,485,733,Tafsir09084,1048,268,600,88,24
365,0,205,JK010001,3571,1146,1351,168,100
365,0,205,JK010001,3728,334,625,168,70
365,0,220,JK009270,1852,476,699,174,95
365,0,205,Meshkat0014420,1986,1346,1551,168,100
365,0,214,ShamAY0036821,1032,1263,1479,171,96
365,431,1123,Meshkat00042485,3068,353,1066,329,46
365,493,1031,Shamela0001466,946,1165,1535,163,30
365,0,183,Shamela0004445,1399,865,1280,141,41
365,0,198,Zaydiyya0000062,637,970,1169,162,98
365,5,220,Shamela0037458,1495,0,220,170,95
365,20,205,Sham19Y0009800,616,0,185,152,100
365,0,205,JK007018,260,1033,1241,168,98
365,0,205,Shamela0037325,563,92,297,168,100
365,0,205,JK009396,550,104,309,168,100
365,0,205,Sham19Y0023608,1572,1301,1506,168,100
365,247,1067,JK000818,217,0,548,267,35
365,0,205,Shamela0023788,428,964,1169,168,100
365,0,205,JK000162,42,515,720,168,100
365,0,208,Shamela0004473,311,1176,1384,168,99
365,0,205,Shia002356Vols,440,87,291,166,99
365,188,977,ShamAY0034059,2034,713,1576,272,30
365,0,205,Shamela0008473,2163,344,549,168,100
365,525,1036,Shia002382Vols,746,201,517,170,35
365,0,205,Tafsir07055,3835,87,375,168,71
365,0,183,Masaha002028Vols,978,1012,1364,150,51
365,0,205,JK009266,4436,1163,1368,168,100
365,0,183,Zaydiyya0000076BK16,70,1222,1405,150,100
365,0,205,Shamela0021821,698,700,905,168,100
365,0,205,Rafed0000185Vols,555,1259,1464,168,100
365,188,1226,Tafsir08060,203,88,778,330,36
365,0,220,Rafed0003943Vols,527,630,855,174,95
365,493,985,Shamela0010273,986,1106,1570,233,46
365,0,205,Shamela0010273,989,194,399,168,100
365,205,942,Tafsir01006,569,811,1643,329,39
365,205,1067,Sham19Y0014404,534,291,1039,206,20
365,0,198,Masaha000554Vols,1885,1244,1442,160,98
365,0,220,QuranAnalysis001,78,1318,1543,174,95
365,0,205,Shamela0005446,929,1110,1314,167,99
365,77,205,Shamela0009429,568,0,128,105,100
365,205,928,Rafed0001713Vols,956,540,1590,325,32
365,0,205,Rafed0001713Vols,957,459,664,168,100
365,0,205,JK006893,10,291,576,167,71
365,0,205,JK001001,226,125,330,168,100
365,431,1067,Shamela0000041,1045,741,1107,195,35
365,0,205,Shamela0000041,1051,386,591,168,100
365,431,1067,Shamela0023578,1342,710,1224,180,26
365,0,205,Shamela0023578,1343,10,214,168,98
366,1136,1250,Shia001432Vols,1425,206,320,75,80
366,242,1412,Shamela0022769,578,158,1577,451,32
366,143,643,Shia002380Vols,287,801,1498,229,35
366,1229,1533,Shia002380Vols,288,623,999,168,46
366,1136,1543,Shia002382Vols,748,1155,1622,205,48
366,778,1250,JK000458,1327,127,484,174,40
366,964,1250,Shia001174Vols,15,1105,1396,115,37
366,707,1213,Shamela0010273,989,943,1413,194,36
366,242,687,Tafsir01006,571,463,1042,218,40
366,817,1543,Tafsir01006,572,0,1016,337,34
366,1136,1543,Rafed0001713Vols,961,98,1139,254,30
366,201,657,Shamela0023578,1345,1073,1509,206,45
367,545,941,Shia001432Vols,6307,0,396,316,98
367,511,758,Shamela0023632,1513,433,680,204,100
367,360,941,JK009268,2185,959,1438,380,80
367,511,941,Rafed0003257Vols,2587,68,498,343,98
367,511,736,JK001249,187,1156,1381,185,99
367,511,758,Meshkat0014420,1989,727,973,204,99
367,511,736,Sham19Y0014224,1139,1068,1293,186,100
367,15,360,Meshkat00042485,3076,160,590,185,42
367,1139,1579,Meshkat00042485,3077,642,1316,255,42
367,360,770,Shamela0037458,1495,151,457,246,72
367,511,736,JK000137,1745,334,559,186,100
367,511,758,Shamela0021537,453,174,421,204,100
367,511,758,Shamela0021537,624,981,1228,204,100
367,578,758,Shamela0021537,894,0,180,149,100
367,511,967,Shamela0021537,1667,720,1131,245,63
367,531,758,Shamela0021537,4296,0,227,188,100
367,511,967,Shamela0021537,4316,762,1173,245,63
367,511,758,Shamela0021537,6033,322,569,204,100
367,511,758,Shamela0004473,638,886,1133,204,100
367,511,758,Shamela0004473,3402,540,787,204,100
367,511,758,Shamela0004473,8673,137,384,204,100
367,217,758,Shia002356Vols,440,958,1500,259,45
367,1385,1612,ShamAY0034059,2047,1123,1598,119,28
367,1351,1579,Shamela0008473,2166,1106,1325,136,69
367,360,941,Shamela0023591,3487,31,510,380,80
367,1251,1645,JK000458,1329,66,949,191,26
367,360,967,Shamela0021821,701,703,1420,422,69
367,398,723,JK006478,4343,1288,1639,206,65
367,511,1020,Shamela0010273,991,1155,1607,249,46
367,360,941,Rafed0001713Vols,962,345,980,401,71
367,1333,1579,Shamela0000041,1053,393,1042,146,27
367,360,941,Shamela0023578,1347,903,1448,392,79
368,928,1523,ShamAY0037152,604,232,454,158,33
368,1157,1433,Shia001432Vols,3956,863,1067,157,69
368,874,1165,Shia001432Vols,6307,370,614,195,82
368,1334,1523,Shia001432Vols,22516,1088,1278,154,99
368,1157,1334,Shia001432Vols,22980,0,177,142,100
368,1031,1248,Shamela0023632,1518,1254,1471,178,100
368,1248,1523,Shamela0023632,1520,992,1268,222,99
368,1031,1523,JK009268,2195,352,845,400,99
368,1171,1433,Sham19Y0023618,728,1286,1548,213,100
368,939,1181,Sham19Y0023618,728,133,392,184,88
368,939,1111,Shamela0023628,1535,381,553,141,100
368,1083,1433,Shamela0023628,1536,729,1105,276,90
368,1031,1439,Rafed0003257Vols,2593,34,442,328,98
368,1315,1523,Rafed0003257Vols,2594,939,1580,169,32
368,609,1031,Tafsir09084,1058,276,994,198,33
368,993,1433,Sham19Y0020891,2415,441,978,268,59
368,939,1131,JK009270,1863,1328,1519,157,99
368,1131,1248,JK009270,1864,0,117,95,100
368,1199,1523,JK009270,1867,830,1234,251,77
368,905,1157,Meshkat0014420,1995,1235,1487,193,89
368,1157,1329,Meshkat0014420,1999,1305,1476,138,99
368,1140,1523,JK000865,240,0,923,289,39
368,874,1358,JK006476,582,695,1493,336,51
368,1092,1523,JK006476,583,481,1127,289,55
368,874,1523,ShamAY0036821,1033,243,840,480,90
368,939,1157,ShamAY0036821,1037,191,495,146,57
368,1031,1433,JK000373,297,1020,1254,189,56
368,1135,1248,Sham19Y0147312,835,1317,1430,92,100
368,939,1111,Sham19Y0147312,835,4,308,141,56
368,1248,1523,Sham19Y0147312,836,347,960,220,44
368,1157,1433,JK010081,437,409,605,156,69
368,1261,1426,Zaydiyya0000062,642,0,166,134,98
368,1248,1436,Shamela0006947,14083,1435,1622,152,99
368,1111,1252,Shamela0037458,1501,401,542,114,100
368,1204,1455,Shamela0037458,1502,87,412,191,73
368,1165,1334,JK000791,874,1048,1433,132,42
368,928,1523,Shamela0023680,54,237,433,137,28
368,939,1467,JK007018,261,849,1488,376,72
368,1157,1433,JK009396,552,1285,1561,224,100
368,993,1162,Sham19Y0023608,1581,1119,1629,138,32
368,1162,1433,Sham19Y0023608,1582,0,271,220,100
368,1157,1433,Shamela0001340,42,465,675,161,71
368,1048,1523,JK000818,219,346,1459,359,39
368,939,1115,Meshkat00042488,605,97,742,142,26
368,1150,1433,Meshkat00042488,606,80,1254,225,23
368,1348,1523,ShamIbadiyya0000075,321,34,480,143,39
368,939,1181,Shia002356Vols,441,1300,1552,185,90
368,1140,1433,Shia002356Vols,442,851,1143,237,99
368,993,1315,Shia002380Vols,290,911,1513,256,52
368,1157,1433,Shamela0001419,82,681,917,126,44
368,939,1150,JK001496,799,898,1514,172,34
368,1157,1433,JK001496,800,1202,1482,224,98
368,1178,1523,Shamela0008473,2173,0,1129,279,30
368,874,1523,Shamela0023591,3487,484,1087,489,92
368,993,1157,Shamela0023591,3505,73,487,134,39
368,1157,1334,Shamela0023591,3506,554,780,142,78
368,1060,1433,JK009266,4453,0,373,305,100
368,613,773,JK009266,4456,782,1019,86,46
368,1329,1523,JK009266,4462,183,697,153,36
368,466,1433,Shamela0021821,703,172,1502,511,40
368,609,978,Sham19Y0013231,1736,611,1360,120,18
368,933,1523,JK001420,406,150,1229,269,27
368,1157,1433,JK006478,4353,885,1165,224,98
368,441,978,Tafsir08060,205,132,397,150,32
368,874,1261,Rafed0003943Vols,529,364,718,274,84
368,1248,1523,Rafed0003943Vols,531,204,480,222,99
368,939,1157,Shamela0010273,995,578,1185,171,34
368,1157,1433,Shamela0010273,996,989,1265,224,100
368,1187,1426,Shamela0010273,997,0,668,180,33
368,1178,1399,Tafsir06048,413,0,296,179,74
368,74,663,Sham19Y0014404,539,541,1075,179,29
368,1031,1433,Sham19Y0014404,540,34,1395,326,29
368,1131,1334,Meshkat00057178,1689,940,1513,159,34
368,1157,1455,Masaha000554Vols,1894,1227,1525,227,92
368,874,1523,QuranAnalysis001,79,317,920,489,92
368,874,1433,Rafed0001713Vols,962,954,1466,417,91
368,441,663,Rafed0001713Vols,964,689,882,91,49
368,0,336,Rafed0001713Vols,964,83,303,109,35
368,1315,1523,Rafed0001713Vols,967,214,742,169,39
368,1224,1433,Tafsir04042,936,0,704,162,28
368,923,1157,JK006893,11,22,442,187,53
368,939,1111,Shamela0000041,1055,139,311,141,100
368,1111,1455,Shamela0000041,1056,14,353,261,93
368,874,1124,Shamela0023578,1347,1422,1626,166,80
368,1157,1523,Shamela0023578,1352,55,426,296,98
368,1157,1381,Shamela0001402,65,729,848,76,43
369,488,803,Shia001432Vols,1590,308,770,138,31
369,1075,1350,Meshkat00042485,3085,637,940,162,59
369,715,1353,Shamela0021766,1796,100,1313,352,35
369,364,1371,ShamIbadiyya0000075,320,11,1107,332,28
369,1106,1549,Shia002382Vols,752,37,574,196,40
369,135,727,Tafsir08060,205,358,930,235,38
369,1138,1549,Shamela0010273,997,0,555,165,33
369,619,1350,Tafsir01006,575,659,1540,380,46
369,753,1353,Rafed0001713Vols,966,10,933,314,39
369,135,803,Shamela0000041,1055,322,1479,264,25
369,254,537,Shamela0023578,1351,138,510,95,21
370,1247,1470,ShamAY0037152,604,526,743,174,97
370,968,1374,ShamAY0037152,656,624,1034,162,35
370,1038,1516,Shia001432Vols,6257,640,1118,384,100
370,1273,1516,Shia001432Vols,22209,852,1101,195,97
370,1081,1309,Shamela0023632,1526,1267,1495,183,100
370,1273,1516,Shamela0023632,1531,198,482,179,79
370,968,1516,JK009268,2195,956,1458,403,91
370,732,948,JK009268,2199,75,301,134,67
370,1247,1470,Sham19Y0023618,732,1008,1231,179,100
370,1038,1552,Shamela0023628,1540,1050,1377,208,50
370,1247,1516,Shamela0023628,1545,261,530,216,100
370,1081,1470,Rafed0003257Vols,2597,1000,1389,312,100
370,732,992,Sham19Y0020891,2420,1180,1454,151,60
370,968,1247,Shamela0009759,245,511,881,173,58
370,968,1292,JK009270,1872,1287,1564,223,85
370,1021,1309,Meshkat0014420,2005,729,1017,222,96
370,1202,1399,JK006476,585,1345,1550,158,95
370,968,1516,ShamAY0036821,1033,951,1451,401,90
370,1088,1313,ShamAY0036821,1041,458,684,180,99
370,732,1066,Meshkat00042485,3088,321,814,153,34
370,732,1038,JK011730,906,22,208,138,53
370,1038,1240,Zaydiyya0000062,644,6,209,162,99
370,1066,1292,Shamela0037458,1506,1334,1560,181,99
370,1081,1470,Shamela0000922,565,176,1087,312,42
370,1292,1516,Sham19Y0009800,734,1231,1452,167,93
370,1038,1470,JK007018,262,577,1411,346,51
370,1247,1470,JK009396,554,1327,1550,179,100
370,1038,1247,JK009396,554,59,268,168,100
370,1081,1470,Sham19Y0023608,1588,1061,1450,312,100
370,968,1420,Shia002333,49,1082,1487,326,89
370,1247,1470,Zaydiyya0000408,13,1108,1331,176,98
370,1247,1470,Zaydiyya0000408,309,1242,1465,179,100
370,732,1081,Meshkat00042488,607,1135,1529,125,38
370,1309,1516,Shamela0004473,14698,1381,1588,166,100
370,422,992,Shia002356Vols,443,842,1395,226,40
370,1038,1309,Shia002356Vols,444,51,322,218,100
370,1309,1516,Shia002356Vols,445,22,229,166,100
370,440,1167,Shia002380Vols,291,759,1549,337,39
370,1179,1516,Shia002380Vols,292,41,917,270,38
370,732,1081,JK001496,802,701,1277,198,40
370,737,1081,Tafsir02091,924,1016,1478,144,37
370,968,1594,Shamela0008473,2175,119,550,253,47
370,1191,1470,Shamela0008473,2178,1101,1423,211,81
370,737,998,ShamIbadiyya0000050,2672,503,798,144,54
370,968,1393,Shamela0023591,3487,1198,1576,305,88
370,1081,1470,JK009266,4467,981,1370,312,100
370,968,1470,Shamela0021821,705,134,590,366,90
370,1237,1516,Rafed0003943Vols,532,0,279,224,100
370,465,1081,Shamela0010273,998,801,1444,257,40
370,1247,1470,Shamela0010273,1001,727,950,179,100
370,1038,1247,Shamela0007798,4487,206,456,168,83
370,1167,1507,Masaha000554Vols,1902,0,346,270,96
370,968,1516,QuranAnalysis001,79,1031,1533,403,91
370,465,1379,Rafed0001713Vols,968,308,1600,545,48
370,1216,1470,Zaydiyya0000075BK32,13,1249,1492,184,90
370,968,1470,JK006893,12,241,1163,367,49
370,176,582,Shamela0000041,1057,39,754,222,35
370,1038,1247,Shamela0000041,1058,389,598,168,100
370,1135,1516,Shamela0000041,1061,268,852,306,65
370,968,1247,Shamela0023578,1352,537,771,187,83
371,307,474,Shia001432Vols,19952,343,692,96,34
371,307,474,Shamela0009759,245,881,1466,115,24
371,272,474,Meshkat00042485,3090,1115,1424,132,52
371,175,641,Zaydiyya0000062,644,378,1283,228,28
371,307,528,Shamela0021715,4659,108,946,146,21
371,81,519,ShamIbadiyya0000075,321,1128,1550,124,28
371,175,587,Shia002356Vols,444,352,1175,159,20
371,81,575,Shia002380Vols,291,1200,1579,211,48
371,307,474,JK001496,803,741,998,93,44
371,81,735,Shia002382Vols,753,875,1598,322,47
371,307,474,Shamela0010273,999,996,1351,113,41
371,180,474,Tafsir01006,577,998,1471,163,43
371,474,1315,Tafsir01006,578,113,1368,407,33
371,78,231,Sham19Y0014404,541,1388,1530,67,54
371,180,474,Rafed0001713Vols,969,735,1284,163,37
371,474,1136,Rafed0001713Vols,970,0,1135,335,32
371,370,722,JK000876,526,6,530,198,41
372,384,602,Shia001432Vols,6307,621,839,174,100
372,109,482,Shia001432Vols,31242,1202,1579,297,97
372,384,588,Shamela0023632,1535,1001,1205,163,100
372,384,602,JK009268,2207,1036,1254,174,100
372,384,588,Sham19Y0023618,735,557,761,163,100
372,384,588,Zaydiyya0000288,588,755,959,163,100
372,384,588,Hindawi094962085,38,1055,1259,163,100
372,117,500,JK009270,1877,359,738,296,96
372,384,588,Meshkat0014420,2016,355,559,163,100
372,384,570,Shamela0026539,38,318,504,149,100
372,384,588,Hindawi013538483,607,0,204,163,100
372,109,642,Shamela0037458,1514,7,328,259,60
372,384,591,Shamela0037458,1516,537,744,164,99
372,384,596,Shamela0001524,2042,593,807,164,95
372,384,588,Hindawi029620591,86,1138,1342,163,100
372,384,602,Sham19Y0009800,639,80,298,174,100
372,384,588,Sham19Y0023608,1596,174,378,163,100
372,372,588,Shia003636Vols,680,67,283,166,95
372,384,588,Shia002356Vols,446,292,494,161,99
372,372,588,Shia000317Vols,7330,358,567,164,95
372,396,588,Shamela0008473,2184,0,192,154,100
372,109,482,Shamela0023591,3488,123,496,300,100
372,384,602,JK009266,4483,173,400,170,93
372,384,588,Shamela0021821,709,63,267,163,100
372,372,606,Shamela0012935,178,649,875,170,91
372,384,606,Sham19Y0133367,159,295,521,167,93
372,361,588,Zaydiyya0000074,78,1174,1397,168,90
372,421,588,JK006478,4373,0,169,135,98
372,399,588,Shamela0010273,1005,0,189,152,100
372,596,1376,Tafsir01006,579,488,1589,330,31
372,127,602,QuranAnalysis001,80,0,475,382,100
372,109,602,Rafed0001713Vols,971,225,761,396,91
372,372,588,Shamela0000432,6095,854,1064,165,95
372,384,588,Tafsir04056,3205,822,1026,163,100
372,109,884,Shamela0000041,1062,217,891,445,68
373,938,1483,Shia001432Vols,6173,1012,1559,444,99
373,1268,1460,Shia001432Vols,12985,13,205,158,100
373,922,1447,Shia001432Vols,13032,1002,1319,209,48
373,1261,1417,Shia001432Vols,20808,363,519,129,100
373,1024,1417,Shia001432Vols,31300,0,392,322,99
373,938,1191,Shamela0023632,1542,327,580,208,100
373,670,1119,JK009268,2207,1183,1606,323,86
373,1119,1480,JK009268,2208,0,361,295,100
373,1102,1480,Sham19Y0023618,738,1148,1617,282,73
373,899,1236,Tafsir06051,105,1391,1724,259,90
373,938,1400,Shamela0023628,1556,124,593,374,95
373,889,1146,Rafed0003257Vols,2610,1176,1576,210,63
373,1146,1480,Rafed0003257Vols,2611,0,335,273,99
373,938,1204,Sham19Y0020891,2434,94,360,216,98
373,1261,1480,Sham19Y0020891,2435,313,533,179,99
373,938,1204,Shamela0009759,247,1047,1313,216,98
373,938,1268,JK009270,1889,73,405,269,98
373,1261,1480,JK009270,1895,1139,1359,179,99
373,938,1447,Sham19Y0150960,645,1151,1570,323,75
373,938,1480,Meshkat0014420,2022,469,1011,444,100
373,875,1261,JK006476,590,734,1305,303,65
373,882,1191,ShamAY0036821,1048,0,470,250,64
373,326,845,Meshkat00042485,3102,472,1259,231,32
373,845,1066,Meshkat00042485,3104,229,745,157,37
373,1102,1344,Meshkat00042485,3106,752,1324,194,41
373,938,1261,Shamela0000338,200,908,1233,265,99
373,513,1282,Sham19Y0147312,842,93,1612,465,34
373,1282,1480,Sham19Y0147312,843,0,432,158,45
373,1261,1480,JK009158,408,985,1205,179,99
373,871,1191,Zaydiyya0000062,650,664,988,262,98
373,1073,1475,Zaydiyya0000062,651,192,777,320,66
373,938,1364,Shamela0006947,15494,1199,1625,350,100
373,889,1303,Shamela0037458,1520,804,1371,337,72
373,1066,1261,JK006800,146,0,195,158,100
373,938,1480,JK006800,154,475,1009,436,97
373,871,1377,JK000791,884,562,1412,299,37
373,1024,1447,JK000791,885,699,1257,214,44
373,994,1186,Shamela0021735,1086,0,192,157,100
373,938,1364,JK009313,1360,1055,1481,350,100
373,938,1204,JK007018,264,1238,1521,215,92
373,1041,1377,JK007018,265,307,696,198,57
373,928,1480,Kraken220413194135,27,258,862,426,84
373,938,1303,JK009396,557,943,1319,242,66
373,1041,1480,JK009396,558,155,752,273,49
373,938,1480,Sham19Y0023608,1603,736,1279,444,99
373,0,299,Shamela0021715,4796,864,1325,218,57
373,793,1191,JK000917,759,1171,1554,243,74
373,1261,1417,JK000381,1085,1314,1470,129,100
373,938,1480,JK000381,3342,774,1371,440,90
373,871,1175,Meshkat00042488,613,921,1564,249,47
373,938,1480,Shamela0022371,188,29,506,308,63
373,1132,1480,Shia002356Vols,448,0,346,279,97
373,1024,1417,Shia002380Vols,294,513,1240,317,52
373,999,1480,Sham19Y0014827,465,0,481,393,100
373,938,1186,Zaydiyya0000403,28,693,935,199,97
373,922,1179,Shamela0008473,2192,1227,1478,204,96
373,1261,1480,Shamela0008473,2196,1193,1412,179,100
373,938,1191,Shamela0023591,3531,327,580,208,100
373,938,1480,JK009266,4492,10,553,444,99
373,938,1191,ShamIbadiyya0000231,117,1321,1574,208,100
373,938,1447,Zaydiyya0000063,206,975,1368,316,73
373,917,1536,Shamela0021821,712,0,636,503,96
373,1261,1475,Zaydiyya0000103,38,96,311,175,99
373,938,1236,Shamela0011730,24,1349,1645,244,99
373,1236,1480,Shamela0011730,25,0,300,195,79
373,938,1475,Shia002369Vols,501,826,1493,230,39
373,899,1274,Shamela0007853,29,1239,1624,279,83
373,938,1261,ShamIbadiyya0000135,162,303,626,264,98
373,904,1468,JK001420,409,0,511,175,29
373,928,1191,JK009257,318,535,796,209,96
373,472,941,JK006478,4381,881,1474,220,40
373,922,1480,JK006478,4385,81,690,454,90
373,652,1261,Rafed0003943Vols,536,807,1405,444,86
373,938,1191,Shamela0010273,1008,1351,1603,208,99
373,871,1191,Shamela0007798,4515,831,1217,250,79
373,326,845,Tafsir01006,581,72,862,228,32
373,1261,1417,Sham19Y0018567,971,1020,1176,128,99
373,452,871,Sham19Y0014404,545,345,976,224,39
373,871,1315,Sham19Y0014404,546,577,1188,304,57
373,1102,1480,Sham19Y0014404,547,94,1152,287,32
373,938,1331,Meshkat00057178,1705,597,954,264,74
373,1256,1480,Meshkat00057178,1707,225,823,177,36
373,752,1475,Masaha000554Vols,1923,17,825,489,72
373,670,1480,QuranAnalysis001,80,404,1189,618,92
373,682,938,Rafed0001713Vols,975,177,436,196,94
373,938,1261,Rafed0001713Vols,976,528,851,265,100
373,1048,1480,Rafed0001713Vols,977,105,930,298,42
373,938,1191,Zaydiyya0000107,40,1355,1608,208,100
373,938,1191,Shamela0000432,6282,212,465,208,100
373,1058,1480,JK006893,14,0,889,217,26
373,1261,1417,JK001098,40,417,573,129,100
373,855,1392,Shamela0000041,1067,0,643,399,74
373,1204,1480,Shamela0000041,1068,127,905,221,34
373,938,1256,Shia001237Vols,4362,1141,1454,193,67
373,670,1480,Shamela0023578,1358,522,1315,619,91
374,769,1505,JK000865,242,804,1583,299,36
374,1221,1614,Meshkat00042485,3106,752,1225,225,49
374,769,1614,Tafsir01006,582,250,1342,439,42
374,1213,1612,Sham19Y0014404,547,86,529,217,51
374,1221,1614,Rafed0001713Vols,977,65,704,235,41
375,783,1523,Shia001432Vols,6956,520,1249,570,93
375,783,1077,Shamela0023632,1547,223,517,239,100
375,783,1356,JK009268,2217,1133,1705,470,99
375,1448,1585,JK009268,2220,829,1315,104,26
375,843,1197,Sham19Y0023618,741,175,579,269,82
375,1177,1448,Sham19Y0023618,742,1219,1552,223,81
375,911,1356,Rafed0003257Vols,2627,682,1127,365,100
375,855,1626,Shamela0009759,249,0,766,481,66
375,1034,1356,JK009270,1912,0,322,266,100
375,789,1523,Sham19Y0150960,646,0,724,554,90
375,833,1077,ShamIbadiyya0000198Vols,1093,348,592,198,100
375,911,1197,Meshkat0014420,2035,426,712,232,100
375,1197,1448,Meshkat0014420,2039,767,1018,207,100
375,789,1424,ShamAY0036821,1050,1029,1661,515,98
375,1291,1523,ShamAY0036821,1057,1081,1301,144,76
375,287,627,Meshkat00042485,3107,1149,1390,158,56
375,789,1077,Sham19Y0147312,844,102,646,227,51
375,30,764,Shamela0022769,590,418,1356,294,32
375,783,1106,Zaydiyya0000062,653,320,665,260,92
375,783,1077,Shamela0010517,2106,1059,1353,239,100
375,30,258,Shamela0037458,1522,376,607,184,98
375,789,1197,Shamela0037458,1528,940,1445,273,64
375,783,1626,Shamela0023833,832,122,1234,590,61
375,833,1077,Shamela0000922,568,948,1464,152,32
375,783,1360,Sham19Y0009800,1172,728,1305,473,100
375,911,1197,JK007018,266,993,1277,230,99
375,783,1002,Sham19Y0023608,1610,1426,1644,178,99
375,1197,1448,Sham19Y0023608,1615,1275,1526,207,100
375,1448,1585,Shamela0021715,7031,1152,1421,92,43
375,1077,1434,Shamela0021729,172,1287,1643,294,99
375,911,1482,JK000917,766,899,1192,159,29
375,1077,1523,JK000381,8421,448,882,324,88
375,607,1014,Meshkat00042488,615,1224,1624,232,62
375,1469,1585,Meshkat00042488,616,928,1383,78,20
375,783,1589,Shia002356Vols,449,680,1365,426,56
375,1097,1448,Shia002356Vols,451,94,504,263,76
375,911,1197,Hindawi019272704,59,728,1014,232,100
375,22,638,Shia002380Vols,294,1034,1554,223,36
375,989,1573,Shia002380Vols,296,97,1192,388,40
375,783,1077,Sham19Y0014827,465,1325,1619,239,100
375,783,1626,Masaha002028Vols,1620,152,1242,574,60
375,783,1523,Shamela0023591,3535,211,939,572,93
375,783,1143,JK009266,4501,1139,1498,293,99
375,1197,1523,JK009266,4512,420,734,226,84
375,814,1197,Sham19Y0032384,47,0,383,312,100
375,970,1424,Zaydiyya0000063,207,0,420,343,91
375,287,627,JK000458,1348,205,709,168,40
375,783,1626,Shamela0021821,715,95,1029,584,68
375,1448,1585,ShamAY0034694,11,925,1203,93,39
375,783,1251,Shamela0001449,14,177,483,230,60
375,789,1305,Zaydiyya0000075BK23,2,1047,1562,423,99
375,783,1360,Rafed0003943Vols,539,1080,1656,473,99
375,22,514,Shamela0010273,1010,363,1141,214,29
375,911,1197,Shamela0010273,1014,146,432,232,100
375,1448,1585,Tafsir01006,583,522,778,101,48
375,287,627,Tafsir01006,583,4,244,156,56
375,783,1523,Hindawi020604026,447,565,1293,572,93
375,783,1171,QuranAnalysis001,80,1198,1585,316,99
375,1171,1523,QuranAnalysis001,81,0,340,247,85
375,328,911,Rafed0001713Vols,978,17,576,221,37
375,824,1202,Rafed0001713Vols,981,735,1180,284,76
375,1180,1448,Rafed0001713Vols,983,315,585,211,95
375,783,1523,Hindawi017506357,70,630,1358,572,93
375,783,1006,JK000122,390,1286,1550,181,83
375,1006,1376,JK000122,391,0,405,297,87
375,860,1197,Tafsir04042,943,136,992,267,38
375,783,1287,Tafsir04056,1801,545,1049,412,99
375,1077,1523,JK006950,2722,719,1153,324,88
375,11,462,Shamela0000041,1068,250,625,155,32
375,783,1356,Shamela0023578,1363,923,1496,470,100
375,1448,1585,JK000876,532,317,569,94,45
376,905,1442,Shia001432Vols,6960,376,977,204,34
376,886,1082,Shamela0001466,977,550,1043,123,30
376,201,665,Shamela0021715,7034,461,868,116,23
376,1018,1359,ShamAY0034059,2096,594,1536,170,21
376,1023,1408,Shia002382Vols,762,744,1133,205,60
376,1263,1416,ShamIbadiyya0000050,2706,1298,1513,122,68
376,1202,1408,Shamela0010273,1014,1181,1501,126,47
376,930,1408,Rafed0001713Vols,982,404,1117,255,38
376,1202,1432,JK000876,534,73,472,160,48
377,990,1358,Meshkat00042485,3117,546,1108,226,47
377,320,504,Shia002380Vols,296,296,495,127,68
377,320,504,Shia002382Vols,762,1216,1500,137,59
377,1031,1480,Shia002382Vols,763,15,575,238,50
377,990,1203,Shamela0010273,1015,1240,1495,147,67
377,848,1358,Tafsir01006,585,817,1589,280,40
377,320,504,Sham19Y0014404,554,668,1059,124,38
377,896,1203,Rafed0001713Vols,983,956,1596,176,31
378,0,409,Shia001432Vols,6956,1222,1631,336,99
378,409,720,Shia001432Vols,6957,0,310,255,99
378,0,178,Shia001432Vols,31255,666,844,147,100
378,481,704,JK000370,15,1101,1581,155,38
378,92,303,Shamela0023632,1556,411,622,172,100
378,485,720,Shamela0023632,1561,0,234,193,99
378,0,846,JK009268,2218,128,974,694,100
378,92,384,Sham19Y0023618,743,979,1271,240,100
378,0,185,Shamela0023628,1569,1422,1607,153,100
378,170,384,Shamela0023628,1572,77,323,176,86
378,560,902,Shamela0023628,1574,1143,1573,251,71
378,481,723,Sham19Y0148883,480,324,565,197,99
378,0,384,Rafed0003257Vols,2638,327,711,316,100
378,365,846,Rafed0003257Vols,2642,842,1310,383,97
378,384,602,Rafed0002209Vols,1026,1328,1545,178,99
378,0,185,Sham19Y0020891,2453,193,377,152,99
378,185,303,Sham19Y0020891,2455,392,510,95,100
378,0,394,Shamela0009759,252,669,1115,167,40
378,0,254,JK009270,1918,401,655,209,100
378,247,664,JK009270,1922,906,1326,341,98
378,664,973,JK009270,1928,75,399,179,61
378,0,877,Sham19Y0150960,646,698,1343,490,67
378,0,185,Meshkat0014420,2043,421,606,153,100
378,272,481,Meshkat0014420,2046,0,209,172,100
378,481,720,Meshkat0014420,2048,1257,1496,197,100
378,0,234,JK006476,596,1271,1618,193,66
378,170,450,JK006476,597,988,1311,202,75
378,284,653,JK006476,598,36,830,265,38
378,594,902,JK006476,599,34,493,227,60
378,0,877,ShamAY0036821,1051,60,932,691,95
378,388,877,ShamAY0036821,1062,10,498,383,94
378,0,431,Tafsir02104,199,507,903,190,41
378,178,504,Sham19Y0147312,848,429,1046,254,50
378,664,846,Sham19Y0147312,850,32,615,147,31
378,92,350,Kraken2107192213411,6,928,1181,174,79
378,92,350,Kraken2107192213411,60,736,989,174,79
378,0,178,Zaydiyya0000062,657,980,1158,147,99
378,185,377,Zaydiyya0000062,658,1225,1418,157,98
378,614,839,Zaydiyya0000062,661,0,228,183,98
378,185,481,Shamela0037458,1537,144,440,242,100
378,481,720,Shamela0037458,1540,54,293,197,100
378,704,835,Shamela0037458,1541,1474,1604,106,99
378,148,384,JK000791,896,0,326,195,72
378,481,720,JK000791,897,440,679,197,100
378,136,384,Shamela0023833,833,430,700,204,91
378,481,846,Shamela0023833,834,914,1295,298,95
378,0,185,Shamela0000922,570,914,1269,153,52
378,594,846,Shamela0000922,573,248,690,206,57
378,0,203,JK007018,267,1247,1595,164,56
378,264,846,JK007018,268,550,1343,454,69
378,185,384,JK009396,564,109,308,163,100
378,481,846,JK009396,565,58,423,299,100
378,0,185,Sham19Y0023608,1619,386,571,153,100
378,481,720,Sham19Y0023608,1623,879,1117,196,99
378,681,846,Sham19Y0023608,1626,29,589,133,29
378,384,602,Masaha004387Vols,532,1111,1328,178,99
378,0,415,Shamela0021729,173,50,438,182,43
378,481,754,JK000381,8192,309,568,197,87
378,0,257,Meshkat00042488,620,622,1350,182,29
378,664,846,Meshkat00042488,623,763,1234,147,38
378,92,303,Shamela0004473,117,169,380,172,100
378,0,594,Shamela0022371,189,634,1430,336,44
378,481,809,JK010729,86,246,571,219,77
378,185,614,Shia002356Vols,452,866,1290,335,95
378,498,846,Shia002356Vols,453,848,1388,275,62
378,0,185,Hindawi019272704,58,1036,1221,153,100
378,481,715,Zaydiyya0000037Vols,2346,896,1130,193,100
378,384,839,Zaydiyya0000037Vols,2509,42,497,372,100
378,582,729,Zaydiyya0000037Vols,2521,0,155,114,88
378,481,715,Zaydiyya0000037Vols,2642,179,413,193,100
378,192,450,Shia002380Vols,297,0,309,211,83
378,481,824,Shia002380Vols,297,859,1481,281,55
378,0,185,JK001496,818,421,606,153,100
378,365,674,Zaydiyya0000328,215,317,640,244,91
378,839,1262,Shamela0008473,2213,1142,1521,123,26
378,185,384,Shamela0008473,2215,67,266,163,100
378,431,720,Shamela0008473,2216,727,1003,214,90
378,594,846,Shamela0008473,3251,13,277,206,95
378,136,384,Masaha002028Vols,1621,457,724,204,92
378,481,846,Masaha002028Vols,1622,987,1365,298,96
378,0,744,Shamela0023591,3535,912,1654,610,99
378,45,303,JK009266,4519,1159,1486,195,69
378,254,846,JK009266,4525,82,809,484,81
378,0,532,Sham19Y0032384,47,437,914,358,82
378,0,902,Zaydiyya0000063,207,460,1028,423,56
378,0,284,Tafsir10098,578,87,927,231,33
378,0,481,Shamela0021821,719,898,1379,395,100
378,439,1353,Shamela0021821,721,493,1470,418,42
378,6,481,Shamela0007853,24,698,1056,231,55
378,481,720,JK001420,411,1070,1564,149,37
378,92,350,JK000103,166,824,1092,187,85
378,41,303,JK006478,4411,79,413,214,78
378,0,512,ShamAY0034385,61,388,769,289,67
378,92,902,Rafed0003943Vols,541,509,1324,639,95
378,0,384,Shamela0010273,1017,243,627,316,100
378,365,720,Shamela0010273,1019,150,499,282,96
378,0,303,ShamAY0036039,27,1280,1572,193,77
378,148,384,Tafsir06048,423,1039,1545,184,43
378,0,291,Hindawi020604026,447,1266,1556,238,99
378,291,973,Hindawi020604026,448,0,697,488,81
378,96,377,Sham19Y0014404,556,20,819,227,34
378,629,846,Sham19Y0014404,558,65,628,172,37
378,140,377,Meshkat00057178,1717,149,1166,192,22
378,0,294,Masaha000554Vols,1945,328,614,229,94
378,294,715,Masaha000554Vols,1948,1012,1432,330,93
378,0,973,QuranAnalysis001,81,313,1301,726,86
378,0,481,Rafed0001713Vols,984,1021,1502,395,100
378,0,272,Hindawi017506357,70,1331,1602,223,99
378,272,973,Hindawi017506357,71,0,716,503,81
378,10,481,Tafsir04056,1802,0,320,251,64
378,0,185,Tafsir04056,3389,1008,1193,153,100
378,481,754,JK006950,2493,1189,1448,197,87
378,384,704,Shamela0009065,145,623,1427,235,35
378,170,384,Shamela0000041,1077,273,487,176,100
378,481,723,Shamela0000041,1079,157,399,198,99
378,0,388,Shamela0023578,1372,389,777,319,100
378,328,973,Shamela0023578,1375,416,1075,425,74
378,384,687,Zaydiyya0000388,54,1265,1567,250,99
378,687,839,Zaydiyya0000388,55,0,152,122,100
378,372,720,Zaydiyya0000388,220,288,637,281,97
378,481,715,Zaydiyya0000388,400,405,639,193,100
379,208,468,Meshkat00042485,3122,1136,1415,113,41
379,180,1630,JK000818,224,449,1467,504,38
379,0,413,Shia002382Vols,763,1100,1652,184,35
379,1091,1640,Shia002382Vols,765,409,1003,246,41
379,10,566,Shamela0021821,720,151,671,259,45
379,480,1622,Tafsir08060,211,6,813,400,37
379,3,733,Sham19Y0014404,556,37,1081,407,42
380,675,1128,Shia001432Vols,7091,820,1273,372,100
380,675,1044,Shia001432Vols,26086,493,880,301,94
380,1032,1338,Shamela0023632,1567,290,596,252,100
380,675,1541,JK009268,2236,828,1694,714,100
380,1032,1348,Shamela0023628,1581,797,1109,254,97
380,898,1548,JK009270,1939,979,1629,534,99
380,1163,1338,Shamela0037458,1547,971,1187,143,81
380,136,629,Shamela0021766,1842,62,974,251,32
380,756,1032,Shia002380Vols,298,686,1290,225,45
380,1135,1618,Shia002380Vols,299,0,715,345,56
380,1194,1541,Shamela0008473,2221,0,347,288,100
380,528,1541,Shamela0023591,3536,28,968,771,92
380,42,411,Tafsir08060,211,827,1207,182,47
380,528,1128,Rafed0003943Vols,542,1066,1552,348,67
380,1128,1541,Rafed0003943Vols,543,446,859,342,100
380,292,601,Shamela0010273,1021,270,835,178,35
380,216,712,Tafsir01006,589,152,825,288,49
380,368,1541,Hindawi020604026,448,438,1382,775,80
380,368,1189,QuranAnalysis001,81,1042,1672,514,76
380,1189,1541,QuranAnalysis001,82,0,352,292,100
380,466,898,Rafed0001713Vols,989,42,795,322,51
380,1032,1338,Shamela0000041,1084,1182,1488,252,100
380,776,1338,Shamela0023578,1379,289,802,402,87
381,98,229,JK009268,2237,1264,1439,90,62
381,1118,1358,Sham19Y0017616,258,757,1140,152,49
381,364,697,Tafsir01005,4136,420,669,148,53
381,1118,1358,Shamela0005716,3,621,1023,152,47
381,1118,1358,JK009142,224,118,457,134,42
381,1118,1358,ShamAY0035288,88,90,460,154,51
381,1415,1583,Rafed0001121,164,798,954,104,70
381,1118,1358,Shamela0021512,384,762,1131,153,51
381,1118,1432,Shamela0021766,1846,1054,1505,170,44
381,98,933,Shamela0021715,987,661,1626,395,37
381,945,1376,Sham19Y0016953Vols,1809,537,1158,178,30
381,1151,1358,JK000381,7626,928,1156,106,51
381,546,1358,JK000465,1512,611,1352,271,29
381,1184,1358,JK009141,1217,0,296,106,46
381,153,473,Shia002380Vols,298,464,795,159,47
381,1118,1358,Shamela0006700,510,922,1315,141,40
381,1322,1583,Shia001553,29,676,1144,128,30
381,229,904,Sham19Y0018106,477,410,916,204,30
381,1118,1358,Sham19Y0018144,1857,471,863,152,47
381,229,676,Shamela0010463,299,71,736,230,36
381,1118,1358,Masaha004105Vols,20,1162,1579,150,43
381,229,650,JK009245,769,1093,1342,170,49
381,1151,1358,AOCP20251104081,1012,501,751,116,51
381,546,689,Sham19Y0018567,839,683,841,102,80
381,1118,1358,JK001173,196,122,486,149,50
381,1118,1358,JK001173,301,421,776,154,53
381,1118,1358,Shamela0005803,310,309,676,152,50
381,1118,1376,Tafsir07057,2310,468,872,171,52
381,1151,1358,JK006950,1928,1006,1234,106,51
381,98,279,Shamela0000041,1080,804,1059,107,52
381,1118,1358,Shamela0023578,1379,916,1243,130,45
382,1391,1599,Shamela0000894,8214,5,217,127,71
382,1354,1599,Shamela0025794,3398,196,423,172,89
382,1448,1599,Tafsir09084,1085,0,151,118,100
382,1354,1599,Shamela0005756,14395,129,371,144,71
382,1354,1603,Shamela0011353,160,885,1140,157,77
382,1351,1599,Sham19Y0016584,4398,1116,1357,135,62
382,1354,1599,Shamela0096283,452,699,938,145,72
382,1351,1599,Sham19Y0132963,116,542,749,117,57
382,460,896,Meshkat00042485,3132,920,1502,255,46
382,919,1316,Meshkat00042485,3133,550,1259,289,46
382,1354,1599,Sham19Y0018176,2386,680,919,145,72
382,1241,1599,Shamela0010517,83,1076,1590,200,47
382,1354,1599,JK000110,1779,356,595,145,72
382,1354,1599,Shamela0012981,954,149,374,145,76
382,1354,1603,JK000350,66,792,1045,153,72
382,1354,1610,Shamela0012062,388,12,287,175,78
382,1354,1599,Sham19Y0018103,3883,252,491,145,72
382,1396,1599,Sham19Y0095660,1259,314,527,133,78
382,1396,1610,Shamela0021715,5758,910,1136,134,75
382,1354,1599,Shamela0021715,9881,859,1100,145,71
382,1354,1599,Sham19Y0148271,1279,1070,1296,172,90
382,355,1261,JK000818,225,758,1642,468,49
382,1354,1599,Shamela0004473,9684,1254,1421,111,60
382,1354,1599,Sham19Y0145435,5483,40,279,145,72
382,1351,1599,JK000166,92,1079,1283,118,58
382,577,1313,Shia002380Vols,299,0,645,357,46
382,1354,1599,PV2024060602,1779,356,595,145,72
382,971,1321,Shia002382Vols,768,865,1196,240,76
382,355,819,Shia002382Vols,768,19,550,301,64
382,1391,1625,JK007044,135,963,1141,110,63
382,1354,1599,Shamela0007597,253,875,1121,147,70
382,1396,1599,Sham19Y0018106,3962,0,213,133,78
382,1354,1599,JK000077,108,0,222,143,75
382,1344,1599,JK000116,339,993,1210,127,59
382,1354,1599,Shamela0001453,27,981,1235,181,88
382,1354,1603,Sham19Y0013252,9520,1117,1351,144,72
382,196,692,Shamela0010273,1024,9,779,246,36
382,699,1316,Shamela0010273,1025,169,1176,395,43
382,646,1138,Tafsir01006,591,70,762,313,49
382,1351,1599,Shamela0026568,826,301,568,147,66
382,849,1340,Sham19Y0014404,561,857,1416,250,45
382,1034,1316,Rafed0001713Vols,993,1124,1722,211,40
382,1354,1599,Shamela0021809,1695,612,838,172,90
382,1354,1599,Tafsir07057,2316,27,249,161,85
382,1351,1599,Shamela0023685,887,476,759,150,63
383,0,268,Shamela0023632,1569,779,1047,216,100
383,14,409,JK009268,2237,0,395,318,100
383,0,268,Sham19Y0023618,749,178,446,216,100
383,268,561,Sham19Y0023618,751,288,581,236,100
383,0,409,Shamela0023628,1590,351,936,329,69
383,0,268,Rafed0003257Vols,2656,26,294,216,100
383,115,268,Tafsir09084,1089,6,165,123,96
383,0,268,Sham19Y0020891,2469,1244,1511,216,99
383,0,268,JK009270,1944,545,813,216,100
383,276,561,JK009270,1948,429,714,230,100
383,0,268,Meshkat0014420,2063,194,462,216,100
383,0,561,ShamAY0036821,1052,87,643,447,98
383,0,561,ShamAY0036821,1064,787,1343,447,98
383,26,268,JK000373,246,496,738,195,100
383,0,268,Shamela0011578,3,581,849,216,100
383,139,268,Sham19Y0147312,853,0,129,104,100
383,0,268,Shamela0004445,1982,502,770,216,100
383,268,561,Shamela0004445,2058,452,745,236,100
383,0,729,Zaydiyya0000062,666,961,1481,280,41
383,0,268,Shamela0037458,1550,712,980,216,100
383,115,268,JK000791,904,585,738,123,100
383,0,268,Shamela0021735,289,75,353,216,96
383,288,561,Shamela0023833,835,860,1277,220,65
383,0,268,Sham19Y0009800,1026,519,787,216,100
383,268,561,JK009313,2289,886,1179,235,99
383,0,409,JK007018,270,154,729,329,71
383,0,438,JK009396,567,870,1666,350,54
383,6,268,Sham19Y0016953Vols,938,835,1087,201,95
383,240,544,Rafed0003726Vols,550,0,314,236,91
383,0,268,Shamela0004473,1768,899,1167,216,100
383,0,268,Shia002356Vols,456,632,900,216,100
383,0,561,Tafsir04038,238,473,1237,355,56
383,216,547,Shia002380Vols,301,242,985,263,44
383,26,268,Shamela0008473,999,131,373,195,100
383,115,268,Shamela0008473,2229,423,582,123,96
383,268,561,Shamela0008473,2229,1208,1501,236,100
383,288,561,Masaha002028Vols,1623,1008,1422,220,65
383,0,561,Shamela0023591,3536,972,1533,452,100
383,90,268,JK009266,4550,0,178,143,100
383,252,561,JK009266,4554,754,1105,246,86
383,756,974,JK000458,1373,1274,1579,125,50
383,0,729,Shamela0021821,727,189,735,296,43
383,180,422,Shamela0021821,728,799,1163,182,62
383,0,561,Rafed0003943Vols,544,621,1182,452,100
383,0,268,Shamela0010273,1026,639,907,216,100
383,910,1233,Shamela0010273,1027,53,366,162,51
383,180,409,Shamela0007798,4584,777,1390,182,37
383,910,1233,Tafsir01006,592,74,370,153,52
383,26,268,Shamela0012293,6345,238,480,195,100
383,0,268,Tafsir06048,400,160,428,216,100
383,0,425,Hindawi020604026,412,845,1275,331,95
383,0,288,Hindawi020604026,448,1386,1673,232,99
383,288,561,Hindawi020604026,449,0,273,220,100
383,0,422,Sham19Y0014404,564,11,1026,333,40
383,0,263,Masaha000554Vols,1966,989,1255,211,98
383,0,561,QuranAnalysis001,82,356,917,452,100
383,0,268,Rafed0001713Vols,994,222,490,216,100
383,0,282,Zaydiyya0000107,44,1240,1522,219,96
383,0,268,Tafsir07057,4716,768,1036,216,100
383,99,409,Shamela0000041,1092,22,342,249,96
383,0,268,Shamela0023578,1382,101,369,216,100
383,0,561,Shamela0023578,1387,430,1245,452,68
384,1153,1582,Shamela0008381,837,601,1024,326,93
384,1352,1582,Shia001432Vols,2483,0,231,185,98
384,1303,1582,Shamela0023632,1579,458,737,219,96
384,640,897,JK001480,369,362,749,136,39
384,1184,1582,JK009268,2249,1251,1650,325,99
384,1184,1582,Sham19Y0023618,752,1041,1438,323,99
384,1284,1582,Hindawi070427368,55,853,1144,227,93
384,1184,1582,Rafed0003257Vols,2671,256,653,323,99
384,1179,1582,JK009270,1953,160,564,326,99
384,640,1119,Meshkat00042485,3144,372,987,250,45
384,587,787,JK000906,3776,303,761,127,34
384,1184,1582,Sham19Y0023608,1648,846,1243,323,99
384,1184,1518,Shamela0009637,14,200,534,273,100
384,1236,1582,Shamela0021537,457,0,347,282,99
384,1184,1582,Shamela0004473,3258,939,1364,325,93
384,1184,1582,Shia002356Vols,458,1037,1436,324,99
384,1374,1575,Shia002380Vols,302,1120,1469,162,57
384,480,950,Shia002382Vols,772,30,726,298,50
384,1303,1582,Shamela0023591,3583,1213,1492,219,96
384,1184,1582,JK009266,4561,326,725,325,99
384,992,1501,Shamela0021821,729,1116,1629,298,63
384,1374,1582,JK001110,39,948,1157,168,99
384,1314,1582,Rafed0003943Vols,548,11,279,217,99
384,1184,1526,Shamela0010273,1031,1288,1627,277,99
384,1184,1518,JK000805,13,158,492,273,100
384,238,787,Tafsir01006,593,554,1543,296,35
384,801,1119,Tafsir01006,594,81,418,154,49
384,1184,1582,QuranAnalysis001,82,917,1316,325,99
384,747,1119,Rafed0001713Vols,998,728,1413,187,31
384,1184,1582,Rafed0001713Vols,999,656,1053,323,99
384,1184,1509,Shamela0023578,1387,1245,1567,263,99
384,424,897,JK000876,542,0,750,218,32
385,29,662,JK009268,2250,0,628,503,97
385,0,177,Hindawi070427368,55,1144,1321,147,100
385,172,476,Shamela0023628,1608,217,520,247,99
385,280,646,Rafed0003257Vols,2683,183,548,293,98
385,172,476,JK009270,1959,0,304,248,100
385,172,646,ShamAY0036821,1068,0,468,374,97
385,146,476,ShamAY0036821,1071,213,550,246,89
385,1171,1613,Meshkat00042485,3151,237,824,211,39
385,0,177,Shamela0037458,1572,22,199,147,100
385,241,476,Shamela0037458,1577,0,235,192,100
385,280,640,Shamela0021766,307,109,513,292,88
385,280,640,JK000394,4,497,857,293,100
385,0,640,Sham19Y0009800,1182,154,1010,523,74
385,280,646,JK007018,273,581,1197,292,58
385,280,640,Sham19Y0023608,1662,180,539,292,99
385,430,640,JK000818,228,24,549,165,38
385,23,640,Shamela0022371,191,0,625,351,54
385,874,1268,Shia002380Vols,302,295,555,164,47
385,9,625,Shamela0023591,3587,1019,1633,502,99
385,280,653,JK009266,4576,561,935,298,97
385,365,640,Shamela0021821,734,0,275,225,100
385,0,280,Rafed0003943Vols,548,279,559,231,100
385,106,640,Rafed0003943Vols,550,86,683,335,57
385,1171,1613,Shamela0010273,1033,16,567,211,40
385,1103,1466,Tafsir01006,595,1103,1586,170,37
385,0,476,Hindawi020604026,449,547,1023,391,100
385,280,640,ShamAY0007299,3978,447,807,293,100
385,0,312,QuranAnalysis001,82,1316,1627,256,99
385,312,640,QuranAnalysis001,83,0,328,268,100
385,0,287,Rafed0001713Vols,999,1053,1340,231,98
385,9,640,Shamela0023578,1399,420,1050,515,99
386,1089,1538,AOCP20251104125,45,991,1297,168,41
386,1262,1402,Shamela0001466,1010,499,753,103,50
386,610,1226,Shamela0021715,2318,542,1037,214,33
386,1089,1538,Shamela0000041,1104,632,1108,202,41
387,1080,1264,Shamela0021715,5058,1325,1581,127,58
387,856,1536,Shia002380Vols,304,742,1363,313,46
387,1080,1289,JK000458,1386,859,1253,130,37
387,1028,1575,Tafsir08060,215,373,833,184,34
387,1028,1558,Shamela0010273,1039,154,1016,227,30
387,849,1346,Tafsir01006,598,468,1209,278,45
387,1028,1589,JK000264,2837,759,1083,236,50
387,1028,1295,Rafed0001713Vols,1006,985,1532,178,40
388,281,950,JK000330,275,0,669,545,100
388,273,950,Shia001432Vols,6890,120,639,411,74
388,702,950,Shamela0023632,1595,583,860,196,85
388,273,950,JK009268,2271,460,1137,551,100
388,129,1042,Shamela0023628,1614,793,1535,491,62
388,129,814,Sham19Y0020891,2499,877,1575,472,82
388,281,814,JK009270,1974,146,679,432,100
388,712,950,Meshkat0014420,2101,197,441,189,94
388,94,950,ShamAY0036821,1068,380,1135,586,84
388,791,950,ShamAY0036821,1077,0,158,130,99
388,728,950,Shamela0004445,2059,244,466,184,100
388,712,950,Shamela0037458,1586,623,904,197,84
388,273,814,Sham19Y0009800,1183,1012,1553,438,100
388,273,950,JK009313,2290,661,1145,374,67
388,276,728,Sham19Y0023608,1666,0,452,365,100
388,950,1210,Shamela0021715,4568,1215,1520,143,55
388,273,814,Sham19Y0016953Vols,913,244,832,438,92
388,273,950,Shia003636Vols,14915,683,1137,303,49
388,728,950,Shamela0021537,627,171,393,184,100
388,728,950,Shamela0021537,2154,266,488,184,100
388,728,950,Shamela0021537,4243,266,488,184,100
388,776,950,Shamela0021537,4354,0,174,143,100
388,728,950,Shamela0004473,1496,1325,1547,184,100
388,273,728,Shamela0004473,3153,510,965,367,100
388,697,950,Shia002356Vols,463,811,1080,193,86
388,281,973,Zaydiyya0000037Vols,1857,323,816,376,65
388,662,950,Shia002380Vols,306,170,834,231,42
388,129,802,JK001496,838,869,1561,460,81
388,267,950,Shamela0023591,3588,15,692,551,99
388,477,786,JK009266,4584,0,317,215,75
388,728,950,JK009266,4591,65,287,184,100
388,281,814,Shamela0021821,735,1069,1602,432,100
388,273,728,Shamela0009789,257,132,587,367,100
388,509,950,Rafed0003943Vols,552,514,955,360,100
388,590,937,Shamela0010273,1042,1152,1602,249,66
388,424,728,ShamAY0002038,569,409,713,245,100
388,273,814,JK010414,1,546,1082,434,99
388,94,950,QuranAnalysis001,83,244,1005,595,85
388,462,1292,Rafed0001713Vols,1008,0,1046,392,39
388,697,953,Rafed0001713Vols,1010,1281,1584,204,81
388,273,950,Hindawi017506357,59,240,1253,551,66
388,442,684,Shamela0000041,1109,1225,1540,188,72
388,312,814,Shamela0023578,1410,0,502,408,100
390,137,974,JK000330,275,563,1178,508,73
390,137,1447,Shia001432Vols,6890,533,1620,889,82
390,1447,1649,Shia001432Vols,6891,0,203,166,99
390,621,898,Shamela0023632,1599,693,970,227,98
390,856,1206,Shamela0023632,1602,133,585,277,76
390,1390,1647,Shamela0023632,1607,0,257,211,100
390,621,894,Rafed0000040Vols,141,1075,1347,227,99
390,137,929,JK009268,2271,1031,1600,472,71
390,1052,1554,JK009268,2288,1105,1606,405,99
390,137,705,Sham19Y0023618,759,857,1203,287,60
390,705,1052,Sham19Y0023618,760,910,1257,284,100
390,1006,1318,Sham19Y0023618,761,1194,1535,230,84
390,465,905,Hindawi070427368,39,1015,1455,360,98
390,137,709,Shamela0023628,1629,88,437,289,60
390,705,974,Shamela0023628,1632,551,820,221,100
390,936,1318,Shamela0023628,1634,442,884,307,86
390,1238,1592,Shamela0023628,1636,7,628,284,56
390,521,974,Rafed0003257Vols,2694,0,453,376,100
390,974,1318,Rafed0003257Vols,2699,962,1306,277,100
390,1318,1649,Rafed0003257Vols,2703,7,339,270,99
390,533,974,Sham19Y0020891,2508,517,1006,341,81
390,541,905,Tafsir09068,502,204,1195,276,33
390,1133,1318,Hindawi046851305,86,573,758,149,100
390,530,894,JK009270,1987,614,978,304,100
390,894,1203,JK009270,1990,821,1130,248,100
390,1203,1498,JK009270,1993,489,785,236,98
390,742,1494,ShamAY0034106,134,980,1457,186,26
390,705,974,Meshkat0014420,2106,1116,1385,221,100
390,974,1318,Meshkat0014420,2110,204,548,277,100
390,1318,1524,Meshkat0014420,2113,1402,1607,167,99
390,856,1102,JK006476,615,1190,1457,182,84
390,1150,1447,JK006476,617,78,611,230,53
390,1052,1203,Shamela0030842,7,1135,1286,121,100
390,232,967,ShamAY0036821,1068,1054,1629,469,77
390,974,1649,ShamAY0036821,1069,6,674,537,98
390,55,478,Meshkat00042485,3164,766,1382,268,51
390,1052,1203,JK000081,278,613,764,121,100
390,1052,1224,Sham19Y0147312,867,531,861,128,48
390,426,894,Hindawi074603536Vols,306,0,453,376,96
390,791,1042,Zaydiyya0000062,682,1133,1386,204,98
390,1000,1487,Zaydiyya0000062,684,761,1425,385,71
390,705,894,Shamela0006947,11990,761,950,157,100
390,317,621,Shamela0037458,1588,645,1185,211,44
390,791,974,Shamela0037458,1591,1171,1354,150,100
390,1133,1377,Shamela0037458,1595,945,1189,196,100
390,705,894,JK000791,923,202,391,157,100
390,1030,1203,JK000791,925,495,665,126,91
390,1052,1203,AOCP20251104049,102,1225,1376,119,98
390,856,1030,Shamela0023833,837,452,688,140,73
390,465,894,Shamela0000922,582,154,1205,351,40
390,1065,1203,Shamela0000922,583,536,779,111,56
390,791,974,Sham19Y0009800,618,85,268,150,100
390,705,974,Sham19Y0009800,648,289,558,221,100
390,232,974,Sham19Y0009800,1066,353,879,433,70
390,621,1494,Sham19Y0009800,1184,310,1154,396,47
390,137,697,JK007018,275,1237,1574,278,59
390,1093,1592,JK007018,277,0,932,404,53
390,360,894,JK009396,579,343,831,368,82
390,988,1203,JK009396,580,1254,1640,169,54
390,1146,1649,JK009396,581,393,1366,403,51
390,426,791,Sham19Y0023608,1673,1231,1614,246,77
390,791,974,Sham19Y0023608,1676,7,190,150,100
390,974,1318,Sham19Y0023608,1678,436,780,277,100
390,469,705,JK000381,1973,0,236,196,100
390,791,974,Meshkat00042488,641,754,1485,133,21
390,1052,1206,Meshkat00042488,642,937,1468,123,29
390,137,733,Shamela0021537,627,287,667,287,57
390,137,716,Shamela0021537,2154,382,737,289,59
390,137,733,Shamela0021537,4243,382,762,287,57
390,137,716,Shamela0021537,4354,68,423,289,59
390,1133,1318,Shamela0004473,6757,850,1035,149,100
390,530,974,Shia002356Vols,464,558,1000,366,99
390,919,1318,Shia002356Vols,465,881,1383,320,79
390,1238,1592,Shia002356Vols,466,851,1361,286,68
390,1052,1377,Tafsir04038,246,1127,1526,209,60
390,55,530,Shia002380Vols,306,509,1035,259,50
390,1065,1516,Shia002380Vols,308,654,1492,350,51
390,530,974,JK001496,842,625,1386,368,58
390,1052,1203,JK001496,845,545,1078,121,28
390,137,709,Shamela0008473,2261,426,895,301,59
390,530,894,Shamela0008473,2262,118,805,298,52
390,1026,1203,Shamela0008473,2264,1000,1215,143,82
390,1136,1494,Shamela0008473,2265,116,562,289,80
390,55,393,Shia002382Vols,782,1091,1583,199,48
390,1437,1649,Shamela0003055,3863,49,262,174,99
390,856,1030,Masaha002028Vols,1625,738,974,140,73
390,137,1395,Shamela0023591,3588,586,1621,846,82
390,1395,1649,Shamela0023591,3589,0,255,209,99
390,530,974,JK009266,4597,431,875,368,100
390,944,1395,JK009266,4603,733,1196,342,93
390,1377,1649,JK009266,4608,91,364,223,99
390,137,974,Shamela0021821,740,382,997,508,73
390,949,1318,Shamela0021821,742,848,1224,297,98
390,1209,1649,Shamela0021821,744,223,607,306,85
390,465,705,JK000484,6001,420,660,199,100
390,737,894,JK000063,189,1052,1209,131,100
390,465,705,JK000460,197,377,617,199,100
390,791,988,Sham19Y0145210,2219,442,639,153,95
390,530,716,JK006478,4505,1385,1572,156,98
390,137,894,Shamela0009789,337,760,1404,445,63
390,530,894,Rafed0003943Vols,558,799,1163,304,100
390,894,1377,Rafed0003943Vols,559,987,1470,388,100
390,1166,1649,Rafed0003943Vols,560,717,1143,260,54
390,465,705,Shamela0010273,1044,637,877,199,100
390,705,974,Shamela0010273,1046,21,290,221,100
390,607,1133,Shamela0012293,4925,350,886,165,26
390,974,1377,Sham19Y0014404,576,4,1313,321,30
390,1052,1224,Meshkat00057178,1765,17,514,129,32
390,1052,1321,Masaha000554Vols,2027,44,317,213,97
390,1052,1249,Zaydiyya0000299,35,1308,1504,158,99
390,137,1102,QuranAnalysis001,83,899,1641,611,76
390,1102,1649,QuranAnalysis001,84,0,548,444,99
390,289,974,Rafed0001826,49,394,1087,420,59
390,974,1649,Rafed0001826,50,267,776,314,53
390,5,530,Rafed0001713Vols,1011,307,1236,333,41
390,791,1318,Rafed0001713Vols,1013,497,1024,427,100
390,1238,1554,Rafed0001713Vols,1015,1063,1592,256,59
390,705,974,Hindawi017506357,60,818,1086,220,99
390,1133,1318,Tafsir04056,1340,1125,1310,149,100
390,0,794,Shamela0000041,1116,701,1266,417,60
390,469,1282,Shamela0000041,1117,354,1578,650,65
390,1282,1494,Shamela0000041,1118,0,212,172,100
390,137,1052,Shamela0023578,1414,710,1403,571,75
390,873,1006,Shamela0023578,1416,887,1234,107,38
390,1052,1621,Shamela0023578,1417,945,1513,461,99
390,1052,1238,Shamela0023578,1418,260,709,131,36
391,0,231,Shamela0023632,1608,729,960,186,100
391,0,231,JK009268,2289,96,327,186,100
391,0,231,JK009270,1995,519,751,186,99
391,0,235,ShamAY0036821,1069,674,908,180,94
391,0,235,ShamAY0036821,1086,44,278,180,94
391,444,924,Meshkat00042485,3167,306,867,207,35
391,880,1433,Meshkat00042485,3168,496,1214,229,33
391,338,1088,Shamela0021766,1912,124,1569,425,34
391,338,837,JK000818,229,1145,1588,261,55
391,0,231,Shia002356Vols,467,843,1074,183,98
391,447,731,ShamAY0034059,2186,613,1139,143,29
391,338,750,Shia002380Vols,306,920,1629,231,37
391,0,231,Shamela0008473,2266,1317,1548,186,100
391,497,991,Shia002382Vols,783,928,1471,207,38
391,465,801,ShamIbadiyya0000050,2791,412,1547,194,20
391,0,235,Shamela0023591,3589,255,491,186,97
391,0,231,JK009266,4608,364,596,186,99
391,454,1078,Tafsir08060,217,12,465,257,45
391,231,834,Tafsir01006,601,572,1480,282,32
391,903,1433,Tafsir01006,602,16,707,235,36
391,0,235,QuranAnalysis001,84,548,784,186,97
391,0,240,Rafed0001826,50,776,1081,188,77
391,444,898,Rafed0001713Vols,1012,930,1579,189,27
391,0,231,Shamela0023578,1418,29,260,186,100
392,527,889,Meshkat00042485,3171,101,592,201,48
392,966,1433,Meshkat00042485,3172,279,929,315,54
392,9,1264,JK000818,230,496,1542,487,41
392,642,1511,Shia002382Vols,785,267,1455,411,35
392,9,1201,Tafsir05047,325,258,1310,412,36
392,809,1215,Shamela0010273,1049,168,737,283,60
392,9,219,Tafsir01006,602,1147,1527,96,26
392,358,1410,Tafsir01006,603,97,1446,553,45
392,151,671,Sham19Y0014404,576,4,246,138,32
392,610,856,Meshkat00057178,1765,217,619,99,29
392,350,1520,Rafed0001713Vols,1015,20,1486,583,42
392,1215,1511,Rafed0001713Vols,1016,230,770,187,40
393,841,1410,Shia001432Vols,22216,3,456,177,35
393,587,758,Meshkat00042485,3175,17,282,114,51
393,175,1556,Shia002380Vols,309,30,1402,626,46
393,0,923,Shia002382Vols,786,150,1151,472,48
393,143,923,Tafsir01006,604,446,1315,393,45
393,832,1416,Tafsir04003,1849,91,746,214,30
393,0,631,Rafed0001713Vols,1016,842,1602,311,41
393,1337,1635,Shamela0023578,1421,880,1275,213,66
393,494,966,JK000876,552,668,1197,252,51
394,212,450,Shia004050,361,262,590,194,72
394,55,457,Shia001432Vols,6891,360,697,262,79
394,0,222,Shia001432Vols,7092,370,608,177,91
394,207,457,Shia001432Vols,9703,529,788,202,95
394,200,457,Shia001432Vols,22588,293,549,205,98
394,207,462,JK000370,26,318,573,205,98
394,194,409,JK000370,392,1278,1494,170,95
394,0,207,Shamela0023632,1618,411,618,168,100
394,207,457,Shamela0023632,1621,749,997,202,99
394,207,457,Shamela0000894,5387,355,605,204,100
394,0,457,JK009268,2297,440,897,372,100
394,207,457,Masaha000146Vols,118,687,940,202,98
394,0,207,Rafed0003257Vols,2708,41,248,168,100
394,91,457,Rafed0003257Vols,2710,670,1190,272,60
394,856,1083,Tafsir09084,1112,285,833,123,28
394,127,457,JK009270,2004,1198,1528,268,100
394,0,207,Meshkat0014420,2128,679,886,168,100
394,207,457,Meshkat0014420,2131,768,1018,204,100
394,0,321,JK006476,621,1060,1525,260,68
394,262,457,JK006476,622,745,1276,155,35
394,0,457,ShamAY0036821,1086,489,945,367,98
394,67,297,ShamAY0036821,1090,479,946,182,48
394,561,845,Meshkat00042485,3178,971,1525,111,25
394,0,374,Rafed0000167,130,1074,1358,232,75
394,207,457,Sham19Y0014592,2229,551,801,204,100
394,60,450,Zaydiyya0000062,691,421,816,317,97
394,0,462,Shamela0010517,81,676,1212,317,64
394,60,207,Shamela0037458,1608,712,859,119,100
394,170,462,Shamela0037458,1609,1093,1484,233,73
394,127,457,Shamela0000922,587,416,1405,264,32
394,0,365,Sham19Y0009800,1185,646,1242,196,41
394,0,457,JK007018,279,177,1057,372,51
394,46,297,JK009396,585,652,1296,190,36
394,55,207,Sham19Y0023608,1691,570,721,122,99
394,207,457,Sham19Y0023608,1693,144,392,202,99
394,60,406,Sham19Y0016546,1229,104,375,218,77
394,207,457,JK000381,2014,340,590,204,100
394,6,316,JK000818,232,885,1522,245,47
394,60,212,Shamela0022371,193,326,759,119,34
394,0,207,Shia002356Vols,469,38,244,167,99
394,127,462,Shia002356Vols,470,234,546,247,89
394,60,297,Shamela0000767,4640,1132,1426,143,61
394,23,262,Shia002380Vols,311,1149,1579,193,54
394,856,1036,Shamela0008473,2270,883,1384,113,27
394,0,207,Shamela0008473,2273,688,1294,141,27
394,60,297,Shamela0008473,2274,244,664,191,56
394,55,336,Shia002382Vols,790,236,797,224,49
394,41,241,JK006474,1574,230,710,152,39
394,0,457,Shamela0023591,3632,222,677,370,99
394,0,478,JK009266,4614,85,573,385,96
394,0,457,Shamela0021821,747,347,804,372,100
394,60,207,Tafsir10066,623,1114,1459,119,42
394,262,438,Zaydiyya0000274,26,646,822,143,100
394,0,207,Rafed0003943Vols,561,1479,1685,168,99
394,60,207,Shamela0010273,1059,45,192,119,100
394,41,222,Shamela0007798,4665,1022,1262,131,65
394,457,845,Tafsir01006,605,475,956,150,30
394,6,297,Sham19Y0014404,584,421,1062,184,32
394,207,450,Masaha000554Vols,2046,946,1193,193,95
394,0,457,QuranAnalysis001,84,999,1456,372,100
394,207,457,Rafed0001826,51,106,352,200,98
394,561,732,Rafed0001713Vols,1019,187,291,61,47
394,0,457,JK000122,384,1111,1267,118,32
394,91,374,Tafsir04042,974,583,886,212,83
394,6,309,Shamela0000041,1129,763,1099,236,86
394,41,297,Shamela0000041,1130,230,986,196,32
394,0,290,Shamela0023578,1421,1275,1563,234,99
394,290,457,Shamela0023578,1422,0,166,136,99
395,1270,1556,JK009268,2308,145,574,63,13
395,561,1451,Shia002380Vols,311,954,1579,316,37
395,763,1487,Shia002382Vols,790,150,724,282,38
395,812,1487,Tafsir01006,607,302,1033,285,36
395,550,1454,Sham19Y0014404,584,280,1030,316,36
395,849,1168,Rafed0001713Vols,1021,978,1473,162,36
395,812,966,Shamela0000041,1129,808,1266,99,26
396,670,1240,Shia001432Vols,7092,598,1169,476,99
396,365,889,Shia001432Vols,22588,428,769,280,64
396,889,1162,Shia001432Vols,22725,1421,1693,224,98
396,670,1089,Shamela0023632,1623,1181,1600,352,100
396,1089,1325,Shamela0023632,1625,1363,1598,198,99
396,1325,1527,Shamela0023632,1626,0,202,166,100
396,1240,1527,Shamela0000894,7262,925,1212,239,100
396,365,1093,JK009268,2297,776,1316,448,73
396,1198,1537,JK009268,2313,0,366,282,92
396,670,889,Sham19Y0023618,768,1092,1311,184,100
396,889,1527,Sham19Y0023618,769,21,659,532,100
396,769,1089,Shamela0023628,1656,1171,1551,268,84
396,1089,1527,Shamela0023628,1658,1084,1522,364,100
396,670,1260,Rafed0003257Vols,2712,782,1367,484,97
396,889,1070,Rafed0003257Vols,2714,826,1322,149,35
396,1240,1527,Rafed0003257Vols,2715,1111,1398,239,100
396,90,427,Sham19Y0020891,2533,73,455,168,47
396,526,889,Sham19Y0020891,2534,740,1020,212,71
396,889,1118,Sham19Y0020891,2536,1283,1527,180,88
396,1240,1561,Sham19Y0020891,2539,302,650,251,84
396,90,336,JK001492,416,1150,1443,132,55
396,670,1089,Tafsir09068,511,8,1658,346,25
396,889,1089,JK010001,1743,1358,1558,168,100
396,680,884,JK010001,3599,1166,1370,171,100
396,1284,1527,JK010001,3600,0,243,201,100
396,757,1089,JK009270,2009,51,361,260,93
396,889,1033,JK009270,2014,595,736,118,97
396,1089,1365,JK009270,2021,1214,1489,232,99
396,670,1240,Meshkat0014420,2134,939,1509,477,100
396,1240,1537,Meshkat0014420,2137,1127,1450,247,91
396,794,1137,JK006476,624,93,442,284,97
396,889,1033,Shamela0026539,41,1335,1479,121,100
396,889,1033,JK000101,134,1160,1304,121,100
396,899,1033,JK000101,447,0,134,113,100
396,365,1437,ShamAY0036821,1086,825,1690,706,79
396,439,1089,ShamAY0036821,1092,205,689,394,73
396,72,555,Meshkat00042485,3190,0,620,267,48
396,1527,1690,Meshkat00042485,3191,783,1073,97,38
396,1527,1698,JK011730,1310,813,971,108,75
396,704,1118,Sham19Y0147312,876,15,634,303,59
396,1207,1527,Sham19Y0147312,877,0,588,267,54
396,719,1260,Tafsir02067,378,10,1236,426,41
396,772,1070,Sham19Y0014592,2232,294,694,225,66
396,462,1089,Zaydiyya0000062,693,24,799,434,64
396,889,1527,Zaydiyya0000062,694,517,1563,516,58
396,889,1033,Shamela0006947,17084,1204,1348,121,100
396,670,889,JK000374,77,903,1122,184,100
396,555,911,Shamela0037458,1611,261,572,225,72
396,889,1118,Shamela0037458,1612,750,966,179,93
396,1240,1564,Shamela0037458,1615,895,1222,257,94
396,644,1303,JK000791,936,771,1542,525,81
396,1173,1554,JK000791,937,1090,1544,294,76
396,670,1240,Shamela0000922,588,322,1482,471,48
396,691,1359,Shamela0023680,794,17,1002,409,44
396,436,889,JK007018,279,974,1509,259,51
396,889,1527,JK007018,280,346,1122,529,81
396,365,889,JK009396,586,326,666,280,64
396,889,1527,JK009396,587,40,979,528,67
396,670,1277,Sham19Y0023608,1695,449,1052,490,96
396,794,963,Sham19Y0023608,1697,184,968,141,21
396,1033,1173,Sham19Y0023608,1698,334,948,116,22
396,1240,1527,Sham19Y0023608,1699,429,716,239,100
396,330,1386,JK000818,233,83,1677,719,51
396,1240,1527,ShamIbadiyya0000441,183,1015,1302,239,100
396,526,899,Meshkat00042488,649,506,1492,234,26
396,889,1089,Meshkat00042488,650,234,434,168,100
396,772,1070,ShamIbadiyya0000075,346,871,1701,229,33
396,752,889,Shamela0021537,1298,0,137,114,100
396,670,889,Shamela0021537,3184,431,650,184,100
396,1293,1527,Shamela0021537,3973,0,234,193,100
396,1240,1527,Shamela0021537,6238,778,1065,239,100
396,794,1055,ShamAY0033108,784,124,1168,209,24
396,465,1277,Shia002356Vols,471,0,952,564,66
396,1194,1537,Shia002356Vols,472,531,985,274,72
396,109,414,Shamela0009918,1080,320,594,151,56
396,757,1303,Shia002380Vols,313,427,1448,436,51
396,526,889,JK001496,854,1037,1319,213,71
396,266,607,JK001496,854,0,574,158,31
396,889,1118,JK001496,855,833,1064,181,92
396,1039,1564,JK001496,856,437,1346,411,54
396,794,1070,Tafsir02102,2163,34,647,224,43
396,436,889,Shamela0008473,2276,904,1319,252,61
396,769,1089,Shamela0008473,2277,74,553,268,66
396,899,1240,Shamela0008473,2278,0,403,246,69
396,90,336,ShamIbadiyya0000050,2816,593,980,130,42
396,889,1089,Tafsir07055,1810,1132,1332,168,100
396,670,1527,Tafsir07055,3702,824,1541,433,52
396,0,769,Tafsir05047,328,771,1597,326,37
396,889,1033,Sham19Y0018318,42,670,814,121,100
396,889,1089,Shamela0003055,2616,1092,1292,168,100
396,365,1527,Shamela0023591,3632,557,1534,810,83
396,915,1089,Shamela0023591,3643,0,174,147,100
396,670,1396,JK009266,4633,638,1364,609,100
396,143,600,JK000458,1410,0,1061,227,25
396,358,1277,Shamela0021821,749,493,1593,622,61
396,1273,1674,Shamela0021821,751,0,437,243,60
396,1033,1434,Shamela0007597,35,1105,1662,302,64
396,670,889,Kraken220413194022,2866,1263,1482,184,100
396,889,1173,Hindawi030353837,964,1361,1501,115,49
396,930,1137,Shamela0008476,421,0,649,129,22
396,889,1089,Shamela0008476,950,814,1292,166,41
396,794,1089,Tafsir10066,626,697,1689,231,27
396,889,1089,JK009362,3710,657,860,168,98
396,639,1062,JK000367,14,1231,1634,332,93
396,1062,1537,JK000367,15,0,502,395,94
396,889,1033,JK000367,18,1137,1281,121,100
396,670,1126,JK001420,419,739,1445,228,32
396,1240,1520,Zaydiyya0000074,16,347,627,232,99
396,769,1089,JK006478,4565,635,995,268,88
396,889,1089,JK000082,55,1371,1571,168,100
396,1021,1194,Shamela0009859,9,147,562,144,41
396,436,1396,Rafed0003943Vols,565,320,1129,673,83
396,1240,1527,Zaydiyya0000148,573,655,942,239,100
396,1240,1527,Zaydiyya0000148,578,1096,1383,239,100
396,0,555,Shamela0010273,1060,506,1209,296,48
396,670,1561,Shamela0010273,1061,167,878,390,42
396,1021,1240,Shamela0010273,1062,759,1500,174,28
396,1240,1713,Shamela0010273,1063,791,1333,298,59
396,794,1089,Shamela0007798,4671,612,1334,228,36
396,889,1033,Shamela0007798,4672,808,952,121,100
396,945,1240,Shamela0007798,4673,415,1109,226,38
396,157,704,Tafsir01006,608,0,787,289,42
396,769,1173,Tafsir06048,447,27,1057,327,38
396,109,1118,Sham19Y0014404,585,18,1686,616,40
396,963,1240,Sham19Y0014404,586,44,416,230,74
396,794,1118,Meshkat00057178,1783,205,869,260,46
396,757,1240,Masaha000554Vols,2050,0,475,382,93
396,365,856,QuranAnalysis001,84,1335,1641,253,61
396,856,1537,QuranAnalysis001,85,0,708,567,96
396,889,1033,JK001063,4,1393,1537,121,100
396,533,1089,Rafed0001713Vols,1023,0,463,385,82
396,1527,1716,Rafed0001713Vols,1024,465,781,122,44
396,1173,1706,Rafed0001713Vols,1026,158,1051,354,44
396,889,1089,JK000122,384,1280,1480,168,100
396,889,1109,Zaydiyya0000107,156,1326,1552,178,93
396,670,889,Shamela0000432,1008,1274,1493,182,99
396,1240,1527,Shamela0000432,1009,79,366,239,100
396,704,963,Tafsir04056,3538,161,375,109,46
396,874,1173,Tafsir04056,3538,950,1503,170,34
396,670,1400,Shamela0000041,1132,938,1667,612,99
396,670,1089,Shamela0000041,1133,138,1283,344,35
396,365,1089,Shamela0023578,1422,46,585,446,73
396,769,1021,Shamela0023578,1433,373,877,206,49
396,1089,1537,Shamela0023578,1434,298,761,372,96
396,889,1089,JK000094,117,1031,1231,168,100
397,13,1187,Shia001432Vols,7092,681,1169,391,40
397,347,965,Shia001432Vols,22725,1428,1693,215,41
397,13,769,Shamela0023632,1623,1263,1600,268,42
397,13,769,JK009268,2297,979,1316,268,42
397,23,769,Shamela0023628,1656,1089,1551,277,41
397,13,1187,Rafed0003257Vols,2712,864,1352,393,40
397,347,720,Rafed0003257Vols,2714,833,1326,159,31
397,347,854,Sham19Y0020891,2536,1290,1570,174,40
397,0,769,Tafsir09068,511,442,1658,301,25
397,347,769,JK010001,1743,1365,1558,159,45
397,114,769,JK009270,2009,66,361,233,42
397,13,1187,Meshkat0014420,2134,1021,1509,393,40
397,8,274,Meshkat00042485,3192,1261,1573,186,68
397,825,1523,Meshkat00042485,3195,382,1217,439,55
397,0,854,Sham19Y0147312,876,109,701,308,38
397,73,499,Sham19Y0014592,2232,294,614,223,61
397,13,760,Zaydiyya0000062,693,458,788,260,41
397,168,854,Shamela0037458,1612,432,1013,255,35
397,13,1253,JK000791,936,877,1402,406,39
397,953,1650,Shamela0021766,1959,7,855,438,57
397,114,1187,Shamela0000922,588,741,1482,357,34
397,114,769,Shamela0023680,794,226,785,265,42
397,347,1276,JK007018,280,353,879,304,35
397,324,1276,JK009396,587,31,736,305,29
397,13,1276,Sham19Y0023608,1695,531,1064,408,39
397,13,1490,JK000818,233,633,1682,637,48
397,347,769,Meshkat00042488,650,241,434,159,45
397,0,717,ShamIbadiyya0000075,346,629,1701,380,38
397,1143,1711,ShamIbadiyya0000075,347,430,1183,311,45
397,13,1187,Shia002356Vols,471,432,914,386,39
397,327,680,Shia002356Vols,472,20,324,93,22
397,23,1276,Shia002380Vols,313,416,1429,549,44
397,114,769,Tafsir02102,2163,34,770,293,38
397,350,1187,Shamela0008473,2278,0,403,245,34
397,1008,1578,Shia002382Vols,792,1273,1759,323,60
397,13,1054,Shia002382Vols,792,37,1210,543,48
397,699,1187,ShamIbadiyya0000050,2821,572,1327,228,31
397,347,769,Tafsir07055,1810,1139,1332,159,45
397,347,769,Shamela0003055,2616,1099,1292,159,45
397,13,1276,Shamela0023591,3632,759,1291,425,40
397,13,1276,JK009266,4633,720,1252,425,40
397,13,1264,Shamela0021821,749,1053,1593,409,39
397,13,709,JK000367,14,1325,1634,245,42
397,347,896,JK001420,419,940,1456,168,24
397,347,769,JK000082,55,1378,1571,159,45
397,13,1276,Rafed0003943Vols,565,485,1017,425,40
397,13,769,Shamela0010273,1061,249,586,268,42
397,603,1187,Shamela0010273,1062,692,1500,241,27
397,114,769,Shamela0007798,4671,612,1334,255,32
397,8,447,Tafsir01006,608,1098,1642,289,62
397,447,1711,Tafsir01006,609,14,1538,709,50
397,13,414,Sham19Y0014404,585,1093,1743,194,30
397,424,1353,Sham19Y0014404,586,11,1015,409,37
397,8,769,Meshkat00057178,1783,88,841,288,32
397,228,1276,QuranAnalysis001,85,6,428,335,38
397,13,769,Rafed0001713Vols,1023,126,463,268,42
397,0,447,Rafed0001713Vols,1024,850,1613,305,48
397,347,769,JK000122,384,1287,1480,159,45
397,347,769,Zaydiyya0000107,156,1333,1526,159,45
397,674,1002,Tafsir04056,3538,1108,1503,126,29
397,13,1276,Shamela0000041,1132,1020,1552,425,40
397,0,825,Shamela0000041,1133,345,1328,397,39
397,13,769,Shamela0023578,1422,248,585,268,42
397,70,499,Shamela0023578,1433,373,871,256,52
397,854,1360,Shamela0023578,1434,859,1486,222,36
397,347,769,JK000094,117,1038,1231,159,45
397,0,271,JK000876,556,1102,1621,181,42
397,686,1495,JK000876,557,821,1646,373,44
398,272,508,Shia001432Vols,6891,706,942,190,100
398,272,771,Shia001432Vols,7092,1190,1625,352,86
398,771,999,Shia001432Vols,7093,0,228,184,99
398,272,508,Shia001432Vols,10419,1206,1479,189,86
398,272,531,Shia001432Vols,12514,738,1029,192,81
398,201,508,JK000370,265,1039,1330,229,92
398,201,522,Shamela0023632,1628,833,1150,254,97
398,758,999,Shamela0023632,1634,399,640,196,100
398,181,871,JK009268,2313,313,1002,561,99
398,201,508,Sham19Y0023618,771,177,484,250,100
398,272,531,EShia0071807,1553,542,854,192,75
398,201,508,Shamela0023628,1662,699,1006,250,100
398,201,522,Rafed0003257Vols,2718,77,404,250,94
398,711,999,Rafed0003257Vols,2721,1068,1451,232,74
398,285,508,Zaydiyya0000288,749,0,224,179,99
398,206,508,Sham19Y0020891,2541,636,935,209,83
398,700,871,Sham19Y0020891,2544,655,962,140,55
398,856,1297,Sham19Y0020891,2545,1110,1399,148,37
398,181,508,JK009270,2025,900,1224,264,99
398,508,999,JK009270,2030,827,1318,399,100
398,272,508,Meshkat0014420,2140,940,1176,190,100
398,758,999,Meshkat0014420,2148,1005,1246,196,100
398,247,467,JK006476,626,906,1357,175,47
398,142,999,ShamAY0036821,1094,457,1303,647,93
398,999,1384,Meshkat00042485,3197,1190,1581,157,38
398,157,508,Sham19Y0147312,877,882,1319,271,74
398,206,503,Zaydiyya0000062,697,102,401,242,98
398,999,1236,Zaydiyya0000062,697,408,972,128,25
398,668,866,Zaydiyya0000062,699,0,201,160,97
398,201,508,Shamela0037458,1618,524,831,250,100
398,700,871,Shamela0037458,1622,1224,1395,140,100
398,272,508,JK000791,939,191,427,190,100
398,668,871,JK000791,943,0,606,164,33
398,999,1239,Shamela0021766,1961,1109,1536,130,38
398,272,508,Shamela0001524,326,1132,1368,190,100
398,272,508,Shamela0023833,329,673,909,190,100
398,201,871,Shamela0023833,838,497,1181,331,47
398,190,508,Shamela0000922,589,303,703,256,78
398,272,508,JK009313,1417,42,278,189,99
398,272,508,Shamela0009770,291,818,1054,190,100
398,359,508,JK007018,281,0,149,119,100
398,999,1446,JK007018,281,162,506,109,24
398,201,508,JK009396,588,94,401,250,100
398,265,508,Sham19Y0023608,1702,0,243,196,100
398,657,999,Sham19Y0023608,1708,146,880,253,42
398,272,508,JK000917,833,1268,1504,190,100
398,247,475,JK000381,2051,0,228,186,100
398,201,508,Meshkat00042488,652,970,1429,250,66
398,700,871,Meshkat00042488,655,101,655,140,30
398,131,508,Shia002356Vols,473,198,730,244,53
398,758,999,Shia002356Vols,474,1137,1377,196,99
398,272,508,Tafsir04038,136,931,1265,190,70
398,403,871,Shia002380Vols,315,728,1553,376,55
398,206,508,JK001496,858,116,419,209,82
398,700,871,JK001496,860,468,803,140,51
398,201,508,Shamela0008473,2282,918,1225,250,100
398,365,783,Shamela0008473,2289,80,734,309,58
398,294,531,Shia002382Vols,540,64,337,172,77
398,272,503,Masaha002028Vols,790,166,397,186,100
398,201,871,Masaha002028Vols,1626,815,1496,329,47
398,201,990,Shamela0023591,3649,778,1566,641,99
398,272,508,Shamela0023591,3651,272,508,190,100
398,181,999,JK009266,4638,195,1010,663,99
398,272,508,Shamela0010283,3334,36,272,190,100
398,206,508,Shamela0021821,753,399,701,246,100
398,657,999,Shamela0021821,757,5,379,261,84
398,508,871,Zaydiyya0000075BK23,6,50,413,296,100
398,335,618,JK009257,342,398,1167,227,36
398,272,508,JK006478,4574,692,930,190,99
398,181,999,Rafed0003943Vols,567,827,1644,664,99
398,359,517,Zaydiyya0000148,266,563,722,123,96
398,201,508,Shamela0010273,1065,535,842,250,100
398,999,1451,Shamela0010273,1065,861,1312,175,37
398,758,999,Shamela0010273,1069,141,382,196,100
398,272,508,Shamela0007798,4682,1014,1250,190,100
398,206,508,Sham19Y0014404,587,613,1004,246,77
398,618,871,Sham19Y0014404,589,283,890,204,41
398,272,508,Meshkat00057178,1788,309,545,190,100
398,272,508,Masaha000554Vols,2058,1023,1257,188,99
398,181,999,QuranAnalysis001,85,655,1472,664,99
398,272,508,Shamela0009182,458,488,724,190,100
398,272,508,ShamAY0037387,231,1338,1574,190,100
398,150,508,Rafed0001713Vols,1027,880,1529,286,54
398,999,1520,Shamela0000041,1135,698,1474,279,38
398,201,508,Shamela0000041,1135,380,687,250,100
398,399,591,Shamela0000041,1137,223,507,145,64
398,514,871,Shamela0000041,1139,865,1297,291,82
398,181,508,Shamela0023578,1436,654,1006,265,92
398,999,1244,Shamela0023578,1436,1006,1455,147,37
398,758,999,Shamela0023578,1445,569,810,196,100
398,272,508,Noorlib0010584,139,448,684,190,100
399,449,890,Tafsir09083,572,663,1207,187,38
399,117,679,Tafsir09084,1120,348,856,134,19
399,703,1123,Meshkat00042485,3199,693,1152,245,64
399,703,967,ShamIbadiyya0000075,349,78,409,184,65
399,500,945,Shia002380Vols,315,436,949,240,46
399,439,967,Shia002382Vols,795,731,1399,275,43
399,37,824,Tafsir05047,330,653,1517,298,32
399,703,1118,Tafsir01006,611,342,969,255,50
399,983,1463,Rafed0001713Vols,1029,830,1376,126,21
400,1300,1570,JK009268,2325,77,225,123,54
400,1300,1570,Sham19Y0023618,775,231,379,123,54
400,1300,1570,Shamela0023628,1673,558,706,123,54
400,311,915,Rafed0003257Vols,2721,1099,1393,173,31
400,1300,1561,Tafsir09068,517,148,746,134,27
400,1066,1570,JK006476,630,0,305,168,34
400,1300,1570,ShamAY0036821,1094,1250,1394,119,52
400,179,508,Meshkat00042485,3202,81,407,202,68
400,0,311,Shamela0001466,1054,745,1273,185,43
400,1300,1568,Tafsir02067,382,319,876,133,25
400,1300,1570,Zaydiyya0000062,701,654,804,123,54
400,179,508,Shamela0021766,1967,532,1227,226,39
400,1300,1570,Shamela0000922,590,545,829,134,54
400,1300,1570,JK007018,282,669,1259,140,29
400,1300,1568,JK000818,235,1037,1242,113,43
400,7,1055,ShamIbadiyya0000075,349,617,1578,374,32
400,0,915,Shia002356Vols,474,855,1319,278,37
400,50,349,ShamAY0034059,2231,375,896,159,34
400,0,444,Shia002380Vols,315,1113,1390,197,51
400,464,1570,Shia002380Vols,316,203,870,295,29
400,7,332,Tafsir02102,2169,731,981,174,63
400,0,444,Shia002382Vols,796,444,779,211,51
400,762,1513,JK006474,1598,1053,1414,240,39
400,179,355,ShamIbadiyya0000050,2831,96,647,130,29
400,994,1570,Shamela0021821,758,30,325,164,31
400,0,508,Tafsir01006,612,263,933,334,58
400,7,452,Sham19Y0014404,589,325,822,156,27
400,646,1570,Sham19Y0014404,590,116,943,347,32
400,1061,1570,Meshkat00057178,1797,216,676,178,31
400,1055,1354,Masaha000554Vols,6265,830,1352,99,18
400,1300,1570,QuranAnalysis001,85,1418,1566,123,54
400,0,508,Rafed0001713Vols,1030,340,984,297,51
400,1275,1570,Rafed0001713Vols,1032,266,936,171,28
400,1055,1354,Tafsir07057,2427,70,493,110,24
400,1300,1570,Shamela0023578,1445,756,904,123,54
400,0,672,JK000876,560,355,1361,358,43
401,575,734,Shamela0036527,2,1010,1169,132,100
401,575,734,Shamela0030945,110,183,342,132,100
401,0,550,Shia001432Vols,6891,1050,1599,447,99
401,550,747,Shia001432Vols,6892,0,198,157,96
401,568,734,Shia001432Vols,31221,842,1023,138,91
401,192,418,Shia002185Vols,2658,905,1131,184,100
401,0,239,Shamela0023632,1637,1016,1255,195,100
401,239,579,Shamela0023632,1640,434,775,273,98
401,575,747,Shamela0023632,1642,1181,1354,137,95
401,437,705,Tafsir03097,736,0,1240,212,20
401,0,734,JK009268,2325,225,960,600,99
401,51,328,Sham19Y0023618,776,262,539,226,100
401,239,734,Sham19Y0023618,777,204,720,354,84
401,171,418,Shamela0023628,1676,0,247,201,100
401,418,550,Shamela0023628,1682,1495,1627,108,98
401,550,747,Shamela0023628,1683,0,198,157,96
401,545,734,Shamela0023628,1684,0,521,150,35
401,0,328,Rafed0003257Vols,2723,1282,1609,266,99
401,328,575,Rafed0003257Vols,2724,0,248,202,99
401,418,766,Rafed0003257Vols,2727,505,1176,270,49
401,328,665,Shamela0022593,1027,579,1398,202,29
401,418,734,Sham19Y0020891,2553,304,621,260,99
401,418,545,Sham19Y0020891,2579,1349,1477,104,99
401,328,665,Tafsir09068,519,487,1436,278,35
401,418,575,JK010001,3293,787,945,128,99
401,0,418,JK009270,2036,1149,1567,340,100
401,418,550,JK009270,2041,1489,1621,108,98
401,550,747,JK009270,2042,0,198,157,96
401,0,239,Meshkat0014420,2151,1210,1449,195,100
401,429,734,Meshkat0014420,2158,0,305,251,100
401,286,712,JK006476,632,533,1098,282,59
401,0,230,ShamAY0036821,1094,1394,1622,186,99
401,230,747,ShamAY0036821,1095,0,508,399,94
401,0,460,ShamAY0036821,1102,1121,1574,367,98
401,460,747,ShamAY0036821,1103,0,283,224,94
401,437,734,Meshkat00042485,3210,565,1250,242,42
401,51,418,Sham19Y0147312,880,440,1512,292,33
401,418,734,Sham19Y0147312,881,271,888,260,51
401,418,747,Shamela0004445,2062,229,559,265,97
401,328,627,Shamela0022769,628,724,1442,245,41
401,575,734,JK009158,409,71,230,132,100
401,239,747,Tafsir02067,383,229,1254,399,47
401,239,575,Rafed0000167,131,323,659,273,100
401,575,734,Sham19Y0014592,76,1086,1325,132,66
401,418,575,Sham19Y0014592,2498,541,758,128,72
401,51,443,Sham19Y0013550,285,751,1412,240,44
401,102,411,Zaydiyya0000062,703,382,694,249,97
401,418,727,Zaydiyya0000062,705,939,1253,254,97
401,60,418,Shamela0037458,1627,25,478,286,77
401,239,674,Shamela0037458,1629,11,907,308,42
401,360,734,JK000791,947,0,375,307,99
401,148,627,JK000365,2053,1089,1300,142,36
401,239,523,Shamela0001524,354,1180,1464,231,99
401,575,747,Shamela0023833,840,37,210,137,95
401,418,747,Sham19Y0009800,1068,1047,1378,265,97
401,102,717,Sham19Y0009800,1187,719,1488,307,43
401,418,721,JK009313,2298,1217,1520,249,99
401,102,734,JK007018,283,142,1384,503,49
401,575,734,Shamela0019542,10,42,201,132,100
401,192,423,Shia004000,221,118,349,184,98
401,239,575,JK009396,592,625,974,243,85
401,575,734,JK009396,593,382,541,132,100
401,0,239,Sham19Y0023608,1710,1029,1268,195,100
401,192,466,Sham19Y0023608,1712,505,1120,194,38
401,328,734,Sham19Y0023608,1714,756,1416,334,61
401,575,734,Sham19Y0095660,826,1445,1604,132,100
401,575,734,Shamela0001340,74,1240,1399,132,100
401,116,734,JK000818,236,0,1077,488,55
401,286,717,Meshkat00042488,658,54,1621,348,26
401,303,727,ShamIbadiyya0000075,351,0,1479,342,28
401,0,239,Shia002356Vols,475,358,595,193,99
401,317,734,Shia002356Vols,476,0,867,339,47
401,106,575,Zaydiyya0000037Vols,1947,1117,1708,293,52
401,575,738,JK007021,219,883,1047,132,96
401,721,1494,Shia002380Vols,316,697,1551,332,37
401,192,747,Shia002380Vols,317,20,903,441,61
401,610,738,Shamela0001419,108,0,128,103,97
401,418,575,Shamela0001419,259,982,1139,128,100
401,51,243,JK001496,862,902,1311,155,45
401,443,734,JK001496,865,7,305,240,97
401,418,575,Tafsir02102,2184,261,419,128,99
401,575,734,Tafsir02102,2185,93,404,126,49
401,328,575,Shamela0008473,2304,718,1013,202,83
401,575,734,Shamela0008473,2305,432,591,132,100
401,197,418,Shia003996Vols,679,932,1157,180,97
401,1261,1602,Shia002382Vols,798,263,682,208,53
401,518,747,Shia002382Vols,801,0,490,180,44
401,418,575,Tafsir07055,3382,45,203,128,99
401,239,747,Masaha002028Vols,1628,19,561,274,52
401,0,747,Shamela0023591,3650,103,852,605,98
401,418,575,Shamela0023591,3668,1474,1632,128,99
401,575,734,Shamela0023591,3670,487,646,132,100
401,0,418,JK009266,4651,1054,1472,340,100
401,434,747,JK009266,4660,0,315,252,97
401,586,734,Tafsir10098,611,192,450,117,55
401,0,418,Shamela0021821,758,325,743,340,100
401,460,738,Shamela0021821,760,0,279,226,98
401,102,418,Rafed0003793Vols,741,1065,1381,257,100
401,102,734,Rafed0003793Vols,822,388,859,307,59
401,192,418,Rafed0003793Vols,1101,95,321,184,100
401,575,734,Shamela0022721,434,419,578,132,100
401,423,734,Tafsir10066,635,0,1087,245,27
401,51,575,JK001420,421,654,1354,254,43
401,418,575,JK006478,4598,2,161,128,98
401,51,550,Rafed0003943Vols,570,1113,1612,408,99
401,550,747,Rafed0003943Vols,571,0,198,157,96
401,0,243,Shamela0010273,1070,1404,1646,196,98
401,1293,1602,Shamela0010273,1071,1180,1603,158,40
401,418,734,Shamela0010273,1074,75,392,260,99
401,0,239,Sham19Y0014328,649,635,874,194,99
401,418,575,Shamela0007798,4714,707,920,105,61
401,1293,1602,Tafsir01006,614,460,870,184,48
401,328,734,Tafsir06048,454,252,1011,329,52
401,102,575,Zaydiyya0000093,11,415,1004,311,56
401,328,656,Sham19Y0014404,592,12,799,270,41
401,418,575,Rafed0003799Vols,161,957,1114,128,98
401,418,575,Rafed0003799Vols,184,1305,1462,128,98
401,15,243,Meshkat00057178,1798,1086,1565,183,46
401,418,727,Masaha000554Vols,2077,1235,1547,243,93
401,116,747,QuranAnalysis001,86,0,632,511,98
401,0,239,Rafed0001713Vols,1032,936,1175,195,100
401,286,734,Rafed0001713Vols,1034,915,1557,369,69
401,434,747,Rafed0001713Vols,1035,117,920,249,37
401,418,575,ShamIbadiyya0000237,132,506,717,125,72
401,346,518,Tafsir04042,985,1076,1406,141,52
401,575,734,JK001098,40,584,743,132,100
401,0,321,Kraken220218125253,78,1056,1383,256,96
401,328,678,Tafsir04056,3561,755,1566,148,22
401,418,575,Shamela0009065,170,335,492,128,100
401,0,239,Shamela0000041,1141,347,586,195,100
401,131,586,Shamela0000041,1142,884,1526,370,70
401,586,747,Shamela0000041,1143,0,162,128,95
401,239,545,Shamela0000041,1144,868,1373,248,60
401,0,717,Shamela0023578,1445,904,1621,586,99
401,328,678,Shamela0023578,1450,522,1080,260,54
401,747,1219,JK000876,562,29,494,184,40
401,1261,1602,JK000876,562,709,1058,157,45
401,269,734,JK000876,563,5,1130,345,37
402,762,1142,Shia001432Vols,6891,1377,1568,156,49
402,762,1210,Shamela0023632,1640,523,757,170,46
402,1049,1404,Tafsir03097,736,0,663,141,24
402,762,1549,JK009268,2325,553,891,249,38
402,762,1549,Sham19Y0023618,777,313,651,249,38
402,762,1210,Rafed0003257Vols,2724,0,234,170,46
402,1008,1549,Rafed0003257Vols,2727,497,1069,194,32
402,1017,1549,Shamela0022593,1027,716,1398,181,29
402,1017,1549,Sham19Y0020891,2553,304,552,178,40
402,762,1142,Tafsir09068,519,487,813,173,47
402,1028,1549,Meshkat0014420,2158,0,236,169,39
402,1352,1530,JK006476,633,132,400,92,37
402,1042,1558,Meshkat00042485,3210,558,1172,231,40
402,1017,1549,Sham19Y0147312,881,271,819,182,27
402,1003,1549,Shamela0004445,2062,218,476,182,40
402,762,1464,Shamela0022769,628,724,1545,279,34
402,762,1561,Tafsir02067,383,449,1132,262,31
402,762,1210,Rafed0000167,131,412,645,170,46
402,1017,1210,Sham19Y0014592,2498,541,744,104,57
402,1017,1464,Zaydiyya0000062,705,939,1171,164,44
402,766,1549,Shamela0037458,1629,203,895,250,29
402,794,1549,JK000791,947,0,306,225,36
402,1114,1530,Shamela0021766,1975,39,688,193,34
402,762,1142,Shamela0001524,354,1269,1460,156,49
402,1017,1549,Sham19Y0009800,1068,1047,1295,178,40
402,1017,1549,JK009313,2298,1217,1465,178,40
402,762,1210,JK007018,283,490,922,174,37
402,762,1549,Sham19Y0023608,1714,756,1347,268,34
402,762,1558,JK000818,236,436,982,289,40
402,762,1145,Meshkat00042488,658,128,486,163,44
402,1049,1558,ShamIbadiyya0000075,351,660,1407,228,34
402,762,1464,Shia002356Vols,476,11,779,247,28
402,762,1549,Shia002380Vols,317,186,821,300,41
402,762,1210,Shamela0008473,2304,718,999,172,47
402,1017,1549,Masaha002028Vols,1628,248,478,133,26
402,762,1549,Shamela0023591,3650,431,769,249,38
402,1049,1549,JK009266,4660,3,232,163,39
402,1022,1558,Tafsir10066,635,0,869,206,26
402,762,1142,Rafed0003943Vols,570,1390,1581,156,49
402,762,1468,Tafsir06048,454,252,803,262,38
402,762,1558,Sham19Y0014404,592,12,1014,332,31
402,762,1549,QuranAnalysis001,86,212,549,249,38
402,288,1549,Rafed0001713Vols,1034,915,1488,326,29
402,1033,1558,Rafed0001713Vols,1035,117,788,230,37
402,762,1142,Tafsir04042,985,1055,1406,176,47
402,1017,1404,Tafsir04056,3561,856,1062,91,23
402,762,1210,Shamela0000041,1142,1269,1502,170,46
402,762,1145,Shamela0000041,1144,1111,1339,157,47
402,762,1549,Shamela0023578,1445,1232,1570,249,38
402,762,1464,Shamela0023578,1450,522,878,224,35
402,231,1456,JK000876,563,5,1010,301,21
403,203,550,Shia001432Vols,1426,973,1269,206,73
403,0,891,Shia001432Vols,6892,119,969,691,95
403,865,1203,Shia001432Vols,7093,205,560,266,91
403,891,1203,Shia001432Vols,20929,585,899,253,99
403,203,550,Shia001432Vols,31243,128,477,279,99
403,0,203,Shamela0023632,1642,1275,1437,133,79
403,445,673,Shamela0023632,1645,1261,1488,185,99
403,655,980,Shamela0023632,1647,245,689,250,69
403,891,1203,Shamela0000894,376,1007,1477,183,40
403,106,1116,JK009268,2332,632,1641,821,99
403,655,976,Sham19Y0023618,779,969,1289,226,76
403,445,712,Sham19Y0023618,779,108,375,218,100
403,0,203,Shamela0023628,1683,119,281,133,79
403,152,550,Shamela0023628,1685,586,1222,321,62
403,550,1063,Shamela0023628,1688,617,1130,419,100
403,0,520,Rafed0003257Vols,2728,1059,1689,389,76
403,540,891,Rafed0003257Vols,2731,1174,1532,287,98
403,851,1208,Rafed0003257Vols,2733,1123,1510,264,84
403,445,712,Sham19Y0020891,2557,704,971,218,100
403,976,1203,Sham19Y0020891,2561,1107,1334,184,100
403,976,1203,JK010001,3436,239,553,158,62
403,891,1067,Hindawi094962085,28,689,865,141,98
403,234,550,Shamela0009759,264,0,316,254,100
403,0,550,JK009270,2042,119,628,412,92
403,550,1063,JK009270,2046,992,1505,419,100
403,223,550,ShamIbadiyya0000482,160,0,327,263,100
403,203,550,Sham19Y0150960,648,55,402,276,99
403,445,891,Meshkat0014420,2164,71,517,365,100
403,891,1203,Meshkat0014420,2167,240,552,253,100
403,550,891,JK006476,635,0,347,279,98
403,899,1203,JK006476,636,733,1260,209,49
403,0,445,ShamAY0036821,1095,432,833,323,90
403,0,445,ShamAY0036821,1103,207,608,323,90
403,450,845,ShamAY0036821,1104,1197,1589,322,99
403,845,1220,ShamAY0036821,1105,0,375,292,95
403,450,796,ShamAY0036821,1107,1221,1564,282,99
403,891,1185,Shamela0037361,132,376,603,165,64
403,550,664,JK000373,261,1436,1549,92,99
403,1217,1522,Meshkat00042485,3211,965,1499,107,22
403,976,1145,Shamela0023582,142,559,790,118,63
403,0,203,Sham19Y0147312,881,823,1255,133,34
403,712,988,Sham19Y0147312,884,867,1295,220,63
403,467,712,Sham19Y0147312,884,18,252,160,72
403,0,550,Shamela0004445,2062,480,989,412,92
403,445,712,Sham19Y0014592,2499,787,1054,218,100
403,392,811,Zaydiyya0000062,707,1100,1634,343,78
403,818,1198,Zaydiyya0000062,709,8,391,308,98
403,891,1203,Zaydiyya0000220,219,514,826,253,100
403,0,203,Shamela0037458,1630,1111,1273,133,79
403,445,712,Shamela0037458,1635,577,844,218,100
403,801,1063,Shamela0037458,1637,1245,1521,213,94
403,203,550,JK000791,949,0,347,279,100
403,550,712,JK000791,950,868,1030,132,100
403,0,1163,Shamela0023833,840,131,1147,509,42
403,976,1203,Shamela0000922,592,764,1032,184,84
403,976,1203,Sham19Y0009800,955,594,821,184,100
403,0,316,Sham19Y0009800,1068,1299,1573,223,86
403,316,550,Sham19Y0009800,1069,0,234,189,100
403,445,891,Sham19Y0009800,1087,38,484,365,100
403,106,467,Sham19Y0009800,1188,188,727,279,64
403,925,1203,Sham19Y0009800,1189,0,716,217,37
403,52,550,JK009313,2299,0,457,369,91
403,299,841,Shamela0023680,796,784,1537,375,58
403,0,163,JK007018,283,1319,1582,102,46
403,163,891,JK007018,284,0,876,590,82
403,903,1203,JK007018,285,0,300,243,100
403,0,550,JK009396,593,476,1215,420,70
403,550,891,JK009396,594,1099,1440,279,100
403,891,1203,JK009396,595,187,499,253,100
403,0,203,Sham19Y0023608,1716,414,624,135,80
403,106,550,Sham19Y0023608,1717,286,908,326,64
403,550,891,Sham19Y0023608,1722,72,413,279,100
403,851,1203,Sham19Y0023608,1724,1044,1417,262,87
403,550,712,JK000917,849,711,873,132,100
403,0,292,JK000818,236,1012,1549,194,42
403,332,868,JK000818,237,106,1028,419,56
403,0,203,Meshkat00042488,659,21,216,136,81
403,445,712,Meshkat00042488,660,347,824,218,55
403,550,891,Shamela0004473,3773,1091,1432,279,100
403,515,688,Shamela0009086,82,792,1159,84,28
403,0,203,Shia002356Vols,476,802,1405,141,28
403,170,550,Shia002356Vols,477,278,704,306,89
403,467,730,Shia002356Vols,477,1275,1598,192,71
403,856,1203,Shia002356Vols,478,859,1192,255,90
403,203,1017,Tafsir04038,253,572,1514,514,57
403,203,529,JK007043,625,418,751,215,81
403,0,411,Shia002380Vols,317,825,1545,298,48
403,594,891,Shia002380Vols,318,558,1138,243,51
403,445,712,Shamela0001419,260,624,920,172,72
403,445,712,JK001496,867,108,375,218,100
403,891,1203,JK001496,868,622,1340,250,43
403,203,467,EShia0071536,96,1201,1464,211,99
403,0,163,Tafsir02102,2185,339,557,106,58
403,0,203,Shamela0008473,2305,526,903,133,43
403,120,550,Shamela0008473,2306,38,477,317,89
403,457,891,Shamela0008473,2308,1014,1485,350,91
403,783,1203,Shamela0008473,2309,382,972,319,67
403,1235,1423,Shia002382Vols,801,640,779,66,40
403,976,1203,Tafsir07055,3527,724,1034,158,63
403,0,1163,Masaha002028Vols,1628,482,1514,508,41
403,0,461,Shamela0023591,3650,773,1196,332,88
403,248,1058,Shamela0023591,3675,831,1569,520,72
403,1058,1203,Shamela0023591,3676,0,145,117,100
403,504,712,Shamela0023591,3679,672,916,159,78
403,0,203,JK009266,4660,236,398,133,79
403,203,712,JK009266,4663,533,1042,411,100
403,620,1203,JK009266,4670,223,969,453,74
403,203,488,Zaydiyya0000063,208,1243,1528,229,100
403,841,1203,Shamela0021821,762,716,1152,291,82
403,203,515,Shia002389Vols,1089,869,1237,250,84
403,550,712,JK009362,3747,46,208,132,100
403,891,1203,JK000367,117,457,1111,251,47
403,445,976,JK000367,120,326,857,434,100
403,445,631,JK001420,422,790,1016,124,68
403,915,1163,JK001420,423,24,449,150,42
403,152,387,JK006478,4601,1197,1616,188,55
403,406,712,JK006478,4605,580,940,233,79
403,891,1075,JK006478,4607,1167,1364,145,90
403,0,203,Rafed0003943Vols,571,119,281,133,79
403,0,769,Rafed0003943Vols,572,656,1651,528,64
403,769,976,Rafed0003943Vols,573,0,207,168,100
403,976,1203,Rafed0003943Vols,575,195,422,184,100
403,966,1203,Zaydiyya0000148,235,17,315,183,76
403,141,540,Shamela0010273,1075,1073,1636,322,70
403,550,891,Shamela0010273,1078,761,1102,279,100
403,615,1179,Shamela0010273,1079,1234,1666,298,65
403,550,712,Shamela0007798,4721,756,918,132,100
403,398,860,Tafsir06048,455,25,831,374,56
403,882,1067,ShamAY0007299,222,1199,1380,143,95
403,370,642,Sham19Y0014404,593,1073,1585,205,49
403,796,988,Sham19Y0014404,594,693,1152,97,22
403,976,1203,Sham19Y0014404,595,106,746,184,35
403,445,712,Meshkat00057178,1804,709,1167,174,41
403,550,882,Masaha000554Vols,2085,1240,1574,268,97
403,891,1203,Masaha000554Vols,2088,255,571,251,97
403,0,1111,QuranAnalysis001,86,553,1622,870,96
403,550,818,Rafed0001826,51,880,1148,220,100
403,891,1063,Rafed0001826,52,98,271,138,97
403,1217,1522,Rafed0001713Vols,1035,1209,1543,97,30
403,0,203,Rafed0001713Vols,1035,841,1003,133,79
403,223,550,Rafed0001713Vols,1036,0,327,263,100
403,445,891,Rafed0001713Vols,1037,486,1157,362,66
403,882,1053,Rafed0001713Vols,1038,1472,1639,136,97
403,1053,1203,Rafed0001713Vols,1039,0,150,121,100
403,540,712,Hindawi017506357,62,303,472,134,96
403,550,712,Hindawi017506357,138,907,1069,132,100
403,976,1185,Shia002374Vols,218,686,1071,109,30
403,445,818,ShamIbadiyya0000237,132,618,985,300,97
403,620,836,Tafsir04042,988,540,1082,173,38
403,945,1163,Shamela0009065,171,1237,1408,125,70
403,0,211,Shamela0000041,1143,83,257,136,77
403,158,445,Shamela0000041,1145,1174,1460,227,98
403,370,891,Shamela0000041,1146,830,1383,425,94
403,818,1203,Shamela0000041,1147,864,1249,312,100
403,152,1203,Shamela0023578,1451,333,1503,844,89
404,484,1342,Shia001432Vols,6892,431,826,305,43
404,770,1126,Shamela0023632,1645,1261,1471,171,58
404,484,1342,JK009268,2332,879,1274,305,43
404,770,1085,Sham19Y0023618,779,108,623,161,31
404,644,1298,Sham19Y0020891,2557,598,971,256,45
404,770,1342,Meshkat0014420,2164,71,374,246,52
404,775,1342,ShamAY0036821,1104,1197,1493,238,51
404,775,1342,ShamAY0036821,1107,1221,1517,238,51
404,499,1095,Meshkat00042485,3214,415,1219,338,47
404,770,1298,Sham19Y0014592,2499,787,1054,218,50
404,605,1342,Zaydiyya0000062,707,1106,1571,278,40
404,770,1298,Shamela0037458,1635,577,844,218,50
404,770,1342,Sham19Y0009800,1087,38,341,246,52
404,770,1129,Shamela0023680,796,1101,1361,163,54
404,770,1298,Meshkat00042488,660,347,824,228,41
404,499,1393,ShamIbadiyya0000075,352,690,1421,364,42
404,605,1324,Shia002356Vols,477,1010,1598,282,41
404,644,1298,JK001496,867,0,375,256,45
404,763,1578,Shia002382Vols,802,509,1413,425,48
404,770,1342,Shamela0023591,3675,957,1260,246,52
404,484,1298,JK009266,4663,683,1042,277,42
404,770,1342,JK000367,120,326,629,246,52
404,605,1085,JK001420,422,579,1016,172,36
404,678,1298,JK006478,4605,615,940,236,46
404,484,1342,Rafed0003943Vols,572,1236,1631,305,43
404,851,1578,Tafsir01006,617,106,1207,379,39
404,770,1113,Sham19Y0014404,593,1207,1585,179,45
404,958,1406,Sham19Y0014404,594,75,457,228,56
404,770,1298,Meshkat00057178,1804,709,1167,216,37
404,484,1342,QuranAnalysis001,86,865,1260,305,43
404,484,1342,Shamela0023578,1451,653,1048,305,43
405,1361,1616,ShamAY0037152,916,951,1206,206,100
405,1087,1361,Shamela0023632,1650,1160,1434,227,100
405,347,533,ShamIbadiyya0000193,1558,371,725,102,35
405,347,529,Tafsir09050,1594,1047,1410,100,34
405,1087,1637,JK009268,2340,161,712,451,99
405,1361,1637,JK000903,3,1052,1329,224,99
405,1149,1452,Rafed0003257Vols,2736,0,303,247,100
405,1411,1637,Rafed0003257Vols,2737,1267,1521,181,88
405,1227,1537,JK009270,2051,1257,1596,252,90
405,1361,1616,Meshkat0014420,2174,962,1217,206,100
405,862,1637,ShamAY0036821,1105,270,898,505,79
405,1368,1637,ShamAY0036821,1112,747,1015,214,97
405,332,852,Shamela0001466,1068,401,608,109,25
405,1437,1637,Shia002945Vols,742,249,447,150,92
405,1437,1637,Shia000094Vols,451,477,674,154,95
405,999,1361,Shamela0037458,1642,480,858,266,80
405,82,685,Shamela0021766,1982,362,1056,251,33
405,1437,1637,Shia000234Vols,4930,274,472,154,94
405,1452,1637,JK009396,598,305,491,150,99
405,1087,1452,Sham19Y0023608,1727,841,1206,301,100
405,1452,1637,Sham19Y0023608,1731,1075,1261,150,99
405,1356,1620,Shia002333,53,736,999,207,97
405,1437,1637,Zaydiyya0000302,1048,289,486,154,95
405,235,685,JK000818,237,1099,1538,223,50
405,1452,1637,Shia002356Vols,480,894,1083,149,97
405,1437,1637,Shia001217Vols,2621,654,851,154,95
405,1361,1637,Tafsir04038,255,162,514,224,78
405,862,1637,Shamela0023591,3676,58,696,518,81
405,862,1452,JK009266,4670,882,1334,368,76
405,1452,1637,JK009266,4685,75,262,150,98
405,1437,1637,Shia001157Vols,449,531,725,151,93
405,1332,1637,Shamela0021821,765,740,1067,247,93
405,1361,1616,Shia002389Vols,1096,926,1117,146,71
405,1437,1637,Shia002389Vols,1097,534,731,154,95
405,1361,1637,Shamela0022653,114,211,488,224,99
405,1437,1637,PV2024060601,5336,531,725,151,93
405,1437,1637,PV2024060601,7174,452,649,154,95
405,235,529,JK010502,13,1175,1350,110,47
405,862,1361,Rafed0003943Vols,575,335,696,297,72
405,347,685,Tafsir01006,618,5,415,193,52
405,862,1637,QuranAnalysis001,87,5,643,518,81
405,1240,1637,Zaydiyya0000474,81,785,1183,323,99
405,1471,1637,Shia000196Vols,1323,0,167,135,99
405,1411,1637,Rafed0001713Vols,1044,404,713,181,72
405,1149,1361,Shamela0000041,1150,844,1112,173,79
405,1223,1637,Shamela0023578,1452,0,415,337,99
406,227,769,Shia001432Vols,6946,0,531,318,64
406,23,286,Shamela0023632,1659,286,744,218,57
406,0,599,JK009268,2340,712,1311,486,100
406,0,599,Sham19Y0023618,783,961,1560,486,100
406,145,599,JK000382,166,718,1172,365,100
406,145,599,Rafed0003257Vols,2741,7,461,365,100
406,0,400,JK009270,2055,810,1210,325,99
406,395,620,JK009270,2059,1186,1407,162,90
406,251,599,Meshkat0014420,2183,0,348,277,100
406,106,316,JK006476,641,728,1150,125,31
406,0,620,ShamAY0036821,1105,898,1511,482,95
406,0,395,ShamAY0036821,1112,1015,1408,321,98
406,129,599,Shamela0023695,724,117,640,368,87
406,145,599,Shamela0004445,2086,815,1269,365,100
406,145,599,Hindawi074603536Vols,309,622,1076,365,100
406,395,599,Shamela0006947,12742,831,1035,162,100
406,145,514,Shamela0010517,2752,1194,1562,296,99
406,395,599,Shamela0037458,1656,1113,1317,162,100
406,983,1257,Shamela0021766,1987,72,593,166,36
406,395,599,Zaydiyya0000082,34,543,747,162,100
406,145,599,Shamela0001524,2149,979,1433,365,100
406,129,599,Shia003461Vols,31,554,1054,368,91
406,145,609,Sham19Y0009800,1085,453,922,365,96
406,72,630,Sham19Y0009800,1190,56,985,433,57
406,0,395,JK007018,287,262,953,321,56
406,415,599,JK009396,602,0,184,146,100
406,145,599,Sham19Y0023608,1738,515,969,365,100
406,135,609,Sham19Y0016953Vols,334,152,627,369,96
406,338,564,JK000381,7905,0,245,162,83
406,1094,1351,Meshkat00042488,663,1263,1613,111,33
406,145,599,Shamela0004473,1320,400,854,365,100
406,386,769,Shamela0004473,4315,314,611,191,62
406,1078,1257,Shia002356Vols,479,1463,1605,73,43
406,13,769,Shia002356Vols,481,414,1540,480,48
406,135,599,Tafsir04038,256,485,1243,365,59
406,395,599,JK006920,33,566,769,161,99
406,376,599,Shamela0008473,2327,927,1142,167,94
406,911,1642,Shia002382Vols,804,49,697,297,38
406,382,599,Hindawi096809026,272,1149,1362,163,93
406,0,620,Shamela0023591,3676,696,1312,486,96
406,145,599,JK009266,4695,10,464,365,100
406,145,599,Shamela0010283,3395,973,1427,365,100
406,118,599,Shamela0021821,768,471,961,377,94
406,145,599,Hindawi030353837,965,67,521,365,100
406,145,599,JK000367,356,102,556,365,100
406,395,599,Hindawi051620274,24,209,413,162,100
406,395,769,JK006478,4642,0,337,199,64
406,0,599,Rafed0003943Vols,579,134,733,486,100
406,365,599,Shamela0010273,1088,0,234,187,100
406,23,289,Tafsir06048,459,279,773,215,52
406,0,286,Sham19Y0014404,599,79,864,235,36
406,0,620,QuranAnalysis001,87,643,1259,486,96
406,72,302,Shia004015,369,374,1016,186,35
406,145,769,Rafed0001713Vols,1047,614,1160,396,77
406,79,599,Zaydiyya0000476,377,314,711,169,30
406,79,599,Zaydiyya0000476,448,494,891,169,30
406,395,599,Sham19Y0014579,3543,275,479,162,100
406,302,564,JK006950,2206,1168,1449,190,85
406,79,769,Shamela0023578,1464,144,871,475,79
407,313,640,Tafsir09084,1133,563,934,158,43
407,46,269,Shamela0000140,1998,39,267,173,95
407,870,1591,Meshkat00042485,3226,62,498,262,41
407,260,947,JK000818,238,1070,1536,229,36
407,313,478,Shamela0008473,2315,284,529,120,60
407,313,493,Tafsir09071,406,1430,1656,131,70
408,499,1305,Sham19Y0011326,146,488,1216,456,58
408,499,766,JK000818,239,873,1137,138,52
408,615,772,JK000458,1443,207,400,107,66
408,634,772,Sham19Y0014404,600,295,467,79,50
408,325,772,Rafed0001713Vols,1048,554,1356,284,39
409,1227,1653,JK009268,2353,1001,1428,356,99
409,293,1039,Shia002380Vols,323,656,1406,284,34
409,1101,1592,Shamela0023591,3676,1260,1659,334,81
409,1173,1653,JK009266,4708,518,1017,376,89
409,1294,1653,Rafed0003943Vols,582,0,360,301,99
409,1101,1645,QuranAnalysis001,87,1207,1659,377,83
409,1173,1653,Shamela0023578,1470,918,1388,370,91
410,13,279,Shamela0023632,1676,42,308,209,100
410,1232,1476,Tafsir09050,1616,72,310,149,70
410,0,212,JK009268,2353,1428,1639,167,99
410,212,581,JK009268,2354,0,369,290,98
410,1280,1476,JK009268,2354,1135,1408,150,68
410,0,302,Sham19Y0023618,791,593,898,227,94
410,123,296,Rafed0003257Vols,2754,673,847,121,89
410,1240,1547,Shamela0022593,1049,0,367,186,60
410,1232,1476,Tafsir09083,588,1077,1302,149,69
410,1236,1476,Tafsir09084,1140,939,1215,170,75
410,1232,1476,Sham19Y0020891,2588,0,213,139,64
410,123,279,Sham19Y0020891,2593,136,292,121,100
410,1232,1517,Shamela0011314,178,1190,1444,155,62
410,1280,1476,JK001492,438,1263,1511,141,68
410,1232,1457,JK007084,642,1280,1505,152,74
410,118,415,JK009270,2068,1122,1419,231,98
410,1232,1476,Shamela0005756,8760,923,1209,177,77
410,1280,1423,JK009408,248,63,198,86,67
410,651,1476,Shamela0000140,1769,0,1210,624,63
410,1232,1500,Meshkat0014420,2191,982,1262,163,61
410,123,279,Meshkat0014420,2198,37,193,121,100
410,1236,1476,Tafsir01005,2785,841,1108,163,69
410,0,573,ShamAY0036821,1106,315,879,442,97
410,67,573,ShamAY0036821,1119,0,499,393,98
410,1280,1476,Shamela0001466,1081,727,997,150,69
410,0,279,Sham19Y0147312,895,78,357,220,100
410,1232,1476,Zaydiyya0000062,718,943,1211,139,55
410,772,1245,Zaydiyya0000062,719,240,698,185,39
410,1280,1476,JK000159,808,853,1085,124,61
410,1232,1476,JK000791,962,107,332,149,69
410,123,292,JK000791,966,500,680,126,91
410,1262,1476,Tafsir07076,4330,985,1426,161,45
410,123,287,JK007018,290,167,329,119,95
410,1280,1423,Sham19Y0127677,5229,1206,1341,86,67
410,1280,1476,Zaydiyya0000295Vols,2081,716,992,152,68
410,1232,1476,JK000906,3962,1326,1561,174,83
410,118,292,JK009396,606,1280,1466,127,89
410,0,279,Sham19Y0023608,1748,262,541,220,100
410,1236,1476,Shamela0021715,4508,719,976,176,79
410,1232,1476,JK000465,1621,307,555,174,80
410,1232,1520,ShamAY0033108,807,398,665,181,72
410,1232,1485,Shia002356Vols,484,238,458,140,62
410,123,581,Shia002356Vols,485,578,1318,358,61
410,1232,1476,ShamAY0034059,2298,1226,1459,158,73
410,1262,1476,ShamAY0034059,6449,616,883,131,57
410,1232,1476,JK000166,3930,531,755,149,69
410,1304,1476,JK001496,878,835,1026,125,78
410,123,279,JK001496,880,1288,1444,120,98
410,1236,1476,Shamela0031372,169,998,1209,135,63
410,1232,1476,Shamela0008473,2328,1185,1465,173,75
410,101,279,Shamela0008473,2338,344,522,139,100
410,1232,1476,Shamela0012884,2473,542,790,174,80
410,0,581,Shamela0023591,3677,62,642,456,98
410,123,279,Shamela0023591,3709,1394,1550,121,100
410,0,279,JK009266,4708,1017,1296,220,100
410,1240,1476,JK009266,4709,0,219,149,72
410,1232,1469,JK000458,1449,279,523,135,61
410,1059,1476,Shamela0021821,771,181,765,225,40
410,0,279,Shamela0021821,772,951,1229,219,99
410,1315,1476,Sham19Y0013231,1896,0,184,126,85
410,843,1124,Sham19Y0013231,1897,335,670,123,39
410,1280,1423,Shamela0010637,184,1339,1474,86,67
410,1232,1476,JK006478,4647,32,248,148,69
410,123,279,JK006478,4662,1254,1410,120,98
410,581,1124,Tafsir08060,226,437,826,192,42
410,118,292,Rafed0003943Vols,589,910,1095,127,89
410,123,279,Shamela0010273,1096,1367,1523,121,100
410,1232,1476,Shamela0007798,4766,1119,1370,174,79
410,573,772,Tafsir01006,623,1190,1367,117,66
410,123,279,Shamela0012293,623,1136,1292,121,100
410,0,581,QuranAnalysis001,88,9,590,457,99
410,573,1223,Rafed0001713Vols,1051,600,1559,307,33
410,1236,1476,Tafsir07057,2468,848,1114,163,68
410,1232,1476,Shamela0000041,1160,627,868,154,69
410,159,415,Shamela0000041,1166,22,276,191,94
410,1000,1476,ShamAY0033595,31,68,597,261,49
410,1232,1441,Shamela0023578,1471,0,204,129,67
410,123,581,Shamela0023578,1478,95,552,357,98
411,397,577,Tafsir09084,1141,1041,1227,112,68
411,706,1436,Shamela0022769,639,449,1279,204,21
411,140,291,Shamela0021766,1988,187,366,91,58
411,397,577,Shamela0008473,2329,1469,1655,112,68
411,11,881,Tafsir01006,624,604,1555,330,33
411,108,689,Rafed0001713Vols,1052,674,1309,237,35
412,215,611,Tafsir09068,532,522,862,122,29
412,513,739,Shamela0022769,641,884,1464,144,31
412,219,863,Shamela0037458,1669,249,719,206,33
412,190,871,JK000818,241,401,1031,238,35
412,1201,1563,ShamIbadiyya0000075,358,1225,1483,147,45
412,160,765,ShamIbadiyya0000075,358,249,1070,240,29
412,215,705,Shia002382Vols,815,1135,1537,180,36
412,228,654,JK000458,1452,0,734,158,23
412,190,631,Tafsir01006,625,743,1303,187,32
412,215,863,Sham19Y0014404,603,869,1456,227,33
412,513,750,Shamela0023578,1479,23,491,148,35
413,384,657,Shia001432Vols,31221,1386,1656,215,98
413,657,895,Shia001432Vols,31222,0,240,182,92
413,334,747,Shamela0023632,1682,492,954,320,86
413,521,895,JK009268,2369,0,376,291,95
413,334,904,Sham19Y0023618,795,1028,1486,358,78
413,190,635,Shamela0023628,1724,496,839,269,75
413,384,738,Rafed0003257Vols,2760,422,773,276,97
413,334,667,Sham19Y0020891,2601,1212,1543,265,99
413,190,635,JK009270,2072,25,367,268,75
413,334,730,Meshkat0014420,2206,389,784,317,99
413,468,747,JK006476,650,684,971,220,96
413,190,734,ShamAY0036821,1106,836,1277,347,79
413,384,730,Shamela0029677,1959,820,1166,276,100
413,384,730,ShamAY0034275,5,610,958,274,98
413,365,1425,JK000791,969,440,1229,460,48
413,1025,1505,Shamela0021766,2006,509,1174,274,47
413,190,714,Sham19Y0009800,1191,551,1025,294,59
413,384,730,Tafsir07076,2070,395,741,275,99
413,384,854,JK007018,291,1017,1489,378,99
413,384,854,JK009396,609,763,1233,378,100
413,384,730,Sham19Y0023608,1756,658,1003,275,99
413,384,730,JK000917,876,182,528,276,100
413,375,730,Shia002356Vols,487,12,376,279,95
413,425,723,Zaydiyya0000037Vols,1857,0,298,237,100
413,334,825,Tafsir04038,258,853,1529,377,68
413,476,760,Shia002380Vols,327,993,1477,218,56
413,13,541,Shia002380Vols,327,267,1095,240,30
413,342,730,JK001496,884,525,916,310,98
413,190,738,Shamela0023591,3677,591,1037,348,79
413,360,730,Shamela0023591,3719,34,392,278,94
413,384,692,JK009266,4728,1189,1496,244,99
413,13,717,Shamela0021821,780,895,1520,361,57
413,190,730,Rafed0003943Vols,591,71,509,346,80
413,476,862,Zaydiyya0000148,269,548,939,308,97
413,384,1165,Shamela0010273,1101,160,839,388,60
413,384,730,ShamAY0036039,9,886,1232,276,100
413,862,1195,Tafsir01006,627,6,353,165,44
413,384,730,Tafsir06048,464,643,1067,276,81
413,384,1080,Masaha000554Vols,2146,748,1350,325,45
413,190,895,QuranAnalysis001,88,539,1145,468,82
413,573,1195,Rafed0001713Vols,1057,0,568,260,41
413,375,730,Zaydiyya0000476,79,0,511,283,69
413,334,730,Zaydiyya0000476,95,832,1384,316,71
413,384,730,Shamela0009685,39,891,1236,275,99
413,190,635,Shamela0000041,1173,344,688,270,75
413,1037,1464,Shamela0000041,1174,94,629,198,41
413,190,738,Shamela0023578,1478,501,947,352,80
414,1308,1626,Sham19Y0023618,798,309,628,259,99
414,1176,1626,Shamela0023591,3722,739,1108,298,80
414,1316,1626,JK009266,4735,1045,1356,253,99
414,1182,1626,Shamela0021821,782,1131,1585,302,76
414,1176,1626,QuranAnalysis001,88,1052,1421,298,80
414,0,560,JK000876,576,206,1017,242,32
415,0,114,Shia001432Vols,2483,748,862,89,99
415,0,114,Shia001432Vols,7093,1322,1436,90,100
415,14,257,Shamela0023632,1688,1091,1333,192,99
415,0,257,JK009268,2369,653,910,204,100
415,0,307,Sham19Y0023618,798,628,804,132,54
415,14,257,Sham19Y0023618,799,1025,1557,178,42
415,43,257,Shamela0010460,54,526,837,159,64
415,0,139,Shamela0023628,1743,1423,1561,110,99
415,0,114,Rafed0003257Vols,2765,1248,1362,90,100
415,0,114,Sham19Y0020891,2612,86,200,90,100
415,960,1550,Sham19Y0020891,2612,1014,1565,206,34
415,0,257,JK009270,2081,905,1162,204,100
415,82,257,Meshkat0014420,2215,0,175,140,100
415,257,676,Meshkat00042485,3256,210,882,256,42
415,676,1207,Meshkat00042485,3257,705,1426,296,49
415,786,1263,Shamela0001466,1098,0,796,270,40
415,0,114,Shamela0037458,1679,637,751,90,100
415,848,1263,Shamela0021766,2013,593,1514,237,32
415,0,114,JK007018,292,1336,1450,90,100
415,0,114,JK009396,611,427,541,90,100
415,0,114,Sham19Y0023608,1761,1332,1446,90,100
415,43,257,Shamela0021477,282,572,902,159,60
415,783,1349,Meshkat00042488,677,210,924,222,33
415,0,257,Shia002356Vols,488,1286,1542,204,99
415,94,271,Shia002380Vols,329,239,570,135,50
415,0,114,JK001496,888,713,827,90,100
415,960,1207,JK001496,888,1215,1611,106,32
415,0,114,Shamela0008473,2354,1171,1285,90,100
415,257,676,Shia002382Vols,821,876,1481,252,46
415,43,257,Shamela0012884,2512,585,905,159,62
415,0,257,Shamela0023591,3722,1108,1364,203,99
415,0,178,JK009266,4735,1356,1533,142,99
415,67,257,Shamela0009317,8,461,761,152,63
415,0,257,Rafed0003943Vols,595,1363,1619,203,99
415,0,100,Shamela0010273,1105,1517,1616,79,99
415,461,1124,Shamela0010273,1106,33,1091,335,35
415,418,1469,Tafsir01006,629,116,1534,566,44
415,786,1207,Sham19Y0014404,608,428,920,191,42
415,94,265,QuranAnalysis001,89,0,171,130,96
415,0,114,Rafed0001713Vols,1060,1206,1320,90,100
415,848,1550,Rafed0001713Vols,1061,10,711,328,44
415,14,162,Shamela0000041,1178,1455,1602,117,99
415,922,1263,Shamela0000041,1179,95,669,184,36
415,0,257,Shamela0023578,1488,152,408,203,99
415,910,1263,Shamela0023578,1491,797,1364,173,34
416,198,350,JK000330,267,1302,1454,121,100
416,350,770,Shia001432Vols,1050,193,472,215,63
416,198,350,Shia001432Vols,2483,874,1026,121,100
416,646,846,Shia001432Vols,18083,1155,1355,163,100
416,175,350,Shamela0023632,1691,670,845,140,100
416,350,646,Shamela0023632,1693,925,1222,239,99
416,646,846,Shamela0023632,1695,1133,1333,163,100
416,846,1148,Shamela0023632,1697,816,1115,241,96
416,61,1128,JK009268,2379,509,1604,821,91
416,175,350,Sham19Y0023618,800,933,1108,140,100
416,350,646,Sham19Y0023618,801,552,849,239,99
416,646,1076,Sham19Y0023618,802,567,991,345,97
416,646,846,JK001137,21,456,656,163,100
416,225,646,Shamela0023628,1748,255,677,338,99
416,547,932,Shamela0023628,1751,432,905,313,80
416,932,1141,Shamela0023628,1753,243,452,171,99
416,175,350,Rafed0003257Vols,2771,1196,1379,140,95
416,319,646,Rafed0003257Vols,2773,499,1174,264,48
416,547,846,Rafed0003257Vols,2775,513,944,245,69
416,846,1137,Rafed0003257Vols,2777,441,732,241,100
416,136,350,Sham19Y0020891,2614,744,942,155,90
416,335,646,Sham19Y0020891,2618,545,854,243,96
416,746,968,Sham19Y0020891,2622,1263,1537,169,72
416,457,618,Sham19Y0020891,3244,103,264,132,100
416,492,618,Sham19Y0020891,3260,755,881,103,100
416,901,1137,Tafsir09068,541,0,736,192,31
416,350,547,JK010001,569,535,732,157,100
416,198,492,JK009270,2087,722,1016,234,100
416,492,770,JK009270,2094,399,677,227,100
416,770,1076,JK009270,2097,461,765,243,96
416,350,877,PV20230913,59,1024,1548,424,99
416,877,1137,PV20230913,60,0,260,216,100
416,175,350,Meshkat0014420,2219,1189,1375,140,94
416,350,646,Meshkat0014420,2223,892,1188,239,100
416,646,846,Meshkat0014420,2227,1026,1226,163,100
416,846,1137,Meshkat0014420,2229,1199,1490,241,100
416,319,572,JK006476,655,832,1179,202,72
416,457,932,JK006476,656,496,1301,383,58
416,770,1057,Sham19Y0147312,907,444,1388,232,29
416,259,1057,Sham19Y0013550,290,0,765,257,26
416,175,492,Zaydiyya0000062,731,564,882,253,98
416,492,763,Zaydiyya0000062,733,552,823,221,99
416,723,1050,Zaydiyya0000062,734,270,631,255,83
416,225,492,Shamela0037458,1685,1088,1355,212,100
416,492,773,Shamela0037458,1689,588,869,227,99
416,773,932,Shamela0037458,1692,842,1001,131,100
416,225,492,JK000791,975,799,1066,212,100
416,472,646,JK000791,977,702,895,139,88
416,646,1137,JK000791,978,112,603,404,100
416,295,646,Shamela0000922,601,397,1282,280,39
416,175,350,Tafsir07076,52,1161,1335,126,91
416,70,350,JK007018,293,640,900,186,81
416,350,1137,JK007018,294,72,1247,635,66
416,492,1057,Shamela0037325,1362,694,890,155,33
416,846,1141,Hindawi027513138,63,72,476,238,71
416,198,350,JK009396,612,1095,1247,121,100
416,485,846,JK009396,614,0,361,295,100
416,846,1137,JK009396,614,946,1504,238,51
416,198,350,Sham19Y0023608,1768,0,152,121,100
416,350,646,Sham19Y0023608,1770,575,872,239,99
416,646,846,Sham19Y0023608,1774,877,1077,163,100
416,846,990,Sham19Y0023608,1776,1522,1665,119,99
416,492,646,Shia003634Vols,1419,1347,1501,126,100
416,225,492,JK000381,7812,109,352,190,88
416,846,1057,JK000060,86,315,568,175,83
416,175,350,Meshkat00042488,678,505,1086,140,30
416,492,646,Meshkat00042488,679,1384,1539,126,99
416,751,1057,Meshkat00042488,681,184,1437,242,23
416,646,1137,Rafed0003726Vols,596,1250,1579,238,58
416,646,846,Shamela0004473,1172,672,872,163,100
416,350,846,Shamela0004473,2319,294,790,402,100
416,350,770,Shamela0004473,6226,679,1099,340,100
416,350,822,Shamela0004473,15181,1099,1568,379,98
416,350,732,Shamela0004473,15734,1179,1560,308,99
416,732,1137,Shamela0004473,15735,0,403,332,99
416,244,1057,Shamela0022371,197,0,755,275,28
416,770,932,ShamAY0033108,818,218,701,132,33
416,646,846,Sham19Y0145435,111,993,1193,163,100
416,175,306,Shia002356Vols,489,1409,1539,105,99
416,350,646,Shia002356Vols,490,1000,1298,239,98
416,559,983,Shia002356Vols,491,842,1607,302,47
416,202,350,Noorlib0015842,41,751,899,118,100
416,805,1100,Tafsir04038,260,308,798,210,51
416,175,319,Shia002380Vols,318,2,171,114,84
416,136,319,Shia002380Vols,329,870,1065,130,78
416,485,1141,Shia002380Vols,330,541,1608,520,59
416,70,350,JK001496,889,1079,1312,159,71
416,335,646,JK001496,891,339,653,245,96
416,885,1137,JK001496,893,0,675,207,37
416,175,350,Shamela0008473,2360,986,1161,140,100
416,588,846,Shamela0008473,2363,865,1315,210,57
416,457,646,Shamela0008473,2363,142,627,155,38
416,646,1095,Shia002382Vols,825,145,1087,351,45
416,350,547,Tafsir07055,602,1356,1553,157,100
416,175,527,Shamela0023591,3733,1149,1500,281,99
416,527,1141,Shamela0023591,3734,0,615,503,99
416,198,350,Shamela0023591,3735,1286,1438,121,100
416,492,646,Shamela0023591,3740,1330,1485,126,99
416,770,968,Shamela0023591,3744,1141,1612,163,42
416,350,646,JK009266,4750,77,373,239,100
416,646,846,JK009266,4758,291,491,163,100
416,175,846,Shamela0021821,785,30,699,540,99
416,849,1137,Shamela0021821,787,0,288,239,100
416,492,646,JK009362,3819,275,430,126,99
416,419,547,JK009362,4295,675,803,102,100
416,510,746,JK009362,6919,1321,1520,143,74
416,350,618,JK001110,39,1290,1557,216,99
416,618,846,JK001110,40,0,228,186,100
416,846,1137,JK001110,78,776,1067,241,100
416,646,846,Masaha004394,1,722,922,163,100
416,846,1137,Shamela0010463,330,115,406,241,100
416,350,658,JK001420,428,623,959,191,71
416,846,1057,JK001420,429,415,827,171,50
416,350,669,JK000065,18,381,704,245,93
416,492,646,JK006478,4710,10,165,126,99
416,523,1057,Shamela0008206,283,1100,1271,129,28
416,175,492,Rafed0003943Vols,598,15,332,253,100
416,457,1141,Rafed0003943Vols,601,211,963,552,89
416,175,350,Shamela0010273,1109,850,1025,140,100
416,350,654,Shamela0010273,1111,823,1130,239,96
416,646,968,Shamela0010273,1114,239,561,264,100
416,283,646,JK000064,897,125,460,252,86
416,492,646,Zaydiyya0000075BK1,32,586,739,124,98
416,211,492,Shamela0007798,4828,131,550,210,63
416,492,646,Shamela0007798,4829,390,544,126,100
416,846,1137,Shamela0007798,4833,563,1112,237,52
416,350,547,Shamela0012293,1132,234,431,157,100
416,70,363,Sham19Y0014404,609,658,1434,211,34
416,319,646,Sham19Y0014404,610,437,1396,261,33
416,846,1137,Sham19Y0014404,612,6,695,188,29
416,457,646,Meshkat00057178,1857,282,543,147,68
416,198,1141,QuranAnalysis001,89,171,1114,765,99
416,175,363,Rafed0001713Vols,1062,444,632,145,96
416,350,805,Rafed0001713Vols,1063,1100,1555,368,99
416,693,971,Rafed0001713Vols,1065,932,1535,223,45
416,885,1137,Rafed0001713Vols,1066,437,747,180,71
416,581,770,Zaydiyya0000476,320,0,272,154,69
416,492,770,Zaydiyya0000476,391,84,445,227,77
416,492,646,Tafsir07057,2503,557,1266,126,21
416,646,849,Shamela0009783BK1,2,898,1098,163,98
416,22,225,Shamela0000041,1180,185,449,117,50
416,225,497,Shamela0000041,1180,1174,1445,212,98
416,319,727,Shamela0000041,1181,767,1504,329,54
416,492,681,Shamela0000041,1182,43,432,154,48
416,720,1057,Shamela0000041,1183,30,360,248,90
416,175,646,Shamela0023578,1493,982,1454,379,99
416,559,1141,Shamela0023578,1496,368,1127,473,75
416,770,961,Shamela0023578,1497,1057,1614,157,34
417,150,879,JK009268,2379,796,1123,260,44
417,1175,1593,Sham19Y0020891,2622,831,1461,214,37
417,1117,1593,JK000865,268,14,664,217,36
417,186,480,Meshkat00042485,3263,507,908,158,41
417,1149,1602,Meshkat00042485,3267,85,996,313,41
417,810,1343,Shamela0021766,2037,19,965,284,33
417,1117,1602,Shia002380Vols,330,820,1195,232,51
417,194,1027,Shia002382Vols,824,692,1614,373,41
417,1017,1602,Shia002382Vols,825,81,668,303,48
417,150,879,Shamela0021821,785,174,500,259,44
417,186,998,Tafsir01006,631,451,1612,436,41
417,1149,1602,Tafsir01006,632,638,1544,309,40
417,1252,1486,Sham19Y0014404,611,1245,1599,169,54
417,150,879,QuranAnalysis001,89,292,619,260,44
417,1149,1593,Rafed0001713Vols,1065,547,1456,294,38
417,556,879,Shamela0000041,1182,43,389,146,39
418,1119,1349,ShamAY0037152,363,0,230,180,100
418,1014,1470,Shia001432Vols,2483,1035,1489,356,98
418,630,865,Shamela0023632,1700,454,689,190,100
418,865,1198,Shamela0023632,1702,21,354,267,100
418,630,1294,JK009268,2394,992,1655,532,99
418,1294,1580,JK009268,2395,0,287,231,99
418,630,1021,Sham19Y0023618,805,702,1093,319,100
418,1021,1501,Sham19Y0023618,806,772,1252,380,100
418,734,1026,Shamela0023628,1755,1152,1444,237,100
418,1172,1349,Shamela0023628,1758,0,177,139,100
418,630,1021,Rafed0003257Vols,2779,497,888,319,100
418,1281,1580,Rafed0003257Vols,2785,615,916,241,99
418,831,969,Tafsir09068,542,660,909,115,55
418,734,1021,JK009270,2102,144,431,233,100
418,1021,1349,JK009270,2104,475,803,257,100
418,406,630,Shamela0000140,1846,812,1083,166,76
418,613,865,Meshkat0014420,2232,171,417,194,95
418,1014,1349,Meshkat0014420,2236,305,639,260,99
418,779,998,JK006476,659,179,404,178,97
418,634,1580,ShamAY0036821,1131,384,1324,748,98
418,114,388,Meshkat00042485,3268,921,1553,192,36
418,1021,1349,Sham19Y0147312,911,1020,1410,257,84
418,307,858,Zaydiyya0000062,735,460,866,269,54
418,630,969,Shamela0037458,1697,467,806,277,100
418,969,1281,Shamela0037458,1700,1136,1448,245,100
418,1198,1349,JK000791,982,1201,1352,119,100
418,630,1021,JK007018,295,390,779,317,98
418,1281,1580,JK007018,296,385,686,239,98
418,734,1349,JK009396,616,689,1508,490,75
418,477,865,Sham19Y0023608,1779,567,997,251,67
418,1021,1349,Sham19Y0023608,1783,1173,1501,257,100
418,388,986,JK000818,245,400,1271,343,42
418,0,865,Shia002356Vols,492,301,1407,343,30
418,1142,1349,Shia002356Vols,494,0,207,162,100
418,655,1242,Shia002380Vols,331,15,1314,462,44
418,683,1063,Shia002382Vols,826,16,927,303,41
418,0,1580,Shamela0023591,3734,366,1562,960,75
418,630,865,JK009266,4767,271,506,190,100
418,840,1349,JK009266,4773,29,537,393,96
418,382,936,Shamela0021821,787,1226,1676,300,66
418,689,903,Shamela0021821,788,871,1568,165,29
418,1021,1349,Shamela0021821,789,706,1035,257,99
418,716,1281,JK001420,430,424,1493,313,32
418,0,734,Rafed0003943Vols,601,714,1063,283,46
418,734,1580,Rafed0003943Vols,606,237,1085,677,99
418,831,969,Shamela0007798,4839,74,622,115,25
418,742,960,Sham19Y0014404,613,41,380,149,54
418,630,858,Masaha000554Vols,2175,1249,1477,183,98
418,0,1108,QuranAnalysis001,89,865,1587,585,64
418,1108,1580,QuranAnalysis001,90,0,473,375,99
418,1014,1349,Rafed0003489,3,936,1270,260,99
418,114,388,Rafed0001713Vols,1066,504,1367,146,20
418,1021,1349,Rafed0001713Vols,1069,171,499,257,100
418,836,1094,Tafsir04042,1026,448,961,212,50
418,836,1281,Shamela0000041,1185,766,1363,348,73
418,734,969,Shamela0000041,1185,0,235,191,100
418,0,1021,Shamela0023578,1496,878,1514,516,61
418,1021,1580,Shamela0023578,1501,242,802,444,99
419,543,973,Meshkat00042485,3273,1012,1550,255,53
419,244,583,Shamela0021766,2040,1209,1670,181,38
419,565,1248,Shamela0021766,2041,89,1371,371,34
419,384,1499,JK000818,245,663,1586,396,40
419,503,1126,Meshkat00042488,683,552,1567,266,28
419,384,1513,Shia002380Vols,331,81,1181,524,47
419,384,1549,Shia002382Vols,826,22,1200,563,49
419,219,1549,Tafsir08060,230,93,1192,494,40
419,244,1272,Tafsir01006,634,42,1444,535,42
419,574,1540,Sham19Y0014404,613,0,1033,355,30
419,605,1253,Rafed0001713Vols,1068,99,1589,369,29
419,794,1553,Tafsir04042,1026,448,1406,296,33
419,335,727,Shamela0023578,1499,1013,1400,200,50
419,642,950,JK000876,582,1071,1584,176,40
420,197,605,JK009268,2399,902,1371,163,33
420,94,573,Shamela0021766,2043,38,536,181,43
420,912,1156,Shamela0021766,2045,107,371,140,62
420,99,675,Shamela0010273,1121,612,1230,211,37
420,90,675,Tafsir01006,635,630,1403,226,32
420,675,1156,Tafsir01006,636,184,940,259,40
420,90,621,Sham19Y0014404,614,50,963,156,16
420,90,675,Rafed0001713Vols,1070,246,1014,246,35
420,845,1326,Rafed0001713Vols,1071,636,1446,242,36
421,1210,1579,Shia001432Vols,1897,1169,1538,304,99
421,1210,1443,Shia001432Vols,22318,853,1076,184,95
421,461,913,Shia001432Vols,22722,506,958,362,99
421,774,913,Shia001432Vols,23657,177,316,112,99
421,233,567,Shamela0023632,1704,1104,1294,152,56
421,597,913,Shamela0023632,1707,1097,1361,183,72
421,1134,1443,Shamela0023632,1710,220,531,242,95
421,1210,1443,Rafed0000040Vols,413,857,1129,143,65
421,249,1579,JK009268,2401,199,1536,954,85
421,567,1210,Sham19Y0023618,808,596,1240,522,99
421,1257,1579,Sham19Y0023618,810,0,323,265,99
421,233,567,Shamela0023628,1761,1078,1268,152,56
421,541,913,Shamela0023628,1765,589,1124,300,69
421,1271,1550,Shamela0023628,1771,0,279,229,100
421,461,765,Rafed0003257Vols,2787,1266,1569,242,99
421,765,1210,Rafed0003257Vols,2788,0,446,364,99
421,1210,1579,Rafed0003257Vols,2792,824,1194,304,99
421,261,461,Sham19Y0020891,2643,338,628,88,36
421,461,567,Sham19Y0020891,2643,1309,1415,84,100
421,567,913,Sham19Y0020891,2644,1243,1589,279,100
421,1298,1443,Sham19Y0020891,2654,936,1081,118,100
421,774,936,Shamela0023606,234,493,657,127,92
421,461,567,Tafsir09068,545,952,1265,84,33
421,1237,1428,Tafsir09068,548,36,443,155,46
421,748,913,JK010001,1178,0,164,134,99
421,472,918,JK009270,2110,0,444,355,99
421,1154,1461,JK009270,2115,1318,1624,250,99
421,233,567,Meshkat0014420,2243,1103,1293,152,56
421,567,913,Meshkat0014420,2245,1000,1345,279,99
421,1210,1443,Meshkat0014420,2251,483,716,190,100
421,774,1065,JK006476,663,1242,1540,237,97
421,1237,1521,JK006476,666,604,894,232,97
421,1298,1443,Shamela0006879,35,851,996,118,100
421,233,575,ShamAY0036821,1131,1332,1530,155,56
421,575,1579,ShamAY0036821,1132,0,995,807,98
421,1286,1443,JK000343,755,463,629,123,90
421,1291,1443,Sham19Y0147312,919,540,692,120,97
421,1210,1443,Shamela0004445,7092,226,459,190,100
421,461,567,Sham19Y0013550,508,285,391,84,100
421,567,906,Zaydiyya0000062,741,948,1287,273,99
421,1165,1436,Zaydiyya0000062,744,290,610,212,80
421,461,1154,Shamela0006947,13664,289,982,561,100
421,1298,1443,Shamela0010517,1034,67,212,118,100
421,421,779,Shamela0037458,1707,0,458,273,74
421,1271,1550,Shamela0037458,1718,879,1204,229,85
421,1216,1371,Zaydiyya0000355,5,734,889,126,100
421,233,567,JK000791,984,562,1010,159,40
421,523,913,JK000791,985,148,656,314,76
421,1298,1443,JK000791,989,445,590,118,100
421,486,774,Shamela0000922,605,0,510,230,56
421,650,913,Shamela0000922,605,1070,1371,164,68
421,1237,1550,Shamela0000922,607,71,588,238,56
421,461,567,Tafsir07076,4518,378,484,84,100
421,461,736,JK007018,296,1242,1517,219,99
421,736,913,JK007018,297,0,177,144,100
421,913,1443,JK007018,297,538,1370,432,63
421,342,461,Zaydiyya0000295Vols,1878,1014,1187,68,46
421,233,715,JK009396,618,1155,1510,270,68
421,715,913,JK009396,619,0,198,161,100
421,1154,1482,JK009396,620,1167,1483,221,78
421,342,634,Sham19Y0023608,1790,663,1527,193,27
421,634,913,Sham19Y0023608,1791,0,279,226,100
421,1134,1443,Sham19Y0023608,1797,954,1258,242,95
421,1210,1482,JK000381,4471,1005,1222,152,67
421,342,523,JK000465,1663,59,395,110,42
421,1298,1567,JK000818,248,63,625,220,47
421,56,567,Meshkat00042488,686,181,968,260,37
421,657,918,Meshkat00042488,687,534,957,203,59
421,854,1154,Meshkat00042488,688,42,387,246,86
421,1265,1443,Meshkat00042488,689,934,1136,145,88
421,567,1004,Shamela0004473,6226,1118,1538,302,86
421,567,913,Shamela0004473,9622,1218,1564,279,100
421,774,1154,Shamela0022371,198,843,1327,310,77
421,1216,1550,Shamela0022371,199,0,782,272,42
421,241,523,ShamAY0033108,823,224,632,130,37
421,1210,1443,Zaydiyya0000017,152,736,967,189,98
421,567,906,JK010729,165,1221,1558,272,98
421,152,567,Shia002356Vols,495,852,1178,173,46
421,523,913,Shia002356Vols,496,301,797,312,78
421,913,1298,Shia002356Vols,497,614,998,312,98
421,1298,1579,Shia002356Vols,498,626,907,231,99
421,461,1173,Hindawi081316951,262,416,1134,565,97
421,1246,1371,Tafsir04038,262,1217,1487,101,46
421,51,567,Shia002380Vols,332,877,1563,224,34
421,629,1106,Shia002380Vols,333,239,1265,386,46
421,342,567,JK001496,900,69,408,151,53
421,913,1324,JK006896,1,1253,1663,337,99
421,1324,1443,JK006896,2,0,119,96,100
421,1210,1443,Zaydiyya0000328,625,560,793,190,100
421,241,523,Tafsir02091,1016,446,853,130,37
421,1298,1443,Tafsir02102,3757,431,576,118,100
421,395,690,Shamela0008473,2374,1310,1569,208,87
421,690,913,Shamela0008473,2375,0,223,181,100
421,1298,1443,Shamela0008473,2380,804,949,118,100
421,1298,1443,Shamela0008473,4578,604,749,118,100
421,51,523,Shia002382Vols,827,1121,1533,190,42
421,1210,1443,JK009265,318,577,810,190,100
421,1210,1443,Sham19Y0018318,145,1205,1438,190,100
421,1210,1390,ShamAY0036031,50,1499,1678,147,99
421,1298,1443,Zaydiyya0000030,26,1259,1404,118,100
421,342,922,Shamela0023591,3735,16,528,405,86
421,461,567,Shamela0023591,3761,742,848,84,100
421,774,913,Shamela0023591,3767,860,999,113,100
421,1336,1579,Shamela0023591,3774,0,244,200,99
421,1271,1489,Shamela0023591,3777,1291,1530,144,72
421,132,567,JK009266,4781,1118,1495,217,52
421,541,913,JK009266,4784,660,1333,299,54
421,1210,1482,JK009266,4798,954,1211,198,90
421,1298,1443,Tafsir10098,213,552,697,118,100
421,233,913,Shamela0021821,791,438,1100,454,78
421,679,1210,Shamela0021821,792,496,1471,429,54
421,1210,1482,Shamela0021821,794,588,849,198,90
421,461,567,JK009362,3856,951,1058,84,99
421,748,913,JK009362,3859,0,166,134,98
421,567,1186,JK001110,78,1073,1691,503,99
421,661,913,JK006478,4771,0,254,204,98
421,233,567,Rafed0003943Vols,606,1093,1284,150,56
421,1004,1579,Rafed0003943Vols,612,0,577,472,99
421,461,913,Shamela0010273,1125,0,452,363,100
421,1237,1443,Shamela0010273,1130,1280,1557,138,62
421,597,913,Shamela0007798,4848,191,477,182,70
421,1237,1443,Shamela0007798,4858,1064,1276,135,79
421,51,629,Tafsir01006,637,52,1111,272,28
421,51,567,Sham19Y0014404,615,867,1288,253,60
421,1210,1550,Sham19Y0014404,617,775,1585,279,41
421,51,567,Meshkat00057178,1870,700,1487,164,20
421,1283,1443,Meshkat00057178,1879,14,206,130,83
421,461,906,Masaha000554Vols,2186,874,1321,355,98
421,1210,1436,Masaha000554Vols,2192,555,780,181,97
421,1371,1579,Masaha000554Vols,2194,27,250,173,93
421,1298,1443,JK001262,220,772,917,118,100
421,233,1436,QuranAnalysis001,90,481,1539,858,87
421,1436,1579,QuranAnalysis001,91,0,144,120,99
421,1298,1443,Zaydiyya0000034,20,861,1022,112,81
421,233,567,Rafed0001713Vols,1071,320,511,150,56
421,51,523,Rafed0001713Vols,1072,388,1107,194,27
421,567,913,Rafed0001713Vols,1073,50,396,279,100
421,1124,1443,Rafed0001713Vols,1075,499,838,260,93
421,1271,1398,Tafsir04042,1034,1114,1655,103,23
421,457,889,Tafsir04056,3643,488,831,113,24
421,56,634,Shamela0000041,1187,1079,1569,288,55
421,736,1154,Shamela0000041,1189,21,480,342,91
421,1265,1579,Shamela0000041,1191,779,1094,259,99
421,271,1223,Shamela0023578,1504,3,1152,644,65
421,720,1023,Shamela0023578,1505,785,1582,247,37
421,1210,1579,Shamela0023578,1507,602,972,304,99
421,1265,1579,Shamela0023578,1509,462,1534,252,28
421,51,523,JK000876,585,772,1323,183,32
422,765,1566,JK009268,2401,622,892,215,33
422,765,1566,Sham19Y0023618,808,695,965,215,33
422,765,1523,Shamela0023628,1765,877,1124,197,32
422,765,1523,Sham19Y0020891,2644,1342,1589,197,32
422,1077,1523,JK010001,1178,0,164,134,36
422,765,1523,JK009270,2110,194,439,196,31
422,765,1523,Meshkat0014420,2245,1099,1345,197,32
422,765,1566,Shamela0006947,13664,494,764,215,33
422,765,1523,JK000791,985,409,656,197,32
422,845,1077,Shamela0021766,2047,1336,1521,59,25
422,1077,1523,JK007018,297,12,177,134,36
422,959,1523,JK009396,619,5,198,157,34
422,765,1523,Sham19Y0023608,1791,32,279,197,32
422,765,1523,Shamela0004473,6226,1217,1464,197,32
422,765,1523,Shamela0004473,9622,1317,1564,197,32
422,765,1566,Hindawi081316951,262,621,891,215,33
422,403,1573,Shia002380Vols,333,40,905,427,39
422,959,1523,Shamela0008473,2375,30,223,157,34
422,255,1573,Shia002382Vols,828,87,1370,568,40
422,765,1523,Shamela0023591,3735,271,518,197,32
422,765,1523,JK009266,4784,1088,1333,196,31
422,765,1523,Shamela0021821,791,855,1100,196,31
422,1097,1523,JK009362,3859,8,166,129,36
422,765,1566,JK001110,78,1172,1442,215,33
422,765,1523,JK006478,4771,5,254,193,31
422,765,1523,Shamela0010273,1125,205,452,197,32
422,1044,1382,Tafsir01006,638,27,514,194,44
422,765,1566,QuranAnalysis001,90,770,1040,215,33
422,412,825,Rafed0001713Vols,1073,465,989,191,39
422,765,1566,Shamela0023578,1504,596,866,215,33
423,262,514,JK009268,2406,245,652,149,42
423,7,681,Shamela0000140,889,244,712,258,41
423,262,667,Meshkat00042485,3289,118,641,191,37
423,172,752,Shamela0021766,2049,0,983,318,35
423,25,190,ShamIbadiyya0000075,368,1419,1586,115,77
423,177,829,JK001496,903,10,1027,278,28
423,262,978,Shia002382Vols,829,0,817,287,33
423,7,465,Shamela0010273,1128,127,645,266,55
423,7,591,Tafsir01006,638,872,1590,319,46
423,1129,1574,Tafsir01006,639,615,1498,214,27
423,25,985,Sham19Y0014404,617,79,943,396,39
423,7,308,Rafed0001713Vols,1074,1299,1676,204,58
423,334,845,Rafed0001713Vols,1075,20,605,222,36
423,1126,1605,Shamela0000041,1191,515,909,199,41
423,25,480,JK000876,587,891,1595,283,44
424,1188,1394,Shia001432Vols,760,721,927,158,99
424,939,1526,Shia001432Vols,2484,138,731,462,98
424,1188,1475,Shamela0023632,1715,156,445,221,98
424,939,1526,JK009268,2412,517,1109,464,98
424,1188,1471,Sham19Y0023618,812,687,972,220,99
424,1111,1394,Shamela0023628,1777,121,432,210,86
424,1394,1526,Shamela0023628,1778,1202,1335,104,99
424,939,1471,Rafed0003257Vols,2795,62,597,420,99
424,1178,1394,Sham19Y0020891,2663,43,261,168,99
424,1036,1471,Sham19Y0020966,169,221,700,232,53
424,1111,1475,JK009270,2124,10,477,264,73
424,1178,1394,Zaydiyya0000329,25,722,947,164,94
424,939,1188,Meshkat0014420,2257,70,319,201,100
424,1188,1471,Meshkat0014420,2259,224,507,220,100
424,1139,1358,JK006476,668,1203,1426,170,96
424,1358,1526,JK006476,669,0,175,132,96
424,780,1398,ShamAY0036821,1132,1032,1556,405,83
424,1398,1526,ShamAY0036821,1133,0,130,101,98
424,1086,1526,ShamAY0036821,1144,1052,1494,345,99
424,997,1268,Tafsir02104,223,925,1485,197,42
424,1080,1268,Sham19Y0147312,923,501,949,150,41
424,1288,1526,Sham19Y0147312,925,151,690,125,30
424,1394,1526,Sham19Y0013550,292,931,1233,104,43
424,1139,1464,Zaydiyya0000062,747,28,356,251,97
424,1139,1434,Shamela0037458,1723,1257,1551,230,99
424,955,1325,JK000791,991,713,1511,278,43
424,1383,1526,JK000791,993,777,1205,109,32
424,819,1394,Shamela0000922,608,317,1171,323,46
424,939,1526,JK007018,298,618,1259,465,91
424,1188,1526,JK009396,622,457,1031,260,58
424,1188,1471,Sham19Y0023608,1803,1196,1481,220,99
424,939,1450,Sham19Y0016953Vols,59,570,955,271,66
424,942,1394,JK000381,2397,0,453,358,99
424,939,1475,JK000381,4078,922,1463,423,98
424,1268,1471,JK000381,4134,1180,1387,131,80
424,939,1471,JK000381,4896,405,938,420,99
424,1228,1394,Meshkat00042488,692,191,424,129,71
424,1191,1320,JK000162,384,232,594,94,33
424,1188,1320,JK000162,863,671,1040,99,34
424,1173,1375,ShamIbadiyya0000075,371,9,330,144,58
424,1305,1526,Rafed0003726Vols,599,20,279,151,74
424,1002,1394,Shamela0004473,6227,0,392,310,100
424,1065,1188,Shamela0004473,9681,1449,1572,99,100
424,1116,1367,ShamAY0033108,830,8,1102,188,22
424,1178,1471,Shia002356Vols,500,255,550,228,99
424,1065,1526,Shia002380Vols,335,49,897,355,53
424,1178,1394,JK001496,907,515,733,168,99
424,934,1367,Tafsir02091,1023,17,1337,269,25
424,1205,1375,Tafsir02102,2259,932,1341,115,36
424,1144,1483,Shamela0008473,2384,623,941,230,85
424,1188,1526,Shia002382Vols,831,55,900,257,39
424,780,1526,Shamela0023591,3774,282,940,508,85
424,1228,1398,Shamela0023591,3789,498,945,130,37
424,1157,1471,JK009266,4815,1131,1454,232,92
424,800,1471,Shamela0021821,796,829,1508,466,81
424,1144,1363,Shamela0021821,797,865,1364,140,35
424,939,1343,Shamela0011730,665,1169,1574,321,99
424,1268,1526,JK001420,435,29,648,183,37
424,1127,1375,JK007094,210,94,503,115,30
424,1268,1471,JK006478,4797,559,761,157,97
424,1188,1526,Rafed0003943Vols,618,224,565,264,99
424,1188,1394,Shamela0010273,1135,333,541,160,99
424,1139,1511,Tafsir06048,477,273,1376,283,33
424,1111,1394,Sham19Y0014404,619,28,658,167,31
424,1363,1526,Sham19Y0014404,620,35,450,124,38
424,1051,1394,Meshkat00057178,1882,429,1436,245,30
424,1188,1464,Masaha000554Vols,2199,970,1250,213,97
424,775,1526,QuranAnalysis001,91,176,837,510,86
424,1222,1471,Rafed0001713Vols,1079,0,250,194,99
424,1173,1375,Tafsir04042,1037,33,832,144,23
424,1139,1455,Shamela0009065,177,627,826,87,34
424,71,790,Shamela0000041,1192,0,750,260,34
424,824,1288,Shamela0000041,1192,837,1391,333,73
424,1031,1471,Shamela0000041,1193,0,865,327,48
424,780,1398,Shamela0023578,1507,1010,1538,407,83
424,800,1363,Shamela0023578,1510,260,1139,367,48
424,1370,1526,Shamela0023578,1511,582,836,119,59
425,0,288,Shia001432Vols,2484,731,1020,231,99
425,131,304,Shia001432Vols,17463,501,716,102,60
425,131,288,Shamela0023632,1719,459,616,126,100
425,0,288,JK009268,2412,1109,1397,231,100
425,49,231,Zaydiyya0000077Vols,13,1254,1427,139,95
425,0,288,Sham19Y0023618,813,478,766,231,100
425,0,183,Shamela0023628,1778,1335,1517,147,99
425,183,288,Shamela0023628,1779,0,105,84,100
425,0,288,Rafed0003257Vols,2800,193,481,231,100
425,710,1156,Tafsir09083,608,783,1544,196,30
425,0,231,Sham19Y0020891,2665,1296,1526,186,99
425,9,231,Tafsir09068,551,293,1145,179,26
425,882,1388,JK009270,2124,69,376,162,41
425,0,212,JK009270,2126,1274,1485,170,99
425,1018,1388,Zaydiyya0000329,25,741,928,134,46
425,1018,1388,Meshkat0014420,2259,224,411,136,47
425,0,288,Meshkat0014420,2261,1108,1396,231,100
425,9,288,JK006476,669,1083,1399,224,88
425,93,288,JK006476,670,389,845,152,41
425,720,1388,ShamAY0036821,1132,1255,1534,197,37
425,0,288,ShamAY0036821,1133,130,414,225,97
425,720,1388,ShamAY0036821,1144,1062,1341,197,37
425,23,288,ShamAY0036821,1145,0,261,206,97
425,528,1128,Meshkat00042485,3300,246,1043,300,43
425,768,965,Shamela0001466,1129,112,371,103,48
425,131,288,Sham19Y0147312,926,1274,1431,126,100
425,630,1273,Shamela0022769,659,91,848,239,35
425,943,1388,Zaydiyya0000062,747,18,266,154,43
425,0,231,Zaydiyya0000062,748,866,1101,186,97
425,878,1388,Shamela0037458,1723,1262,1493,167,41
425,131,294,Shamela0037458,1729,1343,1506,127,98
425,763,1288,JK000791,991,1246,1507,154,35
425,288,569,Shamela0021766,2054,31,521,182,42
425,710,1128,Shamela0021766,2054,858,1477,227,43
425,86,304,Shamela0000922,610,314,947,123,23
425,0,248,JK007018,298,1259,1506,199,99
425,0,288,JK009396,622,1031,1319,231,100
425,0,231,Sham19Y0023608,1806,1310,1541,186,100
425,720,1377,JK000381,2397,156,434,196,37
425,720,1388,JK000381,4078,1081,1362,198,37
425,0,178,JK000381,4079,52,230,143,100
425,0,288,JK000381,4237,1066,1354,231,100
425,720,1388,JK000381,4896,563,842,197,37
425,288,929,ShamIbadiyya0000075,370,782,1623,289,38
425,720,1388,Shamela0004473,6227,94,373,198,37
425,0,231,Shamela0004473,6253,48,279,186,100
425,825,1388,Shia002356Vols,500,13,454,203,39
425,0,288,Shia002356Vols,501,152,438,228,98
425,131,288,Tafsir04038,263,813,1018,99,61
425,720,1388,JK001496,907,0,714,278,39
425,0,288,JK001496,908,1100,1388,231,100
425,0,288,Tafsir02102,505,1217,1505,231,100
425,288,965,Tafsir02102,2258,394,1403,293,34
425,0,288,Shamela0008473,2385,793,1081,231,100
425,288,965,Shia002382Vols,830,918,1601,290,41
425,288,1062,Tafsir05047,350,462,1398,299,34
425,0,288,Shamela0023591,3774,940,1228,231,100
425,1128,1388,Shamela0023591,3789,498,922,121,33
425,894,1388,JK009266,4815,1119,1358,155,39
425,0,288,JK009266,4822,1112,1400,231,100
425,739,1156,JK000458,1503,682,1446,162,23
425,720,1388,Shamela0021821,796,1133,1412,198,37
425,0,288,Shamela0021821,798,1040,1328,231,100
425,0,288,AOCP20251117016Vols,168,85,425,222,81
425,720,1346,Shamela0011730,665,1328,1574,181,36
425,131,288,Rafed0002565Vols,730,1015,1255,121,63
425,1018,1377,JK007094,210,134,491,85,18
425,0,288,Shamela0009220,8,191,479,231,100
425,0,231,JK006478,4802,167,398,186,100
425,0,288,Rafed0003943Vols,618,565,851,228,98
425,763,1018,Shamela0010273,1134,293,719,123,34
425,124,288,Shamela0010273,1138,0,164,132,100
425,523,1242,Tafsir01006,641,478,1539,359,39
425,763,1388,Sham19Y0014404,619,13,639,211,30
425,0,288,Masaha000554Vols,2202,1051,1341,228,96
425,0,288,QuranAnalysis001,91,837,1125,231,100
425,0,231,Rafed0003489,1,1178,1409,186,100
425,523,1062,Rafed0001713Vols,1078,753,1538,266,38
425,0,231,Rafed0001713Vols,1080,633,864,186,100
425,519,1388,Shamela0000041,1193,5,769,315,40
425,0,288,Shamela0000041,1194,884,1172,231,100
425,0,288,Shamela0023578,1511,836,1124,231,100
425,519,1236,JK000876,591,318,1534,330,33
426,34,449,Sham19Y0020891,2665,185,392,114,32
426,1265,1464,Meshkat00042485,3308,954,1282,134,52
426,269,693,Zaydiyya0000295Vols,1892,49,561,178,38
426,394,1456,JK000818,249,435,1393,370,34
426,415,843,Shia002380Vols,335,765,1256,217,47
426,34,449,JK001496,908,500,705,112,32
426,98,1101,Shia002382Vols,831,616,1408,373,38
426,269,588,Sham19Y0013231,1947,16,461,107,25
426,235,1182,Tafsir08060,234,254,1008,313,37
426,461,588,Shamela0010273,1138,477,607,81,76
426,708,1101,Tafsir01006,643,447,851,163,36
426,461,588,Tafsir04003,1954,409,949,75,17
426,42,823,Sham19Y0014404,620,30,804,300,37
426,708,1101,Rafed0001713Vols,1081,258,729,172,35
427,103,276,Shia001432Vols,1299,8,180,137,98
427,276,662,Shia001432Vols,1771,1169,1505,261,84
427,22,768,Shia001432Vols,2484,1005,1462,355,59
427,383,842,Shia001432Vols,24155,624,970,257,68
427,17,224,Shamela0023632,1719,596,804,160,96
427,224,461,Shamela0023632,1721,485,722,192,100
427,461,662,Shamela0023632,1722,1377,1578,160,100
427,562,896,Shamela0023632,1723,822,1494,248,46
427,110,896,JK009268,2420,8,794,631,100
427,36,383,Sham19Y0023618,814,906,1253,280,100
427,383,522,Sham19Y0023618,815,156,295,112,100
427,461,896,Sham19Y0023618,815,770,1330,336,75
427,36,235,Shamela0023628,1781,1347,1545,159,99
427,235,383,Shamela0023628,1782,0,148,121,100
427,475,727,Shamela0023628,1784,0,252,202,100
427,727,896,Shamela0023628,1786,313,482,134,100
427,17,276,Rafed0003257Vols,2800,461,721,202,96
427,276,522,Rafed0003257Vols,2805,49,295,199,100
427,508,896,Rafed0003257Vols,2806,728,1140,309,94
427,276,437,Tafsir09083,612,791,1278,129,32
427,613,842,Tafsir09083,613,656,1509,179,26
427,600,896,Tafsir09084,1174,819,1516,218,39
427,1144,1345,Sham19Y0020891,2671,196,437,84,37
427,522,842,Sham19Y0020891,2675,316,993,255,47
427,90,276,Tafsir09068,552,404,897,146,36
427,427,727,Tafsir09068,553,54,1294,234,23
427,605,777,JK010001,689,101,515,91,28
427,662,777,JK010001,2793,588,703,92,100
427,36,388,JK009270,2131,1133,1485,283,99
427,383,665,JK009270,2135,678,957,223,98
427,662,813,JK009270,2137,1374,1524,121,99
427,36,276,Meshkat0014420,2264,987,1227,193,100
427,276,512,Meshkat0014420,2266,1331,1566,191,99
427,522,842,Meshkat0014420,2268,1009,1329,255,100
427,276,635,JK006476,672,11,494,275,71
427,559,896,JK006476,673,32,493,252,68
427,17,896,ShamAY0036821,1133,394,1275,694,98
427,17,777,ShamAY0036821,1145,241,1003,599,98
427,383,777,Tafsir02104,225,697,1506,272,40
427,110,383,Sham19Y0147312,927,278,919,221,42
427,559,727,Sham19Y0147312,928,1128,1509,134,44
427,321,559,Sham19Y0147312,928,293,535,179,91
427,370,896,Tafsir02067,405,0,1347,418,38
427,522,662,Tafsir04040,1974,34,174,111,100
427,896,1479,Zaydiyya0000062,750,900,1559,260,38
427,235,552,Zaydiyya0000062,751,646,995,239,83
427,508,768,Zaydiyya0000062,752,851,1195,193,70
427,36,227,Shamela0037458,1731,694,886,153,99
427,224,383,Shamela0037458,1733,255,414,129,100
427,336,593,Shamela0037458,1734,1368,1638,194,90
427,662,777,Shamela0037458,1738,1202,1317,92,100
427,336,522,JK000791,997,142,402,142,67
427,544,842,JK000791,998,41,351,237,96
427,288,707,Shamela0000922,611,0,1504,202,16
427,36,835,JK007018,299,272,1220,636,83
427,36,383,JK009396,623,468,1177,280,48
427,412,896,JK009396,624,0,945,385,51
427,69,276,Sham19Y0023608,1810,793,1118,162,62
427,383,896,Sham19Y0023608,1813,276,789,410,100
427,103,276,JK000381,4835,1297,1469,137,98
427,361,777,Shamela0001340,137,254,880,175,30
427,336,522,Meshkat00042488,696,280,1018,147,24
427,731,835,Meshkat00042488,698,0,416,82,25
427,116,544,Rafed0003726Vols,599,849,1454,246,48
427,103,227,Shamela0004473,2613,1394,1522,97,94
427,522,842,Shamela0004473,11385,767,1087,255,100
427,522,896,ShamAY0033108,835,255,1367,296,33
427,662,842,JK010729,166,13,195,144,98
427,17,276,Shia002356Vols,502,205,487,206,90
427,217,522,Shia002356Vols,502,1045,1438,223,70
427,383,842,Shia002356Vols,503,530,1264,342,58
427,681,879,Tafsir04038,264,0,446,158,44
427,883,1500,Shia002380Vols,336,378,962,245,42
427,470,727,Shia002380Vols,337,408,972,202,44
427,383,662,JK001496,912,260,1423,220,23
427,621,842,JK001496,913,238,432,149,84
427,522,860,Tafsir02091,1028,478,1463,270,34
427,383,522,Shamela0008473,2390,52,191,112,100
427,596,842,Shamela0008473,2391,0,246,197,100
427,896,1311,Shia002382Vols,832,1087,1459,199,50
427,562,842,JK006474,1691,561,1279,151,26
427,605,756,Tafsir07055,736,1142,1550,74,23
427,662,777,Tafsir07055,2883,11,126,92,100
427,896,1285,Tafsir05047,352,276,549,137,35
427,17,314,Shamela0023591,3774,1208,1505,232,96
427,314,896,Shamela0023591,3775,0,582,467,100
427,74,276,Shamela0023591,3798,1342,1524,147,90
427,565,777,Shamela0023591,3805,270,460,113,66
427,232,461,JK009266,4835,822,1113,178,75
427,461,662,JK009266,4840,759,960,160,100
427,662,842,JK009266,4842,1095,1275,144,100
427,727,842,Tafsir10098,646,984,1228,91,47
427,17,208,Shamela0021821,798,1308,1499,147,95
427,208,383,Shamela0021821,799,0,175,142,100
427,251,593,Shamela0021821,800,844,1551,262,45
427,593,842,Shamela0021821,801,0,249,199,100
427,491,662,JK009362,3905,1076,1290,126,74
427,727,896,Shia001174Vols,2170,879,1048,133,99
427,383,727,JK001420,436,949,1222,125,39
427,119,383,JK001420,436,0,474,214,55
427,110,276,JK006478,4810,367,534,134,99
427,227,461,JK006478,4813,1253,1527,176,79
427,491,662,JK006478,4817,1303,1522,136,78
427,662,842,JK006478,4819,1055,1236,141,97
427,224,559,Rafed0003943Vols,622,573,908,271,100
427,559,842,Rafed0003943Vols,623,221,505,225,99
427,923,1307,Shamela0010273,1140,571,984,193,47
427,69,559,Shamela0010273,1141,627,1314,362,63
427,388,842,Shamela0010273,1143,292,906,316,65
427,276,461,Shamela0007798,4872,777,1419,114,20
427,662,777,Shamela0007798,4874,812,1251,92,26
427,896,1526,Tafsir01006,644,193,1146,309,35
427,559,751,Tafsir06048,480,268,770,151,38
427,110,383,Sham19Y0014404,621,552,1383,221,32
427,336,777,Sham19Y0014404,622,10,1434,345,30
427,662,777,Meshkat00057178,1890,6,509,92,22
427,276,522,Masaha000554Vols,2212,104,354,199,97
427,383,625,Masaha000554Vols,2213,661,1645,191,24
427,625,835,Masaha000554Vols,2214,0,216,165,94
427,662,896,JK000447,341,808,1260,140,38
427,17,427,QuranAnalysis001,91,1105,1515,325,97
427,427,896,QuranAnalysis001,92,0,469,374,100
427,22,522,Rafed0001713Vols,1082,0,501,400,99
427,470,896,Rafed0001713Vols,1084,1017,1534,326,79
427,420,777,Shamela0023634,254,512,965,103,19
427,559,702,Tafsir07057,2553,266,983,113,19
427,461,613,Tafsir04056,2449,826,978,120,100
427,461,617,Tafsir04056,2822,1352,1508,123,100
427,110,383,Shamela0000041,1195,1161,1434,221,100
427,214,727,Shamela0000041,1196,200,1132,405,54
427,544,896,Shamela0000041,1197,248,1085,279,41
427,17,442,Shamela0023578,1511,1104,1529,337,97
427,442,842,Shamela0023578,1512,0,400,319,100
428,254,628,Meshkat00042485,3311,396,912,202,42
428,310,1067,Meshkat00042485,3312,458,1421,249,25
428,1234,1373,Meshkat00042485,3314,15,156,100,87
428,259,696,Zaydiyya0000062,751,1008,1625,194,36
428,156,569,Shamela0021766,2059,867,1590,194,31
428,1017,1465,ShamIbadiyya0000075,373,960,1602,232,39
428,368,1395,Shia002356Vols,503,75,1523,367,25
428,23,837,Shia002380Vols,336,959,1536,309,43
428,15,1088,Shia002382Vols,833,513,1538,373,34
428,914,1574,Shia002382Vols,834,30,659,276,41
428,670,1574,Tafsir08060,235,565,1301,336,40
428,670,1207,Shamela0010273,1142,691,1501,215,28
428,254,1356,Tafsir01006,645,5,1616,510,35
428,0,472,Rafed0001713Vols,1083,897,1547,233,42
428,444,1574,Rafed0001713Vols,1084,61,1365,427,30
428,1162,1574,Rafed0001713Vols,1085,217,777,261,53
428,1199,1525,Tafsir04042,1042,678,1310,177,34
428,185,975,JK000876,595,27,1304,341,28
429,1069,1248,Shia001432Vols,1898,90,269,142,100
429,1069,1275,Shamela0023632,1725,562,768,164,100
429,667,1546,JK009268,2420,629,1272,504,71
429,1069,1275,Sham19Y0023618,816,988,1194,164,100
429,667,1275,Shamela0023628,1786,317,688,286,58
429,1207,1546,Shamela0023628,1787,962,1564,272,56
429,667,1275,Rafed0003257Vols,2806,975,1346,286,58
429,1207,1546,Rafed0003257Vols,2810,637,1475,272,40
429,492,1051,Tafsir09084,1174,1090,1560,164,27
429,1069,1275,Sham19Y0020891,2680,618,824,164,100
429,655,1275,Tafsir09068,554,65,1333,285,24
429,1069,1353,JK009270,2140,892,1174,226,99
429,1353,1546,JK009270,2145,81,276,153,97
429,763,1275,Meshkat0014420,2271,259,847,233,37
429,961,1283,JK006476,674,67,454,200,57
429,667,1292,ShamAY0036821,1133,1108,1492,291,58
429,1292,1546,ShamAY0036821,1134,0,255,200,97
429,955,1500,ShamAY0036821,1149,170,633,362,82
429,1069,1218,Sham19Y0147312,930,1379,1527,118,99
429,449,1241,Zaydiyya0000062,753,295,913,314,43
429,719,1174,Shamela0037458,1740,900,1130,180,48
429,984,1275,JK000791,999,87,375,185,75
429,667,1095,JK007018,299,1114,1502,144,29
429,1095,1546,JK007018,300,0,714,360,62
429,667,1275,JK009396,624,780,1151,286,58
429,1275,1546,JK009396,625,171,443,218,99
429,667,1275,Sham19Y0023608,1813,624,995,286,58
429,1207,1407,Sham19Y0023608,1820,94,741,161,30
429,667,1174,Meshkat00042488,698,0,1174,248,25
429,425,1313,ShamIbadiyya0000075,374,183,1318,407,36
429,746,1465,Rafed0003726Vols,600,248,885,221,30
429,955,1275,Shamela0004473,12833,287,529,189,73
429,955,1278,Shia002356Vols,504,982,1227,189,73
429,1275,1546,Shia002356Vols,505,481,752,213,97
429,687,1430,Tafsir04038,264,265,1311,371,37
429,425,855,Shia002380Vols,337,978,1482,188,36
429,961,1389,Shia002380Vols,338,37,826,284,41
429,984,1275,JK001496,914,913,1177,190,74
429,1126,1275,Tafsir02102,2269,65,307,112,58
429,1095,1437,Shamela0008473,2392,759,1335,256,54
429,425,1135,Shia002382Vols,834,665,1559,284,30
429,1118,1353,Shia002382Vols,835,209,584,179,59
429,667,1546,Shamela0023591,3775,417,1060,504,71
429,955,1275,JK009266,4847,210,452,189,73
429,1248,1407,JK009266,4852,59,361,127,51
429,687,1275,Shamela0021821,802,84,505,253,49
429,1174,1430,JK001110,79,118,376,188,91
429,667,1174,Shia001174Vols,2170,883,1152,205,50
429,780,1396,Tafsir08060,236,64,774,264,39
429,667,1191,Rafed0003943Vols,623,394,1050,209,30
429,1275,1546,Rafed0003943Vols,625,281,553,218,99
429,746,1333,Tafsir06048,481,43,898,300,38
429,734,1191,Sham19Y0014404,623,411,992,213,37
429,955,1268,Masaha000554Vols,2217,396,635,181,71
429,667,1546,QuranAnalysis001,92,304,947,504,71
429,667,1147,Rafed0001713Vols,1084,1369,1611,184,47
429,1147,1275,Rafed0001713Vols,1085,0,128,102,100
429,560,1207,Tafsir04042,1043,637,1509,254,29
429,667,1275,Shamela0000041,1197,920,1290,285,58
429,734,1500,Shamela0000041,1198,16,923,480,57
429,687,1507,Shamela0023578,1514,893,1525,469,68
429,810,1374,Shamela0023578,1515,272,713,244,49
430,725,1010,JK009268,2428,183,584,179,53
430,728,1019,Tafsir02079,2182,272,945,205,36
430,725,1010,ShamAY0036821,1148,73,590,190,43
430,48,725,Shamela0022769,664,103,944,306,39
430,725,1133,Zaydiyya0000062,755,60,573,196,37
430,1107,1594,Shia002380Vols,338,1023,1461,191,42
430,48,790,Shia002380Vols,338,79,845,322,39
430,765,1010,JK001496,915,1037,1433,176,52
430,283,685,Shia002382Vols,835,247,584,190,50
430,1340,1594,Shia002382Vols,836,125,356,132,54
430,725,1010,Shamela0023591,3814,292,810,190,43
430,728,1013,JK009266,4853,265,920,206,37
430,1365,1597,Shamela0010273,1148,8,214,132,65
430,1153,1597,Tafsir01006,648,516,1151,210,40
430,869,1240,Tafsir01006,648,0,496,120,23
430,746,948,Rafed0001713Vols,1087,1361,1662,144,55
430,0,790,Shamela0023578,1515,40,756,229,25
431,424,708,Shia001432Vols,1050,697,846,106,46
431,465,873,Shia001432Vols,2485,305,713,324,100
431,131,389,Shamela0023632,1728,974,1233,198,98
431,385,577,Shamela0023632,1730,1301,1492,154,99
431,708,949,Shamela0023632,1733,0,241,192,99
431,131,945,JK009268,2431,636,1450,646,100
431,517,873,Sham19Y0023618,821,541,1027,260,68
431,417,632,Sham19Y0023618,821,0,283,152,68
431,131,272,Shamela0010551,320,220,361,109,100
431,69,385,Shamela0023628,1790,0,351,217,79
431,517,945,Shamela0023628,1797,372,800,341,100
431,69,469,Rafed0003257Vols,2813,635,1044,286,85
431,458,945,Rafed0003257Vols,2815,151,638,385,99
431,719,945,Shamela0007567,13,418,639,177,97
431,481,739,Tafsir09068,557,529,1320,181,28
431,708,852,JK010001,1588,1369,1513,114,98
431,131,385,JK009270,2147,779,1034,198,99
431,385,708,JK009270,2150,968,1291,258,100
431,131,314,ShamIbadiyya0000198Vols,688,140,323,141,100
431,500,776,Shamela0011353,240,810,1021,150,68
431,58,314,Meshkat0014420,2275,896,1111,161,81
431,517,708,Meshkat0014420,2281,866,1057,151,100
431,788,945,Meshkat0014420,2283,0,157,127,100
431,389,565,JK006476,677,1342,1522,140,95
431,556,897,JK006476,678,762,1232,269,71
431,314,835,ShamAY0036821,1151,976,1490,405,97
431,131,314,Sham19Y0147312,934,94,277,141,100
431,465,632,Sham19Y0147312,936,449,872,131,39
431,595,873,Sham19Y0147312,937,694,1474,208,33
431,708,945,Shamela0004445,611,262,499,190,100
431,500,835,Zaydiyya0000062,758,992,1393,260,81
431,58,333,Shamela0037458,1747,695,946,171,76
431,465,632,Shamela0037458,1753,1108,1275,132,100
431,632,873,Shamela0037458,1755,460,701,192,100
431,47,314,JK000791,1001,135,378,167,81
431,465,708,JK000791,1003,54,919,192,27
431,754,945,JK000791,1004,0,191,154,100
431,465,785,Shamela0000922,613,1084,1442,194,59
431,131,314,Shamela0000922,613,88,271,141,100
431,785,945,Shamela0000922,614,0,232,129,68
431,58,736,JK007018,300,730,1500,493,76
431,736,945,JK007018,301,0,208,165,99
431,58,314,JK009396,625,459,674,161,81
431,534,945,JK009396,626,0,411,329,100
431,465,708,Sham19Y0023608,1827,685,928,193,100
431,708,945,Sham19Y0023608,1830,7,244,190,100
431,500,776,JK000381,89,843,1054,150,68
431,510,799,Shamela0001340,154,970,1171,129,57
431,424,779,Meshkat00042488,702,891,1563,178,29
431,605,829,Meshkat00042488,703,580,1171,171,36
431,708,945,Shia003721Vols,520,6,243,190,100
431,708,945,Shamela0012034,292,906,1143,190,100
431,131,321,Shamela0021537,622,436,631,145,96
431,131,314,Shamela0021537,3972,953,1136,141,100
431,131,321,Shamela0021537,4293,1075,1270,145,96
431,131,465,Shamela0004473,2987,1049,1380,262,99
431,131,333,JK007104,422,379,591,148,88
431,69,517,Shia002356Vols,506,539,952,321,90
431,500,674,Shia002356Vols,507,1358,1572,137,80
431,674,957,Shia002356Vols,508,0,275,218,96
431,360,945,Shia002380Vols,340,370,1376,464,57
431,517,799,Shamela0001419,271,1037,1217,133,60
431,131,350,Shamela0008473,2395,989,1204,150,85
431,424,635,Shamela0008473,2400,1292,1571,167,75
431,635,945,Shamela0008473,2401,464,943,246,64
431,131,314,Shamela0008473,2566,631,814,141,100
431,131,314,Shamela0008473,2759,863,1046,141,100
431,131,314,Shamela0008473,3430,251,434,141,100
431,708,945,Tafsir07055,1654,759,996,190,100
431,131,314,Hindawi040635716,210,1145,1331,141,98
431,131,272,Shamela0003055,2986,176,317,109,100
431,500,776,Shamela0008983,7,630,853,153,69
431,481,949,Shamela0023591,3820,0,468,371,99
431,481,632,Shamela0023591,3822,0,151,119,100
431,640,957,Shamela0023591,3824,921,1283,225,76
431,131,517,JK009266,4858,271,658,305,99
431,517,945,JK009266,4866,529,957,341,100
431,58,708,Shamela0021821,803,876,1485,475,92
431,614,945,Shamela0021821,807,89,596,263,64
431,500,776,Shamela0007663,71,255,466,150,68
431,131,314,JK000071,151,1195,1378,141,100
431,131,829,JK001110,40,442,828,297,54
431,131,301,JK000850,63,201,371,130,99
431,776,945,Sham19Y0147597,249,290,459,136,100
431,131,314,JK001420,437,1195,1378,141,100
431,396,829,JK001420,438,666,1380,257,44
431,131,333,Shia001625,189,942,1144,145,94
431,465,632,JK006478,4844,1118,1285,132,98
431,131,314,LMN20200826,3,866,1049,141,100
431,200,360,Rafed0003943Vols,627,0,160,124,100
431,360,945,Rafed0003943Vols,630,43,628,469,100
431,517,708,Shamela0010273,1152,1258,1449,151,100
431,708,938,Shamela0010273,1153,1312,1541,184,99
431,708,904,Sham19Y0014328,658,1117,1313,156,100
431,52,314,Shamela0007798,4882,1215,1539,165,64
431,465,779,Shamela0001403,45,161,384,106,42
431,1121,1411,Tafsir01006,649,104,575,203,55
431,131,314,JK000181,15,83,266,141,100
431,69,276,Sham19Y0014404,624,1407,1585,132,81
431,481,829,Sham19Y0014404,626,110,1076,273,35
431,58,239,Meshkat00057178,1896,1314,1516,111,66
431,517,701,Masaha000554Vols,2233,111,295,142,97
431,708,938,Masaha000554Vols,2235,113,344,182,97
431,58,598,QuranAnalysis001,92,963,1461,388,91
431,598,945,QuranAnalysis001,93,0,347,278,100
431,69,321,Rafed0001713Vols,1089,334,575,167,81
431,517,945,Rafed0001713Vols,1092,323,1133,278,39
431,708,873,JK000122,19,46,211,131,100
431,465,605,Tafsir04042,1050,340,625,111,49
431,131,314,Zaydiyya0000208,43,665,845,139,98
431,131,309,ShamIbadiyya0000185,261,1310,1487,137,99
431,708,1017,Tafsir04056,3695,712,1205,169,40
431,140,517,AOCP20251117006,148,764,1134,279,93
431,58,385,Shamela0000041,1199,695,981,218,85
431,445,873,Shamela0000041,1202,0,426,334,98
431,252,949,Shamela0023578,1517,171,894,532,90
431,521,945,Shamela0023578,1520,0,1162,314,33
432,0,435,Shamela0000140,1933,993,1410,331,92
432,471,1042,Meshkat00042485,3332,99,1164,305,33
432,980,1289,Shamela0021766,2074,1049,1534,187,46
432,451,926,Shamela0021766,2074,3,579,257,49
432,343,1171,Shia002380Vols,340,434,1115,298,36
432,343,883,Shamela0008473,2400,1292,1551,154,34
432,337,1098,Shia002382Vols,838,610,1543,328,39
432,468,968,Tafsir01006,650,14,710,262,42
432,980,1399,Tafsir01006,650,984,1565,216,42
432,625,1545,Sham19Y0014404,626,327,1430,375,36
432,39,883,Rafed0001713Vols,1091,332,1143,309,32
432,761,1171,Rafed0001713Vols,1092,32,527,212,44
432,415,1171,Shamela0000041,1202,0,262,202,33
433,130,376,JK000330,173,621,867,196,100
433,130,595,Shia001432Vols,3456,813,1278,376,100
433,595,1080,Shia001432Vols,3956,1075,1562,394,99
433,300,480,Shamela0023632,1735,1432,1612,147,100
433,480,678,Shamela0023632,1736,1294,1492,161,98
433,703,878,Shamela0023632,1738,0,175,143,100
433,878,1080,Shamela0023632,1739,595,797,162,100
433,878,1080,Shamela0000894,835,410,604,156,95
433,666,1063,Tafsir03097,778,448,1631,293,31
433,130,492,JK009268,2439,1268,1629,292,99
433,492,1080,JK009268,2440,0,588,477,99
433,595,878,Shia004552Vols,448,193,364,136,58
433,22,376,Sham19Y0023618,822,243,561,255,89
433,678,1080,Sham19Y0023618,823,1017,1419,325,100
433,55,457,Shamela0023628,1799,1042,1564,320,75
433,350,771,Shamela0023628,1801,815,1521,336,58
433,771,959,Shamela0023628,1802,0,188,154,100
433,857,1080,Shamela0023628,1803,32,498,177,47
433,78,480,Rafed0003257Vols,2818,1136,1553,300,88
433,451,1080,Rafed0003257Vols,2821,415,1102,506,90
433,376,703,Shamela0022593,1093,17,919,234,31
433,350,857,Tafsir09083,620,54,1645,399,30
433,848,1080,Tafsir09083,621,47,612,175,39
433,130,376,Shamela0022666,63,822,1068,196,100
433,376,595,Tafsir09084,1180,83,598,176,41
433,726,878,Tafsir09084,1181,45,281,125,64
433,878,1080,Tafsir09084,1181,940,1484,154,35
433,0,480,Sham19Y0020891,2697,0,506,328,74
433,408,595,Sham19Y0020891,2701,788,1048,126,56
433,581,878,Sham19Y0020891,2702,1159,1454,235,96
433,828,1080,Sham19Y0020891,2706,1215,1444,178,88
433,300,785,Tafsir09068,559,32,1556,379,30
433,791,1080,Tafsir09068,560,152,1179,230,27
433,22,480,JK009270,2154,57,477,341,91
433,480,878,JK009270,2159,457,855,324,99
433,878,996,JK009270,2163,1472,1589,94,99
433,130,408,Meshkat0014420,2284,1240,1516,222,99
433,480,595,Meshkat0014420,2287,1449,1563,93,99
433,595,878,Meshkat0014420,2288,0,283,231,99
433,878,1080,Meshkat0014420,2290,1311,1513,162,100
433,480,595,Noorlib18399BK2,30,360,474,92,99
433,145,364,Sham19Y0016584,4946,1310,1528,174,99
433,726,1080,JK000865,279,25,741,270,47
433,300,586,JK006476,680,556,848,232,97
433,423,1040,JK006476,681,110,1018,465,62
433,910,1080,JK006476,682,59,487,131,38
433,22,595,ShamAY0036821,1152,38,570,431,92
433,1080,1258,Meshkat00042485,3334,1145,1374,106,52
433,767,979,Meshkat00042485,3340,721,1107,164,51
433,300,1055,Tafsir02104,227,776,1529,280,36
433,130,480,Sham19Y0147312,938,703,1052,283,99
433,539,785,Sham19Y0147312,941,830,1322,169,42
433,758,959,Sham19Y0147312,942,80,287,150,89
433,130,480,Shamela0004445,144,774,1124,283,100
433,595,1080,Shamela0004445,374,0,485,393,99
433,529,1063,Tafsir02067,408,593,1589,417,51
433,480,767,Shamela0012753,84,895,1048,65,29
433,130,376,Sham19Y0018176,2652,943,1189,196,100
433,289,471,Zaydiyya0000062,761,290,474,145,97
433,480,776,Zaydiyya0000062,762,432,732,239,97
433,939,1080,Shamela0010517,2804,0,141,113,100
433,878,1080,Shamela0010517,2807,219,421,162,100
433,300,595,Shamela0037458,1759,1075,1370,240,100
433,497,726,Shamela0037458,1761,456,822,165,54
433,678,982,Shamela0037458,1762,107,482,231,74
433,905,1080,Shamela0037458,1764,853,1181,135,51
433,130,376,JK000110,2019,959,1205,196,100
433,300,607,JK000791,1005,656,1272,245,49
433,567,1080,JK000791,1006,72,694,408,81
433,767,996,Shamela0021766,2078,15,518,183,44
433,169,376,JK000365,154,1310,1517,166,100
433,529,767,Tafsir02011,748,869,1383,189,45
433,22,300,Shamela0000922,614,160,497,195,67
433,678,1040,Shamela0000922,615,7,631,231,44
433,162,376,JK000368,336,30,244,171,100
433,162,376,JK000368,374,500,714,171,100
433,130,595,JK007018,301,622,1089,376,99
433,595,1080,JK007018,302,166,799,393,76
433,130,364,Sham19Y0018103,4320,1314,1546,186,99
433,130,480,JK009396,627,516,866,283,100
433,480,865,JK009396,628,1135,1519,313,99
433,785,1080,JK009396,629,25,612,221,46
433,480,595,Sham19Y0023608,1409,1226,1340,92,99
433,130,480,Sham19Y0023608,1831,1137,1487,283,100
433,300,595,Sham19Y0023608,1833,420,1419,237,29
433,567,878,Sham19Y0023608,1834,970,1462,255,63
433,595,785,Sham19Y0023608,1835,267,1077,155,23
433,839,1080,Sham19Y0023608,1836,647,912,177,83
433,915,1080,Sham19Y0095660,748,443,667,132,73
433,130,376,Shamela0021715,11187,787,1033,196,100
433,162,376,JK000381,2041,1357,1571,171,100
433,162,376,JK000381,7738,1028,1242,171,100
433,480,595,Shamela0001340,123,1076,1191,93,100
433,130,567,Shamela0001340,124,794,1169,188,43
433,376,595,Shamela0001340,125,735,909,137,76
433,0,512,JK000818,253,599,1499,379,52
433,512,1055,JK000818,254,6,1138,421,46
433,300,598,Meshkat00042488,705,198,1305,216,23
433,572,889,Meshkat00042488,706,349,1332,246,30
433,878,1045,Meshkat00042488,707,67,426,128,45
433,130,506,Shia003721Vols,52,5,399,284,89
433,595,910,Shia003721Vols,284,1239,1569,254,93
433,910,1085,Shia003721Vols,285,0,175,138,98
433,341,703,ShamIbadiyya0000075,378,793,1602,285,43
433,689,1071,ShamIbadiyya0000075,379,0,838,297,43
433,130,376,Shamela0021537,375,190,436,196,100
433,878,1080,Shamela0021537,845,945,1147,162,100
433,878,1085,Shamela0021537,1513,627,834,164,99
433,878,1080,Shamela0021537,1822,971,1173,162,100
433,878,1080,Shamela0021537,2292,614,816,162,100
433,595,726,Rafed0003726Vols,595,367,499,107,99
433,483,641,Rafed0003726Vols,601,639,806,116,85
433,878,1080,Shamela0004473,812,1160,1362,162,100
433,959,1080,Shamela0004473,16216,1132,1253,97,100
433,878,1080,Shamela0004473,16219,20,222,162,100
433,726,1040,Shamela0022371,201,374,800,195,50
433,480,857,ShamAY0033108,842,722,1581,295,42
433,878,1080,ShamAY0033108,843,229,957,153,26
433,130,506,Sham19Y0145435,4933,924,1317,284,88
433,595,1080,Sham19Y0145435,5070,279,764,393,99
433,130,480,Shia002356Vols,509,12,358,280,98
433,383,878,Shia002356Vols,510,36,599,373,80
433,919,1080,Shia002356Vols,511,0,160,128,99
433,227,1080,Shia002380Vols,341,0,1571,685,53
433,130,376,PV2024060602,2019,959,1205,196,100
433,480,595,Shamela0001419,237,1011,1126,93,100
433,0,480,JK001496,921,297,802,337,78
433,595,878,JK001496,923,1101,1388,231,98
433,408,607,JK001496,923,304,592,132,54
433,848,1055,JK001496,924,1281,1546,165,77
433,200,376,Sham19Y0016684,2059,0,176,141,100
433,480,716,Tafsir02091,1035,951,1554,182,36
433,716,1080,Tafsir02091,1036,0,1214,281,28
433,533,758,Tafsir02102,2285,755,1169,171,50
433,22,480,Shamela0008473,2402,169,703,353,81
433,595,857,Shamela0008473,2404,1334,1595,214,99
433,437,607,Shamela0008473,2404,0,229,137,73
433,595,878,Shamela0008473,2405,32,628,223,45
433,959,1080,Shamela0008473,2407,93,214,97,100
433,480,1080,Shia002382Vols,840,137,1581,469,40
433,567,1014,Tafsir05047,357,40,978,314,41
433,130,376,JK000378,31,1042,1288,196,100
433,0,671,Shamela0023591,3825,893,1545,460,84
433,671,1080,Shamela0023591,3826,0,409,331,100
433,289,480,Shamela0023591,3829,1103,1323,156,86
433,480,607,Shamela0023591,3830,606,734,94,90
433,572,785,Shamela0023591,3831,331,581,174,85
433,785,1080,Shamela0023591,3832,828,1123,239,100
433,102,595,JK009266,4871,125,660,390,89
433,577,1080,JK009266,4879,836,1356,402,95
433,0,492,Shamela0021821,807,990,1514,368,86
433,492,785,Shamela0021821,808,0,293,238,99
433,483,1080,Shamela0021821,809,0,1060,266,26
433,130,329,Sham19Y0018106,4348,1298,1496,159,99
433,595,870,Tafsir10066,689,332,1136,204,31
433,480,598,JK009362,3954,922,1042,95,98
433,878,1080,JK009362,3961,1039,1241,162,100
433,130,376,JK000367,372,648,894,196,100
433,22,300,JK001420,439,0,339,195,67
433,726,1040,JK001420,440,147,690,196,43
433,878,1080,Shamela0000107,595,736,938,162,100
433,878,1091,Shamela0000107,600,536,763,167,92
433,878,1080,Shamela0000107,606,495,697,162,100
433,480,678,JK009257,375,589,786,160,98
433,130,376,JK006478,4850,1225,1470,196,99
433,480,607,JK006478,4856,1116,1253,102,92
433,329,480,JK006478,4856,4,434,124,35
433,567,785,JK006478,4857,183,813,177,34
433,785,939,JK006478,4857,1393,1548,126,98
433,939,1080,JK006478,4858,0,141,113,100
433,300,539,Rafed0003943Vols,632,1333,1570,194,99
433,539,1080,Rafed0003943Vols,633,0,542,439,99
433,130,480,Shamela0010273,1155,421,771,283,100
433,595,883,Shamela0010273,1157,1181,1470,234,98
433,480,595,Shamela0010273,1157,32,146,92,99
433,878,1080,Shamela0010273,1158,1229,1431,162,100
433,595,785,Shamela0007798,4903,756,1366,154,30
433,1080,1258,Tafsir01006,651,667,894,105,51
433,767,999,Tafsir01006,653,348,755,183,55
433,30,557,Tafsir06048,484,81,1553,398,32
433,557,1063,Tafsir06048,485,0,1167,385,40
433,130,376,Sham19Y0013605,5153,248,494,196,100
433,227,480,Sham19Y0014404,627,904,1572,202,37
433,0,300,Sham19Y0014404,627,89,428,229,82
433,376,889,Sham19Y0014404,628,4,1555,385,29
433,480,595,Rafed0003799Vols,195,497,612,93,100
433,329,607,Meshkat00057178,1904,697,1452,205,32
433,376,586,Masaha000554Vols,2238,945,1246,171,69
433,595,857,Masaha000554Vols,2239,1367,1635,214,96
433,22,1080,QuranAnalysis001,93,275,1297,828,96
433,423,678,ShamAY0036836,167,722,882,113,49
433,0,1169,Rafed0001713Vols,1093,590,1489,549,50
433,595,1080,Rafed0001713Vols,1095,843,1329,394,99
433,758,999,Rafed0001713Vols,1096,913,1562,184,35
433,547,767,Shamela0023634,258,736,895,56,23
433,391,996,Tafsir04042,1053,0,1548,479,38
433,162,376,JK001414,2104,1132,1346,171,100
433,376,512,Tafsir04056,3700,1055,1274,69,39
433,595,889,Tafsir04056,3704,36,1109,174,19
433,162,376,JK006950,2040,937,1151,171,100
433,878,1080,Tafsir02094,1748,13,661,161,31
433,678,1080,Shamela0009065,178,254,750,129,24
433,0,376,Shamela0000041,1203,34,367,263,87
433,322,878,Shamela0000041,1204,13,621,448,89
433,848,1080,Shamela0000041,1205,196,559,169,57
433,22,492,Shamela0023578,1520,1090,1547,351,90
433,492,1080,Shamela0023578,1521,0,588,477,99
433,577,1080,Shamela0023578,1523,0,1038,407,48
433,678,996,JK000876,603,774,1534,241,39
434,988,1631,Shia001432Vols,3956,1075,1364,235,44
434,1161,1620,Shamela0023632,1738,0,175,143,38
434,925,1631,JK009268,2440,75,391,256,44
434,374,1098,JK009268,2444,135,900,265,32
434,988,1620,Shia004552Vols,448,193,364,136,26
434,1114,1631,Sham19Y0023618,823,1017,1222,167,39
434,925,1507,Shamela0023628,1802,581,1425,272,35
434,925,1631,Rafed0003257Vols,2821,588,905,257,44
434,365,1098,Tafsir09083,620,54,1058,354,38
434,429,944,Tafsir09084,1180,83,589,190,35
434,988,1620,Sham19Y0020891,2702,1170,1454,231,44
434,919,1248,Tafsir09068,559,985,1534,170,34
434,925,1620,JK009270,2159,544,855,252,44
434,988,1620,Meshkat0014420,2288,0,283,230,44
434,91,1198,JK000865,278,435,1564,406,34
434,457,1631,JK006476,681,31,844,388,33
434,139,636,Meshkat00042485,3337,968,1539,208,34
434,645,944,Meshkat00042485,3338,3,296,152,49
434,988,1312,Meshkat00042485,3339,186,635,214,55
434,988,1631,Shamela0004445,374,0,288,234,44
434,365,1069,Shamela0022769,668,430,1395,299,34
434,436,733,Zaydiyya0000062,761,1196,1611,183,51
434,1114,1631,Shamela0037458,1762,107,394,177,37
434,925,1631,JK000791,1006,72,497,260,41
434,470,1114,Shamela0021766,2077,14,759,307,42
434,919,1248,Tafsir02011,748,957,1436,180,43
434,1114,1620,Shamela0000922,615,7,340,174,41
434,925,1548,JK009396,628,1222,1512,235,46
434,723,1620,Sham19Y0023608,1834,789,1462,279,30
434,27,688,JK000818,253,1029,1499,222,37
434,688,1627,JK000818,254,6,700,319,34
434,988,1620,Meshkat00042488,706,511,1313,267,34
434,988,1631,Shia003721Vols,284,1239,1526,233,44
434,1208,1631,Shamela0022371,201,374,630,130,35
434,988,1631,Sham19Y0145435,5070,279,567,234,44
434,17,412,Shia002356Vols,509,1045,1411,139,36
434,673,1620,Shia002356Vols,510,218,599,307,39
434,673,1631,Shia002380Vols,341,602,1324,374,40
434,27,521,Shia002380Vols,341,172,537,202,47
434,470,1553,JK001496,923,304,1380,359,26
434,27,488,Tafsir02102,2284,1018,1532,187,37
434,605,1358,Tafsir02102,2285,328,1291,382,41
434,988,1548,Shamela0008473,2404,1334,1595,213,46
434,527,944,Shamela0008473,2404,0,534,160,30
434,27,479,Shia002382Vols,839,1081,1565,192,40
434,513,1627,Shia002382Vols,840,11,1193,568,49
434,1091,1631,Shamela0023591,3826,0,212,173,39
434,988,1631,JK009266,4879,871,1159,234,44
434,648,944,Shamela0021821,809,0,309,105,33
434,1208,1620,JK001420,440,147,432,122,27
434,925,1631,Rafed0003943Vols,633,28,345,257,44
434,27,640,Shamela0010273,1156,240,1008,257,34
434,988,1620,Shamela0010273,1157,1181,1465,231,44
434,1114,1627,Shamela0010273,1158,38,740,242,37
434,645,1248,Shamela0007798,4903,119,1344,255,22
434,106,1312,Tafsir01006,652,0,1538,584,40
434,118,579,Sham19Y0014404,627,1216,1572,178,45
434,988,1620,Sham19Y0014404,628,880,1538,282,39
434,925,1631,QuranAnalysis001,93,784,1100,256,44
434,27,436,Rafed0001713Vols,1094,959,1401,173,38
434,521,1631,Rafed0001713Vols,1095,9,1132,454,34
434,899,1620,Tafsir04042,1053,637,1250,296,47
434,412,1376,Shamela0000041,1204,621,1343,382,43
434,925,1631,Shamela0023578,1521,74,391,257,44
434,605,1627,JK000876,603,5,1318,402,31
435,0,453,Shia001432Vols,3956,1364,1617,194,53
435,453,1236,Shia001432Vols,3957,0,784,641,99
435,505,628,Shia001432Vols,22210,84,207,100,100
435,0,394,Shamela0023632,1739,600,797,155,49
435,398,601,Shamela0023632,1740,1308,1511,162,99
435,659,1002,Shamela0023632,1744,120,472,277,95
435,981,1240,Shamela0023632,1747,31,291,208,98
435,0,1236,JK009268,2440,391,1425,833,82
435,79,429,JK009268,2445,453,1193,185,31
435,981,1236,Hindawi028570502Vols,3742,1062,1317,207,100
435,0,394,Sham19Y0023618,823,1222,1419,155,49
435,255,536,Sham19Y0023618,824,1083,1534,166,45
435,598,1161,Sham19Y0023618,826,522,1112,428,89
435,0,505,Shamela0023628,1803,71,606,237,41
435,598,923,Shamela0023628,1805,0,326,269,99
435,919,1126,Shamela0023628,1808,706,914,169,99
435,0,394,Rafed0003257Vols,2821,905,1102,155,49
435,325,659,Rafed0003257Vols,2825,776,1206,244,69
435,628,837,Rafed0003257Vols,2826,1277,1651,174,55
435,837,1236,Rafed0003257Vols,2827,0,400,325,99
435,0,424,Tafsir09083,621,120,669,192,37
435,429,659,Tafsir09083,621,839,1487,181,34
435,0,412,Sham19Y0020891,2706,1247,1473,163,48
435,105,280,Sham19Y0020891,2707,337,636,100,43
435,496,659,Sham19Y0020891,2709,39,202,129,96
435,119,463,Sham19Y0020966,171,361,592,114,36
435,0,394,Tafsir09068,560,606,1179,152,25
435,429,846,Tafsir09068,561,51,1050,319,39
435,0,116,JK009270,2163,1477,1584,84,91
435,505,759,JK009270,2166,216,468,208,98
435,981,1240,JK009270,2170,268,529,207,97
435,0,394,Meshkat0014420,2290,1316,1513,155,49
435,398,659,Meshkat0014420,2293,550,810,209,98
435,965,1236,Meshkat0014420,2300,1117,1389,211,95
435,377,759,JK000865,279,724,1550,298,44
435,36,619,JK006476,682,59,717,315,49
435,453,840,JK006476,683,51,536,281,70
435,398,570,Shamela0029677,1986,400,572,136,99
435,505,659,Shamela0009924,35,552,711,126,96
435,85,346,Meshkat00042485,3341,1106,1563,154,41
435,85,252,Sham19Y0147312,942,934,1471,86,21
435,398,659,Sham19Y0147312,944,6,266,209,98
435,0,394,Shamela0004445,374,288,485,155,49
435,473,659,Shamela0004445,377,354,530,134,88
435,505,769,Shamela0004445,392,80,466,212,66
435,981,1236,Shamela0004445,397,880,1135,207,100
435,0,429,Shamela0022769,669,637,1463,250,37
435,377,659,Tafsir02067,409,56,631,222,47
435,52,619,Zaydiyya0000062,763,750,1384,324,55
435,912,1117,Zaydiyya0000062,766,1030,1236,166,98
435,0,394,Shamela0010517,2807,224,421,155,49
435,36,220,Shamela0037458,1764,858,1491,112,22
435,496,676,Shamela0037458,1766,503,676,136,92
435,628,919,Shamela0037458,1767,175,552,240,76
435,919,1161,Shamela0037458,1770,193,435,197,100
435,0,394,JK000791,1006,497,694,155,49
435,255,769,JK000791,1007,1013,1556,370,79
435,769,1259,JK000791,1008,0,523,399,93
435,85,878,Shamela0000922,615,550,1557,379,37
435,830,1236,Shamela0000922,616,595,1367,235,34
435,0,759,JK007018,302,599,1466,444,51
435,981,1236,JK007018,303,1215,1477,203,95
435,0,147,Zaydiyya0000295Vols,1919,405,834,99,30
435,429,659,JK009396,629,1051,1498,184,50
435,0,505,JK009396,629,415,719,238,59
435,659,981,JK009396,630,1048,1369,265,99
435,981,1236,JK009396,631,1037,1292,207,100
435,394,759,Sham19Y0023608,1837,779,1145,296,99
435,398,628,Sham19Y0023608,1838,13,1465,180,15
435,981,1236,Sham19Y0023608,1842,437,693,207,99
435,981,1199,Sham19Y0023608,3328,13,232,177,99
435,398,759,JK000381,2043,676,845,138,46
435,0,586,JK000818,254,734,1535,327,44
435,0,505,Meshkat00042488,707,72,1107,317,37
435,505,764,Meshkat00042488,708,474,1237,213,33
435,478,659,Shia003721Vols,287,1338,1508,131,89
435,437,759,Shia003721Vols,302,273,852,250,52
435,981,1236,Shia003721Vols,307,1078,1333,207,100
435,0,453,ShamIbadiyya0000075,379,518,1009,231,49
435,0,394,Shamela0021537,845,950,1147,155,49
435,0,394,Shamela0021537,1513,632,829,155,49
435,0,394,Shamela0021537,1822,976,1173,155,49
435,0,394,Shamela0021537,2292,619,816,155,49
435,0,394,Shamela0004473,812,1165,1362,155,49
435,981,1236,Shamela0004473,15971,279,533,205,97
435,0,394,Shamela0004473,16219,25,222,155,49
435,85,505,Shamela0022371,201,719,981,149,45
435,0,463,ShamAY0033108,843,234,1193,249,31
435,0,394,Sham19Y0145435,5070,567,764,155,49
435,981,1236,Sham19Y0145435,5082,335,590,207,100
435,45,505,Shia002356Vols,511,0,267,208,56
435,628,981,Shia002356Vols,512,268,636,280,92
435,949,1236,Shia002356Vols,513,94,488,230,72
435,0,412,Shia002380Vols,341,1324,1585,188,56
435,412,745,Shia002380Vols,342,0,1023,266,31
435,923,1236,Shia002380Vols,343,186,785,244,50
435,0,340,JK001496,924,1375,1546,134,49
435,105,505,JK001496,925,53,633,231,51
435,0,463,Tafsir02091,1036,493,1449,249,31
435,505,659,Shamela0008473,1905,29,183,126,100
435,85,505,Shamela0008473,2407,93,431,178,42
435,505,671,Shamela0008473,2408,719,884,127,93
435,912,1324,Shamela0008473,2411,607,1224,290,56
435,769,1161,Shamela0008473,3515,788,1184,272,85
435,0,440,Shia002382Vols,840,1212,1638,252,61
435,0,759,Shamela0023591,3826,212,771,446,72
435,0,412,Shamela0023591,3832,926,1141,160,48
435,398,659,Shamela0023591,3835,97,359,211,99
435,759,1236,Shamela0023591,3839,1178,1655,389,99
435,1117,1240,Shamela0023591,3844,0,123,98,98
435,0,570,JK009266,4879,1159,1525,289,63
435,398,981,JK009266,4891,595,1421,356,50
435,981,1236,JK009266,4900,19,275,207,99
435,0,593,Shamela0021821,809,863,1553,301,42
435,593,759,Shamela0021821,810,0,166,139,100
435,885,1236,Shamela0021821,811,680,1243,284,61
435,981,1161,Rafed0003793Vols,752,147,328,146,99
435,0,394,JK009362,3961,1044,1241,155,49
435,0,394,Shamela0000107,595,741,938,155,49
435,0,402,Shamela0000107,600,541,747,155,48
435,0,394,Shamela0000107,606,500,697,155,49
435,36,919,Zaydiyya0000274,45,11,734,218,24
435,398,659,JK006478,4863,437,583,79,37
435,949,1236,JK006478,4870,1190,1473,213,89
435,0,923,Rafed0003943Vols,633,345,1068,580,77
435,919,1236,Rafed0003943Vols,634,755,1073,258,99
435,0,402,Shamela0010273,1158,1234,1438,158,49
435,6,402,Shamela0010273,1159,80,605,225,46
435,505,659,Shamela0010273,1160,633,787,126,100
435,981,1236,Shamela0010273,1163,956,1212,207,99
435,505,628,Shamela0007798,4911,575,975,100,30
435,628,759,Shamela0007798,4913,714,1014,110,43
435,0,440,Tafsir01006,653,603,1301,258,47
435,981,1131,Sham19Y0020642,303,1372,1521,122,99
435,36,505,Sham19Y0014404,629,466,1325,290,40
435,424,750,Sham19Y0014404,630,54,761,200,32
435,325,650,Masaha000554Vols,2244,229,622,233,68
435,570,974,Masaha000554Vols,2246,587,1378,330,50
435,0,667,QuranAnalysis001,93,1100,1565,371,68
435,667,1236,QuranAnalysis001,94,0,568,465,99
435,0,659,Rafed0001713Vols,1095,1132,1591,365,68
435,0,144,Rafed0001713Vols,1096,1351,1587,113,61
435,196,440,Rafed0001713Vols,1097,174,492,134,48
435,542,989,Rafed0001713Vols,1098,161,785,324,61
435,994,1236,Rafed0001713Vols,1100,0,243,196,99
435,0,220,Tafsir04042,1053,1333,1655,133,47
435,463,1060,Shia001615Vols,2636,665,797,104,21
435,0,309,Tafsir02094,1748,18,399,119,29
435,424,769,Shamela0000041,1206,286,673,259,78
435,981,1161,Shamela0000041,1208,372,552,146,100
435,0,764,Shamela0023578,1521,391,955,448,72
435,0,424,Shamela0023578,1523,684,1097,202,53
435,437,710,Shamela0023578,1524,737,1366,210,41
435,710,1250,Shamela0023578,1525,402,998,432,87
435,0,144,JK000876,603,1379,1537,90,65
435,116,446,JK000876,604,4,439,184,49
436,22,623,Shia001432Vols,3957,10,272,214,43
436,97,345,Shia001432Vols,22210,84,207,100,49
436,0,318,Shamela0023632,1740,1347,1511,117,45
436,0,623,JK009268,2440,627,914,220,43
436,0,345,Rafed0003257Vols,2825,983,1175,140,49
436,310,799,Shamela0022593,1096,769,1548,234,33
436,294,512,Tafsir09084,1183,0,388,130,39
436,1352,1628,Tafsir09084,1184,72,305,136,54
436,73,345,Sham19Y0020891,2709,18,171,113,50
436,22,855,Tafsir09068,561,124,872,247,26
436,0,345,Meshkat0014420,2293,589,779,140,49
436,22,623,JK000865,279,964,1477,253,43
436,0,336,JK006476,682,529,717,133,49
436,97,345,Shamela0009924,35,552,680,101,50
436,0,345,Sham19Y0147312,944,45,235,140,49
436,97,345,Shamela0004445,377,376,499,100,49
436,97,623,Shamela0004445,392,80,422,181,33
436,22,512,Tafsir02067,409,266,631,172,42
436,22,345,Shamela0037458,1766,308,635,150,40
436,0,623,JK000791,1007,1226,1513,220,43
436,0,623,Shamela0000922,615,791,1245,173,29
436,0,623,JK007018,302,839,1432,216,29
436,22,345,JK009396,629,1190,1467,137,41
436,0,623,Sham19Y0023608,1837,822,1111,221,43
436,22,348,Sham19Y0023608,1838,510,1468,155,17
436,0,594,Meshkat00042488,708,168,1319,270,25
436,97,345,Shia003721Vols,287,1354,1477,100,49
436,22,345,Shia002356Vols,511,1207,1412,138,49
436,0,594,Shia002380Vols,342,54,936,317,40
436,1408,1628,Tafsir02102,2290,88,296,111,58
436,97,345,Shamela0008473,1905,29,152,100,49
436,1480,1628,Shamela0008473,2411,0,168,96,69
436,315,768,JK000459,89,720,1253,173,34
436,0,623,Shamela0023591,3826,448,737,221,43
436,0,345,Shamela0023591,3835,136,328,140,49
436,22,794,Shamela0021821,810,282,1079,265,29
436,0,623,Rafed0003943Vols,633,581,870,221,43
436,97,345,Shamela0010273,1160,633,756,100,49
436,97,345,Shamela0007798,4911,575,975,115,35
436,43,772,Tafsir06048,486,111,883,305,37
436,22,623,Sham19Y0014404,630,79,736,264,38
436,287,623,Meshkat00057178,1910,102,734,129,20
436,0,520,QuranAnalysis001,93,1336,1565,174,40
436,0,345,Rafed0001713Vols,1095,1368,1560,140,49
436,1480,1628,Tafsir07057,2591,933,1102,87,58
436,22,623,Shamela0000041,1206,317,629,226,44
436,0,623,Shamela0023578,1521,627,916,221,43
436,0,701,Shamela0023578,1524,737,1520,306,37
437,242,1181,Shia001432Vols,3957,488,917,342,44
437,1181,1342,Shia001432Vols,5447,1315,1475,128,99
437,979,1319,Shamela0023632,1749,1170,1540,245,82
437,1044,1555,JK009268,2452,1077,1589,410,99
437,979,1181,Sham19Y0023618,828,510,680,139,84
437,1181,1427,Sham19Y0023618,829,564,808,190,97
437,979,1181,Shamela0023628,1810,478,648,139,84
437,1128,1536,Shamela0023628,1816,990,1524,325,75
437,242,1181,Rafed0003257Vols,2827,103,533,344,44
437,1181,1421,Rafed0003257Vols,2831,283,521,188,98
437,979,1181,Tafsir09083,624,198,516,160,61
437,1181,1345,Sham19Y0020891,2721,638,804,125,94
437,1181,1427,JK009270,2183,1218,1463,192,97
437,1181,1345,Shamela0005756,11612,1180,1355,129,92
437,1104,1421,Meshkat0014420,2305,270,614,210,73
437,1181,1342,JK000373,17,1247,1408,129,100
437,525,737,Meshkat00042485,3350,0,350,134,46
437,979,1366,Tafsir02104,229,6,498,220,51
437,1048,1421,Sham19Y0147312,950,182,814,301,59
437,979,1342,Shamela0022769,673,387,1049,276,50
437,1128,1333,Zaydiyya0000062,769,1274,1588,164,64
437,979,1181,Shamela0037458,1774,617,787,139,84
437,1128,1345,Shamela0037458,1776,574,914,174,63
437,1288,1555,Shamela0037458,1778,301,574,207,92
437,1128,1421,JK000791,1015,0,293,234,99
437,1181,1342,Shamela0001524,2454,1025,1184,125,97
437,1048,1421,JK007018,304,98,731,297,58
437,1112,1421,JK009396,632,855,1147,204,79
437,1181,1421,Sham19Y0023608,1845,124,362,188,98
437,1044,1480,JK000818,256,0,838,340,50
437,1128,1342,Meshkat00042488,712,1044,1293,168,83
437,581,1131,Shia002356Vols,513,797,1566,211,31
437,1131,1421,Shia002356Vols,514,0,287,229,98
437,1080,1345,Shia002380Vols,344,45,509,207,55
437,719,901,JK001496,929,895,1318,83,25
437,1223,1342,JK001496,931,0,119,96,100
437,1128,1324,Shamela0008473,2416,1443,1652,157,92
437,1181,1345,Shia002382Vols,846,52,215,128,98
437,1048,1555,Shamela0023591,3840,0,506,406,99
437,1181,1342,Shamela0023591,3848,1001,1160,125,97
437,1048,1555,JK009266,4905,1014,1522,409,99
437,1128,1342,Shamela0021821,813,805,1083,172,76
437,1330,1555,Shamela0021821,814,621,846,179,98
437,1181,1342,JK009362,3987,289,450,129,100
437,242,1181,Rafed0003943Vols,634,776,1206,344,44
437,1181,1421,Rafed0003943Vols,635,161,399,188,98
437,446,945,Shamela0010273,1164,29,728,274,45
437,1181,1342,Shamela0010273,1165,1176,1335,125,97
437,979,1181,Shamela0007798,4928,1094,1458,160,54
437,247,779,Tafsir01006,655,718,1597,307,40
437,242,1555,QuranAnalysis001,94,272,1076,641,60
437,1181,1345,Shamela0023596,12,609,780,125,90
437,516,945,Rafed0001713Vols,1101,703,1345,200,36
437,1128,1421,Rafed0001713Vols,1102,783,1114,231,86
437,979,1181,Rafed0001713Vols,1102,238,440,160,97
437,1181,1333,Zaydiyya0000476,209,1218,1372,121,98
437,1128,1342,Shamela0000041,1209,1115,1338,172,95
437,1245,1536,Shamela0000041,1210,689,1050,234,80
437,979,1421,Shamela0023578,1529,355,847,328,81
437,979,1131,JK000876,607,1140,1325,102,65
438,0,330,Shia001432Vols,2485,830,1102,214,80
438,0,196,Shamela0023632,1753,958,1154,158,100
438,31,330,JK009268,2453,0,299,242,100
438,20,330,Sham19Y0023618,832,35,466,213,61
438,0,196,Shamela0023628,1822,92,288,158,100
438,122,330,Rafed0003257Vols,2834,64,273,169,99
438,0,330,Sham19Y0020966,173,76,709,236,46
438,0,200,JK000100,105,807,1046,134,70
438,122,330,Tafsir09068,565,782,1498,169,29
438,122,330,JK009270,2188,1193,1401,169,100
438,122,330,Meshkat0014420,2312,1068,1276,169,100
438,20,311,JK006476,688,1135,1412,203,83
438,0,289,ShamAY0036821,1158,1281,1566,227,97
438,330,506,Meshkat00042485,3352,1378,1545,102,60
438,959,1497,Meshkat00042485,3355,978,1531,233,40
438,860,1555,Shamela0001466,1161,40,1589,311,23
438,102,275,Sham19Y0147312,952,22,214,131,84
438,0,196,JK001050,4,1089,1285,158,100
438,37,321,Zaydiyya0000062,772,821,1111,227,96
438,122,275,Shamela0006947,11729,326,483,123,96
438,55,330,Shamela0037458,1781,624,899,222,100
438,85,330,JK000791,1019,952,1553,151,29
438,980,1333,Shamela0021766,2085,408,785,142,35
438,55,330,Shamela0000922,618,1127,1415,120,43
438,0,330,JK007018,305,344,674,266,99
438,0,330,JK009396,634,376,706,267,100
438,122,330,Sham19Y0023608,1849,638,846,169,100
438,330,1540,JK000818,256,4,792,373,33
438,20,330,Meshkat00042488,715,191,1510,244,22
438,55,330,Shia002356Vols,515,918,1193,222,100
438,894,1555,Shia002380Vols,345,55,608,263,42
438,0,196,ShamAY0001202,155,271,467,158,100
438,1043,1257,Tafsir02102,2295,1123,1526,116,34
438,55,330,Shamela0008473,2419,1145,1507,222,75
438,864,1555,Shia002382Vols,847,17,932,265,27
438,0,330,Shamela0023591,3840,506,836,267,100
438,90,275,Shamela0023591,3853,991,1168,134,87
438,122,330,JK009266,4916,48,256,169,100
438,792,1131,JK000458,1552,1186,1559,144,40
438,55,330,Shamela0021821,815,761,1159,212,65
438,0,196,JK001110,40,854,1050,158,100
438,122,275,Sham19Y0145210,2557,544,702,124,96
438,122,330,Rafed0003943Vols,638,423,632,169,99
438,330,687,Shamela0010273,1165,368,852,187,45
438,122,341,Shamela0010273,1169,359,576,171,95
438,1139,1555,Tafsir01006,657,487,1011,237,50
438,0,275,Tafsir06048,489,550,1185,222,43
438,149,330,Sham19Y0014404,635,0,615,147,29
438,0,330,QuranAnalysis001,94,1076,1406,267,100
438,330,717,Rafed0001713Vols,1102,491,906,218,59
438,844,1555,Rafed0001713Vols,1103,152,1142,288,31
438,112,330,Rafed0001713Vols,1107,108,327,177,99
438,959,1555,Shamela0000041,1210,689,1457,244,31
438,0,196,Shamela0000041,1213,784,979,157,99
438,156,330,Shamela0000041,1214,203,419,141,80
438,0,216,Shamela0023578,1531,1312,1527,174,99
439,1036,1533,Sham19Y0020891,2731,438,711,149,34
439,1022,1533,JK001496,934,448,734,151,34
439,1266,1547,Tafsir04042,1060,0,331,101,33
439,863,1533,Shamela0023578,1535,98,671,225,35
440,165,410,Shia001432Vols,715,517,762,191,98
440,519,629,Shia001432Vols,1151,659,769,87,100
440,6,635,Shia001432Vols,2485,1047,1478,320,63
440,145,339,Shia001432Vols,20808,1166,1361,141,91
440,6,292,Shamela0023632,1755,302,484,145,63
440,292,519,Shamela0023632,1756,299,526,178,100
440,519,685,Shamela0023632,1757,50,216,132,100
440,6,702,JK009268,2453,244,836,451,82
440,38,317,Sham19Y0023618,832,1198,1609,162,41
440,6,414,Shamela0023628,1823,699,1003,238,73
440,6,519,Rafed0003257Vols,2835,186,700,318,64
440,519,702,Rafed0003257Vols,2838,78,258,143,98
440,6,238,Shamela0022593,1103,817,1366,118,27
440,410,685,Shamela0022593,1104,686,1286,203,43
440,6,855,Sham19Y0020891,2731,703,1454,238,23
440,347,629,Sham19Y0020891,2735,235,666,217,63
440,165,375,JK006889,48,1386,1595,165,99
440,165,410,Tafsir09068,566,252,961,192,34
440,6,317,JK009270,2188,1346,1550,164,65
440,339,685,JK009270,2193,266,610,271,99
440,165,525,Meshkat0014420,2315,702,1061,279,98
440,519,691,Meshkat0014420,2318,1022,1193,133,97
440,6,354,JK006476,689,1030,1300,185,64
440,317,643,JK006476,690,929,1264,244,91
440,20,519,ShamAY0036821,1159,0,393,310,78
440,6,414,Tafsir02067,412,109,672,244,50
440,165,300,Shamela0012820,228,874,1291,106,32
440,0,868,Zaydiyya0000062,773,426,1100,385,47
440,384,676,Zaydiyya0000062,774,656,1019,230,79
440,165,339,Shamela0037458,1783,184,358,138,100
440,519,702,Shamela0037458,1785,527,762,145,77
440,6,410,JK000791,1020,287,869,250,54
440,317,685,JK000791,1021,119,516,264,82
440,165,339,Shamela0001524,2455,121,295,138,100
440,6,609,JK007018,305,618,1474,385,50
440,501,685,Sham19Y0029676,505,1357,1535,136,93
440,165,438,JK009396,634,1225,1497,215,99
440,519,702,JK009396,635,567,762,145,93
440,14,519,Sham19Y0023608,1851,47,674,359,73
440,519,685,Sham19Y0023608,1854,439,605,132,100
440,448,685,Meshkat00042488,717,440,1199,185,30
440,6,339,Shamela0022371,202,546,715,101,34
440,6,311,ShamAY0033108,851,195,800,174,35
440,0,792,Shia002356Vols,516,239,1082,573,83
440,519,629,Hindawi019272704,17,966,1076,87,100
440,168,685,Tafsir04038,272,244,730,273,58
440,0,863,JK001496,934,985,1446,275,37
440,410,629,JK001496,936,231,449,172,99
440,165,339,Shamela0011573,21,352,526,138,100
440,6,311,Tafsir02091,1044,438,1041,175,35
440,0,266,Tafsir02102,2299,195,394,132,59
440,6,394,Shamela0008473,2420,1074,1568,230,51
440,519,685,Shia003990,47,611,784,132,95
440,410,668,JK006474,1725,785,1478,198,35
440,165,339,Shamela0003055,1148,261,435,138,100
440,165,339,Shamela0003055,2226,76,250,138,100
440,165,339,Shamela0003055,3512,406,580,138,100
440,165,410,Shamela0003055,3693,278,522,192,99
440,6,685,Shamela0023591,3840,781,1356,447,83
440,69,519,Shamela0023591,3855,660,1483,347,53
440,476,685,Shamela0023591,3859,138,354,152,89
440,165,643,JK009266,4918,1027,1500,374,98
440,6,536,Shamela0021821,816,208,807,324,62
440,492,702,Shamela0021821,817,0,223,165,90
440,168,519,Shamela0007597,212,1078,1429,276,100
440,165,580,JK001110,40,1056,1470,326,99
440,168,425,JK006876,25,589,840,196,96
440,6,343,JK001420,443,221,592,89,19
440,6,339,JK007094,217,998,1299,94,27
440,296,685,Shamela0011354,154,128,516,307,99
440,165,410,JK006478,4891,1078,1323,193,99
440,6,296,Rafed0003943Vols,638,577,763,146,63
440,292,685,Rafed0003943Vols,639,1009,1402,310,100
440,519,629,Hindawi079538572,192,1262,1372,87,100
440,275,519,Shamela0010273,1171,0,244,192,100
440,519,702,Shamela0007798,4943,542,741,107,68
440,6,1297,Sham19Y0014404,635,560,1566,348,25
440,410,685,Sham19Y0014404,636,166,768,217,45
440,14,292,Meshkat00057178,1923,394,886,173,42
440,6,462,Masaha000554Vols,2260,1240,1691,274,63
440,410,676,Masaha000554Vols,2262,688,1005,208,83
440,6,339,QuranAnalysis001,94,1351,1579,183,68
440,339,685,QuranAnalysis001,95,0,346,272,100
440,519,685,SyriacStudies00001,72,949,1115,132,100
440,0,330,Rafed0001713Vols,1107,1185,1602,229,67
440,476,685,Rafed0001713Vols,1109,539,855,166,66
440,484,629,Shamela0000432,4224,799,933,94,83
440,519,676,Zaydiyya0000476,155,381,796,124,37
440,519,676,Zaydiyya0000476,209,95,510,124,37
440,339,685,Tafsir04056,3726,504,1362,166,24
440,6,339,Shamela0000041,1214,364,593,183,68
440,347,764,Shamela0000041,1215,0,367,280,85
440,6,739,Shamela0023578,1535,663,1541,507,71
440,213,685,Shamela0023578,1536,0,1007,370,46
441,713,922,Shamela0008381,5991,1225,1434,166,100
441,709,1076,ShamAY0037152,363,815,1244,282,82
441,882,1299,Shia001432Vols,1772,91,255,118,36
441,709,1418,Shia001432Vols,2486,60,542,374,65
441,179,467,Shamela0023632,1757,50,199,114,50
441,686,922,Shamela0023632,1757,1259,1494,188,99
441,1141,1414,Shamela0023632,1762,1232,1504,218,98
441,709,1414,JK009268,2461,706,1411,565,100
441,709,922,JK000903,1,422,635,169,100
441,686,957,Sham19Y0023618,834,187,458,215,100
441,886,1405,Sham19Y0023618,835,0,544,390,89
441,755,1095,Shamela0023628,1828,1061,1387,253,93
441,992,1299,Shamela0023628,1831,245,979,247,41
441,1210,1405,Shamela0023628,1834,984,1321,149,55
441,793,957,Rafed0003257Vols,2846,0,164,130,100
441,1141,1405,Rafed0003257Vols,2852,73,337,212,100
441,755,922,Rafed0003257Vols,5252,15,182,133,100
441,755,961,Sham19Y0020891,2742,405,611,163,100
441,1101,1299,Sham19Y0020891,2747,1123,1335,147,83
441,1210,1418,Tafsir09068,569,593,1262,162,30
441,709,922,JK009270,2197,45,258,169,100
441,922,1154,JK009270,2203,1213,1441,177,95
441,1141,1423,JK009270,2206,871,1153,222,97
441,755,1101,ShamAY0034106,145,1073,1432,160,44
441,686,957,Meshkat0014420,2320,672,954,215,96
441,862,1141,Meshkat0014420,2323,907,1274,184,57
441,1141,1414,Meshkat0014420,2326,499,772,220,100
441,1125,1414,JK006476,694,726,1067,221,80
441,713,1414,ShamAY0036821,1163,402,1101,556,99
441,54,619,Meshkat00042485,3362,691,1187,315,61
441,634,926,Zaydiyya0000062,776,467,748,222,94
441,1101,1294,Zaydiyya0000062,778,581,810,150,78
441,1225,1405,Zaydiyya0000062,779,56,445,141,45
441,713,926,Shamela0008555,82,554,772,169,97
441,686,926,Shamela0037458,1786,1178,1418,190,99
441,922,1095,Shamela0037458,1789,620,806,125,85
441,738,961,JK000791,1023,287,522,172,92
441,1040,1299,JK000791,1025,1140,1425,208,90
441,1225,1414,Shamela0000922,621,75,585,152,37
441,389,957,JK007018,306,4,464,292,63
441,1029,1414,JK007018,307,895,1446,299,67
441,179,957,JK009396,635,567,1268,342,44
441,1141,1414,JK009396,638,633,906,220,100
441,686,957,Sham19Y0023608,1856,240,511,215,100
441,922,1061,Sham19Y0023608,1858,158,445,112,48
441,1061,1405,Sham19Y0023608,1861,743,1087,276,100
441,1225,1353,Sham19Y0023608,1864,292,872,100,21
441,922,1299,Sham19Y0023608,1941,382,497,86,29
441,897,1061,Meshkat00042488,719,724,1039,130,51
441,1196,1405,ShamIbadiyya0000075,388,644,1288,152,29
441,713,922,Shamela0021537,831,628,837,166,100
441,957,1414,Shamela0022371,202,805,1119,186,50
441,686,1061,Shia002356Vols,517,1073,1446,298,99
441,1061,1418,Shia002356Vols,519,178,534,284,99
441,179,992,Tafsir04038,272,495,1267,352,41
441,54,427,Shia002380Vols,347,1143,1545,242,67
441,738,1054,Shia002380Vols,348,377,1144,248,40
441,755,1384,Shamela0001419,213,747,1050,128,23
441,755,957,JK001496,938,924,1126,160,100
441,1225,1414,Tafsir02102,2305,235,660,149,43
441,686,957,Shamela0008473,2423,125,396,215,100
441,882,1061,Shamela0008473,2424,635,1062,143,41
441,1128,1414,Shamela0008473,2426,308,604,230,96
441,54,562,Shia002382Vols,856,494,987,275,58
441,713,957,ShamAY0036031,62,928,1172,193,100
441,686,1405,Shamela0023591,3860,599,1318,576,100
441,709,961,Shamela0023591,3863,277,529,196,98
441,1040,1405,Shamela0023591,3871,133,472,229,80
441,709,957,JK009266,4925,255,503,196,100
441,686,957,Shamela0021821,817,1081,1352,215,100
441,1154,1414,Shamela0021821,820,99,482,162,48
441,922,1141,JK001110,41,143,362,176,100
441,634,922,JK001110,79,564,807,184,81
441,709,922,Shamela0022653,111,1303,1515,168,99
441,718,957,JK006478,4899,1240,1504,181,82
441,586,926,Rafed0003943Vols,642,396,685,218,81
441,1020,1405,Rafed0003943Vols,645,453,840,293,92
441,686,957,Zaydiyya0000148,40,614,884,215,99
441,179,619,Shamela0010273,1174,136,531,214,52
441,648,922,Shamela0010273,1174,1169,1554,210,65
441,922,1076,Shamela0010273,1175,0,146,112,91
441,922,1061,Shamela0007798,4949,40,522,112,28
441,54,619,Tafsir01006,660,129,636,312,59
441,759,1061,Sham19Y0014404,637,38,908,239,34
441,54,1414,QuranAnalysis001,95,137,1058,730,67
441,33,467,Rafed0001713Vols,1109,483,838,209,51
441,686,957,Rafed0001713Vols,1110,763,1034,215,100
441,1128,1405,Rafed0001713Vols,1113,312,612,222,92
441,1225,1384,Tafsir04042,1066,891,1396,122,30
441,917,1150,Zaydiyya0000476,158,289,682,183,57
441,917,1150,Zaydiyya0000476,212,9,402,183,57
441,179,926,Shamela0000041,1215,693,1364,386,59
441,882,1061,Shamela0000041,1216,1122,1324,144,88
441,686,1141,Shamela0023578,1537,550,1005,364,100
441,1101,1405,Shamela0023578,1539,1061,1426,234,79
442,140,471,Meshkat00042485,3366,127,478,130,37
442,484,786,Meshkat00042485,3368,1125,1462,128,38
442,11,525,Shamela0021766,2095,448,1302,247,32
442,144,288,Zaydiyya0000295Vols,1770,983,1103,74,67
442,74,385,JK001496,938,730,1314,123,22
442,278,821,Shia002382Vols,857,51,559,260,50
442,229,821,Tafsir01006,661,0,1021,276,30
442,74,512,Rafed0001713Vols,1111,185,1036,209,28
442,393,821,Shamela0000041,1216,518,1242,215,34
442,74,821,JK000876,613,320,1164,361,46
443,1397,1572,Shia001432Vols,2486,547,723,139,99
443,1212,1397,Shia001432Vols,22720,1246,1430,150,99
443,1212,1397,Shia001432Vols,22722,962,1146,150,99
443,1212,1397,Shamela0023632,1764,608,792,150,99
443,1397,1572,Shamela0023632,1765,917,1093,139,99
443,768,1349,JK009268,2461,1222,1547,258,55
443,1349,1572,JK009268,2462,0,224,179,99
443,1212,1397,JK000363,125,343,528,151,100
443,902,1572,Sham19Y0023618,836,271,816,346,63
443,407,1420,Shamela0023628,1834,621,1535,388,38
443,1048,1397,Rafed0003257Vols,2855,322,684,197,55
443,1371,1518,Rafed0003257Vols,2858,446,641,115,75
443,85,1205,Tafsir09083,630,68,1342,384,31
443,1251,1518,JK009270,2209,0,267,213,100
443,1212,1397,Meshkat0014420,2329,559,744,151,100
443,1397,1572,Meshkat0014420,2331,552,728,139,99
443,768,1492,JK006476,695,108,898,400,51
443,768,1572,ShamAY0036821,1163,912,1460,435,67
443,895,1235,Meshkat00042485,3375,1168,1619,201,48
443,1212,1397,Sham19Y0014592,2180,455,640,151,100
443,539,864,Sham19Y0013550,301,657,1006,129,41
443,1334,1572,Zaydiyya0000062,780,109,350,188,96
443,768,1212,Shamela0021766,2099,503,1566,272,29
443,1048,1518,Shamela0000922,621,660,1251,253,50
443,1212,1397,Sham19Y0009800,241,539,723,150,99
443,1212,1397,Tafsir07076,4790,154,322,99,65
443,768,1377,JK007018,307,1257,1610,282,57
443,1377,1572,JK007018,308,0,196,155,99
443,1212,1572,JK009396,639,103,464,290,99
443,599,845,Sham19Y0023608,1864,13,369,102,30
443,1397,1572,Sham19Y0023608,1866,1140,1316,139,99
443,1231,1371,JK000381,3316,0,140,114,100
443,1265,1397,JK000381,4482,0,132,108,100
443,1212,1397,JK000381,4635,1134,1319,151,100
443,1212,1397,JK000381,7980,184,369,151,100
443,1212,1397,JK000381,8045,1053,1238,151,100
443,1339,1488,Meshkat00042488,722,1087,1515,119,34
443,1339,1483,ShamAY0033108,856,742,1048,115,47
443,1397,1572,JK010729,175,216,392,139,99
443,1202,1572,Shia002356Vols,520,358,1106,292,48
443,423,1302,Shia002380Vols,349,0,1059,313,29
443,1212,1397,JK001496,942,525,711,151,99
443,1212,1371,JK000898,2,1127,1286,130,100
443,1339,1483,Tafsir02091,1049,1007,1312,115,47
443,762,1212,Tafsir02102,2305,229,670,205,43
443,1212,1397,Tafsir02102,2684,1439,1624,151,100
443,1212,1397,Shamela0008473,2429,1138,1323,151,100
443,1397,1572,Shamela0008473,2430,782,958,139,99
443,757,1202,Shia002382Vols,859,183,631,220,49
443,1212,1397,ShamAY0036031,142,951,1136,151,100
443,1212,1371,JK000378,2,1104,1263,130,100
443,1212,1397,JK000378,205,524,709,151,100
443,768,1431,Shamela0023591,3860,1138,1543,322,60
443,1431,1572,Shamela0023591,3861,0,142,112,99
443,1131,1572,JK009266,4941,674,1160,309,72
443,1131,1397,Shamela0021821,820,846,1087,186,84
443,1355,1572,Shamela0021821,821,170,412,174,89
443,1212,1397,JK000351,41,507,692,151,100
443,1212,1371,JK000077,112,111,270,130,100
443,1371,1507,JK009362,4025,1251,1615,107,36
443,1212,1403,JK001110,79,813,1004,152,97
443,1270,1497,JK001420,445,429,895,178,47
443,1212,1397,Shamela0022653,337,1127,1323,150,93
443,1212,1397,JK000008,72,111,295,150,99
443,1154,1397,JK006478,4911,457,683,162,81
443,1212,1572,Rafed0003943Vols,646,994,1355,289,99
443,1212,1397,Shamela0010273,1183,603,787,150,99
443,1397,1572,Shamela0010273,1184,1037,1213,139,99
443,1212,1397,Shamela0007798,4962,238,623,151,48
443,777,1240,Tafsir01006,663,0,818,283,39
443,1343,1518,Sham19Y0014404,639,270,575,139,57
443,1212,1397,JK000379,95,212,408,151,94
443,768,1572,QuranAnalysis001,95,869,1419,437,67
443,1212,1397,JK000372,28,179,364,151,100
443,1212,1397,JK000028,332,214,399,151,100
443,259,1140,Rafed0001713Vols,1113,255,600,248,34
443,757,1120,Rafed0001713Vols,1114,292,939,198,34
443,1131,1397,Rafed0001713Vols,1114,1127,1494,205,68
443,1397,1572,Rafed0001713Vols,1115,980,1157,139,98
443,1212,1397,Tafsir07057,3263,141,326,151,100
443,1212,1397,JK006950,2281,1231,1416,151,100
443,1212,1397,JK006950,2347,516,701,151,100
443,1212,1397,JK006950,2464,789,974,151,100
443,599,842,Tafsir02094,1771,848,1210,108,37
443,288,842,Shamela0000041,1218,264,673,213,37
443,1048,1535,Shamela0000041,1219,177,674,303,66
443,768,1321,Shamela0023578,1539,1246,1541,233,52
443,1321,1572,Shamela0023578,1540,0,252,201,99
444,360,460,Shia001432Vols,5324,0,100,78,100
444,460,644,Shia001432Vols,8847,205,389,150,100
444,852,1005,Shia001432Vols,20808,1365,1518,128,100
444,852,1005,Shia001432Vols,21748,564,717,121,90
444,460,852,Shia001432Vols,22621,1114,1506,318,100
444,275,460,Shamela0023632,1769,612,797,146,100
444,460,768,Shamela0023632,1772,558,866,250,100
444,768,1005,Shamela0023632,1774,554,791,196,100
444,0,1005,JK009268,2462,224,1231,813,99
444,460,768,JK000903,17,679,987,250,100
444,23,818,Sham19Y0023618,838,236,1078,640,94
444,710,1005,Sham19Y0023618,841,137,419,179,69
444,0,194,Shamela0023628,1838,80,274,156,100
444,194,460,Shamela0023628,1840,418,684,211,100
444,434,768,Shamela0023628,1844,881,1303,271,79
444,727,1010,Shamela0023628,1846,529,902,229,74
444,275,1005,Rafed0003257Vols,2867,286,1016,592,100
444,515,818,Tafsir09084,1197,414,1296,214,30
444,259,460,Sham19Y0020891,2760,581,782,159,100
444,325,852,Sham19Y0020891,2763,691,1332,380,72
444,855,1005,Shamela0023606,238,0,620,126,24
444,275,483,Tafsir09068,572,24,524,155,39
444,583,895,Tafsir09068,573,535,1622,246,27
444,460,644,JK010001,1294,500,684,150,100
444,644,768,JK010001,2720,1442,1566,100,100
444,0,152,JK009270,2212,1396,1547,122,99
444,325,644,JK009270,2216,0,319,257,100
444,506,852,JK009270,2219,806,1110,219,75
444,852,1010,JK009270,2223,861,1019,130,98
444,275,761,Meshkat0014420,2336,1073,1558,390,99
444,852,1005,Meshkat0014420,2342,1103,1256,128,100
444,393,751,JK000865,286,101,768,276,51
444,353,644,JK006476,699,67,364,232,97
444,774,980,JK006476,700,1150,1365,170,95
444,460,644,JK000101,410,327,511,150,100
444,74,1010,ShamAY0036821,1164,0,932,749,99
444,280,1010,ShamAY0036821,1169,280,1006,585,98
444,460,644,Shamela0029677,1177,324,508,150,100
444,275,727,Tafsir02104,232,824,1519,228,38
444,275,460,Sham19Y0147312,963,50,235,146,100
444,460,818,Sham19Y0147312,964,657,1116,288,77
444,852,1005,Sham19Y0147312,965,754,1067,128,48
444,644,993,Tafsir02067,417,38,782,278,45
444,0,363,Sham19Y0013550,301,1051,1545,164,31
444,644,786,Sham19Y0013550,372,228,374,109,93
444,275,574,Zaydiyya0000062,783,123,424,238,99
444,479,786,Zaydiyya0000062,784,236,592,215,73
444,676,921,Zaydiyya0000062,784,1316,1630,168,65
444,275,434,Shamela0006105,241,1170,1420,125,63
444,325,460,Shamela0037458,1803,0,135,107,100
444,399,644,Shamela0037458,1805,695,904,160,81
444,637,818,Shamela0037458,1807,9,189,143,97
444,755,1005,Shamela0037458,1808,241,504,166,63
444,275,583,JK000791,1030,468,776,246,100
444,583,727,JK000791,1033,1290,1611,116,44
444,818,1005,JK000791,1035,56,243,155,100
444,275,460,Shamela0000922,622,1084,1269,146,100
444,300,644,Shamela0000922,623,635,1514,197,27
444,622,1005,Shamela0000922,624,55,1112,218,24
444,0,460,JK007018,308,196,944,367,61
444,852,1005,JK007018,309,1145,1299,128,99
444,393,852,JK007018,309,67,531,340,89
444,0,460,JK009396,639,464,926,367,99
444,460,840,JK009396,640,1177,1556,308,99
444,275,460,Sham19Y0023608,1872,1387,1572,146,100
444,393,1005,Sham19Y0023608,1874,343,1329,493,61
444,262,906,JK000818,260,139,1505,479,43
444,275,483,Meshkat00042488,725,247,455,151,92
444,460,900,Meshkat00042488,726,18,1128,327,35
444,768,1005,Meshkat00042488,727,265,1072,168,24
444,320,761,ShamIbadiyya0000075,391,295,1372,327,37
444,460,644,Shamela0012034,292,496,680,150,100
444,162,1005,Rafed0003726Vols,633,251,1289,533,59
444,118,1005,Shamela0022371,203,14,701,292,31
444,102,464,Shia002356Vols,521,965,1357,283,90
444,353,852,Shia002356Vols,522,799,1346,365,79
444,727,1005,Shia002356Vols,523,384,866,203,51
444,473,1005,Tafsir04038,276,0,673,291,49
444,275,510,Shia002380Vols,351,947,1514,174,38
444,510,1005,Shia002380Vols,352,0,1243,390,38
444,460,644,Shamela0001419,550,655,839,150,100
444,259,460,JK001496,945,1117,1323,159,97
444,353,852,JK001496,946,752,1343,371,75
444,780,1005,JK001496,947,1048,1591,173,38
444,583,768,Tafsir02102,2312,609,973,143,48
444,275,460,Shamela0008473,2432,417,602,146,100
444,363,852,Shamela0008473,2434,214,1081,394,56
444,515,818,Shamela0008473,2435,187,1422,241,24
444,821,1005,Shamela0008473,2436,875,1059,153,100
444,418,751,Shia002382Vols,864,631,1498,268,38
444,745,1005,Shia002382Vols,865,31,650,208,40
444,460,644,Tafsir07055,1354,875,1059,150,100
444,0,1010,Shamela0023591,3861,142,1152,815,99
444,259,464,Shamela0023591,3882,217,417,148,92
444,460,852,Shamela0023591,3884,858,1250,318,100
444,852,1005,Shamela0023591,3887,882,1035,128,100
444,275,761,JK009266,4953,1008,1493,390,99
444,761,954,JK009266,4954,0,196,149,92
444,460,768,ShamIbadiyya0000231,165,52,360,250,100
444,175,556,Shamela0021821,822,1036,1504,294,78
444,556,1005,Shamela0021821,823,0,449,368,100
444,515,768,Rafed0003793Vols,757,691,888,136,67
444,515,768,Rafed0003793Vols,823,927,1098,132,65
444,460,818,Shia002389Vols,1185,549,1094,197,42
444,583,1005,Shamela0001390,2,1144,1456,184,51
444,179,460,JK009362,4034,3,286,168,70
444,194,418,JK001420,445,1105,1455,178,64
444,312,768,JK001420,446,581,860,135,36
444,595,768,Shamela0022653,128,0,173,140,100
444,275,460,JK006478,4923,535,723,146,98
444,622,852,JK006478,4928,1138,1431,184,77
444,347,946,Tafsir08060,244,568,1556,416,51
444,118,460,Rafed0003943Vols,648,1171,1513,273,100
444,409,852,Rafed0003943Vols,650,996,1427,325,91
444,727,1010,Rafed0003943Vols,651,896,1283,176,48
444,206,473,Shamela0010273,1187,1160,1500,167,63
444,460,1005,Shamela0010273,1190,232,777,446,100
444,152,460,Shamela0007798,4970,1004,1425,217,60
444,583,768,Shamela0007798,4980,150,795,150,28
444,316,583,Tafsir06048,495,25,793,201,32
444,768,1005,Tafsir06048,496,574,1103,196,44
444,464,637,Shia001135,33,1456,1628,140,99
444,275,460,Sham19Y0014404,640,1001,1186,146,100
444,353,818,Sham19Y0014404,641,9,1467,366,31
444,818,1005,Sham19Y0014404,642,48,459,154,45
444,275,460,Meshkat00057178,1941,84,269,146,100
444,386,583,Meshkat00057178,1942,554,1087,158,36
444,583,786,Meshkat00057178,1943,126,578,159,43
444,275,434,Masaha000554Vols,2291,1430,1587,125,98
444,460,843,Masaha000554Vols,2296,211,598,306,96
444,852,1005,Masaha000554Vols,2300,627,871,102,50
444,363,811,JK000447,354,126,610,170,35
444,69,1010,QuranAnalysis001,96,0,941,759,99
444,727,1005,JK000028,288,1071,1242,138,60
444,275,460,Shamela0023596,138,103,288,146,100
444,852,1005,Shia004015,293,1178,1331,128,100
444,460,644,Shia004015,294,1291,1475,150,100
444,275,434,Sham19Y0020879,423,148,401,125,62
444,275,460,Rafed0001713Vols,1118,411,596,146,100
444,353,852,Rafed0001713Vols,1119,257,946,402,72
444,830,1005,Rafed0001713Vols,1121,114,277,136,93
444,644,768,Shamela0030868,62,774,898,100,100
444,418,556,Tafsir04042,1071,206,344,111,100
444,200,434,Kraken22041020274101,91,313,576,137,60
444,275,418,Shamela0009428,3,108,367,113,55
444,488,988,Tafsir02094,1785,0,246,122,28
444,347,460,Shamela0000041,1221,0,113,89,100
444,375,583,Shamela0000041,1222,672,895,156,86
444,521,861,Shamela0000041,1223,0,337,269,97
444,727,1010,Shamela0000041,1223,880,1323,217,59
444,0,275,Shamela0023578,1540,252,527,221,100
444,118,852,Shamela0023578,1543,717,1409,529,86
444,275,547,Shamela0023578,1545,400,1130,188,33
444,644,1010,Shamela0023578,1546,851,1377,270,58
444,843,993,Shamela0023578,1547,1120,1402,121,51
444,275,434,JK000094,613,443,635,125,82
445,796,1195,Shamela0010273,1185,680,1547,208,28
445,39,541,Tafsir01006,664,272,746,198,40
445,39,1001,Rafed0001713Vols,1116,55,1423,349,25
445,938,1481,Shamela0000041,1220,769,1347,211,35
445,188,545,JK000876,616,96,615,138,32
446,1066,1309,Shamela0021766,2107,576,944,154,49
446,672,1570,JK000818,260,290,938,326,39
446,468,1485,ShamIbadiyya0000075,391,75,928,362,36
446,783,1505,Shia002382Vols,864,271,934,279,35
446,783,1458,Tafsir08060,244,574,997,244,40
446,672,1393,Tafsir01006,666,871,1532,295,39
446,672,1170,Tafsir06048,495,44,399,131,28
446,679,1477,Rafed0001713Vols,1119,102,716,300,37
446,790,1420,JK000876,618,0,497,203,30
447,904,1118,Shia001432Vols,3456,1288,1501,168,98
447,1118,1571,Shia001432Vols,3457,0,451,357,98
447,1246,1357,Shia001432Vols,8387,607,719,89,99
447,999,1568,Shia001432Vols,22872,860,1291,334,73
447,1004,1141,Shia002185Vols,925,1392,1520,102,93
447,904,1141,Shamela0023632,1775,836,1073,188,100
447,1141,1434,Shamela0023632,1777,1103,1408,212,87
447,1361,1571,Shamela0023632,1779,97,503,162,50
447,904,1571,JK009268,2477,316,985,532,99
447,1141,1571,Sham19Y0023618,842,459,891,343,99
447,1246,1357,Shia004030Vols,738,444,556,89,99
447,1004,1141,Shamela0010551,445,1048,1185,109,100
447,320,1022,Shamela0023628,1846,563,1010,296,48
447,948,1405,Shamela0023628,1848,14,830,363,55
447,1242,1429,Shamela0023628,1849,1026,1564,145,33
447,1429,1571,Shamela0023628,1850,0,143,114,99
447,841,1559,Rafed0003257Vols,2873,510,1310,547,84
447,999,1148,Sham19Y0020891,2770,87,711,114,23
447,1125,1571,Sham19Y0020891,2773,20,480,356,96
447,1242,1405,JK010001,2788,861,1232,130,43
447,999,1357,JK010001,3919,535,718,138,48
447,617,1141,JK009270,2223,861,1251,316,74
447,1141,1405,JK009270,2229,665,934,209,95
447,1405,1571,JK009270,2232,385,550,132,98
447,867,1141,Meshkat0014420,2344,35,325,199,86
447,1141,1494,Meshkat0014420,2346,1231,1580,282,98
447,320,749,JK000865,286,954,1581,193,35
447,1038,1458,JK000865,287,620,1529,313,43
447,673,1104,JK006476,701,481,1020,246,51
447,1104,1322,JK006476,702,628,852,173,97
447,1242,1571,JK006476,703,393,704,233,86
447,555,1519,ShamAY0036821,1164,742,1535,634,81
447,555,1250,ShamAY0036821,1169,816,1342,423,75
447,1250,1571,ShamAY0036821,1172,64,382,254,97
447,19,512,Meshkat00042485,3391,305,944,225,36
447,242,779,Meshkat00042485,3392,546,1075,244,40
447,1405,1559,JK000081,936,557,715,123,97
447,1030,1514,Tafsir02104,233,872,1522,300,50
447,985,1141,Sham19Y0147312,966,860,1024,121,93
447,1242,1559,Sham19Y0147312,969,604,1263,251,47
447,904,1286,Shamela0004445,144,1160,1540,303,99
447,1286,1571,Shamela0004445,145,0,285,229,99
447,1100,1250,Shamela0004445,152,1074,1283,114,69
447,1152,1559,Shamela0004445,153,24,1186,313,33
447,183,1182,Tafsir02067,417,159,1555,471,37
447,904,1141,Sham19Y0014592,1519,93,485,188,60
447,1250,1405,Sham19Y0014592,1523,1192,1346,124,99
447,1398,1559,Sham19Y0013550,303,249,409,124,96
447,387,779,Zaydiyya0000062,785,144,736,207,37
447,841,1134,Zaydiyya0000062,785,1063,1389,210,80
447,1100,1398,Zaydiyya0000062,786,1093,1446,234,81
447,1333,1571,Zaydiyya0000062,787,867,1349,181,46
447,1405,1559,Shamela0010517,43,1120,1274,123,100
447,904,1559,Noorlib0000587,228,551,1205,521,99
447,400,879,Shamela0037458,1808,107,504,214,48
447,904,1141,Shamela0037458,1809,1179,1416,188,100
447,1125,1357,Shamela0037458,1811,768,1018,186,92
447,1333,1571,Shamela0037458,1813,561,872,191,76
447,904,1357,JK000791,1037,846,1300,361,99
447,1357,1538,JK000791,1039,1380,1560,144,99
447,985,1148,Shamela0000922,625,43,213,124,91
447,1242,1559,Shamela0000922,626,71,442,218,71
447,999,1559,Sham19Y0009800,75,84,645,446,99
447,994,1141,Tafsir07076,2977,244,393,117,98
447,1053,1559,Tafsir07076,6249,217,605,197,42
447,904,1057,JK010427,5,1430,1582,121,99
447,617,1053,JK007018,309,1145,1536,245,60
447,1053,1571,JK007018,310,0,776,396,64
447,1405,1559,Shamela0037325,512,810,964,123,100
447,562,742,JK009396,641,1325,1569,110,49
447,904,1141,JK009396,642,288,525,188,100
447,1242,1571,JK009396,643,664,1420,258,42
447,904,1141,Sham19Y0023608,1877,1382,1619,188,100
447,904,1100,Sham19Y0023608,1878,504,1346,156,23
447,1141,1559,Sham19Y0023608,1879,454,873,333,99
447,904,1141,Shamela0009637,10,1291,1528,188,100
447,904,1571,Hindawi062413635,22,600,1268,532,99
447,1282,1405,Zaydiyya0000408,395,729,856,95,92
447,904,1145,Meshkat00042488,728,10,819,150,21
447,904,1571,Shia003721Vols,52,378,1047,532,99
447,1100,1291,Shia003721Vols,61,678,1325,151,29
447,999,1125,Shamela0023788,185,1464,1589,100,99
447,1182,1514,Rafed0003726Vols,660,323,809,89,17
447,1242,1405,Shamela0004473,10565,1351,1514,130,100
447,904,1152,Shamela0004473,11099,1297,1574,196,89
447,904,1242,Shamela0004473,11612,730,1068,269,100
447,1270,1559,Shamela0004473,12822,1077,1549,216,57
447,1141,1559,Shamela0004473,12828,417,1140,292,50
447,904,1141,Sham19Y0030863,18,969,1206,188,100
447,706,1145,Shamela0022371,203,629,944,184,52
447,706,1078,ShamAY0033108,861,118,1036,206,27
447,904,1170,Sham19Y0145435,4933,1296,1560,210,99
447,1170,1571,Sham19Y0145435,4934,0,399,322,99
447,1100,1357,Sham19Y0145435,4942,493,1276,192,30
447,841,1178,Shia002356Vols,523,1314,1616,226,82
447,1208,1528,Shia002356Vols,524,1143,1550,249,75
447,1368,1559,LMN20200928,19,1441,1564,94,61
447,394,1559,Tafsir04038,276,397,1235,423,42
447,10,1100,Shia002380Vols,352,392,1498,507,46
447,1100,1571,Shia002380Vols,353,39,1159,356,39
447,1152,1383,Shamela0001419,179,443,570,78,44
447,1246,1357,Shia003692,268,703,815,89,99
447,999,1141,JK001496,948,966,1108,113,100
447,1125,1571,JK001496,949,943,1411,353,92
447,706,1078,Tafsir02091,1054,424,1334,206,27
447,0,359,Tafsir02102,2312,749,995,156,52
447,904,1141,Shamela0008473,2437,642,879,188,100
447,1141,1414,Shamela0008473,2439,81,627,214,48
447,1405,1559,Shamela0008473,2439,1166,1320,123,100
447,320,1089,Shia002382Vols,865,38,1034,435,49
447,1242,1462,Shia002382Vols,866,13,514,167,42
447,1242,1409,Tafsir07055,2878,412,791,128,41
447,999,1357,Tafsir07055,4031,755,936,138,48
447,1405,1559,Shamela0003055,3699,700,854,123,100
447,1242,1357,Shia003754Vols,59,6,122,92,99
447,314,1282,Shamela0023591,3861,887,1524,508,64
447,1282,1571,Shamela0023591,3862,0,291,232,99
447,904,1141,Shamela0023591,3888,970,1207,188,100
447,1246,1559,Shamela0023591,3894,1289,1602,249,99
447,925,1295,Shamela0023591,3895,440,808,93,23
447,1405,1559,JK000371,421,988,1142,123,100
447,904,1542,JK009266,4962,890,1521,505,98
447,320,596,JK000458,1585,974,1528,148,32
447,867,1571,Shamela0021821,826,0,706,543,96
447,1242,1361,Shamela0021821,827,1199,1533,91,34
447,999,1145,Hindawi030353837,584,261,407,113,97
447,999,1141,JK009362,4050,66,208,113,100
447,1405,1559,JK009362,4059,897,1051,123,100
447,1291,1405,JK009362,5748,1311,1426,92,99
447,706,1141,JK001420,447,57,696,245,41
447,1141,1538,JK001420,448,321,939,187,30
447,999,1242,Shia001625,67,1256,1512,194,94
447,999,1559,Shia001625,72,205,891,443,80
447,999,1141,JK006478,4935,131,273,113,100
447,1242,1559,JK006478,4938,1146,1459,253,97
447,10,719,Tafsir08060,244,1018,1561,284,46
447,1100,1434,Tafsir08060,245,540,1308,234,37
447,617,1004,Rafed0003943Vols,651,1125,1377,206,65
447,999,1311,Rafed0003943Vols,653,633,935,215,85
447,1242,1571,Rafed0003943Vols,654,48,379,262,99
447,904,1152,Shamela0010273,1192,196,444,190,97
447,1242,1414,Shamela0010273,1193,1074,1243,132,95
447,1405,1559,Shamela0010273,1194,1131,1285,123,100
447,999,1118,Shamela0007798,4985,1406,1524,95,99
447,1214,1386,Shamela0007798,4988,1150,1362,120,71
447,1405,1559,Shamela0007798,4990,30,184,123,100
447,948,1152,JK000805,10,0,204,158,96
447,10,779,Tafsir01006,667,275,1234,413,45
447,1405,1559,Shamela0012293,1295,410,564,123,100
447,458,1094,Tafsir06048,496,615,1579,339,39
447,1148,1405,Tafsir06048,497,105,703,202,42
447,1242,1393,Tafsir04003,2027,224,965,116,19
447,1434,1559,JK006919,751,1175,1300,100,100
447,555,706,Sham19Y0014404,642,48,187,104,83
447,1100,1405,Sham19Y0014404,643,472,1584,216,23
447,1242,1357,Meshkat00057178,1948,30,144,92,99
447,904,1235,Masaha000554Vols,2301,85,420,260,96
447,1100,1214,Masaha000554Vols,2303,1106,1300,89,58
447,1214,1550,Masaha000554Vols,2304,578,926,262,93
447,314,1497,QuranAnalysis001,96,676,1528,680,71
447,617,1242,Rafed0001713Vols,1121,124,1490,364,30
447,1175,1571,Rafed0001713Vols,1123,21,818,299,46
447,904,1141,Hindawi017506357,91,675,1095,188,56
447,1141,1559,Hindawi017506357,92,841,1259,334,100
447,1405,1559,JK000122,833,993,1147,123,100
447,1004,1141,Shamela0037475,120,862,999,109,100
447,999,1141,Tafsir07057,2638,180,322,113,100
447,1405,1559,Tafsir07057,2643,457,611,123,100
447,999,1214,Tafsir04056,2352,1320,1547,170,93
447,999,1559,Tafsir04056,2357,524,1219,442,79
447,999,1121,Tafsir04056,2526,1484,1605,97,99
447,1121,1559,Tafsir04056,2527,0,357,251,71
447,394,1022,Shamela0000041,1223,956,1428,293,53
447,742,1357,Shamela0000041,1224,55,1200,401,41
447,1094,1571,Shamela0000041,1225,192,1083,374,52
447,320,1104,Shamela0023578,1546,957,1571,377,53
447,1104,1571,Shamela0023578,1547,0,469,372,99
447,867,1538,Shamela0023578,1548,21,1501,507,42
447,1242,1434,JK000876,620,945,1480,148,34
448,0,161,Shia001432Vols,1327,187,347,105,82
448,0,297,Shia001432Vols,3457,451,735,211,90
448,531,892,Shia001432Vols,22872,860,1002,106,37
448,255,892,Shamela0023632,1775,836,1073,181,35
448,60,255,Shamela0023632,1781,124,319,155,100
448,0,297,JK009268,2477,985,1269,211,90
448,0,192,Sham19Y0023618,842,891,1083,153,100
448,0,108,Shamela0010460,192,1337,1444,87,99
448,536,892,Shamela0010551,445,1048,1185,103,36
448,531,1150,Shamela0023628,1848,423,697,189,38
448,0,297,Shamela0023628,1850,143,427,211,90
448,255,1150,Rafed0003257Vols,2873,654,1023,261,36
448,0,255,Rafed0003257Vols,2879,1103,1358,204,100
448,0,255,Sham19Y0020891,2778,390,763,204,68
448,35,192,Tafsir09068,575,922,1198,113,51
448,248,892,JK009270,2223,1007,1251,184,36
448,0,192,JK009270,2232,550,742,153,100
448,0,195,JK000322,32,1040,1238,153,96
448,255,892,Meshkat0014420,2344,88,325,181,35
448,0,192,Meshkat0014420,2350,368,560,153,100
448,51,255,JK006476,704,419,632,163,95
448,248,1150,ShamAY0036821,1164,920,1291,264,37
448,0,297,ShamAY0036821,1165,50,333,210,89
448,248,1121,ShamAY0036821,1169,994,1336,258,37
448,0,195,ShamAY0036821,1172,382,576,154,99
448,0,192,Shamela0029677,1785,703,895,153,100
448,0,192,Shamela0001397,437,1224,1416,153,100
448,345,892,Sham19Y0147312,966,585,1024,171,31
448,0,255,Sham19Y0147312,970,246,913,204,38
448,255,1356,Shamela0004445,144,1160,1540,291,33
448,0,297,Shamela0004445,145,285,569,211,90
448,0,108,Shamela0004445,154,450,558,87,100
448,0,164,JK009158,124,1316,1485,130,95
448,255,892,Sham19Y0014592,1519,93,485,185,32
448,0,192,Sham19Y0013550,303,482,995,122,30
448,260,885,Zaydiyya0000062,785,1162,1389,171,34
448,0,248,Zaydiyya0000062,788,572,896,198,75
448,255,1150,Noorlib0000587,228,551,919,261,36
448,255,892,Shamela0037458,1809,1179,1416,181,35
448,41,192,Shamela0037458,1815,195,361,119,90
448,255,1402,JK000791,1037,846,1264,320,35
448,0,192,JK000791,1040,34,226,153,100
448,478,892,Shamela0000922,625,0,207,121,36
448,0,255,Shamela0000922,626,1072,1463,168,54
448,531,1150,Sham19Y0009800,75,84,358,189,38
448,524,892,Tafsir07076,2977,244,393,109,37
448,255,593,JK010427,5,1430,1579,118,44
448,255,593,JK007018,309,1388,1536,118,43
448,0,209,JK007018,310,1295,1503,167,99
448,87,192,Shamela0037325,1370,0,105,83,100
448,255,892,JK009396,642,288,525,181,35
448,0,119,JK009396,643,1420,1538,96,99
448,255,892,Sham19Y0023608,1877,1382,1619,181,35
448,0,192,Sham19Y0023608,1882,1221,1413,153,100
448,0,100,Sham19Y0023608,1883,619,1106,80,20
448,255,892,Shamela0009637,10,1291,1528,181,35
448,0,276,Hindawi062413635,22,1268,1533,208,94
448,626,1402,JK000818,261,575,1200,267,34
448,339,897,Meshkat00042488,728,366,819,165,29
448,25,192,Meshkat00042488,730,863,1221,132,46
448,0,297,Shia003721Vols,52,1047,1331,211,90
448,0,192,Masaha004568Vols,60,803,995,153,100
448,934,1514,ShamIbadiyya0000075,393,524,1217,213,29
448,255,945,Shamela0004473,11099,1297,1574,189,35
448,255,1161,Shamela0004473,11612,730,1134,272,36
448,192,582,Shamela0004473,12824,1144,1603,89,15
448,255,892,Sham19Y0030863,18,969,1206,181,35
448,531,897,Shamela0022371,203,797,944,108,37
448,255,971,Sham19Y0145435,4933,1296,1560,203,35
448,0,297,Sham19Y0145435,4934,399,683,211,90
448,0,195,Sham19Y0145435,4943,1095,1390,153,65
448,248,976,Shia002356Vols,523,1339,1614,205,35
448,0,255,Shia002356Vols,525,814,1068,203,99
448,255,892,JK001496,948,372,1108,232,28
448,0,255,JK001496,951,896,1293,204,64
448,255,892,Shamela0008473,2437,642,879,181,35
448,1005,1460,Shamela0008473,2439,122,807,179,28
448,0,195,Shamela0008473,2440,323,515,153,98
448,255,1121,Shia002382Vols,865,676,1640,360,38
448,0,195,Zaydiyya0000076BK15,7,1260,1481,150,85
448,248,1150,Shamela0023591,3861,1140,1516,264,36
448,0,297,Shamela0023591,3862,291,575,211,90
448,255,892,Shamela0023591,3888,970,1207,181,35
448,0,352,Shamela0023591,3895,13,480,184,41
448,255,1150,JK009266,4962,890,1255,265,37
448,0,339,JK009266,4963,28,338,239,85
448,0,342,Shamela0021821,826,706,1065,245,78
448,0,192,JK001487,28,200,419,153,87
448,531,892,Hindawi030353837,584,261,403,107,37
448,0,161,Rafed0003793Vols,760,648,808,105,82
448,0,124,Masaha003390Vols,593,164,288,100,100
448,531,892,JK009362,4050,66,208,107,37
448,0,108,JK009362,4061,1316,1424,87,100
448,255,892,JK001420,447,266,696,206,36
448,0,192,JK001420,448,1096,1375,118,47
448,0,192,Shamela0003118,7084,278,542,150,71
448,0,202,Shia001625,65,195,398,155,96
448,531,1402,Shia001625,72,205,528,246,35
448,444,892,JK006478,4935,0,273,131,32
448,0,192,JK006478,4942,873,1064,153,99
448,41,192,Shamela0008206,380,0,151,119,100
448,0,192,Shamela0008206,382,894,1113,153,87
448,0,192,Shamela0008206,426,1016,1239,150,84
448,255,1460,Tafsir08060,245,147,1036,398,35
448,531,1141,Rafed0003943Vols,653,633,887,189,38
448,0,108,Rafed0003943Vols,654,379,487,87,100
448,934,1103,Shamela0010273,1193,601,820,109,55
448,0,192,Shamela0010273,1195,1336,1528,153,100
448,0,195,Shamela0007798,4991,713,974,137,65
448,401,892,JK000805,10,3,193,144,37
448,851,1121,Tafsir01006,668,934,1509,151,32
448,255,662,Tafsir01006,668,38,545,227,48
448,0,255,Sham19Y0014404,644,669,1453,203,32
448,255,1107,Masaha000554Vols,2301,85,420,251,37
448,0,248,Masaha000554Vols,2308,888,1140,196,96
448,248,1402,QuranAnalysis001,96,929,1354,323,35
448,0,297,QuranAnalysis001,97,75,359,211,90
448,0,192,JK000916,24642,279,540,149,72
448,255,1121,Rafed0001713Vols,1121,1152,1490,260,37
448,255,662,Rafed0001713Vols,1122,32,665,233,41
448,0,255,Rafed0001713Vols,1124,820,1075,204,100
448,255,892,Hindawi017506357,91,675,1095,169,25
448,0,272,Hindawi017506357,93,48,584,210,48
448,536,892,Shamela0037475,120,862,999,103,36
448,531,892,Tafsir07057,2638,180,322,107,37
448,0,192,Tafsir04056,2350,143,335,153,100
448,531,1402,Tafsir04056,2357,524,847,246,35
448,255,1402,Shamela0000041,1224,191,1165,336,25
448,0,192,Shamela0000041,1225,1083,1275,153,100
448,0,297,Shamela0000041,1226,432,804,211,69
448,248,697,Shamela0023578,1546,1365,1568,158,44
448,0,297,Shamela0023578,1547,469,753,211,90
448,248,1056,Shamela0023578,1548,26,812,275,34
449,181,1043,Shia001432Vols,3463,658,1522,357,39
449,406,814,Shia001432Vols,22876,0,373,166,41
449,0,228,JK009268,2481,529,802,110,45
449,877,1482,Tafsir09083,637,695,1546,243,31
449,668,1076,Tafsir09084,1200,906,1424,206,47
449,1379,1535,Sham19Y0020891,2780,507,672,101,76
449,124,814,Meshkat00042485,3398,6,762,292,38
449,1210,1535,Meshkat00042485,3400,977,1250,174,59
449,436,1292,Shamela0022769,687,52,1265,339,28
449,234,912,Tafsir02067,418,584,1245,226,33
449,3,344,Zaydiyya0000062,787,791,1225,146,35
449,385,1070,Zaydiyya0000062,788,29,818,300,39
449,436,838,JK000791,1040,832,1433,152,29
449,142,650,Shamela0021766,2112,322,1227,273,36
449,624,1535,JK000818,262,68,834,391,48
449,116,348,ShamIbadiyya0000075,393,1202,1622,141,41
449,436,1529,ShamIbadiyya0000075,394,41,1268,474,41
449,0,1150,Shia002356Vols,525,133,1290,379,30
449,1347,1535,Shia002356Vols,526,152,408,119,56
449,124,1070,Shia002380Vols,353,489,1398,468,52
449,436,1070,JK001496,951,568,1209,229,33
449,814,1373,Tafsir02102,2317,795,1532,257,38
449,124,1070,Shia002382Vols,866,218,1251,491,50
449,1379,1535,Shia002382Vols,867,22,467,74,17
449,776,1073,Tafsir05047,367,307,635,169,64
449,1388,1535,Shamela0023591,3899,716,869,109,89
449,492,916,Tafsir10098,674,1038,1547,153,29
449,153,1070,Shamela0021821,828,5,1123,375,35
449,469,1402,Tafsir08060,246,0,486,210,26
449,124,1043,Tafsir01006,669,261,1534,434,36
449,392,795,Tafsir04003,2028,478,982,128,28
449,184,1129,Sham19Y0014404,644,0,1069,291,24
449,298,1070,Rafed0001713Vols,1124,33,991,378,42
449,1114,1535,Rafed0001713Vols,1125,423,834,194,49
449,264,1070,Shamela0000041,1226,14,652,325,48
449,772,1070,Shamela0023578,1549,0,245,169,66
449,298,1373,JK000876,621,0,1343,392,30
450,0,708,Shia001432Vols,3457,781,1483,560,98
450,708,1038,Shia001432Vols,3458,0,330,256,100
450,335,884,Shia001432Vols,3474,982,1461,251,51
450,951,1132,Shia001432Vols,3475,812,1198,144,46
450,66,330,Shamela0023632,1785,661,925,209,100
450,330,482,Shamela0023632,1789,213,365,121,100
450,482,704,Shamela0023632,1792,37,260,174,97
450,865,1132,Shamela0023632,1797,828,1095,209,99
450,417,809,Shamela0000894,4835,711,903,133,43
450,0,200,JK009268,2477,1315,1514,162,99
450,200,1150,JK009268,2478,0,944,735,98
450,417,533,Shia004552Vols,402,1437,1555,91,96
450,0,179,Sham19Y0023618,843,1359,1537,145,99
450,179,330,Sham19Y0023618,844,0,151,119,100
450,309,591,Sham19Y0023618,845,961,1266,223,92
450,519,1002,Sham19Y0023618,846,1015,1477,333,88
450,0,158,Shamela0023628,1853,142,300,128,100
450,330,591,Shamela0023628,1857,1187,1448,207,100
450,591,865,Shamela0023628,1859,50,324,215,99
450,809,1132,Shamela0023628,1862,462,860,250,80
450,0,121,Rafed0003257Vols,2881,1462,1582,98,99
450,210,640,Rafed0003257Vols,2884,1152,1581,340,99
450,651,931,Rafed0003257Vols,2886,1132,1519,215,71
450,931,1132,Rafed0003257Vols,2887,0,201,160,100
450,694,938,Zaydiyya0000044,72,1201,1445,187,99
450,0,417,Tafsir09083,643,247,868,179,32
450,66,210,Sham19Y0020891,2782,35,179,115,100
450,158,389,Sham19Y0020891,2783,1093,1439,181,65
450,371,591,Sham19Y0020891,2787,1153,1416,173,83
450,0,214,Hindawi019640759,5,733,947,170,98
450,210,694,Hindawi019640759,6,0,489,384,98
450,724,1038,Hindawi019640759,7,0,314,244,100
450,938,1132,Tafsir09068,578,257,810,148,33
450,66,210,JK010001,3943,210,383,115,83
450,0,330,JK009270,2235,963,1293,264,100
450,330,694,JK009270,2240,464,822,288,98
450,694,1038,JK009270,2244,948,1289,263,97
450,0,210,Meshkat0014420,2353,483,693,170,100
450,210,330,Meshkat0014420,2356,45,165,94,100
450,330,591,Meshkat0014420,2358,386,646,207,99
450,694,1132,Meshkat0014420,2362,904,1340,340,99
450,356,574,JK006476,708,1281,1505,171,96
450,836,1132,JK006476,711,304,662,233,82
450,0,335,ShamAY0036821,1165,380,716,267,99
450,0,1146,ShamAY0036821,1176,42,1166,881,96
450,951,1146,ShamAY0036821,1178,997,1182,142,90
450,0,158,Sham19Y0147312,971,329,837,128,31
450,210,330,Sham19Y0147312,972,190,310,94,100
450,0,869,Shamela0004445,145,615,1481,689,99
450,869,1132,Shamela0004445,146,0,262,207,99
450,210,330,Shamela0004445,157,610,730,94,100
450,417,591,Shamela0004445,159,1228,1402,137,100
450,417,603,Sham19Y0014592,1525,250,479,136,75
450,210,330,Sham19Y0013550,304,783,903,94,100
450,6,151,Zaydiyya0000062,789,553,699,117,98
450,158,384,Zaydiyya0000062,791,11,241,180,97
450,347,685,Zaydiyya0000062,792,387,783,255,77
450,865,1124,Zaydiyya0000062,795,1077,1463,198,64
450,0,158,Shamela0037458,1816,41,199,128,100
450,210,393,Shamela0037458,1820,60,243,143,98
450,279,591,Shamela0037458,1824,376,695,217,86
450,0,158,JK000791,1041,1224,1382,128,100
450,347,591,JK000791,1047,844,1096,170,86
450,591,845,JK000791,1048,1251,1504,200,99
450,0,1132,Hindawi085315384,71,7,1139,897,100
450,0,330,Shamela0000922,627,501,1492,235,28
450,210,330,Tafsir07076,1093,182,302,94,100
450,66,301,Tafsir07076,2289,1313,1547,187,99
450,0,158,Tafsir07076,2853,786,944,128,100
450,0,210,JK007018,311,276,486,170,100
450,305,591,JK007018,312,835,1119,210,92
450,603,1132,JK007018,313,185,776,381,81
450,0,210,JK009396,645,7,217,170,100
450,210,330,JK009396,646,1036,1156,94,100
450,330,591,JK009396,647,952,1213,207,100
450,694,947,JK009396,648,1155,1408,195,100
450,947,1132,JK009396,650,14,199,147,100
450,0,210,Sham19Y0023608,1885,0,210,170,100
450,210,499,Sham19Y0023608,1886,1203,1491,228,99
450,499,694,Sham19Y0023608,1887,0,195,157,100
450,694,1132,Sham19Y0023608,1890,35,473,340,99
450,0,1161,Hindawi062413635,23,61,1238,907,97
450,445,836,Sham19Y0016953Vols,23,121,382,188,61
450,732,951,JK000381,91,0,225,167,96
450,0,158,Meshkat00042488,732,28,655,128,25
450,210,330,Meshkat00042488,733,74,194,94,100
450,0,121,Shia003721Vols,52,1377,1497,98,99
450,121,1142,Shia003721Vols,53,0,1023,803,99
450,210,330,Shia003721Vols,66,680,800,94,100
450,417,694,Shia003721Vols,69,26,498,221,58
450,210,330,Masaha004568Vols,193,1126,1246,94,100
450,66,210,Shamela0021537,1798,713,857,115,100
450,980,1132,Rafed0003726Vols,634,383,561,112,79
450,694,1038,Rafed0003726Vols,640,832,1176,265,99
450,473,865,Shamela0004473,3753,163,554,305,98
450,417,813,Shamela0004473,3789,251,544,229,73
450,0,158,Shamela0004473,7613,640,798,128,100
450,66,210,Shamela0004473,12823,619,763,115,100
450,417,591,Shamela0004473,12829,1336,1510,137,100
450,694,947,Shamela0004473,15429,300,553,195,100
450,210,347,Shamela0022371,203,1218,1358,103,94
450,214,347,Sham19Y0145435,984,1167,1307,94,85
450,0,784,Sham19Y0145435,4934,729,1508,624,99
450,784,1142,Sham19Y0145435,4935,0,358,277,98
450,210,330,Sham19Y0145435,4946,1061,1181,94,100
450,210,317,Kraken210622021811,131,1382,1490,83,95
450,0,210,Shia002356Vols,526,408,618,170,100
450,158,591,Shia002356Vols,527,10,538,337,80
450,591,1099,Shia002356Vols,528,973,1470,386,96
450,951,1138,Tafsir04038,279,785,1166,146,48
450,432,694,Shia002380Vols,355,811,1490,202,37
450,66,210,JK001496,953,400,544,115,100
450,158,389,JK001496,954,597,947,181,65
450,371,591,JK001496,956,16,280,173,82
450,0,210,Shamela0008473,2441,65,275,170,100
450,66,273,Shamela0008473,2442,1181,1491,165,66
450,330,596,Shamela0008473,2444,730,996,209,99
450,694,947,Shamela0008473,2448,757,1010,195,100
450,947,1132,Shamela0008473,2451,620,783,118,81
450,836,1038,Shia002382Vols,875,254,783,158,38
450,210,330,Noorlib0010712,65,438,558,94,100
450,205,335,Noorlib0010712,85,1392,1522,99,97
450,66,210,Hindawi014685395,55,735,879,115,100
450,66,210,Tafsir07055,4055,320,490,115,84
450,0,591,Masaha002064Vols,200,485,1131,452,87
450,0,330,Shamela0023591,3862,621,951,264,100
450,42,330,Shamela0023591,3900,912,1212,219,92
450,330,826,Shamela0023591,3904,1053,1548,392,99
450,826,1132,Shamela0023591,3905,0,306,239,99
450,330,591,Shamela0023591,3906,570,831,207,100
450,591,951,Shamela0023591,3912,0,360,279,99
450,804,1138,Shamela0023591,3917,49,503,197,54
450,0,694,JK009266,4978,106,794,552,99
450,694,1024,JK009266,4997,1171,1497,252,97
450,1024,1150,JK009266,4998,0,133,91,87
450,66,170,Shamela0010283,2348,21,125,83,100
450,321,596,Shamela0010283,2349,487,759,209,96
450,591,809,Shamela0010283,2350,0,218,173,100
450,0,240,Tafsir10098,676,398,845,188,52
450,0,330,JK010491,35,482,1302,237,35
450,393,591,JK010491,37,42,396,146,51
450,0,591,Shamela0021821,829,315,906,471,100
450,549,1038,Shamela0021821,832,11,552,385,90
450,713,947,Shamela0007597,231,674,917,180,96
450,210,330,Rafed0003793Vols,760,1378,1498,94,100
450,335,947,Shia002389Vols,1202,233,817,293,51
450,66,210,JK009362,4067,1046,1190,115,100
450,389,591,JK009362,4072,1265,1466,159,99
450,694,947,JK009362,4079,1050,1303,195,99
450,210,342,Hindawi092028080,13,1413,1544,104,99
450,342,591,Hindawi092028080,14,0,249,197,100
450,0,330,JK001420,449,703,965,152,55
450,947,1132,JK001420,452,435,903,147,39
450,389,947,Shia001625,33,29,421,290,67
450,417,865,Sham19Y0023644,223,11,531,212,42
450,48,210,JK006478,4949,382,553,122,89
450,389,591,JK006478,4957,531,731,159,99
450,210,330,ShamAY0037574,460,1318,1438,94,100
450,409,708,ShamAY0037574,462,0,298,235,97
450,0,173,Rafed0003943Vols,654,1377,1549,140,99
450,210,495,Rafed0003943Vols,656,327,614,221,97
450,556,876,Rafed0003943Vols,657,0,316,243,94
450,865,1132,Rafed0003943Vols,660,937,1204,209,99
450,0,210,Shamela0010273,1198,13,223,170,100
450,210,330,Shamela0010273,1199,798,918,94,100
450,374,591,Shamela0010273,1201,0,217,171,100
450,694,951,Shamela0010273,1204,710,967,194,98
450,1024,1132,Shamela0010273,1206,0,108,86,100
450,66,330,Shamela0007798,4994,848,1112,209,100
450,0,210,Shamela0007798,4997,216,581,142,46
450,389,591,Shamela0007798,5008,185,614,159,47
450,958,1132,Shamela0007798,5022,910,1467,139,31
450,417,591,JK001264,33,356,530,137,100
450,27,190,Tafsir06048,498,917,1230,125,50
450,402,640,Tafsir06048,501,0,313,188,75
450,716,938,Shia001135,38,1284,1506,168,99
450,347,658,Archive20210208,183,1143,1421,197,81
450,417,596,JK000147,1634,1259,1438,140,99
450,114,330,Sham19Y0014404,646,300,680,171,56
450,389,591,Meshkat00057178,1955,238,864,142,28
450,0,205,Masaha000554Vols,2312,1011,1218,164,97
450,210,582,Masaha000554Vols,2317,28,403,290,96
450,947,1124,Masaha000554Vols,2331,642,816,135,94
450,0,1042,QuranAnalysis001,97,405,1446,825,99
450,417,809,Shamela0009182,479,672,1333,224,43
450,0,591,Rafed0001713Vols,1125,834,1425,471,100
450,694,947,Rafed0001713Vols,1132,1004,1257,193,99
450,947,1150,Rafed0001713Vols,1134,367,571,154,95
450,0,214,Hindawi017506357,93,964,1446,170,43
450,210,389,Hindawi017506357,94,250,527,142,64
450,457,591,Hindawi017506357,95,0,134,106,100
450,813,1132,Hindawi017506357,96,0,942,250,33
450,389,958,Tafsir04056,2317,793,1205,290,66
450,42,170,Tafsir04056,3811,105,597,71,17
450,417,549,Tafsir04056,3816,11,613,102,21
450,6,347,Shamela0009783BK1,134,526,1409,235,33
450,393,591,Shamela0009783BK1,136,35,395,151,53
450,118,330,Shamela0000041,1229,57,336,149,63
450,330,596,Shamela0000041,1231,66,332,210,99
450,0,330,Shamela0023578,1547,799,1129,264,100
450,321,1038,Shamela0023578,1554,234,956,559,98
451,1083,1239,Sham19Y0023625,1786,1014,1190,109,76
451,32,247,Tafsir09084,1201,1069,1290,123,63
451,174,1492,JK000865,289,15,855,339,28
451,174,881,Meshkat00042485,3403,528,1355,242,30
451,936,1492,Zaydiyya0000062,792,179,590,241,48
451,32,562,JK000818,262,1080,1462,180,37
451,774,1492,ShamIbadiyya0000075,395,895,1554,242,29
451,936,1432,Tafsir05047,369,211,844,208,36
451,953,1239,Sham19Y0014404,647,1197,1352,88,36
451,1185,1349,Rafed0001713Vols,1130,5,405,103,33
451,1312,1472,Tafsir07057,2653,0,488,96,25
452,1032,1425,Shia001432Vols,3458,88,294,149,48
452,1032,1425,JK009268,2478,596,802,149,48
452,1032,1425,Sham19Y0023618,846,1272,1477,147,48
452,359,1287,Tafsir09083,640,6,1315,354,27
452,1032,1425,Hindawi019640759,7,72,278,149,48
452,1032,1425,JK009270,2244,1048,1253,147,47
452,1032,1425,Meshkat0014420,2362,1005,1210,147,47
452,0,475,Shamela0022769,690,330,929,198,35
452,311,540,Shamela0021766,2121,90,504,175,50
452,1032,1425,Hindawi085315384,71,803,1009,149,48
452,1032,1425,JK007018,313,440,646,147,48
452,1032,1425,Sham19Y0023608,1890,137,343,147,48
452,1032,1425,Hindawi062413635,23,857,1063,149,48
452,0,1036,JK000818,263,773,1458,343,37
452,0,297,Meshkat00042488,735,749,1334,163,32
452,1032,1425,Rafed0003726Vols,640,934,1140,147,48
452,1032,1425,Sham19Y0145435,4935,12,217,147,47
452,1041,1414,Shia002382Vols,875,110,646,159,34
452,1153,1425,Shamela0023591,3905,10,176,127,59
452,1032,1425,JK009266,4997,1271,1476,147,47
452,1032,1425,Shamela0021821,832,310,516,149,48
452,938,1391,Tafsir08060,247,817,1371,197,37
452,0,301,Shamela0010273,1202,106,490,138,37
452,359,550,Shamela0010273,1203,336,922,138,28
452,359,1095,Sham19Y0014404,649,115,947,251,28
452,1032,1425,QuranAnalysis001,97,1201,1407,149,48
452,0,415,Tafsir04042,1079,1195,1567,173,44
452,1032,1425,Shamela0023578,1554,714,920,147,48
453,463,732,Shia001432Vols,3502,1249,1517,214,99
453,732,1421,Shia001432Vols,3503,0,695,485,87
453,463,610,Shia001432Vols,3509,255,401,115,99
453,610,795,Shia001432Vols,3510,144,350,144,86
453,1161,1308,Shia001432Vols,22517,343,489,117,99
453,463,710,Shamela0023632,1798,1075,1322,196,99
453,710,931,Shamela0023632,1800,1307,1527,176,99
453,985,1308,Shamela0023632,1802,11,334,259,100
453,3,373,JK009268,2493,832,1289,112,27
453,418,1406,JK009268,2496,323,1308,733,90
453,288,1223,Sham19Y0023618,849,0,1001,675,77
453,716,867,Shamela0010551,292,1219,1370,120,100
453,483,985,Shamela0023628,1864,707,1407,397,71
453,962,1231,Shamela0023628,1866,1006,1314,208,84
453,463,985,Rafed0003257Vols,2890,346,868,414,99
453,985,1308,Rafed0003257Vols,2895,731,1054,259,100
453,1086,1223,Rafed0003257Vols,2896,760,1053,111,46
453,1048,1300,Shamela0022593,1131,167,639,194,51
453,710,962,Tafsir09084,841,1119,1369,199,99
453,463,710,Sham19Y0020891,2804,284,531,196,99
453,902,1091,Sham19Y0020891,2811,726,915,149,100
453,1161,1317,Sham19Y0020891,2813,1171,1327,123,98
453,463,902,Tafsir09068,579,222,1465,342,34
453,985,1263,Tafsir09068,580,477,1205,220,37
453,710,985,JK010001,575,300,577,218,98
453,285,710,JK009270,2252,870,1201,264,77
453,703,985,JK009270,2255,204,484,218,96
453,985,1101,JK009270,2257,1362,1477,92,99
453,1101,1308,JK009270,2258,0,207,167,100
453,463,710,Meshkat0014420,2366,1209,1453,195,97
453,710,1086,Meshkat0014420,2368,739,1114,298,99
453,1086,1308,Meshkat0014420,2371,56,278,179,100
453,468,787,JK006476,712,384,712,252,96
453,678,989,JK006476,713,34,597,236,53
453,962,1275,JK006476,714,146,526,248,81
453,212,779,ShamAY0036821,1176,1041,1464,331,73
453,779,1308,ShamAY0036821,1177,0,529,420,98
453,212,860,ShamAY0036821,1178,1057,1562,396,76
453,860,1086,ShamAY0036821,1179,0,226,178,99
453,1091,1406,ShamAY0036821,1184,349,626,214,84
453,3,583,Meshkat00042485,3421,439,1489,299,33
453,1308,1464,Meshkat00042485,3421,1246,1417,106,78
453,0,384,Shamela0001466,1201,90,896,144,20
453,463,916,Shamela0001466,1202,687,1118,330,90
453,463,710,Sham19Y0147312,981,762,1408,192,36
453,710,985,Sham19Y0147312,982,550,1147,218,45
453,1007,1313,Sham19Y0147312,983,0,829,207,31
453,463,614,Shamela0004445,171,1397,1547,118,99
453,614,1421,Shamela0004445,172,0,870,581,83
453,1086,1308,Shamela0004445,178,15,237,179,100
453,432,787,Sham19Y0014592,1541,524,804,182,60
453,1161,1308,Sham19Y0014592,1569,53,215,93,71
453,468,779,Zaydiyya0000062,797,388,860,240,63
453,671,978,Zaydiyya0000062,798,539,1240,244,43
453,949,1406,Zaydiyya0000062,800,74,592,327,73
453,610,1086,Shamela0006947,1570,840,1054,165,43
453,716,902,Shamela0011074,3,0,186,148,100
453,277,610,Shamela0037458,1835,464,725,193,70
453,566,916,Shamela0037458,1836,1023,1471,269,75
453,902,1223,Shamela0037458,1838,645,966,256,100
453,190,787,JK000791,1052,274,927,374,61
453,692,985,JK000791,1053,575,962,220,71
453,1086,1223,JK000791,1055,106,641,87,18
453,463,710,Shamela0000922,631,398,807,152,47
453,985,1406,Shamela0000922,632,650,1436,253,38
453,610,985,Tafsir07076,9347,265,801,214,50
453,463,723,JK007018,313,1125,1379,199,96
453,710,1406,JK007018,314,97,798,517,88
453,173,1275,JK009396,650,52,1507,754,58
453,463,710,Sham19Y0023608,1896,54,301,196,99
453,710,1086,Sham19Y0023608,1897,811,1187,298,100
453,1086,1308,Sham19Y0023608,1899,750,972,179,100
453,463,646,JK000381,3703,409,592,144,100
453,787,985,JK000381,7799,698,896,157,100
453,168,822,JK000818,264,429,1423,418,50
453,902,1313,JK000818,265,193,1150,305,40
453,285,726,Meshkat00042488,739,271,1050,290,46
453,710,902,Meshkat00042488,740,112,495,153,50
453,1033,1223,Meshkat00042488,741,482,1146,149,28
453,463,1313,Shia003721Vols,81,628,1477,672,99
453,710,902,Shia003721Vols,85,202,683,151,39
453,1086,1300,Shia003721Vols,88,1393,1606,173,99
453,1086,1308,Rafed0003726Vols,631,310,532,179,100
453,1091,1323,Rafed0003726Vols,634,761,989,131,65
453,501,610,Shamela0004473,10322,0,109,85,100
453,0,1042,Shia002356Vols,530,370,1561,585,55
453,1042,1464,Shia002356Vols,531,0,368,259,70
453,463,610,Tafsir04038,280,108,255,114,99
453,671,795,Tafsir04038,281,0,142,94,83
453,902,1323,Shia002380Vols,358,138,1136,318,39
453,463,723,JK001496,961,1252,1503,198,94
453,902,1086,JK001496,964,782,967,145,99
453,1091,1317,JK001496,965,443,1107,179,33
453,985,1198,Tafsir02091,1067,527,1338,171,26
453,787,931,Tafsir02102,1970,1384,1528,115,100
453,710,985,Shamela0008473,1803,501,776,218,100
453,716,985,Shamela0008473,1963,0,278,213,96
453,787,985,Shamela0008473,2075,1130,1328,157,100
453,710,985,Shamela0008473,2452,946,1221,218,100
453,400,710,Shamela0008473,2452,45,317,218,87
453,985,1308,Shamela0008473,2453,909,1232,259,100
453,1148,1406,Shamela0008473,2454,260,834,168,34
453,153,463,Shia002382Vols,875,693,1246,198,42
453,985,1323,Shia002382Vols,880,754,1499,259,43
453,710,985,Tafsir07055,609,97,370,217,99
453,787,985,Tafsir07055,3133,1350,1548,157,100
453,738,1129,Tafsir05047,371,30,685,272,52
453,710,902,Shamela0003055,2992,920,1112,153,100
453,173,1308,Shamela0023591,3905,159,1151,782,86
453,463,710,Shamela0023591,3920,137,384,196,99
453,710,1086,Shamela0023591,3921,793,1169,298,100
453,463,1042,JK009266,5002,942,1512,455,98
453,1042,1170,JK009266,5003,0,139,99,89
453,1139,1308,JK009266,5008,906,1121,134,77
453,710,1091,Shamela0010283,2355,739,1120,299,99
453,610,787,Shia003749,100,1088,1266,143,99
453,506,790,JK000458,1617,1071,1338,79,29
453,194,561,Shamela0021821,834,646,1416,199,32
453,561,1170,Shamela0021821,835,0,623,483,97
453,1091,1406,Shamela0021821,837,0,452,217,55
453,463,610,Shia002389Vols,1211,193,340,114,99
453,614,795,Shia002389Vols,1212,37,232,141,89
453,787,962,JK000116,96,208,383,139,100
453,710,999,ShamAY0032756,12,659,1122,217,59
453,463,710,JK009362,4088,309,555,195,97
453,1129,1308,JK009362,4096,327,958,117,21
453,902,1086,JK001110,41,477,661,145,100
453,285,710,JK001420,452,967,1327,178,54
453,682,1286,JK001420,453,123,823,201,27
453,716,830,JK000385,133,1510,1623,90,99
453,710,985,JK006478,4975,417,691,214,96
453,1086,1308,JK006478,4977,678,901,179,98
453,787,985,JK000899,7,1246,1444,157,100
453,173,610,Rafed0003943Vols,660,1057,1351,223,64
453,610,1406,Rafed0003943Vols,662,301,1063,601,94
453,202,710,Shamela0010273,1207,57,578,273,55
453,710,1086,Shamela0010273,1208,932,1308,298,100
453,795,1290,Shamela0010273,1210,759,1521,342,56
453,285,610,Shamela0007798,5023,751,1473,170,29
453,710,902,Shamela0007798,5025,800,1345,153,35
453,1086,1223,Shamela0007798,5028,950,1366,111,32
453,123,333,Tafsir01006,674,1147,1510,142,48
453,1308,1464,Tafsir01006,675,485,656,106,78
453,710,895,Shamela0012293,762,954,1138,147,99
453,1101,1406,Tafsir06048,504,0,519,214,50
453,1161,1308,JK001017,29,1044,1191,118,100
453,1187,1308,JK000066,30,0,121,97,100
453,787,985,JK000066,103,558,756,157,100
453,285,610,Sham19Y0014404,650,905,1509,185,37
453,566,867,Sham19Y0014404,651,21,805,238,37
453,985,1308,Sham19Y0014404,652,200,1369,251,26
453,455,710,Meshkat00057178,1961,201,961,195,31
453,463,703,Masaha000554Vols,2334,390,627,184,94
453,710,921,Masaha000554Vols,2338,1483,1697,168,96
453,1071,1308,Masaha000554Vols,2342,392,640,184,92
453,285,1406,QuranAnalysis001,98,0,999,790,88
453,7,388,Rafed0001713Vols,1134,972,1456,160,35
453,406,1464,Rafed0001713Vols,1135,195,1343,798,84
453,487,632,Shamela0006617,106,884,1029,113,99
453,1161,1308,Noorlib0005343,125,1039,1201,116,88
453,995,1223,Sham19Y0014579,595,769,1202,112,32
453,822,1086,Tafsir07057,2668,118,382,209,100
453,1086,1308,Tafsir07057,2670,1013,1235,179,100
453,610,835,Tafsir04056,2628,1295,1476,130,71
453,787,985,JK006950,2101,432,630,157,100
453,190,710,Shamela0000041,1234,466,878,316,75
453,678,995,Shamela0000041,1235,388,718,242,89
453,962,1308,Shamela0000041,1236,246,606,277,96
453,202,799,Shamela0023578,1557,1017,1499,353,74
453,799,1308,Shamela0023578,1558,0,509,407,100
453,1086,1300,JK000876,632,382,1121,168,28
454,169,477,Meshkat00042485,3422,980,1465,149,37
454,0,655,Shia002382Vols,879,765,1563,324,45
454,4,539,Tafsir01006,675,695,1570,269,37
455,1075,1417,JK000330,1068,585,927,275,100
455,728,939,Shia001432Vols,3527,1302,1512,168,99
455,939,1417,Shia001432Vols,3528,0,478,381,99
455,728,971,Shia001432Vols,3538,417,597,135,69
455,1221,1417,Shia001432Vols,3539,1270,1467,158,99
455,706,967,Shamela0023632,1803,1211,1476,199,94
455,967,1221,Shamela0023632,1805,200,454,202,100
455,1221,1417,Shamela0023632,1807,42,238,158,100
455,445,996,JK009268,2496,1159,1516,281,64
455,996,1417,JK009268,2497,0,421,338,100
455,445,1312,Sham19Y0023618,850,656,1330,534,77
455,868,1024,Sham19Y0023618,851,696,915,75,46
455,739,1087,Shamela0023628,1868,0,351,271,97
455,1075,1361,Shamela0023628,1869,1116,1402,231,100
455,862,967,Rafed0003257Vols,445,450,555,83,100
455,706,1163,Rafed0003257Vols,2897,1148,1594,353,97
455,1163,1417,Rafed0003257Vols,2898,0,254,205,100
455,821,1075,Tafsir09083,647,712,1333,195,39
455,1083,1417,Tafsir09083,648,9,1012,259,32
455,1075,1411,LMN20251118,172,1096,1457,262,90
455,1221,1361,Rafed0000110,48,53,193,114,100
455,918,1052,Tafsir09084,1207,0,201,104,65
455,728,1140,Sham19Y0020891,2815,1145,1556,326,99
455,1140,1417,Sham19Y0020891,2816,0,277,224,100
455,728,1075,Tafsir09068,581,335,1112,269,43
455,1221,1417,JK010001,713,849,1017,110,70
455,1221,1417,JK010001,2812,1286,1482,158,100
455,1221,1336,JK010001,3092,290,405,93,100
455,728,967,JK009270,2261,319,555,189,98
455,967,1417,JK009270,2263,598,1055,359,97
455,689,967,Meshkat0014420,2373,114,378,203,91
455,967,1221,Meshkat0014420,2374,1225,1477,202,99
455,1221,1417,Meshkat0014420,2377,593,789,158,100
455,728,1105,JK000865,292,724,1493,285,47
455,521,840,JK006476,715,203,381,137,54
455,821,1133,JK006476,715,1041,1400,246,86
455,902,1336,JK006476,716,66,1138,318,37
455,1221,1417,JK006476,717,256,827,154,33
455,453,1417,ShamAY0036821,1184,489,1249,588,76
455,1283,1402,Meshkat00042485,3432,5,195,96,62
455,787,1221,Tafsir02104,237,872,1372,215,46
455,862,1069,Sham19Y0147312,984,106,554,163,45
455,728,1008,Shamela0004445,185,1241,1520,221,99
455,1008,1417,Shamela0004445,186,0,409,329,100
455,749,1075,Shamela0004445,188,353,1064,258,45
455,543,1075,Shamela0022769,694,57,1514,331,27
455,821,1069,Zaydiyya0000062,802,570,907,189,70
455,1024,1305,Zaydiyya0000062,803,73,536,222,59
455,728,862,Shamela0006947,1570,1099,1233,107,100
455,728,862,Shamela0006947,18435,427,561,107,100
455,862,967,Shamela0008555,82,19,124,83,100
455,445,967,Shamela0037458,1840,328,657,259,62
455,1207,1361,Shamela0037458,1843,813,965,121,97
455,790,1417,JK000791,1056,0,627,502,100
455,445,806,Shamela0021766,2127,686,1408,172,27
455,988,1105,Shamela0021766,2128,884,1397,91,22
455,816,1075,Tafsir02011,781,680,1387,200,35
455,445,834,Shamela0000922,632,1203,1482,158,50
455,1112,1417,Shamela0000922,633,719,1019,134,44
455,445,1075,JK007018,314,616,1088,344,69
455,1075,1417,JK007018,315,90,434,274,99
455,728,1075,JK009396,651,239,1060,272,41
455,1075,1422,JK009396,652,218,565,276,99
455,554,1075,Sham19Y0023608,1900,840,1431,326,64
455,933,1354,Sham19Y0023608,1902,313,1502,332,34
455,939,1289,Sham19Y0023608,1903,637,1536,201,27
455,1221,1460,Sham19Y0023608,1904,7,684,154,28
455,706,862,JK000917,897,12,170,114,89
455,862,974,Shamela0001340,160,532,649,86,94
455,883,1417,JK000818,266,0,1038,406,49
455,728,862,Meshkat00042488,742,785,919,107,100
455,840,1083,Meshkat00042488,743,11,551,177,40
455,1221,1361,Meshkat00042488,744,842,1364,114,26
455,728,1391,Shia003721Vols,96,875,1536,528,99
455,749,1075,Shia003721Vols,99,684,1380,257,46
455,728,1024,ShamIbadiyya0000075,400,647,1287,231,45
455,1075,1411,ShamIbadiyya0000075,401,43,733,270,48
455,1075,1417,Rafed0003726Vols,631,633,922,81,25
455,728,1075,Shamela0004473,11614,173,520,275,100
455,1075,1427,Shamela0022371,205,45,478,200,57
455,902,1275,ShamAY0033108,875,487,1287,295,45
455,722,967,Shia002356Vols,532,1348,1584,189,95
455,967,1417,Shia002356Vols,533,0,445,356,98
455,728,971,Tafsir04038,281,1000,1181,135,70
455,40,472,Shia002380Vols,358,628,1014,197,52
455,728,1379,Shia002380Vols,359,400,1499,502,56
455,728,1427,JK001496,966,505,1221,555,96
455,445,806,Tafsir02091,1068,47,565,156,34
455,902,1046,Tafsir02091,1068,1224,1540,112,44
455,1024,1336,Tafsir02091,1069,6,854,240,35
455,369,1024,Shamela0008473,2454,488,1524,319,31
455,902,1417,Shamela0008473,2455,220,886,405,76
455,40,537,Shia002382Vols,880,981,1394,211,48
455,728,1361,Shia002382Vols,882,136,1504,501,45
455,806,1075,JK006474,1775,582,1174,166,35
455,1221,1417,Tafsir07055,761,946,1114,110,70
455,1221,1417,Tafsir07055,2902,854,1050,158,100
455,692,902,Tafsir05047,371,1140,1535,150,47
455,902,1344,Tafsir05047,372,86,746,266,48
455,739,967,Shamela0003055,2101,262,441,122,66
455,706,1296,Shamela0023591,3926,970,1563,461,97
455,1296,1417,Shamela0023591,3927,0,121,98,100
455,728,967,Shamela0023591,3929,774,1013,190,100
455,967,1221,Shamela0023591,3931,444,698,202,100
455,1215,1417,Shamela0023591,3933,603,805,160,98
455,728,946,JK009266,5009,1299,1513,172,98
455,946,1466,JK009266,5010,0,500,392,91
455,749,1075,Shamela0010283,2371,400,737,256,96
455,315,821,Tafsir10098,681,493,1316,197,28
455,1024,1383,Tafsir10098,683,106,768,284,53
455,862,967,JK010491,64,1094,1199,83,100
455,445,1444,Shamela0021821,837,303,1100,613,77
455,1221,1417,Tafsir10066,729,42,718,154,28
455,862,967,JK009362,3121,440,539,78,94
455,1221,1417,JK009362,4103,339,536,158,99
455,862,967,JK009362,5507,872,977,83,100
455,728,862,JK001110,79,1254,1388,107,100
455,967,1289,JK001420,453,962,1349,145,36
455,728,967,JK006478,4979,633,874,190,97
455,933,1083,JK006478,4981,377,756,113,37
455,1203,1417,JK006478,4983,1055,1274,166,94
455,445,1221,Rafed0003943Vols,662,914,1496,461,74
455,1221,1422,Rafed0003943Vols,663,0,201,159,98
455,706,1079,Shamela0010273,1212,794,1171,284,95
455,978,1417,Shamela0010273,1214,63,511,303,80
455,445,862,Shamela0007798,5029,464,905,185,43
455,967,1221,Tafsir01006,678,591,1317,194,33
455,1283,1402,Tafsir01006,679,185,374,95,62
455,453,1186,Tafsir06048,504,250,1509,423,38
455,713,1163,Sham19Y0014404,653,0,1187,342,36
455,1163,1417,Sham19Y0014404,654,21,841,202,30
455,868,1163,Masaha000554Vols,2350,430,1637,221,23
455,1163,1361,Masaha000554Vols,4053,1281,1479,161,100
455,445,1271,QuranAnalysis001,98,850,1482,502,76
455,1271,1417,QuranAnalysis001,99,0,146,117,100
455,635,1422,Rafed0001713Vols,1139,448,1263,590,90
455,728,862,Hindawi017506357,101,1212,1346,107,100
455,728,862,JK000122,872,116,250,107,100
455,939,1417,Tafsir04042,1086,0,1025,378,45
455,868,1075,Sham19Y0014579,597,711,1004,162,69
455,933,1075,Tafsir07057,2675,31,499,111,29
455,1221,1417,Tafsir07057,2677,607,1363,157,25
455,902,1255,Tafsir04056,3894,511,1619,178,18
455,1230,1417,Tafsir04056,3895,0,780,147,23
455,862,967,Shamela0009783BK1,168,1138,1246,83,97
455,526,967,Shamela0000041,1237,94,634,263,55
455,1221,1417,Shamela0000041,1238,1304,1500,158,100
455,967,1221,Shamela0000041,1238,7,261,202,100
455,1221,1417,Shamela0000041,1239,41,583,158,36
455,440,1083,Shamela0023578,1560,774,1519,386,58
455,1083,1507,Shamela0023578,1561,0,389,312,91
455,1129,1417,Shamela0023578,1562,50,512,233,62
455,286,821,JK000876,632,724,1522,221,31
455,816,1163,JK000876,633,316,1496,259,27
456,780,1535,JK000330,1068,585,970,281,45
456,439,1501,Shia001432Vols,3528,0,478,380,44
456,1103,1501,Shamela0023632,1807,42,238,158,49
456,584,1501,JK009268,2497,12,421,329,44
456,0,1267,Sham19Y0023618,850,796,1330,423,41
456,666,1398,Shamela0023628,1869,1004,1402,285,46
456,0,898,Rafed0003257Vols,2897,1210,1594,306,42
456,903,1501,Rafed0003257Vols,2898,0,254,205,42
456,1103,1267,Rafed0003257Vols,2903,54,276,75,37
456,847,1501,Tafsir09083,648,80,1012,309,34
456,780,1482,LMN20251118,172,1096,1457,261,46
456,0,875,Sham19Y0020891,2815,1195,1556,287,41
456,875,1501,Sham19Y0020891,2816,0,277,224,44
456,1103,1501,JK010001,2812,1286,1482,158,49
456,584,1501,JK009270,2263,648,1055,327,44
456,1103,1501,Meshkat0014420,2377,593,789,158,49
456,0,810,JK000865,292,791,1493,303,41
456,666,1305,JK006476,716,650,1138,216,34
456,1103,1501,JK006476,717,256,827,171,32
456,584,1501,ShamAY0036821,1184,843,1249,321,43
456,35,679,Meshkat00042485,3429,739,1583,371,51
456,784,1003,Meshkat00042485,3430,1327,1701,149,47
456,1030,1244,Meshkat00042485,3431,0,344,151,52
456,584,1501,Shamela0004445,186,0,409,329,44
456,180,754,Shamela0022769,694,735,1541,287,41
456,180,1501,JK000791,1056,31,627,473,44
456,180,574,Shamela0021766,2128,103,774,228,41
456,840,1462,Shamela0021766,2129,16,1142,377,40
456,728,1501,JK007018,315,13,434,290,43
456,780,1501,JK009396,652,218,560,275,47
456,754,1305,Sham19Y0023608,1902,1210,1485,217,49
456,768,1165,Sham19Y0023608,1903,763,1530,172,23
456,1103,1501,Sham19Y0023608,1904,7,643,166,26
456,439,666,JK000465,1789,1116,1528,136,40
456,286,1551,JK000818,266,0,1094,515,43
456,0,1462,Shia003721Vols,96,925,1536,485,41
456,754,1482,ShamIbadiyya0000075,401,9,733,321,39
456,780,1511,Shamela0022371,205,45,478,195,28
456,605,1186,ShamAY0033108,875,784,1312,218,39
456,265,1450,Shia002380Vols,359,579,1518,524,47
456,549,1511,JK001496,966,779,1221,336,42
456,605,1305,Tafsir02091,1069,6,854,273,32
456,439,1501,Shamela0008473,2455,278,886,379,42
456,0,1411,Shia002382Vols,882,186,1510,632,42
456,1103,1501,Tafsir07055,2902,854,1050,158,49
456,0,1165,Shamela0023591,3926,1046,1551,403,43
456,985,1501,Shamela0023591,3933,397,805,209,42
456,584,1511,JK009266,5010,60,488,332,44
456,0,1501,Shamela0021821,837,443,1082,508,42
456,1103,1501,Tafsir10066,729,42,733,177,29
456,1103,1501,JK009362,4103,339,536,158,49
456,1103,1501,JK006478,4983,1077,1274,158,49
456,265,743,Tafsir08060,249,486,851,133,27
456,0,1003,Rafed0003943Vols,662,1054,1496,353,44
456,1103,1501,Rafed0003943Vols,663,0,196,158,49
456,180,780,Shamela0010273,1213,171,901,318,52
456,754,1501,Shamela0010273,1214,148,511,282,47
456,180,1153,Tafsir01006,678,154,1577,618,50
456,1153,1551,Tafsir01006,679,0,527,192,36
456,180,761,Tafsir04003,2058,9,774,255,37
456,159,898,Sham19Y0014404,653,398,1187,323,39
456,903,1501,Sham19Y0014404,654,84,841,268,36
456,1103,1501,Masaha000554Vols,2354,772,1363,161,27
456,0,1153,QuranAnalysis001,98,990,1482,394,42
456,0,1501,Rafed0001713Vols,1139,619,1258,508,42
456,180,503,Rafed0001713Vols,1140,1167,1563,192,59
456,503,810,Rafed0001713Vols,1141,65,509,212,58
456,584,1501,Tafsir04042,1086,140,1025,388,39
456,1112,1501,Tafsir04056,3895,0,780,178,25
456,503,1501,Shamela0000041,1238,261,1500,442,34
456,1103,1501,Shamela0000041,1239,41,583,203,41
456,788,1511,Shamela0023578,1561,0,344,274,47
456,864,1551,Shamela0023578,1562,50,545,292,48
456,180,605,JK000876,633,327,827,198,42
457,431,776,JK000062,160,982,1546,195,44
457,799,941,JK000062,161,139,344,113,69
457,0,500,Shia001432Vols,3627,23,521,399,99
457,500,1049,Shia001432Vols,3677,86,634,435,99
457,0,142,Shia001432Vols,3684,1406,1577,114,81
457,142,500,Shia001432Vols,3685,0,461,236,61
457,0,500,Shia001432Vols,3691,287,1412,382,42
457,146,793,Shia001432Vols,3695,64,673,191,28
457,654,941,Shia001432Vols,3702,401,919,179,45
457,0,146,Shia001432Vols,3703,1387,1565,117,81
457,0,211,Shamela0023632,1808,1144,1355,171,100
457,211,345,Shamela0023632,1813,248,382,107,100
457,345,500,Shamela0023632,1815,632,787,124,100
457,500,793,Shamela0023632,1816,1219,1511,229,99
457,793,941,Shamela0023632,1820,627,775,118,100
457,0,500,Shia001140Vols,557,436,1051,340,66
457,0,345,Shamela0000894,5646,166,509,275,98
457,0,494,JK009268,2502,1072,1565,396,99
457,494,1049,JK009268,2503,0,555,440,100
457,0,168,Shia004552Vols,411,1338,1511,135,95
457,0,404,Sham19Y0023618,852,48,452,326,100
457,500,818,Sham19Y0023618,854,1166,1483,248,99
457,818,1085,Sham19Y0023618,855,0,298,212,87
457,0,142,Shamela0023628,1870,1421,1562,114,99
457,211,345,Shamela0023628,1874,169,303,107,100
457,454,560,Shamela0023628,1875,0,106,83,100
457,560,793,Shamela0023628,1877,25,258,182,100
457,793,1010,Shamela0023628,1879,261,478,175,100
457,357,941,Shamela0009512,5,275,1030,271,39
457,385,500,Shamela0009512,7,1303,1437,91,85
457,0,500,Rafed0003257Vols,2903,1020,1520,402,100
457,431,1049,Rafed0003257Vols,2907,340,1171,489,74
457,345,500,Rafed0003257Vols,4166,1128,1283,124,100
457,458,832,Rafed0000110,54,521,1270,212,37
457,0,345,Sham19Y0020891,2820,849,1194,278,100
457,560,752,Sham19Y0020891,2831,1073,1265,152,100
457,793,941,Sham19Y0020891,2837,45,193,118,100
457,0,194,Hindawi019640759,48,1369,1562,157,99
457,194,1020,Hindawi019640759,49,0,825,652,99
457,0,154,Tafsir09068,582,888,1287,123,38
457,442,560,Tafsir09068,584,35,540,92,23
457,542,691,Tafsir09068,585,143,389,115,58
457,533,752,JK010001,716,69,496,173,50
457,0,205,JK009270,2267,1387,1591,166,99
457,205,505,JK009270,2268,0,296,236,98
457,500,793,JK009270,2274,100,391,228,99
457,898,1049,JK009270,2278,0,151,123,100
457,0,211,Meshkat0014420,2379,439,650,171,100
457,211,500,Meshkat0014420,2382,468,755,230,98
457,500,696,Meshkat0014420,2386,322,517,156,99
457,780,1049,Meshkat0014420,2390,685,982,216,89
457,431,597,JK006476,721,224,447,128,73
457,154,345,JK000326,1,1212,1403,154,99
457,0,277,ShamAY0036821,1184,1259,1527,214,96
457,277,1049,ShamAY0036821,1185,0,758,596,97
457,505,793,ShamAY0036821,1186,671,957,224,99
457,776,1049,ShamAY0036821,1192,931,1193,206,93
457,1049,1389,Meshkat00042485,3433,441,1060,191,36
457,0,154,JK000343,138,387,541,123,100
457,146,331,JK000343,1006,730,918,144,95
457,643,976,Tafsir02104,239,811,1406,259,55
457,431,1085,Shamela0001466,1215,553,1341,497,78
457,431,555,Sham19Y0147312,991,964,1521,97,21
457,542,696,Sham19Y0147312,992,338,534,122,77
457,773,941,Sham19Y0147312,994,14,181,122,91
457,0,345,Shamela0004445,229,893,1237,277,99
457,0,891,Shamela0004445,251,669,1556,705,98
457,891,1049,Shamela0004445,252,0,158,129,100
457,555,887,Tafsir02067,426,27,800,245,40
457,0,154,Sham19Y0014592,160,711,865,123,100
457,560,793,Sham19Y0013550,106,8,195,139,76
457,793,941,Sham19Y0013550,327,497,645,118,100
457,345,555,Zaydiyya0000062,806,595,808,167,96
457,560,788,Zaydiyya0000062,807,1025,1256,178,96
457,793,1043,Zaydiyya0000062,809,220,471,201,98
457,793,1020,Shamela0010517,2287,613,838,179,97
457,0,154,Shamela0037458,1844,530,684,123,100
457,385,560,Shamela0037458,1850,639,807,128,92
457,560,793,Shamela0037458,1851,1153,1386,182,100
457,793,1010,Shamela0037458,1854,704,921,175,100
457,0,124,JK000087,615,1436,1559,100,99
457,124,297,JK000087,616,0,173,138,99
457,340,500,JK000791,1063,666,826,125,98
457,415,962,JK000791,1064,80,664,394,84
457,887,1049,JK000791,1069,640,912,128,57
457,0,211,Noorlib0038508,66,408,991,154,32
457,560,876,Noorlib0038508,67,613,1394,245,40
457,542,696,Shamela0012014,182,362,509,115,93
457,431,547,Shamela0000922,636,1167,1500,91,34
457,560,696,Shamela0000922,637,573,709,109,100
457,793,941,Shamela0000922,638,539,687,118,100
457,0,941,JK000368,114,64,1005,748,99
457,174,331,JK000149,192,869,1026,126,99
457,0,345,JK007018,315,842,1187,275,98
457,271,752,JK007018,317,136,917,339,54
457,696,941,JK007018,318,181,481,171,69
457,0,127,JK009396,652,1447,1573,102,99
457,127,415,JK009396,653,0,274,191,81
457,345,500,JK009396,656,813,968,124,100
457,500,752,JK009396,657,110,362,199,100
457,0,345,Sham19Y0023608,1904,846,1191,278,100
457,1085,1249,Sham19Y0023608,1905,345,572,107,58
457,500,793,Sham19Y0023608,1908,947,1240,229,100
457,793,1049,Sham19Y0023608,1910,891,1147,206,100
457,345,500,Sham19Y0023608,3755,501,656,124,100
457,647,1049,Shia002333,58,292,717,245,65
457,350,500,Sham19Y0016953Vols,249,1115,1265,120,100
457,500,696,Meshkat00042488,748,350,935,156,33
457,696,1010,Meshkat00042488,749,262,672,248,76
457,0,365,Shia003721Vols,140,971,1347,285,94
457,102,365,Shia003721Vols,141,552,1150,191,39
457,0,990,Shia003721Vols,163,523,1509,787,99
457,793,1043,ShamIbadiyya0000075,404,249,710,201,54
457,500,941,Shamela0004473,6710,972,1295,171,41
457,793,941,Shamela0004473,12804,1316,1464,118,100
457,0,211,Shamela0004473,12805,509,720,171,100
457,0,500,Hindawi091929150,61,198,698,402,100
457,647,1024,Shamela0022371,206,901,1499,240,50
457,345,696,Shamela0022371,206,362,672,161,44
457,0,162,Sham19Y0145435,4956,1449,1610,130,99
457,162,1049,Sham19Y0145435,4957,0,883,705,99
457,908,1049,Sham19Y0145435,4963,754,1032,115,50
457,0,365,Sham19Y0145435,4987,1134,1517,288,92
457,96,365,Sham19Y0145435,4988,667,1280,200,40
457,216,404,Sham19Y0145435,5107,464,656,151,96
457,154,345,JK000961,66,1342,1533,154,99
457,612,756,JK000961,67,778,1287,78,21
457,0,516,Shia002356Vols,534,736,1240,404,97
457,500,1054,Shia002356Vols,536,749,1297,431,98
457,0,442,Tafsir04038,285,793,1471,332,60
457,0,345,JK001496,968,1075,1421,276,98
457,490,752,JK001496,972,113,831,202,35
457,793,941,JK001496,974,588,734,117,98
457,500,941,AOCP20251104085,7,277,714,337,96
457,1049,1204,Tafsir02102,2337,1068,1431,104,35
457,0,404,Shamela0008473,2455,987,1506,323,77
457,331,500,Shamela0008473,2458,720,889,134,99
457,404,752,Shamela0008473,2459,241,752,275,68
457,733,941,Shamela0008473,2461,501,726,163,92
457,776,1049,Shamela0008473,2463,972,1392,139,37
457,68,345,Shamela0008473,4497,914,1254,215,79
457,345,500,Shamela0008473,4498,493,648,124,100
457,1124,1478,Shia002382Vols,883,392,992,164,30
457,756,941,Shia002382Vols,886,173,632,142,39
457,654,941,Shia002382Vols,890,324,861,186,45
457,54,385,MMS00013,2557,0,317,192,61
457,560,908,MMS00013,2605,153,850,220,38
457,793,950,MMS00013,2607,516,677,123,96
457,68,271,Hindawi014685395,52,1058,1261,163,100
457,533,752,Tafsir07055,764,156,583,172,50
457,0,162,Shamela0012884,2615,1272,1456,130,87
457,162,941,Shamela0012884,2616,0,1027,475,54
457,560,832,Shamela0012884,2630,755,995,145,64
457,806,1049,Masaha004648Vols,406,521,775,103,35
457,0,469,Masaha004648Vols,472,1118,1595,245,52
457,0,1049,Shamela0023591,3927,131,1180,837,100
457,0,345,Shamela0023591,3934,297,642,278,100
457,345,500,Shamela0023591,3941,1197,1352,124,100
457,500,793,Shamela0023591,3942,1245,1537,229,99
457,793,1049,Shamela0023591,3946,425,681,206,100
457,0,250,JK009266,5016,1292,1539,200,98
457,250,516,JK009266,5017,0,269,207,95
457,500,1065,JK009266,5027,831,1403,444,97
457,0,404,JK000095,11,583,862,218,66
457,154,345,Shamela0010283,2404,57,256,155,95
457,0,415,Shia003749,157,907,1376,228,54
457,1124,1369,JK000458,1627,1090,1509,96,26
457,0,516,Shamela0021821,840,257,782,410,97
457,431,941,Shamela0021821,842,899,1507,401,83
457,612,832,JK000786,3396,1128,1370,161,87
457,500,696,Shamela0012318,245,1367,1546,117,73
457,612,1049,Rafed0003793Vols,768,839,1014,123,35
457,654,941,Shia001122Vols,2482,250,797,181,43
457,616,941,Shia001122Vols,3676,166,707,195,45
457,0,500,Shia002389Vols,1222,468,1098,342,66
457,407,793,Shia002389Vols,1224,393,799,168,49
457,521,946,JK000063,118,597,1506,320,45
457,799,941,JK000063,231,0,142,113,100
457,345,500,JK000063,232,936,1106,124,91
457,0,345,JK009362,4104,176,523,276,98
457,345,500,JK009362,4109,1166,1320,123,98
457,560,696,JK009362,4111,1340,1477,109,97
457,345,505,JK000367,368,1122,1282,128,100
457,560,832,JK000467,1042,835,1074,144,64
457,616,941,Shia001174Vols,5122,707,1260,195,44
457,434,696,Shia001174Vols,5124,723,1166,133,36
457,0,857,Shamela0008266,34,207,1138,393,41
457,365,677,JK001420,456,21,594,231,50
457,793,1065,JK001420,457,154,681,212,50
457,211,458,Zaydiyya0000274,50,746,992,194,97
457,0,154,JK009257,393,299,454,121,98
457,174,371,Sham19Y0122232,1183,478,670,134,84
457,0,194,Zaydiyya0000206,37,1440,1633,157,99
457,194,431,Zaydiyya0000206,38,0,237,190,99
457,0,211,JK006478,4985,1310,1521,171,100
457,560,793,JK006478,4996,909,1141,182,98
457,780,941,JK006478,5000,800,961,127,97
457,528,976,Tafsir08060,251,85,1182,341,39
457,654,941,PV2024060601,2482,250,797,181,43
457,616,941,PV2024060601,3676,166,707,195,45
457,0,154,Rafed0003943Vols,664,826,980,123,100
457,154,404,Rafed0003943Vols,666,1029,1279,203,100
457,431,941,Rafed0003943Vols,669,233,743,401,100
457,0,345,Shamela0010273,1215,957,1302,278,100
457,1049,1404,Shamela0010273,1216,351,761,179,51
457,393,500,Shamela0010273,1218,0,107,84,100
457,500,1049,Shamela0010273,1219,914,1463,435,100
457,154,345,Sham19Y0014328,282,293,484,155,100
457,542,696,Shamela0007798,5054,502,698,123,78
457,752,941,Shamela0007798,5061,746,1006,148,72
457,756,941,Shamela0007798,5067,323,606,145,65
457,385,500,Shamela0007798,7295,1173,1307,91,85
457,1049,1478,Tafsir01006,679,517,1338,230,33
457,571,941,Tafsir06048,509,360,827,289,78
457,404,560,Sham19Y0014404,656,1047,1390,122,44
457,542,696,Sham19Y0014404,657,173,331,123,96
457,0,500,Rafed0003799Vols,1915,1046,1541,397,98
457,591,950,Meshkat00057178,1509,739,1390,186,36
457,431,566,Meshkat00057178,1973,408,785,103,34
457,560,696,Meshkat00057178,1974,43,178,109,99
457,756,941,Meshkat00057178,1975,573,780,130,79
457,500,788,Masaha000554Vols,2363,346,638,224,96
457,793,1043,Masaha000554Vols,2367,1111,1361,196,95
457,0,1049,QuranAnalysis001,99,156,1205,837,100
457,0,500,Hindawi084602738,153,742,1275,400,93
457,500,696,Hindawi084602738,155,883,1595,156,27
457,793,1010,Hindawi084602738,156,170,531,155,53
457,431,560,JK000916,19899,287,705,84,26
457,0,127,Rafed0001713Vols,1142,1401,1527,102,99
457,1085,1404,Rafed0001713Vols,1143,544,1184,166,31
457,127,516,Rafed0001713Vols,1143,0,425,309,90
457,431,1065,Rafed0001713Vols,1146,109,891,496,80
457,0,154,Shia002374Vols,231,198,352,123,100
457,818,1049,JK000122,24,0,231,187,100
457,154,345,Tafsir04056,241,637,828,154,99
457,0,345,Tafsir04056,1080,641,891,192,68
457,0,211,Tafsir04056,3910,319,602,164,70
457,0,124,Tafsir04056,3912,1398,1521,100,99
457,124,500,Tafsir04056,3913,0,372,298,98
457,654,941,Tafsir04056,3928,294,830,177,43
457,345,500,Tafsir04056,5917,845,1000,124,100
457,321,560,Shamela0000041,1241,1143,1441,190,80
457,560,696,Shamela0000041,1243,411,548,109,99
457,696,941,Shamela0000041,1244,7,252,191,100
457,832,1049,Shamela0000041,1245,889,1174,167,69
457,0,345,Shamela0023578,1562,545,890,278,100
457,255,454,Shamela0023578,1564,1166,1549,158,51
457,454,1093,Shamela0023578,1565,0,641,485,93
458,0,203,Shamela0000140,1266,843,1041,154,91
458,192,697,Shamela0010283,2404,77,242,132,32
458,429,656,Tafsir01006,680,808,1249,167,45
458,330,871,Tafsir06048,506,394,972,201,32
458,203,700,Rafed0001713Vols,1144,384,1508,278,28
459,0,450,Shamela0000140,1263,676,1235,359,78
459,384,640,Meshkat00042485,3445,981,1254,160,76
459,450,741,Shamela0022769,699,75,596,126,26
459,7,312,Shamela0021766,2135,79,721,162,30
459,42,329,Meshkat00042488,748,817,1283,99,23
459,317,647,Shia002382Vols,885,959,1436,203,55
459,0,597,Tafsir05047,374,614,1338,256,38
459,0,878,Tafsir08060,251,208,987,305,37
459,377,761,Shamela0010273,1221,5,585,192,39
459,344,860,Tafsir01006,682,214,1335,313,35
459,450,810,Sham19Y0014404,657,1171,1514,163,50
459,495,761,Rafed0001713Vols,1148,68,568,165,42
460,557,842,Shia001432Vols,2920,607,901,220,89
460,583,951,Shia001432Vols,3882,1194,1560,296,99
460,951,1510,Shia001432Vols,3883,0,561,446,99
460,583,842,Shia001432Vols,15517,158,417,208,99
460,1285,1464,Shia001432Vols,22872,1303,1482,143,99
460,647,862,Shia001432Vols,32281,851,1066,175,99
460,583,862,Shamela0023632,1824,288,567,226,100
460,862,1142,Shamela0023632,1826,7,287,218,98
460,1138,1464,Shamela0023632,1828,346,672,259,100
460,976,1441,JK001480,415,189,1042,226,32
460,583,1387,JK009268,2512,645,1448,641,99
460,1387,1510,JK009268,2513,0,124,100,99
460,583,1006,Sham19Y0023618,856,794,1514,337,58
460,1006,1510,Sham19Y0023618,857,0,505,403,99
460,583,809,Shamela0023628,1880,1090,1316,184,100
460,783,1142,Shamela0023628,1882,1184,1615,283,82
460,1142,1239,Shamela0023628,1883,0,97,75,100
460,1138,1510,Shamela0023628,1885,378,1057,293,53
460,1383,1495,Shamela0023628,1886,1026,1430,87,26
460,576,862,Rafed0003257Vols,2911,333,619,229,98
460,862,1510,Rafed0003257Vols,2914,235,885,514,99
460,583,862,Sham19Y0020891,2841,433,712,226,100
460,1138,1285,Sham19Y0020891,2853,141,288,115,100
460,1285,1510,Sham19Y0020891,2855,83,309,182,99
460,583,1363,JK010001,2392,954,1227,187,29
460,583,842,JK010001,2790,4,261,207,98
460,583,862,JK010001,3936,354,631,223,98
460,583,809,JK009270,2282,223,445,180,97
460,809,1138,JK009270,2285,86,413,258,97
460,1138,1344,JK009270,2288,1296,1508,161,94
460,1116,1233,JK009270,5045,658,768,78,83
460,583,862,Meshkat0014420,2394,887,1164,224,98
460,862,1285,Meshkat0014420,2396,948,1368,333,99
460,1216,1510,Meshkat0014420,2399,145,933,229,35
460,616,900,JK006476,725,420,713,230,96
460,846,1200,JK006476,726,77,554,276,73
460,1344,1483,JK006476,727,929,1074,112,95
460,583,946,ShamAY0036821,1192,1193,1550,284,96
460,946,1510,ShamAY0036821,1193,0,550,435,96
460,1138,1239,JK000373,129,772,873,78,100
460,1138,1239,JK000373,295,945,1046,78,100
460,314,675,Meshkat00042485,3452,877,1483,221,43
460,690,965,Sham19Y0147312,996,59,779,204,35
460,1146,1464,Sham19Y0147312,998,562,1266,188,33
460,583,835,Shamela0004445,262,1315,1565,202,98
460,835,1510,Shamela0004445,263,0,672,532,98
460,809,994,Shamela0004445,266,1183,1442,129,61
460,1051,1239,Shamela0004445,268,0,393,148,47
460,1344,1510,Shamela0004445,269,332,1158,135,20
460,376,809,Shamela0022769,700,519,1238,242,39
460,1106,1495,Shamela0022769,702,144,1497,291,27
460,609,846,Sham19Y0014592,955,69,515,125,36
460,1133,1239,Sham19Y0014592,1645,1091,1199,79,95
460,868,1394,Sham19Y0014592,2358,425,647,156,36
460,491,856,Zaydiyya0000062,810,916,1222,234,78
460,862,1133,Zaydiyya0000062,812,292,562,215,98
460,1116,1394,Zaydiyya0000062,813,1055,1349,213,89
460,1138,1239,JK000159,925,498,599,78,100
460,862,965,Shamela0008555,82,148,251,82,100
460,720,965,Shamela0037458,1860,338,583,198,100
460,965,1239,Shamela0037458,1862,1132,1406,215,100
460,1239,1383,Shamela0037458,1864,826,970,116,100
460,576,796,JK000791,1071,1326,1545,176,98
460,720,1510,JK000791,1072,611,1453,613,91
460,1285,1500,Noorlib0038508,90,170,880,170,29
460,491,675,Shamela0021766,2140,281,556,144,63
460,862,983,Shamela0021735,1195,1080,1194,83,87
460,583,1039,Hindawi084739682,115,1208,1571,283,76
460,1039,1285,Hindawi084739682,116,0,246,195,100
460,1116,1285,Hindawi083828042,210,570,737,123,93
460,1138,1418,Shamela0001731,56,853,1151,83,23
460,809,1138,Shamela0000922,640,29,779,259,43
460,1031,1239,Shamela0000922,640,1124,1474,136,50
460,1146,1464,Shamela0000922,641,11,640,210,42
460,1142,1285,Shia003461Vols,668,1416,1558,112,99
460,1138,1239,Shia003461Vols,685,1249,1350,78,100
460,1138,1239,Sham19Y0009800,34,278,379,78,100
460,1285,1472,Sham19Y0009800,73,835,1022,145,97
460,567,862,Tafsir07076,4914,381,670,225,93
460,965,1383,JK007018,320,738,1481,327,55
460,1142,1239,Sham19Y0127677,3660,555,652,75,100
460,1142,1239,ShamAY0034434,293,554,651,75,100
460,1142,1285,JK009396,664,484,627,112,100
460,1180,1464,JK009396,664,942,1433,178,40
460,583,862,Sham19Y0023608,1913,916,1195,226,100
460,809,1285,Sham19Y0023608,1915,543,1339,371,59
460,1285,1510,Sham19Y0023608,1918,1082,1308,182,99
460,1138,1383,Shamela0009637,15,503,748,194,100
460,862,976,Shamela0001340,118,1190,1314,86,88
460,314,862,JK000818,268,743,1453,270,38
460,862,1510,JK000818,269,17,1304,482,47
460,1142,1239,Shamela0009773,1572,510,607,75,100
460,1116,1239,Meshkat00042488,753,825,1014,96,65
460,1239,1383,Meshkat00042488,754,23,409,116,37
460,583,809,Shia003721Vols,174,1327,1551,184,99
460,809,1510,Shia003721Vols,175,0,703,554,99
460,942,1142,Shia003721Vols,179,202,506,157,65
460,1344,1510,Shia003721Vols,181,314,1100,133,20
460,862,965,JK000162,43,1246,1349,82,100
460,314,758,ShamIbadiyya0000075,404,606,1222,198,31
460,583,1138,Shamela0004473,11616,437,992,445,100
460,576,809,Hindawi091929150,124,803,1035,186,98
460,588,835,Shia001423Vols,1150,418,666,199,98
460,583,1317,Sham19Y0145435,5005,817,1544,579,98
460,1317,1510,Sham19Y0145435,5006,0,192,155,97
460,631,862,Sham19Y0145435,5008,940,1503,177,38
460,809,1142,Sham19Y0145435,5009,711,1495,261,41
460,1317,1510,Sham19Y0145435,5012,132,606,152,39
460,897,1383,Kraken210622021811,357,0,579,275,54
460,583,1285,Shia002356Vols,538,645,1336,550,97
460,1216,1510,Shia002356Vols,540,44,421,205,67
460,783,1383,Tafsir04038,288,393,1140,355,54
460,827,1006,Shia002380Vols,363,975,1499,130,31
460,1138,1510,Shia002380Vols,364,737,1543,284,44
460,675,1285,Shamela0001419,225,221,579,266,55
460,583,862,JK001496,976,55,334,224,97
460,1285,1510,JK001496,980,704,927,180,97
460,862,1377,Zaydiyya0000328,162,334,540,137,33
460,583,846,Tafsir02091,1076,52,683,204,39
460,862,965,Shamela0008473,2466,1184,1287,82,100
460,883,1146,Shamela0008473,2467,30,491,200,55
460,1027,1285,Shamela0008473,2469,27,422,186,59
460,1239,1510,Shia002382Vols,893,88,806,216,37
460,583,1367,Tafsir07055,2477,1045,1313,183,29
460,583,846,Tafsir07055,2879,1142,1401,205,96
460,583,862,Tafsir07055,4048,505,780,221,97
460,951,1355,Tafsir05047,376,713,1560,288,42
460,1285,1441,AOCP202502141169Vols,1123,664,1259,120,25
460,1138,1239,ShamAY0035884,794,1184,1285,78,100
460,1285,1464,Shamela0012884,2638,11,312,142,58
460,638,1510,Shamela0023591,3951,0,873,697,99
460,576,876,Shamela0023591,3953,601,901,234,96
460,862,1299,Shamela0023591,3955,406,844,338,97
460,1285,1510,Shamela0023591,3960,74,300,182,99
460,583,1239,JK009266,5038,859,1506,513,97
460,1239,1510,JK009266,5039,0,266,214,96
460,583,1017,Shamela0010283,2440,1076,1557,346,89
460,1017,1510,Shamela0010283,2441,0,639,390,76
460,986,1285,Sham19Y0026523,6058,0,290,228,96
460,394,976,Shamela0021821,845,887,1519,364,65
460,976,1510,Shamela0021821,846,0,535,426,99
460,1220,1418,Shamela0021821,848,299,1204,153,21
460,1138,1239,JK000786,4239,1264,1365,78,100
460,583,819,Shia002389Vols,1228,388,627,187,96
460,583,862,JK009362,4119,902,1180,224,98
460,1138,1239,JK009362,6817,893,994,78,100
460,557,842,Shia001344Vols,164,554,848,220,89
460,724,965,JK001110,80,0,241,194,99
460,862,1510,JK001420,458,45,773,238,30
460,1185,1441,Shamela0003118,2885,704,1485,182,28
460,1142,1239,Shamela0003118,4413,276,373,75,100
460,1142,1239,Shamela0003118,4445,9,106,75,100
460,1142,1239,ShamAY0035245,13,900,997,75,100
460,1142,1239,ShamAY0035245,16,123,220,75,100
460,583,809,JK009257,396,754,978,182,98
460,647,814,JK011677,9,1342,1509,135,98
460,889,1344,Sham19Y0023644,402,869,1260,179,41
460,481,862,JK006478,5005,681,1035,249,79
460,965,1285,JK006478,5011,152,468,250,98
460,690,1031,Tafsir08060,252,239,928,222,40
460,411,937,Rafed0003943Vols,670,1241,1716,320,73
460,675,1285,Rafed0003943Vols,671,483,1094,313,49
460,1239,1510,Rafed0003943Vols,672,1111,1475,210,71
460,583,775,Shamela0010273,1222,1378,1569,156,99
460,605,758,Shamela0010273,1223,318,890,124,26
460,965,1285,Shamela0010273,1226,191,511,252,100
460,1285,1510,Shamela0010273,1228,398,624,182,99
460,1383,1510,Shamela0010273,1229,40,595,103,22
460,1138,1239,Shamela0007798,5081,570,671,78,100
460,1216,1387,Shamela0007798,5082,381,983,134,27
460,1138,1383,JK000805,14,448,693,194,100
460,491,675,Tafsir01006,684,118,381,140,63
460,1220,1495,Tafsir06048,512,0,681,217,39
460,354,965,Sham19Y0014404,659,165,1408,354,32
460,1031,1383,Sham19Y0014404,660,720,1583,259,36
460,1285,1510,Sham19Y0014404,661,46,908,160,22
460,1142,1239,JK008001,5000,1249,1346,75,100
460,842,1280,Masaha000554Vols,2378,740,1239,334,83
460,1285,1510,Masaha000554Vols,2381,1299,1520,174,93
460,411,942,JK000447,364,720,1392,174,28
460,942,1418,JK000447,365,168,1091,227,31
460,583,883,QuranAnalysis001,99,1205,1504,243,99
460,883,1510,QuranAnalysis001,100,0,628,499,99
460,1142,1239,Shamela0001438,5701,1023,1120,75,100
460,1138,1239,JK000916,15153,970,1071,78,100
460,491,1138,Rafed0001713Vols,1150,490,1129,510,98
460,1189,1510,Rafed0001713Vols,1154,0,323,257,99
460,1285,1468,Shia001378,18,923,1080,123,84
460,583,1387,JK000122,24,231,1035,641,99
460,1138,1239,JK000803,89,574,675,78,100
460,1138,1233,JK000803,90,1335,1429,73,98
460,862,969,JK010568,69,362,469,82,97
460,1027,1510,Tafsir07057,2703,395,967,248,46
460,588,775,Shamela0000041,1246,1188,1543,152,52
460,912,1200,Shamela0000041,1247,920,1521,227,47
460,775,976,Shamela0000041,1247,0,198,156,97
460,1196,1510,Shamela0000041,1248,716,1209,243,61
460,411,1116,Shamela0023578,1570,851,1499,457,81
460,1116,1510,Shamela0023578,1571,0,395,315,99
460,593,969,Shamela0023578,1572,0,1225,302,30
460,1110,1491,Shamela0023578,1573,380,1221,299,44
460,1138,1344,JK000876,641,792,1449,157,30
461,206,793,Shia001432Vols,2920,643,878,186,39
461,127,1183,Shia001432Vols,3882,1001,1552,319,34
461,0,206,Shia001432Vols,3883,561,767,165,99
461,206,759,Shia001432Vols,15517,158,384,180,40
461,206,793,Shamela0023632,1824,288,524,189,39
461,0,211,Shamela0023632,1830,416,626,167,97
461,206,1183,JK009268,2512,629,1004,283,36
461,0,206,JK009268,2513,124,330,167,100
461,0,159,Sham19Y0023618,857,505,664,130,100
461,0,206,Sham19Y0023618,859,298,534,106,55
461,206,759,Shamela0023628,1880,1090,1316,181,40
461,783,1194,Shamela0023628,1883,97,613,204,44
461,3,206,Shamela0023628,1887,608,936,165,61
461,206,793,Rafed0003257Vols,2911,340,576,189,39
461,0,206,Rafed0003257Vols,2914,885,1091,167,100
461,0,201,LMN20251118,173,264,465,160,98
461,0,159,Tafsir09084,1215,66,264,130,80
461,206,793,Sham19Y0020891,2841,433,669,189,39
461,0,206,Sham19Y0020891,2855,309,515,167,100
461,0,206,JK009270,2291,454,660,167,100
461,432,868,Meshkat0014420,2395,681,1262,177,33
461,0,206,Meshkat0014420,2399,933,1139,167,100
461,0,206,JK006476,728,633,845,167,97
461,32,206,Tafsir01005,2962,281,829,142,31
461,0,206,ShamAY0036821,1193,550,755,165,98
461,686,1108,Meshkat00042485,3456,679,1282,220,41
461,0,206,Sham19Y0147312,999,109,615,167,40
461,127,759,Shamela0004445,262,1076,1540,218,34
461,0,206,Shamela0004445,263,672,878,167,100
461,55,206,Shamela0004445,272,1286,1437,123,100
461,225,904,Shamela0022769,700,769,1415,243,38
461,3,201,Zaydiyya0000062,815,772,1040,159,72
461,24,206,Shamela0037458,1867,1004,1263,148,70
461,206,670,JK000791,1071,1333,1533,162,42
461,0,115,JK000791,1072,1453,1567,93,99
461,0,231,Noorlib0038508,90,966,1251,176,75
461,783,1153,Shamela0021766,2141,839,1504,198,35
461,206,793,Hindawi084739682,115,1208,1444,189,39
461,55,211,Shamela0000922,641,895,1141,121,60
461,0,206,JK007018,321,788,994,166,99
461,0,211,JK009396,665,1415,1626,168,98
461,206,793,Sham19Y0023608,1913,916,1152,189,39
461,0,206,Sham19Y0023608,1918,1308,1514,167,100
461,0,159,Sham19Y0023608,1920,737,1310,127,27
461,206,1000,JK000818,268,857,1453,276,39
461,1033,1503,JK000818,269,17,303,159,42
461,55,206,Meshkat00042488,755,810,1185,123,40
461,127,759,Shia003721Vols,174,1106,1551,217,34
461,0,206,Shia003721Vols,175,703,909,167,100
461,55,216,Shia003721Vols,184,1167,1333,125,92
461,206,697,ShamIbadiyya0000075,404,728,1486,199,26
461,0,201,ShamIbadiyya0000075,407,884,1307,160,46
461,206,1183,Shamela0004473,11616,437,796,284,36
461,206,763,Hindawi091929150,124,809,1039,182,40
461,206,759,Shia001423Vols,1150,411,639,181,40
461,55,206,JK010729,166,337,489,122,98
461,0,206,Sham19Y0145435,5006,192,398,167,100
461,55,216,Sham19Y0145435,5015,664,831,127,94
461,0,206,Shia002356Vols,540,421,625,165,99
461,55,206,Tafsir04038,288,1216,1367,123,100
461,206,1333,Shia002380Vols,363,173,1327,446,38
461,0,206,JK001496,980,927,1134,167,99
461,0,271,Shamela0008473,2470,834,1099,183,85
461,0,196,Shia002382Vols,893,806,1540,156,26
461,0,206,Shamela0023591,3951,873,1079,167,100
461,206,793,Shamela0023591,3953,609,845,189,39
461,0,206,Shamela0023591,3960,300,506,167,100
461,0,231,JK009266,5039,266,499,180,91
461,206,1178,Shamela0010283,2440,1076,1478,282,35
461,55,206,Shamela0010283,2443,391,558,123,90
461,206,1183,Shamela0021821,845,1127,1486,284,36
461,0,328,Shamela0021821,846,535,804,200,72
461,206,759,Shia002389Vols,1228,388,614,180,40
461,304,868,Sham19Y0013231,2079,338,1073,202,27
461,0,206,JK009362,4133,36,508,158,41
461,206,793,Shia001344Vols,164,590,825,186,39
461,55,206,Shia001174Vols,2305,1298,1449,123,100
461,55,172,Shia001174Vols,2485,696,813,96,100
461,0,211,JK001420,458,773,933,70,43
461,55,206,JK006478,5018,1398,1550,123,99
461,373,1183,Tafsir08060,252,124,724,262,34
461,206,1178,Rafed0003943Vols,670,1363,1716,280,35
461,206,662,Shamela0010273,1222,1378,1569,155,41
461,211,613,Shamela0010273,1223,292,966,210,37
461,55,206,Shamela0010273,1229,1328,1479,123,100
461,20,206,Shamela0007798,5086,0,996,147,18
461,892,1457,Tafsir01006,685,0,1184,303,31
461,32,206,Tafsir04003,2084,285,512,142,76
461,206,1183,Sham19Y0014404,659,301,1562,360,28
461,0,159,Sham19Y0014404,661,908,1390,130,32
461,206,793,QuranAnalysis001,99,1205,1441,189,39
461,0,206,QuranAnalysis001,100,628,834,167,100
461,980,1531,Rafed0001713Vols,1152,71,1373,267,24
461,0,206,Rafed0001713Vols,1154,323,529,167,100
461,55,206,Rafed0001713Vols,1156,795,1234,123,34
461,206,1183,JK000122,24,231,590,282,36
461,0,206,Tafsir04042,1093,978,1459,167,42
461,41,206,Tafsir02094,1835,335,710,134,44
461,206,662,Shamela0000041,1246,1159,1543,174,41
461,544,1323,Shamela0000041,1247,190,986,286,31
461,0,159,Shamela0000041,1248,1209,1368,130,100
461,20,206,Shamela0000041,1249,530,857,151,56
461,206,1178,Shamela0023578,1570,967,1321,280,35
461,0,206,Shamela0023578,1571,395,601,167,100
461,253,1239,Shamela0023578,1572,47,995,381,36
462,940,1472,Shia001432Vols,3883,289,491,163,37
462,1058,1472,Shia001432Vols,22872,1303,1459,125,37
462,940,1472,Shamela0023632,1828,447,649,163,37
462,440,1012,JK009268,2516,817,1505,245,36
462,1058,1185,JK009268,2517,136,362,86,46
462,940,1472,Sham19Y0023618,857,233,435,163,37
462,719,1472,Shamela0023628,1885,552,987,211,31
462,940,1472,Rafed0003257Vols,2914,612,815,160,37
462,1058,1472,Sham19Y0020891,2855,83,239,126,37
462,560,741,Meshkat00042485,3460,1319,1444,90,63
462,741,1049,Meshkat00042485,3461,1178,1585,173,49
462,1355,1547,Meshkat00042485,3465,1353,1602,104,41
462,406,1472,Shamela0022769,702,36,1332,355,29
462,552,1335,Shamela0037458,1864,115,970,265,26
462,940,1472,JK000791,1072,1181,1383,163,37
462,1053,1472,Noorlib0038508,90,165,720,137,25
462,1058,1480,Shamela0000922,641,211,751,141,24
462,1058,1472,Sham19Y0009800,73,835,991,126,37
462,1058,1472,Sham19Y0023608,1918,1082,1238,126,37
462,940,1472,JK000818,269,756,1148,188,38
462,940,1472,Shia003721Vols,175,431,633,163,37
462,560,1185,ShamIbadiyya0000075,406,918,1499,196,27
462,481,764,ShamAY0033108,883,1026,1311,119,42
462,1072,1547,Shia002356Vols,540,636,1155,193,34
462,631,764,ShamAY0034059,2607,514,933,90,27
462,463,1504,Shia002380Vols,364,438,1374,370,35
462,481,1090,Tafsir02091,1077,817,1435,206,34
462,430,749,Shia002382Vols,892,1111,1588,160,37
462,940,1547,Shia002382Vols,893,88,673,255,41
462,82,1240,Tafsir05047,376,869,1562,300,28
462,1058,1390,AOCP202502141169Vols,1123,664,1176,105,27
462,1058,1472,Shamela0012884,2638,11,237,140,41
462,940,1472,Shamela0023591,3951,601,803,163,37
462,1035,1472,Shamela0023591,3960,43,230,135,37
462,940,1472,Shamela0010283,2441,222,547,166,33
462,940,1472,Shamela0021821,846,263,465,163,37
462,932,1472,Shamela0003118,2885,804,1485,190,28
462,666,1480,Tafsir08060,253,0,607,271,38
462,940,1472,Rafed0003943Vols,672,1106,1405,155,34
462,430,1058,Shamela0010273,1227,261,1026,281,38
462,1058,1472,Shamela0010273,1228,398,554,126,37
462,741,1101,Tafsir01006,687,15,525,210,49
462,1226,1547,Tafsir01006,687,880,1489,190,34
462,662,1335,Sham19Y0014404,660,1216,1583,199,33
462,1058,1430,JK000447,365,727,1156,125,27
462,940,1472,QuranAnalysis001,100,356,558,163,37
462,560,955,Rafed0001713Vols,1154,529,1285,205,31
462,385,1472,Shamela0000041,1248,359,1139,350,34
462,940,1472,Shamela0023578,1571,123,325,163,37
462,385,1472,Shamela0023578,1573,339,1034,335,37
463,993,1211,JK000330,1063,980,1198,173,100
463,1211,1355,Shia001432Vols,1823,52,196,113,100
463,1284,1535,Shia001432Vols,2431,635,887,202,99
463,6,678,Shia001432Vols,3883,491,767,221,40
463,796,993,Shia001432Vols,3957,927,1123,161,98
463,993,1211,Shia001432Vols,4684,1135,1353,173,100
463,1339,1535,Shia001432Vols,17450,574,771,159,99
463,993,1250,Shia001432Vols,24155,1224,1492,203,95
463,49,678,Shamela0023632,1830,369,622,205,40
463,796,1038,Shamela0023632,1831,765,1008,199,99
463,1038,1355,Shamela0023632,1833,51,368,250,100
463,6,1211,JK009268,2513,54,745,558,57
463,1211,1535,JK009268,2520,625,950,259,99
463,6,576,Sham19Y0023618,857,435,664,186,40
463,505,993,Sham19Y0023618,859,400,732,226,55
463,928,1401,Sham19Y0023618,860,381,994,362,74
463,1038,1155,Tafsir06051,31,444,561,93,100
463,1038,1155,JK000382,896,309,426,93,100
463,1284,1535,Shamela0010551,507,96,346,200,98
463,216,1155,Shamela0023628,1887,538,1296,501,58
463,1038,1401,Shamela0023628,1889,583,1106,287,69
463,6,678,Rafed0003257Vols,2914,815,1091,223,41
463,216,505,Rafed0003257Vols,2922,218,486,106,34
463,551,993,Rafed0003257Vols,2922,769,1247,232,52
463,962,1217,Rafed0003257Vols,2923,1014,1453,200,57
463,1068,1349,Rafed0003257Vols,2924,997,1656,220,42
463,1246,1535,Zaydiyya0000044,96,0,290,232,99
463,49,673,LMN20251118,173,216,465,199,39
463,216,576,Tafsir09084,1215,55,264,148,49
463,1309,1535,ShamAY0034541,82,192,417,180,98
463,6,678,Sham19Y0020891,2855,239,515,223,41
463,791,993,Sham19Y0020891,2861,1157,1360,164,98
463,962,1161,Sham19Y0020891,2864,1037,1236,139,87
463,1038,1155,Shamela0023606,303,1313,1430,93,100
463,993,1149,Tafsir09068,589,495,1002,124,30
463,1038,1155,JK010001,3239,1249,1366,93,100
463,6,678,JK009270,2291,386,660,221,40
463,791,993,JK009270,2294,62,264,163,98
463,993,1288,JK009270,2296,745,1041,233,99
463,6,678,Meshkat0014420,2399,864,1139,221,40
463,821,993,Meshkat0014420,2403,0,172,141,99
463,993,1134,Meshkat0014420,2404,1437,1577,112,99
463,1134,1355,Meshkat0014420,2405,0,221,174,100
463,1313,1535,Shia000220Vols,977,0,223,179,99
463,6,678,JK000865,297,254,840,268,40
463,606,1042,JK006476,729,29,532,220,40
463,993,1313,JK006476,730,120,462,239,88
463,1309,1535,Shamela0036543,291,943,1170,182,99
463,1173,1535,Shamela0002300,770,1101,1457,243,76
463,6,1535,ShamAY0036821,1193,483,1485,798,64
463,1309,1535,Shamela0029677,1047,559,786,182,99
463,993,1155,JK000373,292,1314,1476,129,100
463,1038,1155,Sham19Y0147312,1000,1297,1414,93,100
463,6,678,Shamela0004445,263,602,878,223,41
463,796,993,Shamela0004445,380,1006,1204,163,99
463,1211,1355,Shamela0004445,7045,535,679,113,100
463,216,678,Shamela0022769,703,44,600,268,54
463,942,1395,Tafsir02067,429,363,1507,345,38
463,1246,1535,Shia002945Vols,477,336,626,232,99
463,833,1155,Sham19Y0013550,306,597,961,184,49
463,6,934,Zaydiyya0000062,815,374,1186,439,48
463,942,1206,Zaydiyya0000062,816,1317,1586,211,97
463,1211,1355,Shamela0006947,4621,721,865,113,100
463,1211,1355,JK001477,80,1067,1212,113,99
463,1017,1155,Shamela0037458,1870,0,138,110,100
463,1038,1155,JK000087,35,508,625,93,100
463,6,511,JK000791,1072,1383,1567,149,36
463,796,993,JK000791,1077,405,1285,162,22
463,993,1155,JK000791,1078,27,506,129,33
463,1284,1535,JK000791,1079,90,369,196,87
463,49,678,Noorlib0038508,90,844,1227,212,38
463,0,689,Shamela0021766,2145,172,1644,338,27
463,993,1155,JK000365,1111,1271,1433,129,100
463,1339,1535,Shia001136,283,7,204,159,99
463,1211,1355,Shamela0035100,6889,478,622,112,99
463,1155,1401,Shamela0012014,111,1185,1429,194,99
463,833,1360,Shamela0000922,642,34,1096,357,41
463,1309,1535,Tafsir07076,457,378,605,182,99
463,1309,1535,Tafsir07076,8776,227,450,176,96
463,44,993,JK007018,321,741,1377,369,42
463,993,1535,JK007018,322,75,1000,430,58
463,1038,1284,Shamela0011769,616,311,557,194,100
463,49,613,Zaydiyya0000295Vols,1838,238,1054,192,23
463,6,678,JK009396,665,1270,1621,223,37
463,791,1155,JK009396,666,638,1484,273,38
463,1155,1355,JK009396,667,518,718,157,100
463,6,678,Sham19Y0023608,1918,1238,1514,223,41
463,49,576,Sham19Y0023608,1920,408,1310,233,30
463,796,993,Sham19Y0023608,1921,457,655,163,99
463,993,1211,Sham19Y0023608,1923,422,640,173,100
463,1201,1535,Sham19Y0023608,1925,119,448,262,97
463,1211,1355,Sham19Y0023608,3497,797,941,113,100
463,993,1211,JK000917,1008,1170,1388,173,100
463,993,1155,JK000381,1904,271,433,129,100
463,993,1155,JK000381,4728,1078,1240,129,100
463,993,1122,JK000381,5259,1421,1549,103,99
463,6,534,JK000818,269,1178,1520,189,38
463,796,1126,Meshkat00042488,756,4,1578,266,20
463,6,678,Shia003721Vols,175,633,909,221,40
463,796,993,Shia003721Vols,291,273,470,162,99
463,6,881,ShamIbadiyya0000075,407,703,1419,376,44
463,606,1309,Rafed0003726Vols,635,693,1305,239,32
463,1309,1535,Shamela0004473,6360,509,736,182,99
463,993,1355,Shamela0022371,207,499,807,168,51
463,1339,1535,Zaydiyya0000367,350,1190,1387,159,99
463,1309,1535,Sham19Y0147320,108,292,519,182,99
463,6,678,Sham19Y0145435,5006,123,398,221,40
463,796,993,Sham19Y0145435,5076,462,659,162,99
463,6,678,Shia002356Vols,540,354,625,215,39
463,796,1355,Shia002356Vols,541,346,900,445,99
463,1246,1535,Shia000317Vols,3695,256,547,232,99
463,967,1535,Tafsir04038,289,0,727,351,54
463,395,1278,Shia002380Vols,365,32,1453,573,46
463,1339,1535,Shia002380Vols,366,236,485,150,72
463,6,678,JK001496,980,858,1134,221,40
463,216,444,JK001496,982,101,676,116,25
463,796,993,JK001496,983,479,678,163,98
463,962,1155,JK001496,984,719,919,135,85
463,1155,1349,JK006896,40,1299,1492,152,99
463,1349,1535,JK006896,41,0,185,149,98
463,1339,1535,Zaydiyya0000328,629,365,560,157,98
463,6,582,Tafsir02091,1078,957,1548,210,32
463,6,678,Shamela0008473,2470,727,1040,226,40
463,606,993,Shamela0008473,2471,487,843,204,60
463,917,1155,Shamela0008473,2472,293,994,149,25
463,1155,1355,Shamela0008473,2473,276,476,157,100
463,0,654,Shia002382Vols,893,667,1537,285,32
463,1211,1535,JK009265,213,1111,1434,257,99
463,1211,1355,JK009265,270,663,807,113,100
463,1303,1535,JK009265,333,221,454,181,95
463,1038,1155,Tafsir07055,3328,416,533,93,100
463,1309,1535,AOCP20251117018,299,446,677,175,92
463,6,1246,Shamela0023591,3951,803,1529,586,58
463,1246,1535,Shamela0023591,3952,0,290,232,99
463,6,678,Shamela0023591,3960,230,506,223,41
463,49,391,Shamela0023591,3962,558,799,86,29
463,796,993,Shamela0023591,3964,741,939,163,99
463,975,1155,Shamela0023591,3967,111,289,134,94
463,1155,1355,Shamela0023591,3968,1038,1238,157,100
463,1211,1381,JK000371,357,570,765,123,81
463,6,678,JK009266,5039,198,472,221,40
463,993,1173,JK009266,5055,1366,1545,143,99
463,1173,1535,JK009266,5058,120,542,283,83
463,6,678,Shamela0021821,846,465,741,223,41
463,505,993,Shamela0021821,849,165,574,221,45
463,993,1211,Shamela0021821,850,662,880,173,100
463,1155,1535,Shamela0021821,851,447,904,301,82
463,1246,1535,Rafed0003793Vols,824,407,689,215,93
463,1246,1535,Shia001122Vols,1409,891,1182,232,99
463,1246,1535,Shia002389Vols,1234,813,1103,232,98
463,1339,1535,Shia002389Vols,1235,1087,1284,159,99
463,1339,1535,ShamAY0034694,1065,1113,1310,159,99
463,220,678,JK009362,4133,11,508,183,37
463,997,1155,JK009362,4136,160,321,126,98
463,1309,1535,JK009362,4139,859,1086,182,99
463,849,975,Shamela0011730,517,822,1135,103,39
463,1155,1512,JK007070,35,386,744,222,71
463,1211,1355,Shamela0010798,577,619,769,113,96
463,1309,1535,Shamela0009292,194,932,1157,180,98
463,606,1038,JK001420,458,881,1367,107,17
463,1038,1155,JK009257,399,1124,1241,93,100
463,596,993,JK006478,5019,820,1235,210,47
463,997,1155,JK006478,5022,898,1058,126,98
463,1325,1535,JK006478,5027,0,213,168,97
463,796,993,JK000902,8,1026,1223,162,99
463,1038,1535,Tafsir08060,254,0,837,290,42
463,1246,1535,PV2024060601,1409,891,1182,232,99
463,1038,1155,JK000869,4,867,984,93,100
463,491,1473,Rafed0003943Vols,673,0,1079,637,63
463,6,438,Shamela0010273,1229,430,716,139,33
463,796,993,Shamela0010273,1230,847,1045,163,99
463,993,1201,Shamela0010273,1231,1363,1570,165,99
463,1201,1309,Shamela0010273,1232,0,108,85,100
463,1274,1535,Shamela0010273,1233,1096,1366,192,89
463,1038,1155,JK006962,2997,568,687,92,97
463,1038,1155,Shamela0007798,5090,992,1109,93,100
463,1309,1535,Shamela0007798,5094,32,257,180,98
463,395,735,Tafsir01006,688,427,1044,235,44
463,49,967,Tafsir06048,512,651,1543,383,39
463,1309,1535,Sham19Y0018567,442,1353,1572,176,96
463,833,993,Sham19Y0020642,295,1251,1436,119,78
463,551,1155,Sham19Y0014404,662,128,1403,361,31
463,993,1246,Rafed0003799Vols,83,1459,1640,88,36
463,1038,1284,Shamela0011682,1266,1427,1673,194,100
463,1022,1161,Meshkat00057178,1984,1090,1256,107,81
463,1155,1355,Meshkat00057178,1985,170,827,154,29
463,942,1303,Masaha000554Vols,2389,430,1121,285,51
463,1211,1535,Shamela0008612,90,949,1350,180,45
463,6,1464,QuranAnalysis001,100,558,1501,758,64
463,1309,1535,Shamela0005446,741,812,1039,180,98
463,1260,1535,Zaydiyya0000474,80,0,276,221,99
463,1339,1535,Zaydiyya0000474,98,742,939,159,99
463,1038,1284,Shamela0001002,2350,1517,1763,194,100
463,6,678,Rafed0001713Vols,1154,253,529,223,41
463,216,875,Rafed0001713Vols,1156,0,1573,405,29
463,985,1535,Rafed0001713Vols,1158,374,925,434,98
463,49,678,Tafsir04042,1093,828,1459,217,29
463,1309,1535,JK001001,210,629,856,182,99
463,6,576,Shamela0000041,1248,1139,1368,186,40
463,6,1355,Shamela0000041,1249,232,1416,683,52
463,833,1355,Shamela0000041,1250,14,1424,405,36
463,6,1535,Shamela0023578,1571,325,1342,818,66
463,6,273,Shamela0023578,1573,1171,1461,103,35
463,404,1269,Shamela0023578,1574,87,1493,541,43
463,1038,1155,JK000094,134,1304,1421,93,100
463,0,315,JK000876,642,863,1486,168,33
463,395,551,JK000876,643,236,545,120,47
464,30,144,Shamela0023632,1838,249,362,88,97
464,1112,1228,JK009268,2519,1317,1441,72,70
464,414,1112,JK009268,2519,64,1001,250,28
464,0,144,JK009268,2520,950,1093,111,97
464,0,144,Sham19Y0023618,861,1033,1176,111,97
464,0,127,Rafed0003257Vols,2925,187,314,100,100
464,0,127,Sham19Y0020891,2873,1236,1363,100,100
464,0,144,JK009270,2304,1230,1373,111,97
464,30,144,Meshkat0014420,2412,497,610,88,97
464,268,695,Meshkat00042485,3471,232,816,219,40
464,340,669,Shamela0001466,1227,18,601,151,28
464,30,144,Sham19Y0147312,1004,84,197,88,97
464,0,132,Shamela0037458,1883,247,379,101,97
464,0,144,JK007018,323,481,673,103,68
464,30,144,JK009396,669,1266,1379,88,97
464,0,127,Sham19Y0023608,1925,448,575,100,100
464,609,1474,JK000818,270,464,1403,324,35
464,0,144,Shia002356Vols,543,549,692,111,97
464,127,930,Shia002380Vols,365,413,1063,363,51
464,0,127,JK001496,989,117,246,100,98
464,268,912,Tafsir02102,2349,767,1598,295,38
464,127,1462,Shia002382Vols,894,105,1576,635,44
464,0,127,JK009266,5058,542,669,100,100
464,15,144,Shamela0021821,853,600,750,100,83
464,0,144,Rafed0003943Vols,675,951,1094,111,97
464,303,764,Shamela0010273,1231,0,674,255,40
464,268,1009,Tafsir01006,689,186,1268,422,44
464,0,144,QuranAnalysis001,101,72,215,111,97
464,1118,1374,Rafed0001713Vols,1159,47,539,153,38
464,30,144,Shamela0000041,1253,651,764,88,97
464,0,139,Shamela0023578,1571,1342,1492,107,90
465,331,527,Shamela0010273,1234,378,743,107,33
466,1183,1429,Shia001432Vols,2486,1035,1281,201,100
466,154,617,Shamela0023632,1838,256,489,186,50
466,617,876,Shamela0023632,1840,1225,1483,209,99
466,1183,1429,Shamela0023632,1846,1309,1555,201,100
466,154,961,JK009268,2520,987,1564,463,71
466,961,1434,JK009268,2521,0,468,381,98
466,154,675,Sham19Y0023618,861,1070,1361,232,55
466,675,882,Sham19Y0023618,864,101,308,165,98
466,876,1148,Sham19Y0023618,865,1218,1490,219,99
466,1183,1429,Sham19Y0023618,867,42,288,201,100
466,154,617,Shamela0023628,1894,1088,1321,186,50
466,617,876,Shamela0023628,1895,1076,1335,209,100
466,840,1188,Shamela0023628,1899,909,1340,278,80
466,1134,1429,Shamela0023628,1901,1083,1543,241,64
466,1122,1429,Rafed0003257Vols,2938,816,1463,251,47
466,1134,1340,Sham19Y0020891,2895,479,731,168,81
466,1235,1429,Sham19Y0020891,2896,848,1173,156,58
466,1183,1412,Tafsir09068,594,957,1670,184,31
466,154,633,JK009270,2304,1267,1515,199,51
466,663,1048,JK009270,2310,1194,1578,305,97
466,1055,1340,JK009270,2315,904,1189,231,100
466,154,617,Meshkat0014420,2412,504,737,186,50
466,617,876,Meshkat0014420,2415,1049,1308,209,100
466,876,1183,Meshkat0014420,2419,716,1023,248,100
466,1183,1429,Meshkat0014420,2423,285,531,201,100
466,391,675,JK006476,734,13,300,189,76
466,791,1107,JK006476,737,568,870,213,81
466,1055,1238,JK006476,738,351,539,130,88
466,1238,1429,JK006476,739,75,277,157,93
466,357,1012,ShamAY0036821,1195,239,828,461,87
466,601,1429,ShamAY0036821,1201,494,1311,654,97
466,154,617,Sham19Y0147312,1004,91,628,184,29
466,763,1030,Sham19Y0147312,1008,264,528,155,68
466,1055,1345,Sham19Y0147312,1010,99,661,233,51
466,1144,1269,JK009158,5,0,125,101,100
466,797,1048,Zaydiyya0000062,823,568,850,204,88
466,1030,1422,Zaydiyya0000062,824,914,1377,315,82
466,1036,1183,Shamela0006947,10893,1173,1317,114,96
466,474,675,Shamela0037458,1885,986,1187,161,100
466,748,1055,Shamela0037458,1892,798,1110,249,98
466,1242,1434,Shamela0037458,1901,0,192,156,98
466,876,1012,Shamela0000922,646,408,544,110,100
466,154,876,JK007018,323,565,1247,394,53
466,797,1183,JK007018,324,143,678,277,63
466,1163,1429,JK007018,324,1097,1355,209,96
466,1055,1269,Shamela0037325,1328,40,254,172,100
466,154,617,JK009396,669,1273,1506,186,50
466,1269,1429,JK009396,673,21,181,132,100
466,474,617,Sham19Y0023608,1929,742,885,115,100
466,564,763,Sham19Y0023608,1930,818,1164,155,56
466,840,1183,Sham19Y0023608,1935,93,690,277,57
466,1183,1429,Sham19Y0023608,1938,211,457,201,100
466,876,1012,Shamela0009637,6,126,262,110,100
466,840,1012,Meshkat00042488,762,156,467,137,54
466,1269,1429,Meshkat00042488,764,510,891,132,41
466,876,1020,Shamela0012034,11,836,994,114,89
466,531,1429,Rafed0003726Vols,636,142,1183,467,52
466,876,1055,Shamela0004473,3499,307,486,145,100
466,1183,1429,Shamela0022371,208,416,655,148,73
466,1260,1429,ShamAY0033108,892,885,1290,140,41
466,745,1012,Shia002356Vols,546,24,295,214,97
466,1012,1429,Shia002356Vols,547,49,466,338,99
466,1134,1429,Tafsir04038,290,45,555,222,53
466,391,617,JK001496,989,911,1450,156,36
466,1134,1340,JK001496,996,867,1122,167,80
466,1247,1429,JK001496,997,9,301,147,60
466,867,1016,Hindawi046286097,87,1294,1443,117,97
466,1197,1429,Tafsir02091,1086,321,1041,186,31
466,154,617,Shamela0008473,2476,1137,1370,186,50
466,564,758,Shamela0008473,2477,1002,1362,155,53
466,1247,1429,Shamela0008473,2488,448,992,149,33
466,876,1012,Shamela0003055,2160,194,330,110,100
466,876,1012,Shamela0003055,3324,1203,1339,110,100
466,876,1012,Shamela0003055,3948,559,695,110,100
466,876,1012,Shamela0003055,3949,1364,1500,110,100
466,154,1012,Shamela0023591,3976,160,789,505,72
466,940,1429,Shamela0023591,3989,962,1441,362,91
466,1269,1429,Shamela0023591,3993,1095,1582,132,32
466,474,876,JK009266,5072,295,697,324,100
466,846,1269,JK009266,5093,306,798,339,85
466,1269,1429,JK009266,5101,582,742,132,100
466,154,617,Shamela0021821,853,644,877,186,50
466,589,876,Shamela0021821,854,622,965,232,83
466,846,1183,Shamela0021821,858,553,925,272,90
466,1134,1429,Shamela0021821,859,1047,1386,240,86
466,1020,1429,JK001110,41,642,1041,310,93
466,508,876,JK001110,80,247,615,296,100
466,474,617,JK006478,5037,801,945,115,99
466,840,1020,JK006478,5044,772,1032,139,66
466,966,1183,JK006478,5045,1137,1400,176,82
466,1242,1429,JK006478,5050,1230,1452,147,80
466,357,944,Rafed0003943Vols,675,1025,1550,411,86
466,944,1188,Rafed0003943Vols,676,0,244,195,98
466,1183,1429,Rafed0003943Vols,681,981,1227,201,100
466,617,1012,Zaydiyya0000148,581,733,1129,319,99
466,474,617,Shamela0010273,1237,1370,1513,115,100
466,617,876,Shamela0010273,1238,1023,1282,209,100
466,1269,1429,Shamela0010273,1246,878,1038,132,100
466,147,617,Sham19Y0014404,664,948,1483,202,35
466,840,1012,Sham19Y0014404,666,720,976,139,67
466,1169,1429,Sham19Y0014404,668,31,749,198,33
466,1269,1429,Meshkat00057178,1996,1031,1554,132,30
466,1183,1422,Masaha000554Vols,2420,1013,1256,190,93
466,154,1429,QuranAnalysis001,101,109,1154,844,81
466,876,1012,Shamela0011379,218,1367,1503,110,100
466,876,1012,Shamela0011379,246,151,287,110,100
466,353,617,Rafed0001713Vols,1163,58,474,187,55
466,675,984,Rafed0001713Vols,1164,1012,1305,191,75
466,1055,1429,Rafed0001713Vols,1169,212,586,304,100
466,1183,1434,Hindawi017506357,102,873,1124,202,98
466,1183,1422,Zaydiyya0000476,211,930,1531,178,36
466,617,1055,Zaydiyya0000476,529,439,1214,354,56
466,617,1055,Zaydiyya0000476,576,168,943,354,56
466,1269,1429,Tafsir07057,2728,424,1018,132,26
466,154,617,Shamela0000041,1253,658,891,186,50
466,576,758,Shamela0000041,1254,494,692,146,91
466,846,1188,Shamela0000041,1257,105,499,273,86
466,1134,1429,Shamela0000041,1258,484,790,240,95
466,154,876,Shamela0023578,1578,8,574,416,71
466,850,1429,Shamela0023578,1581,0,646,470,89
466,1134,1429,Shamela0023578,1582,554,1206,239,44
467,419,617,Sham19Y0020891,2881,700,1009,113,43
467,1154,1306,Shamela0000140,1573,0,193,111,70
467,756,958,Meshkat00042485,3488,893,1086,124,73
467,15,612,ShamIbadiyya0000075,410,278,615,184,34
467,439,617,Shia002356Vols,545,688,968,101,40
467,41,1250,Shia002380Vols,367,466,1516,355,29
467,419,617,JK001496,990,630,965,109,37
467,355,617,Shia002382Vols,897,99,574,134,33
467,41,463,Tafsir01006,693,554,1172,195,32
467,756,958,Tafsir01006,694,860,1053,124,73
467,41,617,Rafed0001713Vols,1163,790,1435,217,30
467,756,958,Rafed0001713Vols,1165,577,828,122,57
467,368,617,JK000876,648,914,1252,119,40
468,56,555,Meshkat00042485,3493,520,901,158,29
468,1022,1315,Shia002380Vols,368,908,1495,129,25
468,3,618,Shia002382Vols,899,326,840,197,31
468,1188,1519,JK000458,1663,702,1122,171,45
468,3,609,Tafsir01006,695,429,1007,235,34
468,1039,1481,Tafsir01006,696,0,601,195,35
468,516,1097,Sham19Y0014404,667,0,343,131,21
468,56,602,Rafed0001713Vols,1168,541,1009,218,38
468,11,331,Shamela0000041,1257,506,953,91,20
469,891,1049,Shia001432Vols,3174,402,560,126,100
469,974,1180,Shia001432Vols,3745,915,1174,163,78
469,970,1194,Shamela0023632,1850,1202,1428,170,93
469,688,1215,JK009268,2537,772,1295,382,86
469,824,1180,Sham19Y0023618,868,1158,1554,283,88
469,891,1049,Shia001303,89,888,1046,126,100
469,804,1049,Shamela0023628,1905,529,851,153,59
469,1049,1215,Shamela0023628,1908,668,827,107,81
469,974,1163,Shia001278Vols,600,76,316,153,78
469,811,1180,Rafed0003257Vols,2943,274,847,296,64
469,891,1049,Rafed0000110,75,248,406,126,100
469,57,638,Sham19Y0020891,2896,810,1173,207,40
469,658,1229,Sham19Y0020891,2897,1124,1400,199,42
469,970,1180,Sham19Y0020891,2908,105,315,169,100
469,891,1049,JK006889,56,127,285,126,100
469,1049,1180,JK006889,56,898,1029,106,100
469,811,1107,Hindawi019640759,7,775,1487,237,41
469,1049,1215,JK009270,2330,296,455,107,81
469,891,1180,Shamela0005756,14887,411,698,231,98
469,891,1180,Meshkat0014420,2428,445,732,232,99
469,891,1180,Sham19Y0016584,4613,1135,1424,232,100
469,1024,1180,JK006476,742,45,203,127,98
469,894,1049,Shamela0002300,5066,1032,1187,124,100
469,740,1180,ShamAY0036821,1206,991,1425,343,95
469,1049,1180,Zaydiyya0000075BK18,13,528,659,106,100
469,1049,1180,Sham19Y0147312,1016,945,1076,106,100
469,891,1180,Shamela0004445,284,91,378,232,99
469,751,970,Sham19Y0014114,1,160,378,177,99
469,963,1215,Sham19Y0014114,4,910,1169,176,82
469,891,1180,Sham19Y0018176,2491,922,1211,232,100
469,916,1175,Zaydiyya0000062,827,974,1364,196,61
469,829,1049,Shamela0037458,1906,376,669,172,73
469,1049,1215,Shamela0037458,1908,378,537,107,81
469,891,1180,JK000110,1874,547,836,232,100
469,57,437,JK000791,1089,1108,1561,95,18
469,870,1049,JK000791,1092,1178,1401,142,79
469,981,1180,JK000791,1093,1044,1319,142,64
469,1049,1180,Shamela0000922,650,318,449,106,100
469,1049,1180,Tafsir07076,4347,429,560,106,100
469,733,1180,JK007018,325,0,856,359,51
469,891,1180,Sham19Y0018103,4057,1200,1487,232,99
469,236,891,JK009396,673,25,717,276,34
469,1049,1180,JK009396,675,116,247,106,100
469,891,1180,Sham19Y0023608,1948,700,989,232,100
469,891,1180,Shamela0021715,10409,511,800,232,100
469,82,638,Meshkat00042488,764,341,891,231,39
469,1049,1180,Meshkat00042488,767,611,742,106,100
469,891,1049,Hindawi085938393,78,732,890,126,100
469,891,1180,Shia003721Vols,195,1220,1507,228,98
469,294,767,ShamIbadiyya0000075,413,33,470,189,43
469,891,1024,ShamIbadiyya0000075,413,1322,1507,103,70
469,891,1163,Rafed0003726Vols,675,38,551,160,37
469,232,638,ShamAY0033108,892,911,1290,158,36
469,891,999,JK010729,129,1474,1581,85,99
469,891,1180,Sham19Y0145435,5017,1186,1473,232,99
469,263,1049,Shia002356Vols,548,0,936,405,46
469,236,974,Tafsir04038,290,388,1095,276,31
469,970,1180,Tafsir04038,291,281,549,169,78
469,146,974,Shia002380Vols,369,108,965,438,50
469,891,1180,PV2024060602,1874,547,836,232,100
469,165,638,JK001496,997,9,301,170,41
469,684,1229,JK001496,997,829,1084,170,37
469,1049,1180,EShia0071536,468,605,736,106,100
469,66,638,Tafsir02091,1086,477,1041,206,32
469,1049,1180,Shamela0008473,2495,1033,1164,106,100
469,891,1049,JK006474,1824,527,770,111,58
469,891,1021,Shamela0003055,3706,1191,1321,103,100
469,1049,1180,Shamela0003055,3707,403,534,106,100
469,211,638,Shamela0023591,3993,1073,1582,158,26
469,724,1215,Shamela0023591,3994,1021,1505,369,93
469,811,1180,Shamela0023591,3998,869,1238,296,100
469,51,638,JK009266,5101,315,742,221,39
469,1005,1180,JK009266,5105,0,175,142,100
469,891,1066,Shamela0010283,2412,0,175,140,100
469,792,1180,Shamela0021821,861,650,1180,299,70
469,891,1021,Hindawi030353837,467,810,940,103,100
469,891,1091,Sham19Y0018106,4123,460,658,161,99
469,747,939,JK009362,4166,805,1172,99,34
469,1049,1180,JK009362,4179,1084,1217,106,98
469,891,1049,Shia001174Vols,1360,892,1049,126,99
469,1049,1180,JK001420,464,965,1096,106,100
469,970,1180,JK006478,5059,90,300,168,97
469,57,1175,Tafsir08060,256,90,1417,541,43
469,608,970,Rafed0003943Vols,684,370,715,216,68
469,674,891,Shamela0010273,1247,533,922,165,52
469,891,1184,Shamela0010273,1248,1058,1351,233,99
469,1049,1180,Shamela0007798,5140,353,484,106,100
469,891,1112,Sham19Y0013605,4831,837,1057,170,95
469,1021,1180,Sham19Y0014404,670,1112,1288,115,81
469,1024,1180,Meshkat00057178,2004,906,1054,115,91
469,236,1141,QuranAnalysis001,101,998,1555,446,60
469,891,1021,Hindawi084602738,142,684,814,103,100
469,891,1180,Rafed0001713Vols,1173,43,332,232,100
469,1049,1180,Zaydiyya0000476,595,799,930,106,100
469,1049,1180,Zaydiyya0000476,617,96,227,106,100
469,1049,1180,Tafsir07057,2734,1074,1205,106,100
469,724,1215,Hindawi096279749,142,599,1083,369,93
469,63,512,Shamela0000041,1258,1104,1450,193,47
469,1044,1180,Shamela0000041,1262,111,248,108,97
469,724,1417,Shamela0023578,1583,379,1119,448,67
470,1215,1513,Shia001432Vols,3746,0,378,237,77
470,989,1356,Shia001432Vols,3792,90,379,203,69
470,943,1125,Shamela0023632,1851,1410,1591,146,99
470,1209,1513,Shamela0023632,1854,987,1291,245,100
470,1032,1356,Shia001140Vols,47,0,254,170,65
470,651,1227,JK009268,2537,1142,1550,328,70
470,1227,1583,JK009268,2538,0,357,288,99
470,651,1209,Sham19Y0023618,869,547,1122,299,56
470,1209,1552,Sham19Y0023618,870,673,1005,260,94
470,1209,1466,Shamela0010551,356,21,278,205,99
470,954,1129,Shamela0023628,1910,491,657,124,89
470,1125,1264,Shamela0023628,1912,229,368,111,100
470,1215,1513,Shamela0023628,1913,456,1133,234,42
470,943,1209,Rafed0003257Vols,2946,34,300,214,100
470,1209,1583,Rafed0003257Vols,2949,336,709,301,99
470,1420,1568,Rafed0003257Vols,2951,447,1142,119,20
470,1052,1373,Masaha001978Vols,27,419,709,108,39
470,1306,1513,Tafsir09083,668,160,839,166,30
470,954,1209,JK006889,57,0,255,205,99
470,1306,1420,JK006889,58,12,126,92,100
470,980,1209,Hindawi019640759,8,1060,1293,183,97
470,1139,1513,Hindawi019640759,9,724,1474,255,42
470,1052,1175,JK000871,1964,829,1343,98,23
470,1306,1513,JK000871,1965,507,822,105,36
470,1052,1186,JK009270,2332,1389,1522,107,98
470,1243,1461,JK009270,2334,1317,1539,166,92
470,1015,1420,Sham19Y0150960,1023,0,405,324,99
470,943,1248,Meshkat0014420,2431,1084,1387,218,88
470,1325,1513,Meshkat0014420,2438,0,188,153,100
470,1209,1479,JK000865,303,29,663,205,40
470,1202,1341,JK006476,745,478,626,111,93
470,1306,1479,JK006476,746,6,558,139,31
470,1001,1583,ShamAY0036821,1207,0,572,457,97
470,1420,1583,Shamela0001466,1253,1034,1194,131,95
470,868,1067,Sham19Y0147312,1017,10,358,116,40
470,1052,1209,Sham19Y0147312,1017,972,1458,127,32
470,1373,1513,Sham19Y0147312,1020,267,608,114,41
470,1139,1420,Shamela0004445,286,795,1221,222,65
470,943,1209,Shamela0004445,286,226,492,213,99
470,1373,1583,Shamela0004445,287,0,508,171,40
470,1290,1466,Shamela0022769,713,651,1193,142,32
470,1047,1434,Tafsir02067,434,551,1511,296,38
470,1215,1479,Shamela0012820,246,145,811,175,32
470,1019,1420,Sham19Y0014114,7,391,807,312,91
470,1412,1583,Sham19Y0014114,10,1274,1458,141,91
470,980,1215,Zaydiyya0000062,829,790,1031,188,96
470,1087,1552,Zaydiyya0000062,830,673,1418,321,49
470,1290,1420,Zaydiyya0000062,831,509,979,105,27
470,1038,1264,Shamela0037458,1911,1169,1397,174,95
470,1209,1420,Shamela0037458,1914,293,725,166,47
470,1425,1583,Shamela0037458,1916,0,159,130,99
470,1125,1420,JK000791,1096,409,704,236,99
470,769,1420,Noorlib0038508,69,10,1474,410,33
470,769,1001,Shamela0021766,2173,1025,1378,128,44
470,980,1209,Shamela0000922,651,293,1086,184,28
470,1209,1583,Shamela0000922,652,68,1451,219,19
470,954,1209,Tafsir07076,1674,1115,1366,196,95
470,707,1306,Tafsir07076,4345,821,1372,250,45
470,716,1209,JK007018,326,6,487,282,63
470,1175,1583,JK007018,327,128,843,315,54
470,793,1209,JK009396,675,711,1150,250,69
470,1175,1412,JK009396,677,632,1559,183,24
470,1306,1513,JK009396,678,20,513,126,29
470,710,1209,Sham19Y0023608,1951,374,801,259,62
470,1079,1209,Sham19Y0023608,1953,368,765,105,32
470,1233,1420,Sham19Y0023608,1954,0,187,151,100
470,989,1356,Shia002333,62,168,475,224,75
470,201,959,JK000818,273,911,1564,307,43
470,1079,1466,JK000818,274,317,1177,282,41
470,1052,1209,Meshkat00042488,769,396,936,127,29
470,1209,1373,Meshkat00042488,770,35,979,128,17
470,1373,1513,Meshkat00042488,771,67,621,114,25
470,1015,1209,Hindawi085938393,78,0,194,155,99
470,943,1209,Shia003721Vols,197,1253,1519,213,99
470,1029,1431,Shia003721Vols,198,188,927,275,46
470,1087,1583,ShamIbadiyya0000075,415,127,1525,383,33
470,1052,1209,Rafed0003726Vols,688,991,1406,108,32
470,1087,1420,Shamela0022371,210,0,191,75,25
470,1052,1175,ShamAY0033108,897,77,487,99,30
470,943,1209,Sham19Y0145435,5019,592,858,214,100
470,1209,1431,Sham19Y0145435,5020,4,220,173,96
470,1362,1583,Sham19Y0145435,5020,523,845,174,64
470,651,1125,Shia002356Vols,549,1138,1443,244,64
470,1125,1420,Shia002356Vols,551,0,289,233,97
470,1379,1583,Shia002356Vols,552,143,335,142,85
470,980,1513,Tafsir04038,291,674,1289,319,59
470,769,1383,Shia002380Vols,370,111,1382,418,39
470,1373,1583,Shia002380Vols,371,34,604,167,35
470,1209,1373,Tafsir02091,1091,743,1370,126,24
470,1209,1373,Tafsir02102,2371,188,692,129,32
470,943,1209,Shamela0008473,2496,32,298,213,99
470,1209,1420,Shamela0008473,2497,903,1528,168,33
470,1335,1513,Shamela0008473,2498,288,697,144,43
470,1154,1420,Shia002382Vols,904,285,829,206,46
470,943,1209,Shamela0003055,3707,1061,1326,213,99
470,1209,1420,Shamela0003055,3708,869,1285,168,50
470,1388,1583,Shamela0003055,3709,30,687,149,27
470,995,1420,Shamela0012884,2667,0,478,277,64
470,980,1125,Masaha002064Vols,219,437,582,116,100
470,651,1079,Shamela0023591,3994,1352,1612,210,60
470,1079,1583,Shamela0023591,3995,0,503,406,99
470,899,1125,Shamela0023591,4004,356,771,171,52
470,1209,1425,Shamela0023591,4009,171,386,172,99
470,1420,1583,Shamela0023591,4012,470,632,132,98
470,943,1253,JK009266,5118,1161,1468,245,98
470,1253,1420,JK009266,5119,0,167,135,100
470,980,1420,Shamela0010283,2412,258,739,353,91
470,1420,1583,Shamela0010283,2413,333,884,114,24
470,769,1091,Shamela0021821,862,1157,1565,191,59
470,1091,1209,Shamela0021821,863,0,118,96,100
470,1209,1420,Shamela0021821,864,692,903,169,100
470,1356,1583,Shamela0021821,865,129,486,183,62
470,983,1513,Shamela0012318,250,252,837,288,54
470,980,1373,Rafed0003793Vols,824,966,1112,113,36
470,989,1356,Shia002389Vols,1251,423,717,203,69
470,1306,1420,JK009362,4190,1341,1455,92,100
470,989,1118,Kraken2107192213391,397,1141,1269,102,99
470,1125,1488,JK001420,465,32,1530,289,23
470,989,1425,JK000911,85,478,1440,327,42
470,1197,1373,Sham19Y0023644,345,597,1167,119,26
470,1052,1209,JK006478,5065,1195,1352,126,99
470,989,1583,Tafsir08060,257,88,1285,425,44
470,980,1583,Rafed0003943Vols,690,122,724,485,99
470,1052,1209,Shamela0010273,1252,1057,1214,127,100
470,1209,1420,Shamela0010273,1253,905,1116,169,100
470,1420,1583,Shamela0010273,1255,889,1051,132,98
470,1306,1513,Shamela0007798,5147,409,966,168,37
470,928,1306,Tafsir06048,519,573,1468,291,40
470,1279,1583,Tafsir06048,520,107,751,229,43
470,1064,1209,Sham19Y0014404,672,0,425,117,34
470,1373,1513,Sham19Y0014404,675,242,488,114,56
470,943,1202,Masaha000554Vols,2441,196,455,202,96
470,1209,1412,Masaha000554Vols,2446,662,865,158,94
470,1373,1583,Masaha000554Vols,2453,289,815,169,38
470,851,1583,QuranAnalysis001,102,0,680,548,92
470,1052,1583,Hindawi084602738,143,87,408,259,59
470,980,1125,Rafed0001713Vols,1176,1416,1561,116,100
470,1209,1583,Rafed0001713Vols,1179,173,546,301,99
470,1306,1420,Shia002374Vols,236,613,727,92,100
470,983,1373,Tafsir04056,4069,1142,1432,209,67
470,1139,1583,Tafsir04056,4070,372,740,128,27
470,651,1461,Hindawi096279749,142,930,1572,515,79
470,1461,1583,Hindawi096279749,143,0,123,101,99
470,743,1356,Shamela0009065,183,458,1241,207,24
470,1209,1513,Shamela0000041,1265,556,957,237,71
470,943,1583,Shamela0023578,1586,175,814,515,99
470,1209,1379,Shamela0023578,1588,129,516,125,40
470,1125,1373,JK000876,656,349,1242,185,26
471,1292,1568,Shamela0023632,1854,987,1134,115,52
471,110,320,Shamela0023632,1860,395,714,144,54
471,0,288,JK009268,2538,357,645,234,100
471,110,288,Sham19Y0023618,872,610,852,144,72
471,1292,1568,Shamela0010551,356,21,168,115,52
471,1080,1347,Shamela0023628,1912,229,368,111,52
471,1298,1568,Shamela0023628,1913,456,976,112,23
471,143,288,Rafed0003257Vols,2952,1113,1258,119,100
471,110,288,JK006889,59,137,326,132,82
471,1292,1568,Hindawi019640759,9,796,943,115,52
471,0,304,Hindawi019640759,10,248,668,238,69
471,143,288,JK009270,2340,23,166,118,98
471,982,1568,Sham19Y0150960,1023,76,341,208,44
471,143,288,Meshkat0014420,2444,35,179,119,99
471,1292,1530,JK006476,745,488,620,98,52
471,0,288,ShamAY0036821,1207,572,853,228,97
471,910,1161,Shamela0001466,1251,487,953,160,42
471,0,288,Shamela0001466,1253,1194,1481,233,98
471,1080,1568,Shamela0004445,286,695,1157,200,39
471,134,288,Shamela0004445,288,1270,1423,122,96
471,1298,1568,Shamela0022769,713,131,781,155,29
471,982,1568,Sham19Y0014114,7,479,743,209,44
471,121,279,Zaydiyya0000062,834,553,716,117,86
471,982,1347,Shamela0037458,1911,1224,1397,137,46
471,52,237,Shamela0037458,1917,1330,1515,150,100
471,910,1568,JK000791,1096,115,640,244,36
471,1298,1430,Shamela0021766,2176,698,1295,69,13
471,143,288,Shamela0021735,919,969,1119,119,96
471,143,304,JK007018,328,405,557,123,93
471,143,288,JK009396,680,417,562,119,100
471,143,288,Sham19Y0023608,1956,1157,1302,119,100
471,804,1568,JK000818,274,261,928,295,41
471,1292,1568,Meshkat00042488,770,35,958,151,19
471,134,288,Shia003721Vols,200,902,1056,122,96
471,988,1568,ShamIbadiyya0000075,415,135,909,272,37
471,52,237,Shamela0022371,210,256,569,150,58
471,77,288,Sham19Y0145435,5021,1056,1299,172,86
471,1080,1568,Shia002356Vols,551,0,226,180,45
471,115,288,Shia002356Vols,553,597,791,141,88
471,804,1568,Shia002380Vols,370,791,1358,335,48
471,1292,1568,Tafsir02091,1091,743,1353,145,30
471,1228,1568,Tafsir02102,2371,37,675,171,30
471,105,288,Shamela0008473,2500,1181,1364,150,100
471,988,1568,Shia002382Vols,904,46,727,305,48
471,1292,1568,Shamela0003055,3708,869,1221,103,27
471,110,304,Shamela0003055,3709,1362,1561,136,79
471,0,288,Shamela0023591,3995,503,789,232,98
471,1292,1568,Shamela0023591,4009,171,318,115,52
471,0,237,Shamela0023591,4012,632,867,190,98
471,115,288,JK009266,5141,227,452,139,74
471,982,1568,Shamela0010283,2412,369,675,209,44
471,63,288,Shamela0021821,866,1088,1458,173,55
471,143,288,Rafed0003793Vols,785,322,467,119,100
471,7,288,Rafed0003793Vols,824,1084,1400,220,83
471,1080,1360,JK001420,465,32,557,113,22
471,52,288,JK001420,466,601,1457,180,25
471,115,304,JK006478,5078,286,506,146,77
471,804,1568,Tafsir08060,257,205,880,285,42
471,982,1568,Rafed0003943Vols,690,233,498,209,44
471,1292,1568,Shamela0010273,1253,905,1052,115,52
471,1298,1568,Shamela0010273,1254,383,913,156,33
471,143,288,Shamela0010273,1259,1228,1373,119,100
471,1398,1571,Tafsir01006,701,328,768,123,33
471,1122,1486,Tafsir06048,519,1254,1468,137,45
471,804,1250,Sham19Y0014404,672,71,839,184,26
471,0,288,QuranAnalysis001,102,680,968,234,100
471,0,314,Hindawi084602738,143,408,718,239,93
471,630,988,Rafed0001713Vols,1177,462,1037,176,36
471,1398,1571,Rafed0001713Vols,1179,1085,1542,121,32
471,115,288,Rafed0001713Vols,1182,1213,1457,142,70
471,1137,1568,Tafsir04042,1114,407,970,194,39
471,982,1568,Hindawi096279749,142,1203,1468,208,44
471,0,288,Hindawi096279749,143,123,411,234,100
471,982,1568,Shamela0023578,1586,323,588,209,44
471,1292,1430,Shamela0023578,1588,129,588,66,16
471,143,288,Shamela0023578,1591,454,599,119,100
471,1025,1568,JK000876,656,260,1225,270,33
472,473,624,Tafsir09050,1894,1137,1377,91,40
472,17,674,Rafed0003257Vols,2949,483,788,235,44
472,763,1088,Meshkat00042485,3527,338,576,80,25
472,168,674,JK007018,327,679,923,190,46
472,0,330,JK000818,274,950,1503,181,36
472,49,894,Shia002380Vols,371,34,964,382,40
472,894,1249,JK001496,1010,431,997,117,20
472,385,670,Tafsir05047,385,25,323,138,45
472,17,674,Shamela0023591,3995,277,582,235,44
472,168,674,Shamela0023591,4012,470,711,188,46
472,0,670,Tafsir08060,257,888,1419,268,43
472,17,674,Rafed0003943Vols,690,498,803,235,44
472,168,674,Shamela0010273,1255,889,1130,188,46
472,488,1088,Shamela0010273,1258,0,410,180,32
472,763,1088,Tafsir01006,703,14,252,80,25
472,17,1171,Tafsir06048,520,183,1342,392,31
472,17,674,QuranAnalysis001,102,452,761,240,45
472,17,674,Rafed0001713Vols,1179,320,625,235,44
472,473,1088,Rafed0001713Vols,1182,64,715,250,37
472,271,861,Tafsir04042,1115,539,1130,218,36
472,894,1088,Tafsir07057,2744,410,906,116,29
472,17,674,Shamela0023578,1586,588,893,235,44
472,473,1088,Shamela0023578,1590,727,1301,179,26
472,473,1088,JK000876,658,96,789,238,32
473,766,973,Shia001432Vols,3751,1076,1465,161,52
473,335,557,Shamela0023632,1863,312,534,181,100
473,557,878,Shamela0023632,1865,38,359,255,99
473,882,1124,Shamela0023632,1870,558,799,189,99
473,1119,1453,Tafsir03095,507,509,1077,158,32
473,335,713,JK009268,2552,1211,1588,304,99
473,713,1124,JK009268,2553,0,411,325,99
473,335,766,Shia004552Vols,439,874,1209,149,37
473,901,1067,JK000150,3861,437,603,129,100
473,335,557,Sham19Y0023618,872,852,1074,181,100
473,557,766,Sham19Y0023618,875,33,242,167,100
473,774,1119,Sham19Y0023618,878,0,345,270,99
473,335,505,Shamela0023628,1920,720,890,138,100
473,470,671,Shamela0023628,1922,1236,1503,158,73
473,766,965,Shamela0023628,1930,35,234,156,99
473,920,1124,Shamela0023628,1931,340,579,160,85
473,335,505,Rafed0003257Vols,2952,1258,1428,138,100
473,505,906,Rafed0003257Vols,2954,1200,1601,318,98
473,906,1119,Rafed0003257Vols,2955,0,213,167,100
473,260,505,Sham19Y0020891,2928,49,256,150,76
473,766,1062,Sham19Y0020891,2942,1263,1558,231,99
473,317,557,JK006889,59,712,1366,166,29
473,418,766,Hindawi019640759,11,0,1044,281,33
473,882,1067,Hindawi019640759,12,1056,1241,144,100
473,901,1072,JK010001,369,1174,1345,133,100
473,901,1067,JK010001,740,1182,1348,129,100
473,335,510,JK009270,2340,166,341,142,100
473,543,766,JK009270,2349,0,223,179,100
473,766,1119,JK009270,2354,780,1133,277,99
473,335,557,Meshkat0014420,2447,253,475,181,100
473,671,1011,Meshkat0014420,2452,1156,1495,268,99
473,780,1056,JK006476,755,129,414,215,96
473,335,510,Masaha003709,3,1107,1282,141,99
473,335,1016,ShamAY0036821,1207,853,1530,541,99
473,548,774,ShamAY0036821,1209,484,708,179,98
473,774,1124,ShamAY0036821,1212,348,695,271,98
473,557,676,Shia003701,30,1466,1584,95,99
473,676,1119,Shia003701,31,0,439,139,32
473,282,505,Sham19Y0147312,1024,321,617,165,69
473,335,474,Shamela0004445,288,1423,1561,113,99
473,413,821,Shamela0004445,290,548,1537,321,40
473,821,1154,Shamela0004445,291,0,352,242,88
473,335,671,Tafsir02067,438,695,1482,270,42
473,774,1011,Tafsir02067,439,467,1077,178,37
473,335,671,Sham19Y0014114,17,675,1011,272,100
473,393,1067,Sham19Y0014114,23,445,1044,410,71
473,671,965,Sham19Y0013550,310,871,1497,145,26
473,335,505,Sham19Y0013550,310,35,205,138,100
473,335,505,Sham19Y0013550,568,1279,1449,138,100
473,340,498,Zaydiyya0000062,834,731,889,128,100
473,402,757,Zaydiyya0000062,836,604,1336,286,48
473,766,1002,Zaydiyya0000062,839,627,866,184,97
473,335,505,Shamela0037458,1921,727,897,138,100
473,465,671,Shamela0037458,1923,1011,1258,148,74
473,766,1011,Shamela0037458,1931,258,503,192,99
473,335,505,JK000791,1105,522,692,138,100
473,728,1011,JK000791,1114,530,804,206,90
473,335,537,Noorlib0038508,71,1002,1536,164,37
473,537,713,Noorlib0038508,72,21,639,137,27
473,279,505,Shamela0000922,654,806,1049,160,81
473,543,671,Shamela0000922,655,327,455,103,100
473,531,766,JK007018,329,1051,1310,178,85
473,330,557,JK007018,329,31,258,182,98
473,728,1044,JK007018,330,1159,1505,240,84
473,766,1067,JK000104,3,866,1167,235,99
473,352,557,JK009396,682,0,205,167,100
473,766,1119,JK009396,686,448,801,277,99
473,335,557,Sham19Y0023608,1958,294,516,181,100
473,557,676,Sham19Y0023608,1960,1474,1592,95,99
473,676,878,Sham19Y0023608,1961,0,202,160,99
473,965,1124,Sham19Y0023608,1966,0,159,121,97
473,557,766,Sham19Y0095660,1397,437,646,167,100
473,335,505,JK000917,913,945,1115,138,100
473,728,965,Meshkat00042488,778,1193,1531,186,69
473,335,557,Shia003721Vols,200,1056,1278,181,100
473,407,1139,Shia003721Vols,202,138,1504,573,52
473,766,1072,Shamela0004473,10986,1116,1422,239,99
473,557,882,Shamela0022371,210,645,1245,258,54
473,335,557,Sham19Y0145435,5021,1299,1521,181,100
473,557,1154,Sham19Y0145435,5023,420,1031,454,94
473,557,713,JK000961,68,1368,1524,123,100
473,565,1124,JK000961,69,88,862,399,63
473,335,683,Shia002356Vols,554,291,639,275,97
473,671,1119,Shia002356Vols,555,810,1255,351,99
473,766,1124,Tafsir04038,294,77,642,272,61
473,557,743,Shamela0011755,73,509,695,148,100
473,407,617,Shia002380Vols,372,1183,1529,171,60
473,766,1119,JK001496,1017,728,1082,277,99
473,335,557,Shamela0008473,2502,1227,1449,181,100
473,696,1119,Shamela0008473,2507,387,907,319,76
473,901,1072,Tafsir07055,399,414,585,133,100
473,901,1067,Tafsir07055,791,1189,1355,129,100
473,901,1040,Sham19Y0133369,99,1451,1589,108,99
473,413,671,Shamela0003055,3710,754,1474,198,33
473,317,505,Shamela0003055,3710,378,556,142,93
473,821,1099,Shamela0012884,2669,380,791,180,56
473,335,1072,Shamela0023591,3995,789,1525,587,99
473,335,557,Shamela0023591,4019,225,447,181,100
473,626,766,Shamela0023591,4023,0,140,112,100
473,728,1119,Shamela0023591,4027,518,923,301,93
473,335,505,JK009266,5141,452,622,138,100
473,557,1119,JK009266,5148,556,1118,444,99
473,557,766,Shamela0010283,2416,182,430,167,84
473,766,965,Shamela0010283,2416,1041,1508,156,42
473,766,1124,Shia003749,185,608,1156,247,57
473,413,557,Shamela0021821,869,0,144,118,100
473,557,1163,Shamela0021821,870,50,692,456,90
473,882,1119,Shamela0021821,874,103,818,142,24
473,766,1163,Shia002389Vols,1259,776,1396,279,58
473,557,969,JK009362,4204,1148,1562,326,98
473,901,1067,JK007089,591,838,1004,129,100
473,273,650,JK001420,467,91,677,199,36
473,671,1119,JK001420,468,134,973,227,32
473,766,1119,JK006478,5098,510,864,277,99
473,0,590,Tafsir08060,258,554,1378,252,30
473,821,1119,Tafsir08060,259,677,1248,219,49
473,505,626,Rafed0003943Vols,696,1464,1584,98,99
473,626,1124,Rafed0003943Vols,697,0,499,391,99
473,335,548,Shamela0010273,1259,1373,1585,173,99
473,557,842,Shamela0010273,1263,1258,1542,227,99
473,842,1124,Shamela0010273,1264,0,281,217,98
473,335,505,Shamela0007798,5164,1318,1488,138,100
473,878,1072,Shamela0007798,5187,823,1017,151,100
473,973,1119,Shamela0007798,5192,0,548,115,26
473,335,743,Kraken210904174302,282,797,1129,222,65
473,413,671,Sham19Y0014404,678,767,1310,209,47
473,335,505,Sham19Y0014404,678,11,181,138,100
473,557,766,Masaha000554Vols,2468,373,581,161,95
473,766,1154,Masaha000554Vols,2478,718,1106,282,90
473,335,914,QuranAnalysis001,102,968,1546,464,99
473,914,1124,QuranAnalysis001,103,0,210,165,100
473,335,479,Hindawi084602738,143,980,1124,117,100
473,557,1067,Hindawi084602738,144,45,560,402,98
473,379,557,Rafed0001713Vols,1183,0,178,145,100
473,631,878,Rafed0001713Vols,1186,0,248,194,98
473,979,1119,Rafed0001713Vols,1190,0,140,110,100
473,335,505,JK000122,651,496,666,138,100
473,335,1124,Hindawi096279749,143,411,1200,629,99
473,325,505,Shamela0000041,1270,23,209,142,94
473,1302,1536,Shamela0000041,1270,696,1027,125,43
473,766,965,Shamela0000041,1275,691,890,156,99
473,920,1119,Shamela0000041,1276,464,674,156,94
473,335,557,Shamela0023578,1591,599,821,181,100
473,557,1129,Shamela0023578,1596,372,947,449,98
474,17,442,Meshkat00042485,3531,269,760,172,39
474,538,728,Meshkat00042485,3532,1304,1563,114,49
474,809,1527,JK000818,276,593,1269,240,35
474,919,1432,Meshkat00042488,778,1111,1493,188,38
474,521,831,Shia002380Vols,373,45,282,120,42
474,919,1499,JK001496,1017,332,941,225,33
474,364,1029,Shia002382Vols,909,40,857,267,32
474,17,529,Tafsir01006,705,272,997,243,39
474,529,728,Tafsir01006,705,1223,1483,113,48
474,529,728,Rafed0001713Vols,1186,1074,1345,119,50
474,1116,1421,Shamela0023578,1603,1154,1523,126,42
474,442,697,JK000876,660,1115,1465,133,43
475,680,1061,Shia001432Vols,3752,540,1050,277,63
475,629,843,Shamela0023632,1872,0,214,171,100
475,843,1082,Shamela0023632,1876,917,1156,193,100
475,589,898,Masaha004743,48,58,337,126,44
475,327,1131,JK009268,2553,298,948,515,80
475,660,1224,Sham19Y0023618,879,0,489,384,84
475,767,946,Shia001303,86,1238,1418,144,99
475,680,843,Shamela0023628,1933,329,492,131,100
475,843,1131,Shamela0023628,1935,668,956,231,100
475,756,898,JK000102,95,356,504,114,95
475,582,843,Hindawi035028680,24,441,702,206,98
475,582,1031,Rafed0003257Vols,2963,673,1122,359,99
475,569,946,Sham19Y0020891,2948,269,646,304,100
475,589,946,JK006889,62,351,1322,286,36
475,680,843,Hindawi019640759,13,77,243,130,97
475,589,1082,JK009270,2357,508,1002,396,99
475,589,843,Meshkat0014420,2458,133,387,204,100
475,843,1131,Meshkat0014420,2461,363,651,231,100
475,750,898,JK000101,530,254,439,119,80
475,327,1136,ShamAY0036821,1212,583,1235,512,79
475,848,1136,ShamAY0036821,1214,871,1157,226,97
475,643,848,Sham19Y0147312,1030,681,929,144,72
475,488,1082,Shamela0004445,293,127,655,424,88
475,395,739,Sham19Y0014114,27,1267,1503,176,63
475,739,1031,Sham19Y0014114,28,0,292,235,100
475,680,843,Sham19Y0013550,172,124,287,131,100
475,680,843,Sham19Y0013550,311,246,409,131,100
475,423,937,Zaydiyya0000062,841,492,1376,376,52
475,680,1082,Shamela0006947,21016,634,1422,324,51
475,594,946,Hindawi013538483,392,0,352,284,100
475,680,843,Shamela0007292,189,610,773,131,100
475,680,843,Shamela0037458,1937,168,331,131,100
475,843,1031,Shamela0037458,1940,1234,1422,152,100
475,656,946,JK000791,1117,563,896,232,86
475,327,984,Noorlib0038508,73,231,1440,369,35
475,589,843,Shamela0000922,658,570,1277,203,35
475,680,870,Tafsir07076,5049,155,346,153,99
475,589,898,Tafsir07076,6420,280,590,248,99
475,680,898,Tafsir07076,8797,648,867,176,99
475,589,1065,JK007018,331,1009,1488,383,98
475,589,1082,JK009396,688,269,763,395,99
475,767,1082,Sham19Y0023608,1945,394,867,253,66
475,488,1131,Sham19Y0023608,1968,184,897,456,72
475,455,946,JK000381,4644,251,783,216,42
475,444,859,JK000818,277,3,688,254,46
475,460,946,Meshkat00042488,780,335,1403,361,41
475,497,848,Shia003721Vols,204,1204,1488,228,80
475,848,1379,Shia003721Vols,205,0,522,253,51
475,843,1136,Shia003721Vols,206,339,982,230,44
475,610,843,Sham19Y0145435,158,234,828,144,30
475,460,984,Sham19Y0145435,1095,49,801,226,34
475,573,1379,Sham19Y0145435,5025,143,946,430,56
475,843,1136,Sham19Y0145435,5026,354,981,230,45
475,327,1031,JK000961,69,749,1299,436,77
475,478,1503,Shia002356Vols,557,0,1209,652,61
475,460,1305,JK001496,1020,40,1064,484,49
475,430,1289,Shamela0008473,2509,48,1183,529,53
475,51,656,Shia002382Vols,911,505,1154,316,49
475,750,946,JK006474,1854,764,1341,119,24
475,589,1068,Shamela0003055,3713,220,1596,384,34
475,327,984,Shamela0012884,2669,692,1351,308,48
475,589,1061,Shamela0023591,4031,1064,1535,380,99
475,656,843,Shamela0023591,4035,773,982,149,88
475,843,1131,Shamela0023591,4041,57,345,231,100
475,589,814,JK009266,5170,1325,1550,181,98
475,814,946,JK009266,5171,0,132,106,100
475,327,937,Shamela0010283,2417,120,1322,367,34
475,859,1061,Shia003749,186,0,273,146,66
475,168,1082,Shamela0021821,874,421,1449,504,53
475,680,843,Shamela0028173,32,1147,1310,130,98
475,589,898,Rafed0003793Vols,789,1062,1341,126,44
475,680,843,Rafed0003793Vols,793,690,853,131,100
475,680,1123,Rafed0003793Vols,825,167,425,190,54
475,589,898,Masaha003390Vols,325,772,1051,108,30
475,656,946,JK009362,4214,809,1115,225,88
475,680,834,JK001420,469,370,524,119,95
475,439,1115,JK000911,88,207,1031,366,48
475,503,730,JK006478,5104,1364,1578,130,70
475,730,1180,JK006478,5105,0,260,131,30
475,327,848,Rafed0003943Vols,697,386,753,290,69
475,843,1136,Rafed0003943Vols,704,1254,1547,233,99
475,261,565,Shamela0010273,1268,47,696,194,35
475,589,703,Shamela0010273,1270,1405,1518,92,99
475,703,1191,Shamela0010273,1271,0,458,343,83
475,680,843,Shamela0007798,5196,459,622,131,100
475,56,321,Tafsir01006,707,165,535,151,47
475,843,1115,Tafsir06048,524,36,517,218,56
475,455,843,Sham19Y0014404,681,470,1396,280,37
475,680,843,Meshkat00057178,2041,467,630,131,100
475,589,1075,Masaha000554Vols,2483,73,564,382,95
475,327,1136,QuranAnalysis001,103,97,752,518,80
475,423,1229,Rafed0001713Vols,1191,258,1468,597,61
475,327,926,Hindawi096279749,143,1087,1531,352,73
475,926,1136,Hindawi096279749,144,0,210,165,98
475,680,1082,Shamela0009065,184,928,1503,294,63
475,610,843,Shamela0009783BK1,256,63,1014,159,21
475,67,526,Shamela0000041,1276,477,1160,174,25
475,616,1289,Shamela0000041,1277,0,615,272,36
475,589,1141,Shamela0023578,1605,497,1049,443,100
476,1159,1480,Zaydiyya0000062,844,650,987,136,45
476,684,1401,JK000818,277,812,1315,229,36
476,1159,1499,Shamela0000041,1279,1002,1411,165,45
477,335,640,Shia001432Vols,715,825,1080,196,80
477,16,206,Shia001432Vols,3174,757,914,122,79
477,16,227,Shia001432Vols,19135,1456,1666,171,99
477,158,425,Shamela0023632,1880,850,1117,215,100
477,425,849,Shamela0023632,1882,21,454,335,96
477,16,158,Rafed0000040Vols,2239,435,577,115,100
477,10,839,JK009268,2568,676,1505,661,98
477,16,425,Sham19Y0023618,881,472,881,330,100
477,428,849,Sham19Y0023618,883,0,427,334,97
477,16,158,Shia001303,89,1244,1386,115,100
477,241,608,JK000382,513,1275,1535,202,69
477,16,158,Shamela0023628,1937,411,553,115,100
477,158,425,Shamela0023628,1939,617,884,215,100
477,1220,1496,Shamela0023628,1939,947,1338,175,51
477,366,849,Shamela0023628,1941,150,772,367,73
477,531,681,Shamela0023628,1942,661,1059,118,37
477,16,388,Rafed0003257Vols,2970,1278,1649,300,99
477,388,649,Rafed0003257Vols,2971,0,276,206,93
477,640,834,Rafed0003257Vols,2976,455,649,156,100
477,16,158,Sham19Y0020891,2961,61,203,115,100
477,123,425,Sham19Y0020891,2963,579,863,226,92
477,425,655,Sham19Y0020891,2966,1018,1248,185,100
477,158,640,JK006889,64,573,1055,386,99
477,16,839,Hindawi019640759,13,719,1345,375,47
477,16,425,JK009270,2361,652,1061,330,100
477,467,640,JK009270,2367,0,173,139,100
477,640,834,JK009270,2369,313,505,155,98
477,16,578,Shamela0005756,14891,899,1577,452,81
477,578,839,Shamela0005756,14892,0,263,207,97
477,16,425,Meshkat0014420,2464,1043,1452,330,100
477,425,834,Meshkat0014420,2468,257,664,329,99
477,16,746,Sham19Y0016584,4615,784,1567,589,92
477,178,459,JK000865,308,0,624,221,44
477,37,237,JK006476,759,1270,1526,144,68
477,393,692,JK006476,761,1034,1342,241,97
477,692,834,JK006476,762,1090,1235,114,97
477,241,399,Tafsir01005,487,92,250,126,100
477,425,608,Shamela0036543,881,834,1014,139,94
477,16,296,ShamAY0036821,1212,1230,1508,226,99
477,296,839,ShamAY0036821,1213,0,537,427,97
477,16,418,ShamAY0036821,1214,1152,1551,321,98
477,1220,1537,Tafsir02096,930,104,426,121,35
477,48,811,Tafsir02104,249,134,1066,341,37
477,16,158,Sham19Y0147312,1036,813,955,115,100
477,48,481,Sham19Y0147312,1037,156,776,315,62
477,98,746,Shamela0004445,295,0,646,523,99
477,303,718,Shamela0004445,296,483,1523,318,38
477,221,681,Tafsir02067,442,44,955,361,49
477,16,425,Sham19Y0014114,34,1021,1430,330,100
477,198,849,Sham19Y0014114,41,381,1006,405,72
477,16,803,Sham19Y0018176,2492,692,1531,635,93
477,481,843,Sham19Y0013550,312,263,600,205,65
477,21,162,Zaydiyya0000062,843,1178,1321,114,98
477,346,737,Zaydiyya0000062,847,34,572,287,66
477,16,158,Shamela0037458,1943,639,781,115,100
477,158,459,Shamela0037458,1946,1239,1539,243,99
477,459,746,Shamela0037458,1949,537,831,219,93
477,16,839,JK000110,1875,346,1221,661,93
477,16,158,JK000791,1122,513,655,115,100
477,149,481,JK000791,1123,1113,1445,263,98
477,509,746,JK000791,1125,0,237,191,100
477,16,523,Noorlib0038508,74,498,1527,406,48
477,1220,1537,Shamela0021766,2195,398,851,205,54
477,16,146,Shamela0000922,660,1439,1568,105,99
477,241,834,Shamela0000922,662,150,1402,471,46
477,16,296,Tafsir07076,829,310,590,227,100
477,16,158,Tafsir07076,1463,201,343,115,100
477,16,158,Tafsir07076,1688,700,842,115,100
477,16,158,Tafsir07076,6207,1127,1269,115,100
477,221,746,Tafsir07076,6208,304,985,221,39
477,434,746,Tafsir07076,9061,986,1399,250,74
477,16,425,Tafsir07076,9061,76,641,267,59
477,16,425,Tafsir07076,9127,942,1544,330,67
477,434,640,Tafsir07076,9128,271,477,165,99
477,141,425,JK007018,333,888,1201,229,90
477,373,834,JK007018,334,142,676,346,80
477,16,839,Sham19Y0018103,4059,65,938,661,93
477,10,158,JK009396,691,832,980,116,94
477,137,425,JK009396,692,1126,1484,228,79
477,366,666,JK009396,693,983,1508,222,53
477,16,342,Sham19Y0023608,1974,1230,1555,265,99
477,425,640,Sham19Y0023608,1978,287,502,173,100
477,640,976,Sham19Y0023608,1980,942,1269,180,54
477,16,158,Shia002333,65,423,565,115,100
477,16,455,Shamela0021715,10414,1164,1603,355,100
477,425,839,Shamela0021715,10415,25,438,324,97
477,946,1568,Shamela0021715,10416,13,805,346,47
477,415,614,Sham19Y0016953Vols,892,941,1140,146,91
477,425,640,JK000381,2299,274,489,173,100
477,425,640,JK000381,4185,1109,1324,173,100
477,16,221,JK000381,4242,809,1014,167,100
477,221,499,JK000381,4639,986,1517,106,21
477,162,811,JK000381,4640,159,874,293,39
477,425,640,JK000381,4660,400,615,173,100
477,241,425,JK000381,5128,1290,1509,144,82
477,360,640,JK000381,9805,452,734,186,78
477,16,158,Meshkat00042488,783,738,880,115,100
477,16,589,Shia003721Vols,206,977,1551,462,99
477,363,834,Shia003721Vols,208,0,1287,357,34
477,16,221,ShamIbadiyya0000075,420,27,397,167,55
477,221,640,Rafed0003726Vols,667,560,979,336,100
477,16,158,Shamela0004473,86,616,758,115,100
477,162,346,Shamela0004473,86,1340,1604,150,69
477,346,746,Shamela0004473,87,0,590,313,66
477,425,614,Shamela0004473,3842,611,800,152,100
477,241,425,Shamela0004473,5055,731,915,147,100
477,52,640,Shamela0004473,11110,0,588,474,100
477,296,578,Shamela0004473,17094,1261,1542,226,99
477,158,728,ShamAY0033108,908,896,1266,180,32
477,16,570,Sham19Y0145435,5026,976,1528,447,99
477,548,834,Sham19Y0145435,5028,0,801,225,35
477,16,655,Shia002356Vols,559,39,677,504,97
477,462,819,Shia002356Vols,560,1137,1569,239,67
477,137,491,Shia002380Vols,375,1019,1596,283,60
477,16,839,PV2024060602,1875,346,1221,661,93
477,16,158,JK001496,1025,587,729,115,100
477,123,425,JK001496,1026,927,1218,226,91
477,366,655,JK001496,1028,16,458,222,62
477,425,640,Shamela0011573,26,892,1107,173,100
477,158,481,Tafsir02091,1104,469,977,258,62
477,16,206,Tafsir02102,510,311,501,155,100
477,16,162,Shamela0008473,2512,885,1031,118,100
477,63,425,Shamela0008473,2513,578,1168,291,61
477,296,640,Shamela0008473,2514,1201,1455,206,73
477,425,640,Shamela0003055,1153,979,1194,173,100
477,425,640,Shamela0003055,2430,427,642,173,100
477,16,158,Shamela0003055,3714,1066,1208,115,100
477,158,640,Shamela0003055,3715,588,1070,388,100
477,499,834,Shamela0003055,3719,827,1488,204,35
477,16,839,Shamela0023591,4032,70,893,661,99
477,158,425,Shamela0023591,4046,846,1113,215,100
477,566,773,Shamela0023591,4049,1335,1585,142,68
477,16,834,JK009266,5188,23,837,657,99
477,16,643,Shamela0021821,877,931,1557,505,99
477,643,839,Shamela0021821,878,0,196,156,98
477,16,773,Sham19Y0018106,4124,786,1540,610,99
477,16,158,JK009362,4220,0,142,115,100
477,137,342,JK009362,4220,1376,1610,159,82
477,425,640,JK009362,4224,153,371,172,97
477,16,158,Rafed0002308Vols,345,593,735,115,100
477,16,598,JK001420,470,801,1336,239,39
477,241,640,Shamela0022653,283,519,918,320,100
477,425,640,JK009257,417,67,281,173,99
477,158,481,Sham19Y0023644,361,419,1040,250,49
477,425,655,JK006478,5120,677,922,184,92
477,41,839,Rafed0003943Vols,705,0,798,641,99
477,425,640,JK000360,38,880,1095,173,100
477,16,425,Shamela0010273,1274,334,743,330,100
477,811,989,Shamela0010273,1274,1334,1546,96,50
477,335,655,Shamela0010273,1276,666,1097,234,69
477,640,834,Shamela0010273,1277,1032,1226,156,100
477,425,640,Sham19Y0014328,355,864,1079,173,100
477,16,158,Shamela0007798,5211,355,497,115,100
477,16,162,Tafsir06048,524,941,1156,118,67
477,206,499,Tafsir06048,526,35,675,211,41
477,307,839,Sham19Y0013605,4833,898,1483,425,90
477,25,307,Sham19Y0013605,4833,0,282,229,100
477,481,704,Sham19Y0014404,686,1046,1585,178,40
477,7,245,Rafed0003799Vols,147,1258,1498,141,70
477,425,640,Rafed0003799Vols,2434,1120,1333,172,98
477,241,640,JK000379,40,407,806,320,100
477,16,231,Masaha000554Vols,2488,1330,1545,173,97
477,231,440,Masaha000554Vols,2489,0,212,157,92
477,434,849,Masaha000554Vols,2492,768,1186,320,93
477,16,784,QuranAnalysis001,103,747,1514,619,99
477,16,165,Hindawi084602738,144,1353,1502,119,99
477,649,834,Hindawi084602738,145,0,185,149,100
477,89,1072,Rafed0001713Vols,1195,0,1205,755,77
477,241,425,Shamela0000432,4529,904,1088,147,100
477,250,640,Zaydiyya0000476,597,504,1036,232,54
477,425,640,Zaydiyya0000476,619,170,384,173,99
477,16,165,Tafsir04056,880,1040,1201,116,90
477,425,614,Tafsir04056,1108,135,326,152,98
477,158,370,Tafsir04056,4039,1120,1393,167,75
477,531,746,Tafsir04056,4138,584,893,120,40
477,360,640,JK006950,4105,166,448,186,78
477,640,834,Hindawi096279749,77,139,366,130,63
477,16,839,Hindawi096279749,144,205,1028,661,99
477,640,811,Shamela0009065,185,1124,1406,138,60
477,16,158,Shamela0000041,1280,308,450,115,100
477,221,655,Shamela0000041,1282,502,1066,255,55
477,455,659,Shamela0000041,1282,1273,1539,163,76
477,659,834,Shamela0000041,1283,0,175,141,100
477,16,839,Shamela0023578,1610,110,933,661,99
478,547,1086,Shamela0022593,1180,956,1493,231,45
478,558,1069,Meshkat0014420,2470,117,923,255,34
478,0,1069,JK000865,308,113,1447,499,40
478,876,1069,JK006476,762,590,915,112,40
478,502,806,Meshkat00042485,3552,12,532,147,29
478,327,1256,Shamela0021715,10417,23,1165,464,43
478,0,520,JK000818,278,379,830,210,43
478,551,1338,JK000818,278,825,1512,314,41
478,876,1437,Shia003721Vols,208,834,1287,213,40
478,502,1100,ShamIbadiyya0000075,421,525,1429,297,36
478,0,891,Tafsir02091,1104,682,1539,380,41
478,1017,1454,Shamela0008473,2516,80,619,175,29
478,0,464,Shia002382Vols,915,1060,1611,224,45
478,142,1504,Tafsir08060,261,480,1569,443,33
478,0,327,Shamela0010273,1275,1076,1509,187,52
478,114,590,Tafsir01006,711,667,1359,235,39
478,876,1069,JK000447,382,37,202,87,53
478,359,785,Rafed0001713Vols,1197,882,1592,183,26
478,680,1196,Shamela0023578,1614,19,917,261,32
478,159,991,JK000876,668,0,1151,383,35
479,0,523,Shia001432Vols,3756,544,1350,334,49
479,329,523,Shia001432Vols,16613,74,268,150,98
479,0,518,Shia001432Vols,19136,178,696,418,100
479,0,211,Shamela0023632,1885,419,630,173,100
479,211,518,Shamela0023632,1887,513,820,245,100
479,329,518,Shamela0000894,8410,699,888,149,100
479,16,529,JK009268,2569,0,513,414,100
479,0,268,Sham19Y0023618,885,73,347,199,89
479,211,518,Sham19Y0023618,886,338,645,245,100
479,329,529,Shamela0010551,349,702,902,158,100
479,0,468,Shamela0023628,1945,48,793,379,62
479,0,180,Rafed0003257Vols,2977,1402,1581,147,99
479,180,523,Rafed0003257Vols,2978,0,344,272,98
479,211,451,Rafed0003257Vols,2981,923,1521,190,39
479,211,383,Rafed0000110,86,1348,1546,78,51
479,329,518,Sham19Y0020891,2980,17,206,149,100
479,0,370,JK006889,67,1166,1533,299,98
479,370,518,JK006889,68,0,148,116,100
479,329,518,Hindawi019640759,14,85,283,149,95
479,101,423,Tafsir09068,603,137,643,172,41
479,150,400,JK009270,2379,959,1209,203,100
479,400,529,JK009270,2381,319,448,101,100
479,0,529,Shamela0005756,14892,287,818,427,99
479,0,389,Meshkat0014420,2472,1133,1520,317,99
479,389,518,Meshkat0014420,2473,0,129,101,100
479,5,529,Sham19Y0016584,4616,772,1296,423,100
479,176,389,JK006476,765,262,481,173,97
479,0,216,ShamAY0036821,1213,560,767,169,95
479,0,529,ShamAY0036821,1220,224,740,411,96
479,119,280,Sham19Y0147312,1041,1414,1574,125,95
479,329,468,Sham19Y0147312,1042,1373,1512,110,100
479,0,518,Shamela0004445,298,755,1273,418,99
479,184,329,Shamela0004445,299,455,637,119,79
479,518,752,Shamela0022769,728,824,1158,134,50
479,0,423,Sham19Y0014114,45,538,965,333,96
479,379,529,Sham19Y0014114,48,988,1155,114,87
479,0,529,Sham19Y0018176,2493,60,589,427,100
479,150,329,Sham19Y0013550,42,772,951,146,100
479,203,479,Zaydiyya0000062,850,1054,1643,220,46
479,237,529,Hindawi013538483,392,511,772,204,87
479,49,468,Shamela0037458,1954,246,1058,339,51
479,0,301,JK000110,1875,1245,1545,246,99
479,301,529,JK000110,1876,0,228,181,100
479,119,468,JK000791,1128,366,793,282,81
479,329,523,Shia001336,90,1050,1244,151,98
479,0,329,Shamela0000922,663,257,1507,269,26
479,329,468,Tafsir07076,908,410,549,110,100
479,329,518,Tafsir07076,5081,75,264,149,100
479,0,518,JK007018,335,124,645,418,99
479,0,529,Sham19Y0018103,4059,962,1491,427,100
479,142,329,Zaydiyya0000295Vols,1717,808,1425,148,29
479,0,569,JK009396,695,864,1428,442,94
479,0,237,Sham19Y0023608,1981,1334,1570,194,99
479,237,518,Sham19Y0023608,1982,0,281,224,100
479,150,329,Sham19Y0023608,1983,1006,1492,145,36
479,0,529,Shamela0021715,10415,462,991,427,100
479,518,1016,Shamela0021715,10418,519,1150,233,38
479,49,333,Meshkat00042488,788,814,1526,230,39
479,228,400,Meshkat00042488,789,647,1072,132,38
479,400,529,Meshkat00042488,790,54,459,101,31
479,0,518,Shia003721Vols,210,171,689,418,100
479,184,329,Shia003721Vols,211,369,545,117,80
479,211,518,ShamIbadiyya0000075,423,895,1327,239,69
479,101,468,Rafed0003726Vols,710,388,764,105,24
479,107,518,Sham19Y0030863,31,502,846,199,57
479,49,211,ShamAY0033108,910,1047,1341,133,54
479,340,523,Shia001423Vols,1728,1352,1536,142,98
479,333,533,Shia001423Vols,1767,464,659,151,95
479,0,296,Sham19Y0145435,1097,264,632,194,64
479,0,518,Sham19Y0145435,5029,86,604,418,100
479,0,842,Shia002356Vols,561,532,1456,589,74
479,0,523,Tafsir04038,296,602,1411,336,49
479,176,518,Shia002380Vols,377,561,1274,254,44
479,0,301,PV2024060602,1875,1245,1545,246,99
479,301,529,PV2024060602,1876,0,228,181,100
479,333,518,JK001496,1034,0,187,146,98
479,0,518,Shamela0008473,2517,316,834,418,100
479,349,506,Shamela0008473,2518,418,993,92,20
479,518,1441,Shia002382Vols,918,48,1015,352,34
479,184,447,JK006474,1869,58,624,110,21
479,0,518,Shamela0003055,3720,843,1361,418,100
479,0,523,Shamela0012884,2670,870,1502,326,60
479,150,529,Shamela0023591,4054,21,400,304,100
479,150,529,Shamela0023591,4055,927,1312,301,97
479,150,842,JK009266,5202,0,859,452,59
479,546,820,JK000458,1712,130,475,157,51
479,0,216,Shamela0021821,878,220,434,176,99
479,184,518,Shamela0021821,882,457,833,265,88
479,0,529,Sham19Y0018106,4125,90,619,427,100
479,0,211,JK009362,4228,469,680,173,99
479,211,329,JK009362,4231,1249,1367,96,100
479,329,518,JK009362,4233,257,448,149,98
479,0,518,JK001420,471,263,1507,265,23
479,0,468,JK000911,89,729,1121,245,61
479,296,518,JK006478,5132,625,1056,176,51
479,0,529,Rafed0003943Vols,705,822,1351,427,100
479,0,523,Shamela0010273,1279,780,1307,421,99
479,546,1396,Shamela0010273,1280,368,1141,351,43
479,87,329,Shamela0007798,5227,785,1021,167,85
479,234,400,Shamela0007798,5231,0,606,134,27
479,569,1428,Tafsir01006,713,17,1477,418,30
479,333,523,Masaha002865,244,300,490,148,98
479,329,461,Zaydiyya0000390Vols,361,893,1063,90,67
479,0,518,Tafsir06048,528,14,1016,308,33
479,546,842,Tafsir04003,2164,1041,1502,179,45
479,42,529,Sham19Y0013605,4834,0,487,393,100
479,554,1309,Sham19Y0014404,688,622,1515,255,25
479,211,329,Sham19Y0014404,689,192,310,96,100
479,228,487,Sham19Y0014404,689,585,1446,205,29
479,0,487,Rafed0003799Vols,148,597,1347,265,41
479,0,518,Masaha000554Vols,2498,1020,1540,403,93
479,296,506,Masaha000554Vols,2501,0,718,152,26
479,0,529,QuranAnalysis001,104,79,608,427,100
479,0,752,Rafed0001713Vols,1200,532,1359,565,82
479,858,1390,Rafed0001713Vols,1201,570,1637,247,27
479,0,211,Zaydiyya0000476,598,195,714,173,40
479,0,211,Zaydiyya0000476,619,1072,1591,173,40
479,0,468,Tafsir04056,880,625,1019,306,80
479,211,333,Tafsir04056,4145,27,769,67,10
479,333,468,Tafsir04056,4148,615,750,107,100
479,0,434,Tafsir04056,4159,932,1537,282,53
479,0,529,Tafsir04056,4212,539,1100,291,56
479,0,487,Hindawi096279749,144,1052,1538,393,99
479,184,468,Tafsir02094,1892,649,926,148,61
479,0,296,Shamela0009783BK1,259,768,1136,194,64
479,333,529,Shamela0000041,1285,1361,1557,155,100
479,52,333,Shamela0000041,1285,0,283,230,99
479,0,523,Shamela0023578,1610,957,1480,420,99
479,546,842,Shamela0023578,1616,404,766,181,54
480,830,1142,Shia001432Vols,3757,1148,1496,242,87
480,1211,1458,Shia001432Vols,26966,842,1089,199,99
480,944,1083,Shamela0023632,1891,1089,1228,109,99
480,1156,1469,Shamela0023632,1894,7,429,242,71
480,1013,1179,Masaha004743,49,614,780,133,99
480,830,1211,JK009268,2569,502,883,302,99
480,1211,1463,JK009268,2584,294,546,203,99
480,830,1270,Sham19Y0023618,887,320,757,323,90
480,1083,1386,Sham19Y0023618,888,1252,1568,180,57
480,830,1286,Shamela0010551,356,618,996,174,38
480,830,1142,Shamela0023628,1947,120,431,243,98
480,830,1116,Rafed0003257Vols,2982,1339,1623,222,97
480,1211,1463,Rafed0003257Vols,2986,831,1084,202,98
480,639,899,Sham19Y0020891,2981,1132,1636,129,26
480,899,1083,Sham19Y0020891,2982,0,184,146,99
480,830,1211,JK006889,69,562,943,302,99
480,944,1416,Hindawi019640759,14,390,1078,279,45
480,944,1065,JK010001,743,284,406,94,98
480,851,1083,JK010001,2672,1088,1321,184,99
480,830,1083,JK009270,2381,437,690,201,99
480,1083,1416,JK009270,2388,313,646,267,100
480,944,1142,Meshkat0014420,1116,557,755,157,100
480,944,1142,Meshkat0014420,1796,1319,1517,157,100
480,830,1211,Meshkat0014420,2477,735,1116,303,100
480,1159,1458,Meshkat0014420,2481,476,776,215,87
480,913,1050,JK006476,766,1371,1510,108,97
480,944,1065,JK006476,767,304,769,93,25
480,830,1463,ShamAY0036821,1220,729,1358,500,98
480,1018,1179,Shia003701,34,1293,1454,129,99
480,104,415,Meshkat00042485,3560,890,1204,137,42
480,944,1083,Sham19Y0147312,1044,407,546,110,100
480,1065,1327,Sham19Y0147312,1045,537,807,180,77
480,906,1211,Shamela0004445,300,0,305,241,99
480,1142,1458,Shamela0004445,301,29,472,255,71
480,830,1142,Sham19Y0014114,48,1144,1456,249,100
480,992,1463,Sham19Y0014114,53,697,1106,300,77
480,1018,1211,Zaydiyya0000076BK21,11,1240,1454,153,89
480,944,1133,Zaydiyya0000062,852,1125,1316,148,98
480,1142,1407,Zaydiyya0000062,853,1117,1388,211,97
480,835,1083,Shamela0006947,21017,0,691,197,35
480,830,1211,Shamela0037458,1958,268,649,303,100
480,1172,1463,Shamela0037458,1962,643,981,222,77
480,830,1083,JK000791,1131,667,920,201,99
480,1087,1416,JK000791,1134,786,1264,264,68
480,861,1317,Noorlib0038508,77,573,1375,332,51
480,100,759,Shamela0021766,2201,232,1104,300,35
480,830,1083,Shamela0000922,664,850,1498,202,39
480,796,1229,JK007018,336,588,1024,324,91
480,1018,1211,Zaydiyya0000295Vols,1699,238,452,153,89
480,830,1133,JK009396,698,1240,1542,240,99
480,1083,1327,JK009396,700,569,948,191,63
480,830,1142,Sham19Y0023608,1985,31,342,243,98
480,100,925,Shamela0021715,10419,378,1428,314,27
480,830,1290,JK000381,3054,99,799,363,65
480,1018,1211,Zaydiyya0000408,136,226,437,151,88
480,830,1083,Meshkat00042488,790,448,700,196,97
480,830,1009,Shia003721Vols,211,1340,1519,142,98
480,1009,1222,Shia003721Vols,212,0,216,165,95
480,1211,1469,Shia003721Vols,213,69,330,206,97
480,1260,1416,Sham19Y0030863,31,1047,1260,126,73
480,944,1083,Shamela0022371,211,1199,1338,110,100
480,830,992,ShamAY0033108,912,930,1553,126,25
480,944,1327,Sham19Y0145435,160,238,778,245,52
480,830,1222,Sham19Y0145435,5030,478,882,309,96
480,1142,1458,Sham19Y0145435,5031,497,959,255,68
480,830,1264,JK000961,74,850,1228,276,79
480,569,1211,Shia002356Vols,563,67,689,398,70
480,1211,1458,Shia002356Vols,564,372,619,201,100
480,301,759,ShamAY0034059,2752,63,803,192,25
480,830,1373,Tafsir04038,297,274,958,394,70
480,830,1083,JK001496,1035,0,251,200,99
480,830,1286,JK001496,1038,56,379,116,25
480,944,1142,Tafsir02091,1109,160,774,157,32
480,830,1206,Shamela0008473,2518,1183,1558,298,99
480,1018,1327,Shamela0008473,2521,0,559,223,49
480,957,1313,MMS00013,2678,0,399,223,70
480,944,1065,Tafsir07055,794,223,344,94,99
480,851,1083,Tafsir07055,2763,39,271,184,99
480,830,1211,Shamela0003055,3722,272,722,303,84
480,1211,1458,ShamAY0036031,52,523,800,201,89
480,830,1290,JK000378,216,697,1399,366,65
480,1211,1364,Shia001111,21,1378,1530,123,98
480,830,1463,Shamela0023591,4054,389,1021,500,98
480,944,1083,Shamela0023591,4059,0,139,109,99
480,1211,1458,Shamela0023591,4063,353,600,201,100
480,830,1232,JK009266,5213,639,1050,317,96
480,868,1251,Shamela0010283,2419,1128,1452,173,48
480,830,1327,Shia003749,188,172,728,354,74
480,301,564,JK000458,1715,1223,1520,58,17
480,861,1211,Shamela0021821,884,403,741,233,81
480,1211,1479,Shamela0021821,885,406,673,209,96
480,830,1290,Kraken220413194022,887,253,950,358,64
480,1013,1179,Rafed0003793Vols,791,172,338,133,99
480,944,1083,JK009257,418,1020,1416,109,34
480,830,1229,JK006478,5134,272,614,262,82
480,830,1024,Rafed0003943Vols,705,1340,1532,148,96
480,1024,1463,Rafed0003943Vols,706,0,438,353,99
480,830,1322,Shamela0010273,1282,1050,1540,387,98
480,1322,1561,Shamela0010273,1283,0,327,163,56
480,967,1194,Sham19Y0014328,356,124,406,174,75
480,104,925,Tafsir01006,714,490,1554,366,34
480,944,1083,Sham19Y0014404,690,1198,1337,110,100
480,301,948,Sham19Y0014404,690,0,438,187,31
480,830,1083,Meshkat00057178,2059,837,1395,202,45
480,830,1172,Masaha000554Vols,2502,1203,1545,261,94
480,1211,1458,Masaha000554Vols,2508,1066,1323,200,95
480,830,1179,JK000447,384,477,1111,240,47
480,830,1463,QuranAnalysis001,104,597,1230,506,99
480,21,707,Rafed0001713Vols,1202,461,1588,305,28
480,712,1232,Rafed0001713Vols,1203,8,559,270,53
480,1211,1479,Rafed0001713Vols,1205,1092,1360,218,100
480,100,600,Tafsir04042,1140,894,1308,194,37
480,830,1286,JK001414,864,84,792,360,63
480,835,1373,Tafsir04056,4160,500,1170,406,74
480,830,1463,Hindawi096279749,145,31,664,505,99
480,830,1458,Shamela0009065,186,53,1250,238,21
480,944,1142,Shamela0000041,1287,79,277,156,99
480,830,1479,Shamela0023578,1618,735,1383,515,99
480,100,925,JK000876,671,516,1336,332,36
481,413,1090,JK009268,2569,597,883,211,39
481,413,1090,Sham19Y0023618,887,414,700,211,39
481,149,310,Tafsir09084,1240,953,1342,116,38
481,310,629,Sham19Y0020891,2984,1017,1376,151,44
481,413,1090,JK006889,69,657,943,211,39
481,663,975,Meshkat00042485,3565,862,1537,202,36
481,727,1234,Shamela0004445,300,1254,1391,77,19
481,595,1090,Shamela0012820,253,936,1260,140,28
481,442,700,Sham19Y0014114,52,321,549,111,50
481,202,1090,Shamela0037458,1958,94,649,268,32
481,310,496,Shamela0021766,2202,1136,1572,114,32
481,590,1090,Tafsir02011,824,16,985,180,20
481,193,310,Shamela0021715,10420,1080,1207,82,83
481,413,1140,JK000381,3054,194,507,227,39
481,428,1090,JK000818,280,37,530,234,38
481,700,975,Meshkat00042488,791,1050,1458,115,31
481,727,1234,Shia003721Vols,212,1101,1238,77,19
481,149,691,ShamIbadiyya0000075,424,766,1312,185,30
481,442,862,Shia002356Vols,563,899,1474,180,34
481,202,1182,Shia002380Vols,378,385,1341,334,33
481,413,1020,Shamela0008473,2518,1278,1547,198,41
481,149,310,Shamela0008473,2519,828,1353,118,28
481,310,1182,Shia002382Vols,920,81,1188,342,35
481,413,1140,JK000378,216,792,1105,227,39
481,413,1094,Shamela0023591,4054,483,774,214,39
481,413,1090,JK009266,5213,734,1020,211,39
481,310,1090,Shamela0021821,884,321,741,233,34
481,451,1140,Kraken220413194022,887,370,659,212,39
481,413,1094,Shamela0010273,1282,1144,1435,214,39
481,146,547,Shamela0010273,1283,811,1346,168,30
481,601,1067,Shamela0010273,1284,0,986,237,27
481,663,880,Tafsir01006,715,911,1280,140,47
481,903,1515,Tafsir01006,716,22,731,230,28
481,438,759,Tafsir04003,2168,721,1483,155,23
481,0,578,Sham19Y0014404,690,728,1521,162,20
481,704,880,Rafed0001713Vols,1204,1078,1352,109,47
481,202,700,Rafed0001713Vols,1204,86,614,171,30
481,413,1140,JK001414,864,179,499,223,38
481,149,310,Tafsir07057,2783,63,449,115,38
481,413,1094,Hindawi096279749,145,126,417,214,39
481,535,1094,Shamela0000041,1287,437,1295,245,31
481,413,1094,Shamela0023578,1618,829,1120,214,39
481,193,634,Shamela0023578,1619,550,1164,175,30
481,428,880,JK000876,672,697,1412,224,35
482,642,1529,Shia001432Vols,3759,81,1184,701,79
482,1051,1260,Shia001432Vols,3778,32,438,156,48
482,712,1260,Shia001432Vols,3820,100,545,198,35
482,1303,1529,Shia001432Vols,19568,63,290,179,99
482,1303,1529,Shia001432Vols,22210,997,1228,174,95
482,1303,1529,Shia001432Vols,29546,968,1195,179,99
482,575,763,Shamela0023632,1897,1138,1324,149,98
482,757,968,Shamela0023632,1899,900,1111,174,100
482,968,1191,Shamela0023632,1900,1224,1447,180,100
482,1191,1441,Shamela0023632,1902,833,1083,198,100
482,901,1361,Masaha001961Vols,273,21,523,209,39
482,488,757,Tafsir03097,841,188,1446,178,17
482,830,968,Tafsir03097,842,1052,1580,112,25
482,1178,1441,Tafsir03097,843,825,1414,199,42
482,333,1529,JK009268,2584,410,1496,874,90
482,792,1093,Sham19Y0029601,24,992,1181,72,27
482,575,1441,Sham19Y0023618,890,352,1218,698,100
482,623,885,Shamela0023628,1958,810,1072,213,99
482,880,1191,Shamela0023628,1960,277,588,251,100
482,1198,1529,Shamela0023628,1962,0,332,262,99
482,1417,1529,Shamela0023628,1965,154,439,90,39
482,568,861,Rafed0003257Vols,2989,1312,1604,235,98
482,757,1529,Rafed0003257Vols,2992,373,1512,612,66
482,1042,1260,Rafed0003257Vols,2994,684,1116,170,49
482,1303,1502,Rafed0003257Vols,2995,715,1343,157,31
482,792,930,Masaha001978Vols,42,147,591,111,30
482,1069,1244,Masaha001978Vols,43,18,480,107,29
482,757,952,Shamela0022593,1189,512,1175,132,24
482,1051,1233,Shamela0022593,1190,387,958,135,29
482,445,623,Tafsir09083,685,16,370,118,41
482,757,1138,Tafsir09083,686,22,1416,299,26
482,159,609,Tafsir09084,1242,556,1274,198,28
482,1361,1529,Tafsir09084,1245,481,734,133,66
482,445,623,Sham19Y0020891,2992,198,498,108,42
482,609,757,Sham19Y0020891,2992,1371,1523,109,86
482,1017,1191,Sham19Y0020891,2996,71,318,141,70
482,1178,1303,Sham19Y0020891,2998,937,1064,93,92
482,1265,1529,Sham19Y0020891,2999,1092,1387,197,84
482,575,797,JK006889,72,469,690,175,97
482,729,1051,JK006889,73,313,764,200,54
482,757,1051,Hindawi019640759,15,1089,1386,238,98
482,575,757,Hindawi019640759,15,133,315,146,100
482,1051,1303,Hindawi019640759,16,4,511,187,46
482,575,1303,JK009270,2397,290,1014,584,99
482,1244,1529,JK009270,2403,628,1035,213,66
482,453,784,Meshkat0014420,2483,1170,1492,188,72
482,880,1303,Meshkat0014420,2487,126,547,339,99
482,1303,1529,Meshkat0014420,2490,1226,1452,179,99
482,575,719,JK006476,771,49,212,116,88
482,820,1051,JK006476,772,1196,1436,178,90
482,1051,1256,JK006476,773,1166,1374,165,98
482,1195,1386,JK006476,774,801,1155,150,53
482,1337,1529,JK006476,775,359,689,153,58
482,1162,1303,Tafsir01005,3078,1130,1485,90,32
482,805,1120,Sham19Y0016782,305,454,762,130,42
482,333,729,ShamAY0036821,1220,1221,1506,231,71
482,729,1529,ShamAY0036821,1221,0,787,627,97
482,1303,1441,Shia001171,470,601,739,110,100
482,1308,1529,Shamela0029677,1239,769,991,175,99
482,327,623,Meshkat00042485,3569,654,1394,155,23
482,1308,1529,JK000343,703,409,631,175,99
482,481,930,Tafsir02104,250,832,1250,196,44
482,333,623,Sham19Y0147312,1046,188,367,146,61
482,712,968,Sham19Y0147312,1047,709,962,168,72
482,623,792,Sham19Y0147312,1047,125,294,136,100
482,1033,1191,Sham19Y0147312,1048,782,939,129,99
482,1191,1332,Sham19Y0147312,1049,1363,1502,110,98
482,333,880,Shamela0004445,302,78,1041,376,46
482,646,1111,Shamela0004445,303,471,1509,343,40
482,1111,1529,Shamela0004445,304,0,419,332,99
482,1286,1529,Tafsir02067,448,204,704,187,47
482,333,628,Sham19Y0014114,53,970,1153,149,62
482,475,623,Sham19Y0014114,56,804,1075,88,35
482,590,1001,Sham19Y0014114,57,1163,1564,319,95
482,1037,1529,Sham19Y0014114,61,1024,1528,393,96
482,1303,1441,Sham19Y0013550,312,1350,1488,110,100
482,670,960,Zaydiyya0000062,858,810,1213,232,70
482,952,1195,Zaydiyya0000062,859,762,1022,196,92
482,1169,1431,Zaydiyya0000062,860,764,1043,198,87
482,333,729,Shamela0037458,1962,845,1134,222,68
482,823,1051,Shamela0037458,1968,0,228,185,100
482,1051,1303,Shamela0037458,1971,761,1013,202,100
482,1303,1529,Shamela0037458,1973,543,770,179,99
482,1277,1441,Noorlib0035479,79,1189,1342,117,90
482,475,623,JK000791,1138,1005,1250,95,47
482,623,792,JK000791,1140,46,673,136,26
482,880,1108,JK000791,1141,1221,1495,154,64
482,1051,1529,JK000791,1142,944,1423,381,99
482,575,968,Noorlib0038508,78,565,1459,314,43
482,960,1290,Noorlib0038508,79,0,583,260,55
482,670,1191,Shamela0000922,666,118,1550,361,29
482,1093,1529,Shamela0000922,667,276,1347,336,39
482,466,729,JK007018,338,1269,1549,148,57
482,729,880,JK007018,339,0,151,125,100
482,792,1093,JK007018,339,1243,1580,168,63
482,968,1529,JK007018,340,112,1027,397,52
482,1191,1303,Zaydiyya0000295Vols,1732,1293,1538,88,45
482,475,880,JK009396,704,0,491,283,68
482,968,1173,JK009396,706,1101,1524,165,47
482,880,1108,JK009396,706,430,653,158,81
482,1173,1303,JK009396,707,0,130,102,100
482,1365,1529,JK009396,708,0,165,130,99
482,575,716,Sham19Y0023608,1994,1431,1571,114,99
482,716,880,Sham19Y0023608,1995,0,164,135,100
482,880,1108,Sham19Y0023608,1998,151,371,156,86
482,1051,1303,Sham19Y0023608,1999,150,402,202,100
482,1178,1459,Sham19Y0023608,2000,667,1480,212,33
482,1303,1441,JK000917,923,1398,1536,110,100
482,339,590,JK000818,280,1100,1498,133,40
482,712,1116,JK000818,281,663,1526,305,44
482,1116,1496,JK000818,282,83,804,288,50
482,642,880,Meshkat00042488,796,94,814,191,32
482,1051,1191,Meshkat00042488,797,913,1053,114,100
482,1191,1308,Meshkat00042488,798,342,458,91,99
482,1260,1441,Meshkat00042488,798,966,1206,144,75
482,350,880,Shia003721Vols,214,0,931,365,46
482,646,1270,Shia003721Vols,215,341,1514,469,49
482,1270,1529,Shia003721Vols,216,0,260,205,99
482,445,1209,ShamIbadiyya0000075,426,174,1627,555,47
482,1219,1502,ShamIbadiyya0000075,427,113,671,220,50
482,1191,1311,Shamela0004473,8096,1098,1216,91,96
482,575,712,Shamela0004473,10804,280,417,111,100
482,642,779,ShamAY0033108,915,1338,1543,109,66
482,333,602,ShamAY0033108,915,174,795,140,25
482,792,1116,ShamAY0033108,916,160,1058,256,34
482,1195,1529,Sham19Y0145435,161,789,1397,178,37
482,880,1178,Sham19Y0145435,1099,668,1160,216,55
482,333,880,Sham19Y0145435,5032,48,716,375,64
482,757,1529,Sham19Y0145435,5033,44,949,601,82
482,339,885,Shia002356Vols,565,201,740,336,62
482,820,1303,Shia002356Vols,566,393,1005,368,72
482,1209,1529,Shia002356Vols,567,934,1387,240,65
482,642,1361,Tafsir04038,298,240,1183,567,74
482,0,517,Shia002380Vols,379,322,821,183,36
482,646,1010,Shia002380Vols,380,898,1559,274,51
482,1010,1524,Shia002380Vols,381,5,1407,396,35
482,609,757,JK001496,1041,162,312,109,89
482,867,1051,JK001496,1042,683,1164,144,37
482,1051,1191,JK001496,1043,10,151,114,97
482,1191,1303,JK001496,1044,511,624,88,99
482,1286,1529,JK001496,1045,10,287,192,87
482,642,1116,Tafsir02091,1112,150,1439,365,35
482,623,757,Tafsir02102,2449,885,1019,107,100
482,367,575,Shamela0008473,2522,67,462,134,40
482,575,880,Shamela0008473,2523,42,347,249,100
482,880,1075,Shamela0008473,2524,1351,1549,144,91
482,623,792,Shamela0008473,2524,497,833,128,47
482,1037,1308,Shamela0008473,2525,530,801,216,99
482,1303,1529,Shamela0008473,2526,130,357,179,99
482,339,623,Shia002382Vols,923,80,580,148,32
482,972,1361,Shia002382Vols,925,3,1164,307,32
482,968,1173,MMS00013,2680,253,1021,145,23
482,972,1191,JK006474,1880,750,1380,105,18
482,968,1219,ShamIbadiyya0000050,3034,846,1226,104,26
482,712,930,Tafsir05047,394,762,1285,158,36
482,930,1365,Tafsir05047,395,11,1275,297,28
482,575,792,Shamela0003055,3725,333,550,175,100
482,729,1051,Shamela0003055,3726,253,707,203,55
482,716,1348,Shamela0012884,2672,39,910,301,38
482,333,1051,Shamela0023591,4054,885,1492,493,84
482,536,880,Shamela0023591,4066,373,719,265,94
482,910,1051,Shamela0023591,4069,0,141,113,100
482,1051,1529,Shamela0023591,4070,266,745,381,99
482,664,792,JK009266,5230,0,128,103,100
482,792,1051,JK009266,5233,379,636,210,99
482,1013,1452,JK009266,5236,649,1122,325,85
482,575,1138,Shamela0010283,2422,755,1532,325,44
482,907,1441,Shamela0010283,2423,68,637,386,80
482,830,1132,Shamela0001687,4859,112,408,86,21
482,873,1529,Shia003749,189,90,686,377,66
482,575,779,Tafsir10098,714,561,1085,164,38
482,972,1298,Tafsir10098,715,225,1287,249,28
482,575,1051,Shamela0021821,887,859,1335,386,100
482,1017,1303,Shamela0021821,889,981,1311,216,82
482,1303,1529,Shamela0021821,890,949,1176,179,99
482,712,1138,Shamela0012406,148,1234,1456,138,41
482,891,1260,Kraken22021802055200,146,94,695,238,49
482,712,1260,Shia002389Vols,1276,49,493,205,39
482,642,792,Tafsir10066,769,1288,1562,120,54
482,972,1361,Tafsir10066,771,83,1073,305,38
482,575,757,JK009362,4243,1171,1353,146,100
482,670,792,JK009362,4245,850,1385,68,15
482,805,1051,JK009362,4246,1038,1361,161,61
482,1051,1191,JK009362,4247,1315,1456,114,97
482,1191,1303,JK009362,4249,83,196,88,99
482,1337,1529,JK009362,4253,468,1017,140,31
482,1303,1529,Shia001542Vols,676,21,296,179,82
482,412,830,JK000875,151,4,250,95,27
482,1191,1303,Shamela0007853,25,856,969,88,99
482,333,880,JK001420,472,815,1428,150,18
482,845,1529,JK001420,473,26,1341,357,32
482,968,1361,JK000911,91,908,1333,286,78
482,1191,1303,JK009257,421,587,701,88,97
482,623,880,Sham19Y0023644,371,511,1250,202,33
482,880,1244,Sham19Y0023644,372,405,1520,293,32
482,575,792,JK006478,5151,1201,1417,175,99
482,757,1051,JK006478,5155,0,472,240,61
482,1013,1191,JK006478,5157,769,962,130,82
482,1191,1303,JK006478,5158,1353,1466,88,99
482,1260,1441,JK006478,5159,1011,1320,144,58
482,339,623,Tafsir08060,263,991,1429,160,43
482,653,1325,Tafsir08060,264,166,1557,474,41
482,432,910,Rafed0003943Vols,723,1018,1650,316,61
482,1017,1191,Rafed0003943Vols,725,719,913,128,81
482,1191,1529,Rafed0003943Vols,726,301,640,267,99
482,333,880,Shamela0010273,1287,658,1392,337,51
482,830,1370,Shamela0010273,1290,945,1595,429,82
482,880,1116,Shamela0010273,1291,465,992,188,44
482,1162,1303,Shamela0007798,5254,13,212,111,70
482,333,712,Tafsir06048,530,959,1499,239,52
482,712,1248,Tafsir06048,531,109,1499,425,37
482,1361,1529,Tafsir06048,532,712,893,133,92
482,575,712,Sham19Y0014404,693,325,959,111,21
482,642,968,Sham19Y0014404,694,25,1174,226,23
482,968,1191,Sham19Y0014404,695,5,683,180,32
482,972,1191,Meshkat00057178,2073,1262,1421,128,71
482,575,873,Masaha000554Vols,2517,294,594,239,96
482,623,880,Masaha000554Vols,2519,627,1591,210,26
482,880,1303,Masaha000554Vols,2521,1056,1480,329,94
482,1303,1511,Masaha000554Vols,2524,1366,1572,161,96
482,623,1017,JK000447,385,770,1421,191,30
482,1178,1511,JK000447,386,556,1265,160,27
482,333,901,QuranAnalysis001,104,1094,1550,373,80
482,901,1529,QuranAnalysis001,105,0,629,501,99
482,568,1017,Rafed0001713Vols,1209,1074,1522,360,98
482,1017,1441,Rafed0001713Vols,1210,0,424,340,100
482,1120,1260,Shia001134,215,74,304,112,60
482,792,1051,Tafsir04042,1145,179,860,210,37
482,1209,1524,Tafsir04042,1146,125,1022,230,32
482,1191,1303,Shamela0121376,2416,689,801,88,100
482,845,1051,Tafsir04056,4168,124,625,125,31
482,1169,1303,Tafsir04056,4171,95,233,95,87
482,712,1138,Tafsir04056,4192,1378,1562,142,41
482,930,1260,Tafsir04056,4193,5,228,107,36
482,805,1260,Tafsir04056,4213,991,1389,156,39
482,333,1452,Hindawi096279749,145,528,1535,814,89
482,333,712,Shamela0009065,186,662,1365,164,24
482,1281,1529,Shamela0009065,187,1122,1364,186,94
482,880,1178,Shamela0009783BK1,263,1005,1485,222,57
482,1173,1529,Shamela0009783BK1,264,235,859,183,37
482,585,885,Shamela0000041,1293,269,565,222,91
482,1033,1251,Shamela0000041,1294,1336,1553,176,99
482,880,1108,Shamela0000041,1294,188,395,158,87
482,1365,1529,Shamela0000041,1296,0,165,130,99
482,481,1116,Shamela0023578,1624,728,1567,474,65
482,1116,1529,Shamela0023578,1625,0,414,328,99
482,880,1116,Shamela0023578,1628,377,1418,190,22
482,1303,1478,Shamela0023578,1629,1052,1479,134,39
482,920,1116,JK000876,677,10,726,152,26
482,1303,1441,Noorlib0010584,94,1057,1195,110,100
483,1212,1412,JK009268,2584,846,983,109,68
483,1212,1412,Sham19Y0023618,890,657,794,109,68
483,1212,1412,Rafed0003257Vols,2992,862,999,109,68
483,1212,1412,JK006889,73,597,730,105,66
483,1212,1412,Hindawi019640759,15,1215,1352,109,68
483,1212,1412,JK009270,2397,595,730,108,67
483,1212,1412,Meshkat0014420,2487,126,262,109,68
483,1212,1412,JK006476,772,1262,1402,109,67
483,636,1037,Meshkat00042485,3571,251,982,243,39
483,944,1412,Shamela0004445,303,987,1416,163,30
483,1212,1396,Sham19Y0014114,57,1445,1564,97,64
483,1212,1412,Shamela0037458,1968,57,194,109,68
483,1212,1412,JK000791,1141,1221,1358,109,68
483,908,1412,Shamela0000922,666,593,1140,186,34
483,201,915,JK000818,281,63,925,293,33
483,944,1412,Shia003721Vols,215,838,1262,164,30
483,1212,1412,Sham19Y0145435,5033,302,438,109,68
483,208,771,Shia002356Vols,565,874,1464,242,43
483,934,1412,Shia002356Vols,566,393,721,174,41
483,642,1405,Shia002380Vols,380,930,1559,340,46
483,882,1412,Shamela0008473,2524,1017,1488,191,37
483,642,1381,Shia002382Vols,924,621,1561,349,36
483,1212,1412,Shamela0003055,3726,536,673,109,68
483,1212,1412,Shamela0023591,4054,1321,1458,109,68
483,1212,1412,JK009266,5233,467,602,108,67
483,1212,1412,Shamela0021821,887,1164,1301,109,68
483,1212,1412,JK009362,4246,1191,1327,109,68
483,1212,1412,JK001420,473,71,368,109,38
483,1212,1412,JK006478,5155,302,438,109,68
483,624,1432,Tafsir08060,264,166,933,361,43
483,1212,1412,Shamela0010273,1290,1106,1243,109,68
483,201,573,Tafsir01006,717,740,1362,205,38
483,636,1432,Tafsir01006,718,99,1204,388,37
483,859,1432,Tafsir06048,531,206,594,224,42
483,613,1023,Sham19Y0014404,694,25,662,223,39
483,1212,1412,Rafed0001713Vols,1209,1386,1522,109,68
483,436,908,Rafed0001713Vols,1211,186,1171,290,36
483,934,1432,Rafed0001713Vols,1212,43,878,228,31
483,1212,1412,Tafsir04042,1145,318,759,136,38
483,1212,1412,Hindawi096279749,145,964,1101,109,68
483,1212,1412,Shamela0023578,1624,1332,1469,109,68
484,611,1411,Shia001432Vols,3759,801,1184,267,42
484,1022,1411,Shia001432Vols,19568,63,290,179,58
484,1100,1341,Shia001432Vols,19573,942,1330,129,41
484,1012,1411,Shia001432Vols,22210,983,1228,178,55
484,1094,1452,Shia001432Vols,22219,615,986,171,49
484,1022,1411,Shia001432Vols,29546,968,1195,179,58
484,649,1259,Shamela0023632,1902,833,1083,188,39
484,649,891,ShamIbadiyya0000193,1909,184,499,104,34
484,611,1411,JK009268,2584,1135,1496,266,42
484,611,1259,Sham19Y0023618,890,946,1218,197,38
484,656,1411,Shamela0023628,1962,0,332,252,42
484,1235,1440,Shamela0023628,1965,154,495,126,44
484,611,1411,Rafed0003257Vols,2992,1151,1512,266,42
484,466,820,Tafsir09084,1244,1222,1517,124,40
484,1034,1411,Tafsir09084,1245,255,734,187,41
484,1022,1411,Sham19Y0020891,2999,1160,1387,179,58
484,1022,1411,JK009270,2403,798,1035,179,56
484,1022,1411,Meshkat0014420,2490,1226,1452,179,58
484,649,949,Meshkat0014420,2490,18,465,117,28
484,1022,1411,ShamAY0036821,1221,562,787,178,57
484,1017,1411,Shamela0029677,1239,757,991,179,57
484,36,514,Meshkat00042485,3573,906,1526,235,38
484,611,1080,Meshkat00042485,3575,128,875,273,41
484,1017,1411,JK000343,703,397,631,179,57
484,611,1411,Shamela0004445,304,58,419,266,42
484,1027,1432,Shamela0022769,738,57,805,225,35
484,611,1411,Sham19Y0014114,61,1168,1528,266,42
484,1100,1411,Zaydiyya0000062,861,1089,1481,180,50
484,791,1411,Shamela0037458,1973,204,770,237,40
484,611,1411,JK000791,1142,1062,1423,266,42
484,81,601,Shamela0021766,2211,408,1297,257,33
484,725,1080,Shamela0021766,2212,30,770,190,31
484,489,1411,Shamela0000922,667,488,1347,287,28
484,1022,1411,JK007018,340,801,1027,179,58
484,1177,1411,JK009396,708,10,165,116,62
484,1017,1277,Sham19Y0023608,2000,1321,1480,127,61
484,36,451,Meshkat00042488,797,807,1512,126,16
484,891,1308,Meshkat00042488,798,966,1287,167,44
484,767,1365,ShamIbadiyya0000075,427,155,668,264,46
484,611,1411,Sham19Y0145435,5033,589,949,266,42
484,160,1411,Shia002356Vols,567,281,1387,480,41
484,1094,1411,Shia002356Vols,568,111,412,161,55
484,466,1452,Shia002380Vols,381,413,1444,478,47
484,1022,1411,JK001496,1045,61,287,179,58
484,399,1264,Shia002382Vols,925,526,1494,406,43
484,891,1056,JK006474,1882,317,594,77,30
484,649,1080,Tafsir05047,395,748,1270,179,34
484,611,1411,Shamela0023591,4070,384,745,266,42
484,611,1270,JK009266,5236,830,1122,202,38
484,747,1411,Shamela0021821,890,499,1176,276,40
484,891,1365,Kraken22021802055200,146,918,1444,188,37
484,1022,1411,Shia001542Vols,676,21,296,176,53
484,611,1100,JK000911,91,1075,1349,142,37
484,649,1411,Rafed0003943Vols,726,301,640,257,43
484,611,1109,Shamela0010273,1290,1395,1595,138,35
484,257,1080,Tafsir01006,719,95,1481,434,35
484,1100,1411,Tafsir06048,532,712,893,133,52
484,1100,1411,Tafsir04003,2184,1003,1448,159,41
484,908,1308,Sham19Y0014404,696,19,290,151,42
484,611,1411,QuranAnalysis001,105,268,629,266,42
484,611,1259,Rafed0001713Vols,1210,152,424,197,38
484,36,427,Rafed0001713Vols,1212,1054,1587,189,37
484,466,1080,Rafed0001713Vols,1213,18,1345,354,33
484,611,1270,Hindawi096279749,145,1253,1535,206,39
484,1012,1411,Shamela0009065,187,1122,1364,184,57
484,81,1080,Shamela0000041,1295,52,1526,376,29
484,1177,1411,Shamela0000041,1296,10,165,116,62
484,611,1411,Shamela0023578,1625,53,414,266,42
484,466,1301,Shamela0023578,1629,298,1496,307,27
484,81,698,JK000876,677,661,1299,193,31
484,1100,1365,JK000876,678,1177,1520,161,55
484,725,1100,JK000876,678,8,778,188,29
485,273,714,Shia001432Vols,3761,645,1493,305,44
485,714,1062,Shia001432Vols,3762,0,886,249,36
485,348,1043,Shia001432Vols,3779,328,1030,460,76
485,277,1022,Shia001432Vols,3805,28,623,298,42
485,372,989,Shia001432Vols,3820,992,1498,339,63
485,336,823,Shia001432Vols,3821,806,1098,152,37
485,90,317,Shamela0023632,1903,1042,1194,113,61
485,317,632,Shamela0023632,1905,400,715,254,100
485,632,788,Shamela0023632,1908,741,897,123,100
485,896,1043,Shamela0023632,1912,144,291,116,99
485,239,719,JK009268,2595,1157,1636,386,99
485,719,1043,JK009268,2596,0,324,253,99
485,90,317,Sham19Y0023618,894,69,221,113,61
485,485,794,Sham19Y0023618,896,238,559,243,95
485,788,1038,Sham19Y0023618,898,803,1053,197,100
485,896,1038,JK007097,29,167,309,113,100
485,317,582,Shamela0023628,1967,352,616,209,97
485,507,794,Shamela0023628,1969,1031,1318,204,90
485,788,975,Shamela0023628,1972,785,972,147,100
485,152,788,Rafed0003257Vols,2996,780,1499,466,81
485,788,1043,Rafed0003257Vols,3000,157,412,200,99
485,372,613,Shamela0022593,1192,242,1181,125,16
485,632,788,Sham19Y0020891,3007,80,236,123,100
485,788,1038,JK006889,76,251,590,111,33
485,896,1038,Hindawi019640759,16,870,1012,113,100
485,902,1053,Shamela0023789,19,890,1042,112,94
485,896,1053,Shamela0023789,1195,719,875,115,93
485,239,794,JK009270,2409,805,1359,439,98
485,788,1043,JK009270,2416,179,438,200,96
485,632,794,Shamela0005756,14972,592,755,125,97
485,545,749,ShamAY0034106,156,836,1120,96,33
485,221,397,Meshkat0014420,2493,1131,1310,133,93
485,397,545,Meshkat0014420,2496,410,558,119,100
485,507,788,Meshkat0014420,2498,749,1118,221,75
485,886,1038,Meshkat0014420,2502,0,151,121,99
485,685,788,Shamela0010284,109,974,1077,80,100
485,90,304,JK006476,775,665,807,102,59
485,675,802,JK006476,779,70,200,99,97
485,90,902,ShamAY0036821,1221,763,1494,572,87
485,637,975,ShamAY0036821,1226,1206,1540,264,98
485,632,788,Sham19Y0147312,1054,655,811,123,100
485,768,896,Sham19Y0147312,1055,1160,1286,96,96
485,875,1038,Sham19Y0147312,1057,317,493,130,91
485,90,1038,Shamela0004445,305,322,1316,697,85
485,491,788,Shamela0004445,306,266,910,233,45
485,830,1062,Shamela0004445,307,0,302,152,60
485,896,1038,Shamela0004445,4302,146,288,113,100
485,902,1038,Sham19Y0014592,1600,761,897,108,100
485,896,1038,Sham19Y0014592,2105,1304,1446,113,100
485,317,582,Sham19Y0014114,65,1223,1487,214,99
485,618,830,Sham19Y0014114,70,1342,1566,167,93
485,830,1043,Sham19Y0014114,71,0,212,166,98
485,632,788,Sham19Y0013550,6,1011,1167,123,100
485,90,397,Sham19Y0013550,313,141,782,128,21
485,259,623,Zaydiyya0000062,862,0,372,286,95
485,632,890,Zaydiyya0000062,864,247,506,202,99
485,90,317,Shamela0037458,1973,746,898,113,61
485,254,510,Shamela0037458,1976,1222,1530,186,74
485,510,632,Shamela0037458,1977,0,122,98,100
485,613,1049,Shamela0037458,1980,75,524,341,96
485,685,788,JK000087,427,686,789,80,100
485,317,485,JK000791,1146,451,619,136,100
485,451,632,JK000791,1147,1122,1361,142,74
485,521,788,JK000791,1148,1011,1317,164,64
485,788,1038,JK000791,1150,269,519,197,100
485,90,317,Noorlib0038508,79,1120,1393,124,49
485,317,788,Noorlib0038508,80,107,1340,360,36
485,788,1022,Noorlib0038508,81,38,517,184,48
485,317,749,Shamela0021735,1314,1000,1158,114,33
485,108,389,Shamela0000922,668,91,430,145,46
485,632,788,Shamela0000922,669,988,1144,123,100
485,823,1053,Shamela0000922,670,736,1293,161,35
485,714,902,Shamela0000922,670,0,436,135,40
485,277,1022,Shia003700,77,47,643,298,42
485,685,816,JK009313,5284,1285,1416,86,87
485,317,843,Tafsir07076,2531,198,1059,252,37
485,310,1022,Tafsir07076,4346,926,1360,322,56
485,244,485,JK007018,341,0,391,194,61
485,485,732,JK007018,341,1295,1541,198,99
485,896,1038,JK007018,343,406,548,113,100
485,317,485,JK009396,709,144,312,136,100
485,485,788,JK009396,710,675,978,241,100
485,896,1038,JK009396,712,1161,1303,113,100
485,239,719,Sham19Y0023608,2002,1042,1521,386,99
485,317,613,Sham19Y0023608,2004,4,1316,225,21
485,726,1038,Sham19Y0023608,2006,375,681,203,83
485,545,788,JK000917,928,950,1193,193,100
485,896,1038,JK000381,4680,646,788,113,100
485,896,1038,Shamela0021477,587,213,353,112,98
485,397,582,Meshkat00042488,801,81,667,149,31
485,632,788,Meshkat00042488,802,344,500,123,100
485,886,1067,Meshkat00042488,804,422,993,122,26
485,90,1038,Shia003721Vols,217,79,1069,693,85
485,788,1038,Shia003721Vols,218,1150,1474,181,71
485,485,797,Shia003721Vols,218,4,633,241,48
485,378,938,ShamIbadiyya0000075,428,82,1515,432,37
485,290,435,Rafed0003726Vols,696,1210,1644,119,33
485,632,788,Shamela0022371,212,61,217,123,100
485,397,685,ShamAY0033108,919,537,1424,224,31
485,239,1038,Sham19Y0145435,5034,672,1471,636,100
485,485,896,Sham19Y0145435,5035,420,1416,308,39
485,905,1038,Sham19Y0145435,5036,0,133,106,100
485,90,788,Shia002356Vols,568,393,1069,473,77
485,788,1043,Shia002356Vols,570,206,460,198,98
485,273,788,Tafsir04038,299,280,1215,360,48
485,797,1062,Tafsir04038,300,0,513,190,47
485,397,823,Shia002380Vols,383,246,1161,322,44
485,317,485,JK001496,1047,41,209,136,100
485,632,788,JK001496,1048,1127,1284,123,99
485,768,984,Tafsir02102,2413,798,1232,158,46
485,534,788,Tafsir02102,2450,1164,1406,99,35
485,317,485,Shamela0008473,2527,188,356,136,100
485,372,794,Shamela0008473,2527,772,1269,319,80
485,768,875,Shamela0008473,2528,1364,1468,79,95
485,823,1043,Shamela0008473,2530,184,401,163,88
485,545,823,MMS00013,2682,880,1413,153,36
485,902,1038,MMS00013,2684,46,185,108,97
485,835,1038,Tafsir05047,398,767,1003,131,62
485,788,1058,Shamela0003055,3729,466,861,108,30
485,239,779,Shamela0023591,4074,941,1480,432,99
485,779,1043,Shamela0023591,4075,0,264,207,99
485,239,632,Shamela0023591,4076,580,973,316,100
485,618,896,Shamela0023591,4082,946,1265,219,87
485,896,1038,Shamela0023591,4086,902,1044,113,100
485,290,632,JK009266,5247,712,1116,276,84
485,576,896,JK009266,5256,812,1262,249,70
485,896,1038,JK009266,5263,260,400,112,98
485,317,881,Shamela0010283,2424,762,1502,422,71
485,794,1043,Shamela0010283,2425,1185,1361,137,70
485,360,942,Shia003749,190,568,1481,378,51
485,90,317,Shamela0021821,890,1152,1304,113,61
485,290,1038,Shamela0021821,892,5,1056,595,70
485,685,788,Kraken220413194022,1359,65,167,80,99
485,917,1038,Masaha004092,232,982,1103,96,100
485,372,1022,Shia002389Vols,1276,931,1482,364,66
485,336,823,Shia002389Vols,1279,440,732,152,37
485,273,788,Shia002389Vols,1280,175,1124,360,47
485,239,485,Tafsir10066,773,290,1046,194,32
485,477,768,Tafsir10066,774,411,1313,224,31
485,317,632,JK009362,4256,172,487,253,99
485,485,749,Sham19Y0147597,25,1163,1355,101,41
485,576,749,Sham19Y0147597,389,1291,1464,138,100
485,239,632,JK001420,474,188,576,228,69
485,788,1022,JK001420,475,854,1411,184,42
485,660,788,JK001420,475,0,128,100,100
485,363,835,JK000911,92,1124,1400,159,38
485,896,1038,Zaydiyya0000274,72,377,519,113,100
485,896,1038,Shamela0003118,1640,0,142,113,100
485,896,1053,JK001310,59,1161,1320,116,93
485,896,1038,Sham19Y0023644,3497,573,713,111,98
485,152,485,JK006478,5165,1032,1478,254,69
485,576,788,JK006478,5170,678,910,166,90
485,896,1038,JK006478,5175,861,1002,113,99
485,685,788,JK000082,241,82,185,80,100
485,108,603,Tafsir08060,265,413,1215,303,44
485,108,632,Rafed0003943Vols,729,134,610,338,80
485,632,975,Rafed0003943Vols,731,137,480,270,100
485,90,788,Shamela0010273,1294,296,919,490,87
485,384,538,Shamela0010273,1296,58,401,118,43
485,788,1038,Shamela0010273,1298,139,389,197,100
485,477,632,Shamela0007798,5265,325,918,111,23
485,576,788,Shamela0007798,5266,964,1208,148,77
485,896,1038,Shamela0007798,5278,455,1002,112,25
485,1125,1473,Tafsir01006,721,2,463,166,42
485,360,701,Tafsir06048,533,64,1041,264,33
485,90,317,Sham19Y0014404,696,746,1206,123,32
485,445,788,Sham19Y0014404,698,0,882,264,37
485,768,975,Sham19Y0014404,699,61,626,158,35
485,102,317,Meshkat00057178,2076,0,536,110,24
485,598,788,Meshkat00057178,2083,1284,1492,133,81
485,719,896,Meshkat00057178,2084,1199,1470,121,57
485,239,783,Masaha000554Vols,2527,458,1010,419,93
485,397,545,Masaha000554Vols,2529,135,573,118,33
485,816,1030,Masaha000554Vols,2534,0,215,166,95
485,90,1030,QuranAnalysis001,105,605,1469,678,89
485,896,1038,JK000916,4365,1035,1177,113,100
485,90,797,Rafed0001713Vols,1215,129,767,493,85
485,749,1038,Rafed0001713Vols,1218,1007,1430,225,67
485,348,1043,Shia001134,216,242,943,460,76
485,507,788,Tafsir04042,1148,197,1225,215,26
485,367,749,JK001414,1329,0,336,256,83
485,685,788,JK001414,1331,885,988,80,100
485,545,1038,Tafsir04056,2419,107,496,228,50
485,830,1038,Tafsir04056,4183,728,1430,160,28
485,372,1022,Tafsir04056,4193,659,1200,367,66
485,355,685,Tafsir04056,4214,0,337,259,94
485,90,1043,Hindawi096279749,146,54,932,687,90
485,397,545,Tafsir02094,1905,662,1173,118,28
485,545,732,Shamela0009783BK1,266,719,1206,133,34
485,397,663,Shamela0000041,1298,1200,1552,211,74
485,663,794,Shamela0000041,1299,0,131,103,100
485,875,1038,Shamela0000041,1302,63,233,130,95
485,90,435,Shamela0023578,1625,390,660,210,74
485,397,938,Shamela0023578,1632,883,1533,427,82
485,685,797,JK000094,913,317,429,83,96
485,363,749,JK000094,935,681,1010,257,83
485,685,788,JK000094,938,277,380,80,100
485,632,754,Noorlib0010584,84,1440,1561,97,99
486,32,897,JK009268,2595,1315,1636,250,36
486,183,313,Sham19Y0020891,3005,463,596,90,73
486,32,982,JK009270,2409,963,1315,273,36
486,101,368,Meshkat0014420,2497,1080,1315,93,30
486,177,674,Meshkat00042485,3583,816,1543,235,34
486,32,982,Shamela0004445,305,676,1028,273,36
486,313,910,Shamela0004445,306,259,731,213,36
486,52,482,Zaydiyya0000062,863,790,1536,225,36
486,101,516,JK000791,1147,1122,1342,145,41
486,0,728,Shamela0021766,2215,276,1336,372,37
486,1204,1425,Shamela0021766,2217,530,750,103,50
486,95,368,Shamela0000922,668,802,1160,93,23
486,320,910,JK007018,341,1301,1541,183,38
486,32,897,Sham19Y0023608,2002,1200,1521,250,36
486,32,528,Sham19Y0023608,2004,517,1403,211,25
486,106,516,JK000818,283,0,392,174,43
486,101,424,Meshkat00042488,801,446,661,116,38
486,879,1425,Meshkat00042488,803,19,777,206,29
486,32,982,Shia003721Vols,217,428,780,273,36
486,313,910,Shia003721Vols,218,4,455,214,37
486,32,1057,ShamIbadiyya0000075,428,167,1234,345,30
486,32,427,ShamAY0033108,919,537,1086,160,28
486,874,1310,ShamAY0033108,920,545,1115,182,38
486,32,982,Sham19Y0145435,5034,830,1182,273,36
486,313,910,Sham19Y0145435,5035,420,871,214,37
486,95,482,Shia002356Vols,569,373,860,197,47
486,32,1310,Shia002380Vols,383,246,1161,454,39
486,177,313,JK001496,1047,1334,1483,95,69
486,32,427,Tafsir02091,1115,908,1456,160,28
486,874,1310,Tafsir02091,1116,956,1460,178,40
486,389,910,Shamela0008473,2528,33,564,192,34
486,38,506,Shia002382Vols,928,0,788,250,36
486,655,1310,Shia002382Vols,928,908,1353,233,41
486,177,368,ShamIbadiyya0000050,3053,25,209,79,49
486,32,982,Shamela0023591,4074,1099,1451,273,36
486,32,982,Shamela0010283,2424,842,1242,275,36
486,32,982,Shamela0021821,892,417,769,273,36
486,879,1310,Shamela0021821,894,481,1160,203,36
486,838,1310,Tafsir08060,266,89,677,201,41
486,32,982,Shamela0010273,1294,528,880,273,36
486,32,1219,Shamela0010273,1296,94,1299,459,33
486,32,357,Tafsir01006,721,695,1144,147,34
486,533,1310,Tafsir01006,722,107,1109,355,37
486,32,368,Tafsir04003,2189,818,1142,137,36
486,32,982,QuranAnalysis001,105,837,1189,273,36
486,32,453,Rafed0001713Vols,1217,737,1521,234,35
486,533,1310,Rafed0001713Vols,1218,180,1215,367,38
486,32,982,Hindawi096279749,146,286,638,273,36
486,32,516,Shamela0000041,1298,1200,1503,193,46
486,1199,1425,Shamela0000041,1301,31,434,106,30
486,32,982,Shamela0023578,1632,883,1345,273,33
486,32,799,JK000876,680,202,1190,312,33
487,1222,1374,Shia001432Vols,3764,1167,1347,120,83
487,560,1289,Shia001432Vols,3779,862,1471,437,70
487,638,1068,Shamela0023632,1912,144,462,252,73
487,1068,1310,Shamela0023632,1914,764,1005,192,98
487,1310,1495,Shamela0023632,1916,730,917,147,98
487,652,1272,Masaha001961Vols,275,573,1502,326,38
487,560,1310,JK009268,2596,156,737,464,77
487,1310,1497,JK009268,2606,885,1073,149,99
487,892,1374,Sham19Y0023618,900,108,589,382,99
487,680,1068,Shamela0023628,1975,22,528,244,55
487,932,1310,Shamela0023628,1976,325,1123,296,46
487,1260,1495,Shamela0023628,1978,1078,1387,187,76
487,560,1068,Rafed0003257Vols,3000,244,583,269,66
487,1004,1497,Rafed0003257Vols,3002,858,1505,391,75
487,892,1068,Sham19Y0020891,3013,313,489,139,100
487,1137,1310,Sham19Y0020891,3016,892,1131,136,70
487,638,1374,Hindawi019640759,16,870,1326,259,41
487,892,1374,JK009270,2423,467,945,380,98
487,892,1222,Meshkat0014420,2504,876,1205,264,99
487,1283,1495,Meshkat0014420,2508,0,211,168,99
487,736,1204,JK000865,315,0,1012,325,38
487,779,1023,JK006476,781,1145,1526,156,50
487,932,1255,JK006476,782,1017,1348,217,75
487,1222,1374,JK006476,783,1201,1378,117,83
487,652,1495,ShamAY0036821,1222,6,727,570,84
487,779,1495,ShamAY0036821,1227,0,656,518,90
487,270,710,Meshkat00042485,3588,42,578,188,38
487,1222,1495,Shamela0001466,1314,1214,1485,215,97
487,793,1158,Sham19Y0147312,1057,897,1338,272,77
487,1158,1374,Sham19Y0147312,1059,480,1134,174,32
487,560,1495,Shamela0004445,307,54,1070,613,69
487,1035,1260,Shamela0004445,308,5,421,181,54
487,892,1310,Sham19Y0014114,77,851,1268,334,99
487,1209,1495,Sham19Y0014114,81,920,1203,185,75
487,1068,1222,Sham19Y0013550,313,1044,1485,122,34
487,14,1059,Zaydiyya0000062,866,215,1063,402,45
487,1068,1296,Zaydiyya0000062,867,1293,1521,183,97
487,892,1310,Shamela0037458,1985,0,418,334,100
487,1289,1497,Shamela0037458,1988,836,1064,166,91
487,644,1158,JK000791,1152,554,1075,296,59
487,1158,1310,JK000791,1154,679,1156,123,31
487,1374,1497,JK000791,1156,640,764,98,99
487,14,400,Shamela0021766,2218,39,619,194,37
487,1321,1468,JK000365,2096,903,1050,117,100
487,270,862,Shamela0000922,670,578,1273,207,30
487,854,1079,Shamela0000922,671,0,226,158,86
487,932,1374,Shamela0000922,671,745,1449,261,44
487,1059,1222,Tafsir07076,2802,179,337,124,93
487,638,1222,JK007018,343,406,1111,386,61
487,1075,1495,JK007018,344,44,634,273,55
487,638,862,JK009396,712,1161,1303,113,63
487,736,1222,JK009396,713,187,769,336,69
487,1164,1495,JK009396,714,992,1365,237,77
487,1250,1401,JK009396,715,0,1125,121,13
487,892,1374,Sham19Y0023608,2008,575,1056,382,99
487,892,1068,Shamela0036446,1402,208,384,139,100
487,885,1068,JK000381,4680,105,288,143,98
487,779,1038,Meshkat00042488,804,974,1493,196,47
487,1038,1180,Meshkat00042488,805,0,137,97,85
487,1059,1310,Meshkat00042488,806,196,1209,197,24
487,816,1497,Shia003721Vols,219,67,776,506,89
487,916,1137,ShamIbadiyya0000075,429,468,862,170,55
487,892,1068,Shamela0004473,8096,564,740,139,100
487,892,1439,Shamela0022371,212,417,1121,311,45
487,644,1158,Sham19Y0145435,1103,412,1218,311,45
487,647,1495,Sham19Y0145435,5036,0,828,594,81
487,1192,1495,Sham19Y0145435,5037,84,869,234,37
487,892,1068,Zaydiyya0000461,263,1144,1320,134,97
487,906,1068,Zaydiyya0000461,266,0,162,127,100
487,560,1068,Shia002356Vols,570,293,630,265,65
487,1109,1495,Shia002356Vols,572,0,386,306,98
487,1222,1359,Tafsir04038,301,109,252,108,95
487,270,862,Shia002380Vols,384,34,390,180,37
487,932,1343,Shia002380Vols,384,736,1440,322,57
487,783,1068,JK001496,1051,1099,1412,181,69
487,1113,1374,JK001496,1053,262,1046,198,31
487,560,1222,Shamela0008473,2530,234,1124,404,50
487,1101,1495,Shamela0008473,2531,295,865,293,63
487,644,1158,MMS00013,2684,46,794,308,47
487,921,1495,Shamela0012884,2674,270,891,314,53
487,560,1497,Shamela0023591,4075,96,866,606,80
487,892,1310,Shamela0023591,4087,945,1362,331,99
487,1310,1497,Shamela0023591,4092,594,784,149,98
487,892,1222,JK009266,5264,714,1042,263,99
487,1222,1495,JK009266,5274,620,891,213,98
487,638,1043,Shamela0010283,2425,1214,1517,232,70
487,1043,1158,Shamela0010283,2426,0,115,92,100
487,1234,1374,Shamela0010283,2427,0,138,111,98
487,1222,1374,Shia003749,191,1083,1283,104,65
487,638,1222,Shamela0021821,895,176,817,390,69
487,1158,1497,Shamela0021821,896,731,1275,272,62
487,892,1051,JK009362,4264,1337,1496,125,98
487,1051,1222,JK009362,4265,0,171,138,98
487,1310,1495,JK009362,4267,912,1096,146,98
487,910,1079,JK001420,476,0,169,127,95
487,1004,1222,JK001420,476,1130,1469,138,51
487,1310,1435,JK001420,477,220,481,100,47
487,659,1495,JK000911,93,297,1047,378,49
487,638,1310,Zaydiyya0000274,72,377,1117,220,24
487,633,862,JK001310,59,1156,1303,117,64
487,1310,1495,Shia001625,42,958,1143,145,98
487,892,1068,JK006478,5176,1211,1386,139,98
487,1004,1495,JK006478,5183,578,1002,228,48
487,1035,1435,Tafsir08060,267,5,770,262,43
487,773,1222,Rafed0003943Vols,733,488,892,314,86
487,1222,1497,Rafed0003943Vols,735,631,909,219,98
487,892,1310,Shamela0010273,1299,970,1387,331,99
487,1310,1497,Shamela0010273,1302,406,596,149,98
487,638,1068,Shamela0007798,5279,205,682,257,58
487,315,881,Tafsir01006,723,41,675,244,41
487,996,1365,Tafsir06048,535,40,876,289,43
487,779,1068,Sham19Y0014404,700,42,360,210,81
487,1137,1435,Sham19Y0014404,701,65,1415,236,21
487,892,1068,Meshkat00057178,2087,352,528,139,100
487,979,1222,Masaha000554Vols,2536,0,242,186,94
487,1222,1488,Masaha000554Vols,2539,114,387,209,95
487,892,1113,JK000447,389,166,748,130,29
487,921,1068,Sham19Y0014313,542,663,810,115,100
487,892,1497,QuranAnalysis001,106,8,614,483,99
487,892,1222,Rafed0001713Vols,1220,213,542,261,99
487,1209,1374,Rafed0001713Vols,1221,1038,1222,132,89
487,885,1158,JK000122,469,21,296,214,98
487,560,1310,Shia001134,216,775,1405,451,70
487,1310,1495,Tafsir04056,2327,412,597,145,98
487,921,1495,Tafsir04056,4214,492,924,278,59
487,560,1435,Hindawi096279749,146,764,1469,559,79
487,644,1158,Shamela0009783BK1,268,630,1433,308,44
487,910,1068,Shamela0000041,1303,0,158,124,100
487,1137,1374,Shamela0000041,1304,779,1042,191,90
487,680,1310,Shamela0023578,1633,0,517,411,81
487,1209,1497,Shamela0023578,1641,104,572,230,61
487,932,1123,JK000876,682,1016,1524,148,37
488,765,1474,Shia001432Vols,3779,1065,1355,223,39
488,110,551,Shia001432Vols,3780,216,710,354,88
488,104,465,Shia001432Vols,3828,64,576,203,45
488,0,222,Shamela0023632,1919,621,843,180,100
488,222,483,Shamela0023632,1922,0,261,208,100
488,997,1159,ShamIbadiyya0000193,1922,1259,1498,110,59
488,991,1159,Tafsir09050,1966,1251,1492,113,59
488,551,1255,Masaha001961Vols,275,678,1186,284,46
488,765,1478,JK009268,2596,359,653,230,40
488,0,512,JK009268,2606,1073,1584,411,99
488,765,1478,Sham19Y0023618,900,148,441,227,40
488,0,222,Sham19Y0023618,902,249,471,180,100
488,222,483,Sham19Y0023618,903,707,968,208,100
488,765,1478,Shamela0023628,1976,325,1039,259,32
488,0,271,Shamela0023628,1983,1184,1455,219,100
488,271,483,Shamela0023628,1987,563,775,169,100
488,982,1478,Rafed0003257Vols,3002,858,1231,178,38
488,1109,1255,Rafed0003257Vols,3003,421,563,86,68
488,99,551,Rafed0003257Vols,3007,517,969,365,100
488,982,1203,Masaha001978Vols,47,5,195,91,45
488,0,222,Sham19Y0020891,3022,642,1221,180,38
488,271,551,Sham19Y0020891,3025,993,1273,225,100
488,0,483,Hindawi019640759,17,827,1421,387,81
488,4,222,JK009270,2427,894,1110,176,99
488,222,483,JK009270,2431,316,577,208,100
488,975,1213,Shamela0023624,616,816,1012,114,54
488,4,378,Meshkat0014420,2511,620,993,300,99
488,378,551,Meshkat0014420,2516,263,436,141,100
488,694,1443,JK000865,315,274,1012,281,36
488,1121,1460,JK006476,783,100,642,149,32
488,4,141,JK006476,786,917,1057,110,97
488,4,556,ShamAY0036821,1227,661,1209,435,97
488,271,426,Sham19Y0147312,1061,1141,1296,123,100
488,0,551,Shamela0004445,309,402,1071,443,82
488,226,483,Shamela0004445,310,394,1223,205,31
488,4,222,Sham19Y0014114,81,1209,1426,177,99
488,207,384,Sham19Y0014114,86,1372,1565,141,90
488,384,556,Sham19Y0014114,87,0,170,137,97
488,765,1478,Shamela0037458,1985,40,334,230,40
488,1011,1234,Shamela0037458,1986,165,863,106,19
488,99,483,Shamela0037458,1992,622,1006,309,100
488,765,1255,JK000791,1152,849,1075,178,46
488,37,556,JK000791,1159,694,1268,416,89
488,927,1184,Shamela0021766,2220,228,715,165,41
488,99,378,Shamela0000922,673,31,731,183,30
488,765,1474,JK007018,343,822,1111,224,39
488,0,222,JK007018,345,132,355,177,98
488,193,483,JK007018,345,1129,1423,215,91
488,765,1474,JK009396,713,479,769,227,40
488,0,259,JK009396,716,1113,1379,187,86
488,222,483,JK009396,718,182,443,207,99
488,765,1478,Sham19Y0023608,2008,615,908,227,40
488,776,1272,Sham19Y0023608,2009,511,1433,212,28
488,80,551,Sham19Y0023608,2013,444,910,371,97
488,694,1498,JK000818,284,290,950,307,40
488,348,556,Meshkat00042488,810,433,741,163,65
488,0,551,Shia003721Vols,221,68,732,443,82
488,551,1203,ShamIbadiyya0000075,429,359,862,267,46
488,222,483,Sham19Y0030863,30,234,495,207,99
488,4,222,Sham19Y0145435,1104,789,1034,136,67
488,4,177,Sham19Y0145435,5037,1173,1458,140,60
488,177,551,Sham19Y0145435,5038,0,374,301,100
488,765,1155,Shia002356Vols,571,1149,1513,132,35
488,4,556,Shia002356Vols,573,468,1164,427,76
488,551,1478,Shia002380Vols,384,562,1155,345,43
488,271,551,JK001496,1058,558,840,224,98
488,765,1474,Shamela0008473,2530,834,1124,227,40
488,0,222,Shamela0008473,2533,843,1065,179,99
488,172,483,Shamela0008473,2534,927,1458,248,58
488,1114,1474,Shia002382Vols,930,1145,1489,191,54
488,606,1103,Shia002382Vols,930,20,382,193,44
488,99,378,ShamAY0036031,52,1082,1361,223,99
488,37,551,Shamela0012884,2675,0,551,284,56
488,765,1478,Shamela0023591,4075,299,592,227,40
488,765,1478,Shamela0023591,4087,985,1278,227,40
488,99,310,Shamela0023591,4094,1322,1532,171,99
488,310,556,Shamela0023591,4095,0,246,197,99
488,90,271,Shamela0023591,4096,182,362,144,97
488,271,556,Shamela0023591,4098,867,1151,228,99
488,99,551,JK009266,5283,920,1370,364,99
488,0,222,Shamela0010283,2427,672,946,150,62
488,765,1474,Shamela0021821,895,527,817,227,40
488,1003,1255,Shamela0021821,896,96,406,117,48
488,4,556,Shamela0021821,901,124,627,386,84
488,199,551,JK009362,4271,1027,1420,282,89
488,0,410,JK001420,477,568,1170,246,48
488,90,378,JK006478,5193,717,1005,226,97
488,378,551,JK006478,5198,228,402,141,99
488,765,1474,Rafed0003943Vols,733,603,892,224,39
488,0,483,Rafed0003943Vols,735,909,1392,388,100
488,765,1478,Shamela0010273,1299,1010,1303,227,40
488,551,1109,Shamela0010273,1300,150,740,218,36
488,212,483,Shamela0010273,1305,0,271,217,100
488,0,222,Shamela0007798,5298,698,1269,180,38
488,947,1474,Tafsir01006,724,14,1059,324,36
488,982,1478,Tafsir06048,535,72,454,202,45
488,63,474,Tafsir06048,536,618,1469,325,47
488,121,483,Shamela0011682,742,1073,1435,291,100
488,0,556,QuranAnalysis001,106,614,1170,447,99
488,765,1474,Rafed0001713Vols,1220,253,542,224,39
488,765,1460,Rafed0001713Vols,1221,75,929,346,43
488,222,483,Rafed0001713Vols,1225,697,958,208,100
488,765,1255,JK000122,469,70,296,178,46
488,765,1474,Shia001134,216,978,1267,224,39
488,110,551,Shia001134,217,117,623,355,86
488,0,338,Tafsir04056,4214,938,1546,225,46
488,765,1478,Hindawi096279749,146,967,1261,230,40
488,0,556,Hindawi096279749,147,63,619,444,99
488,694,1255,Shamela0009783BK1,268,946,1433,198,38
488,804,1255,Shamela0000041,1303,1070,1455,173,39
488,1114,1234,Shamela0000041,1304,0,251,82,41
488,0,222,Shamela0000041,1308,567,789,179,99
488,277,551,Shamela0000041,1310,833,1302,218,57
488,765,1478,Shamela0023578,1633,140,433,227,40
488,0,551,Shamela0023578,1641,572,1123,444,100
488,565,1189,JK000876,682,558,1528,339,41
489,4,286,Shia001432Vols,3765,155,550,184,55
489,347,915,JK001480,435,26,604,197,29
489,771,1390,Sham19Y0020891,3022,417,1233,227,27
489,872,1179,Shamela0021766,2229,795,1245,187,49
489,361,645,Meshkat00042488,807,561,1189,154,29
489,332,811,ShamIbadiyya0000075,430,662,1150,171,34
489,286,504,Shia002356Vols,572,1232,1476,117,49
489,53,798,Shamela0012884,2674,629,891,204,34
489,177,1179,Tafsir08060,267,479,1467,382,35
489,1050,1390,Shamela0010273,1305,454,947,186,43
489,872,1516,Tafsir01006,726,180,1297,363,37
489,1128,1390,Rafed0001713Vols,1225,63,426,140,42
489,352,756,JK000876,684,104,614,200,43
490,1028,1472,Shia001432Vols,3771,528,1091,282,57
490,927,1095,Shia001432Vols,3803,17,204,126,82
490,1003,1472,Shamela0023632,1926,337,806,370,100
490,864,1519,JK009268,2607,18,648,501,95
490,714,1095,Sham19Y0023618,904,561,813,202,66
490,1003,1472,Sham19Y0023618,905,148,762,343,70
490,1003,1256,Shamela0010551,349,1192,1445,201,100
490,970,1104,Shamela0023628,1990,1318,1520,106,65
490,1187,1402,Shamela0023628,1992,1293,1507,168,99
490,911,1158,Rafed0003257Vols,3009,1343,1590,197,99
490,1143,1519,Rafed0003257Vols,3011,881,1326,298,84
490,955,1187,Masaha001978Vols,51,839,1346,157,39
490,1003,1187,Rafed0000110,95,1318,1502,146,100
490,1291,1472,Rafed0000110,96,1203,1387,141,98
490,823,1049,Sham19Y0020891,3030,105,597,161,38
490,1187,1472,Sham19Y0020891,3032,1195,1480,224,100
490,1296,1472,JK000100,58,1168,1344,137,100
490,714,1472,Hindawi019640759,18,23,854,415,49
490,1173,1343,JK010001,729,1093,1271,129,91
490,927,1095,Shia001146,132,747,933,123,80
490,714,1043,JK009270,2434,1407,1624,164,61
490,1043,1187,JK009270,2435,0,142,113,98
490,1187,1472,JK009270,2437,1011,1294,223,99
490,1192,1519,Shamela0005756,14887,643,974,214,81
490,1256,1488,Shamela0005756,14889,1042,1264,169,93
490,1256,1472,Shamela0005756,14980,927,1143,169,99
490,1365,1519,Sham19Y0150960,1032,0,155,123,99
490,911,1057,Meshkat0014420,2518,1349,1494,117,99
490,1057,1187,Meshkat0014420,2519,0,129,103,99
490,1227,1519,Meshkat0014420,2522,0,292,231,99
490,1095,1256,JK006476,791,223,463,129,67
490,1291,1519,JK006476,793,929,1298,160,55
490,639,1216,ShamAY0036821,1227,1105,1505,321,69
490,1216,1519,ShamAY0036821,1228,0,301,236,97
490,937,1519,ShamAY0036821,1229,0,577,455,97
490,1003,1187,Sham19Y0147312,1064,1056,1239,146,99
490,937,1472,Sham19Y0147312,1065,137,841,261,38
490,911,1187,Shamela0004445,311,106,381,220,99
490,1187,1519,Shamela0004445,312,1082,1414,263,99
490,904,1192,Sham19Y0014114,90,701,1000,229,95
490,955,1519,Sham19Y0014114,93,334,780,326,71
490,1296,1519,Sham19Y0018176,2491,1223,1447,176,99
490,990,1472,Sham19Y0013550,314,261,724,255,64
490,714,1088,Zaydiyya0000062,874,403,652,194,63
490,1095,1475,Zaydiyya0000062,875,680,1062,298,97
490,1003,1110,Shamela0037458,1999,1381,1487,84,99
490,1110,1472,Shamela0037458,2000,0,362,286,100
490,1296,1519,JK000110,1874,848,1072,176,99
490,996,1192,JK000791,1165,971,1175,153,94
490,1256,1519,JK000791,1168,114,378,208,99
490,639,1256,Noorlib0038508,83,577,1473,335,42
490,911,1187,Shamela0000922,673,1109,1435,124,39
490,1187,1519,Shamela0000922,674,45,526,263,69
490,706,1326,Tafsir07076,4347,106,369,155,31
490,970,1187,JK007018,346,1119,1390,164,75
490,1147,1519,JK007018,347,721,1066,268,90
490,1261,1519,Sham19Y0018103,4058,0,258,204,99
490,1003,1187,JK000906,4870,835,1349,76,15
490,1037,1187,JK009396,721,0,150,119,100
490,1187,1472,JK009396,722,725,1010,224,100
490,911,1187,Sham19Y0023608,2018,19,295,220,100
490,1187,1472,Sham19Y0023608,2022,134,419,224,100
490,1296,1519,Shamela0021715,10409,826,1050,176,99
490,1250,1472,JK000917,935,814,1036,170,97
490,1192,1343,JK000381,4242,1143,1297,113,92
490,955,1414,JK000818,286,388,1459,348,41
490,728,1143,Meshkat00042488,811,56,1051,227,26
490,1256,1472,Meshkat00042488,813,1289,1505,169,100
490,911,1187,Shia003721Vols,222,1162,1437,219,99
490,963,1187,Shia003721Vols,223,438,1099,168,32
490,1187,1519,Shia003721Vols,224,555,888,263,99
490,1022,1216,ShamIbadiyya0000075,432,13,676,154,29
490,1291,1395,ShamIbadiyya0000075,432,1302,1415,80,92
490,823,1049,ShamAY0033108,926,669,1135,92,22
490,911,1187,Sham19Y0145435,5039,537,812,220,99
490,1147,1519,Sham19Y0145435,5040,353,737,295,96
490,1326,1472,Kraken210622021811,340,1260,1402,113,96
490,639,1192,Shia002356Vols,574,945,1453,296,60
490,1003,1519,Shia002356Vols,575,244,892,342,66
490,1277,1472,Tafsir04038,306,24,229,150,94
490,996,1222,Shia002380Vols,387,821,1292,169,45
490,1343,1519,Shia002380Vols,388,532,833,140,58
490,1296,1519,PV2024060602,1874,848,1072,176,99
490,714,1095,JK001496,1060,88,759,229,38
490,1187,1472,JK001496,1061,1075,1362,224,98
490,823,1049,Tafsir02091,1123,331,796,92,22
490,996,1187,Shamela0008473,2536,1333,1529,150,96
490,1187,1442,Shamela0008473,2537,1205,1459,200,99
490,1256,1472,Noorlib0010712,78,723,939,169,100
490,1173,1343,Tafsir07055,778,12,189,128,90
490,996,1128,Tafsir05047,401,1206,1499,73,31
490,354,864,Tafsir05047,401,377,692,125,25
490,639,1519,Shamela0023591,4095,141,850,565,80
490,911,1187,Shamela0023591,4102,1157,1433,220,100
490,1166,1519,Shamela0023591,4106,256,610,280,99
490,911,1202,JK009266,5294,878,1172,220,93
490,1187,1519,JK009266,5298,225,556,262,99
490,670,1049,Shamela0010283,2428,922,1531,181,30
490,1095,1472,Shamela0010283,2429,69,711,273,52
490,927,1207,Shamela0021821,904,0,296,213,90
490,1187,1472,Shamela0021821,907,0,285,224,100
490,1296,1519,Sham19Y0018106,4123,677,900,176,99
490,1095,1472,Rafed0003793Vols,808,347,655,215,72
490,1095,1472,Rafed0003793Vols,825,1197,1463,206,69
490,955,1166,Shia002389Vols,1304,0,370,158,54
490,911,1187,JK009362,4275,398,673,220,99
490,1049,1187,JK009362,4276,1055,1192,109,99
490,1151,1472,JK009362,4277,398,739,237,88
490,1192,1343,Shamela0009220,13,243,397,113,92
490,937,1173,JK000911,95,429,938,166,41
490,1296,1472,JK009257,430,0,185,130,91
490,1202,1519,Shia001625,45,0,318,251,99
490,911,1187,JK006478,5201,529,802,220,98
490,1261,1472,JK006478,5205,0,208,165,97
490,639,1003,Tafsir08060,268,790,1324,140,32
490,970,1192,Rafed0003943Vols,749,1362,1583,177,99
490,1256,1519,Rafed0003943Vols,752,1110,1374,208,99
490,714,1173,Shamela0010273,1307,1271,1600,264,71
490,1187,1472,Shamela0010273,1310,222,507,224,100
490,1187,1472,Shamela0007798,5316,919,1204,224,100
490,1022,1519,Tafsir06048,538,15,1083,387,45
490,1296,1519,Sham19Y0013605,4832,249,473,176,99
490,823,970,Sham19Y0014404,704,1179,1360,100,64
490,1187,1472,Sham19Y0014404,706,722,1186,221,60
490,911,1180,Masaha000554Vols,2548,960,1235,206,92
490,1187,1519,Masaha000554Vols,2554,375,714,259,95
490,639,1250,QuranAnalysis001,106,1065,1503,352,71
490,1250,1519,QuranAnalysis001,107,0,270,213,99
490,670,1187,Rafed0001713Vols,1227,461,1170,312,46
490,1187,1472,Rafed0001713Vols,1229,1007,1292,224,100
490,1011,1187,Shia001134,217,1106,1293,132,89
490,1256,1465,Zaydiyya0000476,159,322,563,163,85
490,1256,1465,Zaydiyya0000476,213,53,294,163,85
490,1256,1472,Zaydiyya0000476,594,537,752,169,99
490,1187,1519,Tafsir04056,2329,983,1316,263,99
490,1003,1187,Tafsir04056,4199,760,1275,146,35
490,911,1343,Tafsir04056,4215,383,968,282,60
490,639,1519,Hindawi096279749,147,514,1223,565,80
490,970,1187,Shamela0000041,1312,204,421,173,100
490,1187,1406,Shamela0000041,1313,1272,1490,171,99
490,823,1519,Shamela0023578,1650,339,1037,532,92
491,78,227,Shia001432Vols,2486,1293,1442,119,100
491,631,1489,Shamela0023632,1926,356,686,250,36
491,417,1489,JK009268,2607,83,480,296,34
491,716,1489,Sham19Y0023618,905,385,642,194,31
491,631,1057,Shamela0010551,349,1211,1445,186,54
491,78,227,Shamela0023628,1998,73,222,118,99
491,428,785,Rafed0003257Vols,3009,1403,1590,150,52
491,631,882,Rafed0000110,95,1337,1502,131,65
491,78,227,JK009270,2447,100,249,119,100
491,417,902,ShamAY0036821,1227,1248,1496,190,48
491,417,1156,ShamAY0036821,1229,18,352,254,43
491,82,227,ShamAY0036821,1230,1092,1236,115,99
491,78,227,Sham19Y0147312,1066,869,1018,119,100
491,78,227,Shamela0004445,2711,394,543,119,100
491,0,181,Sham19Y0014114,93,780,961,149,100
491,78,218,Zaydiyya0000062,879,66,212,111,94
491,731,1489,Shamela0037458,2000,0,242,182,30
491,0,227,Shamela0037458,2004,1171,1398,185,100
491,631,887,JK000791,1165,997,1175,135,64
491,78,227,JK000791,1170,485,1036,119,27
491,631,882,JK007018,346,1225,1390,131,65
491,646,882,JK009396,721,0,150,119,63
491,417,924,Sham19Y0023608,2018,63,333,185,46
491,78,227,Sham19Y0023608,2025,1014,1163,118,99
491,320,1489,JK000818,286,351,1344,366,31
491,78,232,Meshkat00042488,816,38,565,121,28
491,227,1060,Shia002380Vols,387,550,1449,314,32
491,443,882,Shamela0008473,2536,1129,1529,186,39
491,78,227,Shamela0008473,2544,734,883,119,100
491,227,716,Shia002382Vols,936,239,712,196,39
491,417,1489,Shamela0023591,4095,285,682,296,34
491,417,882,Shamela0023591,4102,1201,1433,178,47
491,861,1489,Shamela0023591,4106,256,442,138,27
491,108,227,JK009266,5307,0,119,95,100
491,417,902,Shamela0021821,904,28,296,183,45
491,78,227,Shamela0021821,908,1326,1475,119,100
491,91,227,Shamela0009789,58,0,271,108,49
491,227,814,Tafsir08060,268,1050,1507,154,27
491,428,887,Rafed0003943Vols,749,1362,1583,176,47
491,0,185,Rafed0003943Vols,752,1374,1558,152,99
491,417,793,Shamela0010273,1307,1383,1594,161,53
491,227,470,Shamela0010273,1308,990,1437,134,36
491,78,227,Shamela0010273,1315,558,707,118,99
491,78,218,Masaha000554Vols,2560,350,497,110,93
491,417,1051,QuranAnalysis001,106,1209,1503,227,44
491,0,227,QuranAnalysis001,107,270,497,185,100
491,78,227,Rafed0003489,5,781,930,118,99
491,428,882,Rafed0001713Vols,1227,953,1170,173,47
491,0,227,Hindawi096279749,147,1223,1450,185,100
491,428,882,Shamela0000041,1312,204,421,173,47
491,417,1489,Shamela0023578,1650,472,869,296,34
491,78,227,Shamela0023578,1657,1115,1264,118,99
491,716,865,JK000876,687,1009,1333,93,36
491,255,716,JK000876,687,90,755,177,27
492,591,723,Tafsir09084,1253,52,467,91,27
492,36,306,Shamela0021766,2237,201,712,144,34
492,991,1539,JK007018,349,6,198,127,28
492,1002,1539,JK009396,726,119,470,167,36
492,262,1517,JK000818,287,0,1329,414,27
492,1007,1532,Shia002380Vols,388,1004,1469,250,48
492,180,578,Tafsir02102,2427,221,756,227,49
492,591,889,Shamela0008473,2541,583,1202,154,31
492,1007,1532,Shia002382Vols,944,499,987,270,51
492,1002,1418,Tafsir08060,269,995,1423,154,36
492,352,723,Shamela0010273,1313,667,1144,175,43
492,159,723,Tafsir06048,538,825,1383,231,40
492,32,352,Sham19Y0014404,707,13,507,142,35
492,1007,1241,Tafsir04042,1156,418,678,123,50
492,44,356,Shamela0000041,1315,12,606,148,31
492,32,290,Shamela0023578,1655,1135,1546,123,37
493,124,515,JK000330,1078,553,956,303,93
493,0,305,Shia001432Vols,2487,61,366,242,99
493,65,399,Shamela0023632,1934,760,1109,217,75
493,0,515,JK009268,2625,1069,1583,414,99
493,65,515,Sham19Y0023618,908,955,1406,362,99
493,0,301,Shamela0023628,1999,862,1164,242,99
493,260,515,Shamela0023628,2001,101,668,206,44
493,65,521,Rafed0003257Vols,3022,1046,1503,363,98
493,92,301,Sham19Y0020891,3041,360,596,161,83
493,140,301,JK009270,2450,0,161,131,100
493,65,301,Meshkat0014420,2528,883,1119,190,100
493,1046,1537,Meshkat0014420,2529,357,1021,214,36
493,0,333,JK006476,797,398,876,233,56
493,0,245,ShamAY0036821,1230,1340,1583,195,99
493,245,403,ShamAY0036821,1231,0,158,127,99
493,149,305,JK000373,15,806,962,123,98
493,149,403,JK000373,203,750,1005,203,98
493,0,301,Sham19Y0147312,1067,883,1184,242,100
493,149,301,Sham19Y0014592,1572,845,997,123,100
493,149,416,JK000375,111,1356,1622,215,99
493,149,515,JK000375,167,716,1082,295,100
493,0,301,Sham19Y0014114,99,508,809,242,100
493,124,390,Zaydiyya0000062,880,1242,1557,211,83
493,0,403,Shamela0037458,2012,745,1148,323,99
493,83,301,JK000791,1172,54,320,159,74
493,0,301,Shamela0000922,675,1079,1454,183,60
493,0,515,JK007018,349,198,921,412,70
493,214,515,JK009396,727,0,655,239,45
493,65,301,Sham19Y0023608,2030,133,370,190,99
493,149,515,Shamela0009637,51,1022,1388,294,99
493,149,524,JK000381,5157,878,1252,298,98
493,137,301,Meshkat00042488,818,4,182,133,92
493,149,301,Shamela0004473,1644,900,1052,123,100
493,149,301,Shamela0004473,6696,1218,1370,123,100
493,149,301,Shamela0004473,8097,833,985,123,100
493,149,301,Shamela0004473,10322,476,628,123,100
493,124,305,Shia002356Vols,577,0,180,142,97
493,124,492,Shia002380Vols,389,561,1481,273,36
493,0,217,Shamela0001419,302,439,653,146,79
493,78,301,JK001496,1066,956,1177,160,86
493,149,301,Shamela0008473,2550,900,1052,123,100
493,260,399,Shamela0008473,2552,714,1297,104,22
493,202,492,Tafsir05047,404,284,1263,234,29
493,0,676,Shamela0023591,4111,307,1054,480,72
493,29,399,Shamela0023591,4114,1073,1425,282,94
493,149,342,JK009266,5310,1320,1512,156,99
493,1211,1548,JK000458,1756,526,972,199,50
493,29,399,Shamela0021821,910,31,477,298,82
493,149,354,Kraken220413194022,3132,1350,1553,162,97
493,129,399,JK009362,4285,906,1232,217,82
493,149,407,JK000875,153,364,925,139,27
493,183,301,ShamIbadiyya0000135,22,899,1017,93,97
493,124,515,Shamela0022653,324,746,1149,300,92
493,149,301,JK006478,5223,307,460,123,98
493,65,301,Rafed0003943Vols,757,215,452,190,99
493,149,399,Shamela0010273,1318,737,987,202,100
493,149,497,JK000805,49,1301,1643,273,96
493,601,1254,Tafsir01006,731,0,888,279,30
493,78,301,Sham19Y0014404,710,0,287,159,63
493,124,336,JK000379,81,1309,1532,159,87
493,149,301,Meshkat00057178,2115,703,855,123,100
493,10,515,Masaha000554Vols,2563,0,858,401,58
493,149,301,Hindawi093849638,3,1383,1535,123,100
493,0,515,QuranAnalysis001,107,602,1117,414,100
493,0,301,Rafed0001713Vols,1234,526,898,242,80
493,289,515,Rafed0001713Vols,1235,401,627,182,100
493,0,515,Hindawi096279749,148,45,559,413,99
493,124,305,Shamela0000041,1318,906,1111,143,86
493,106,515,Shamela0023578,1658,0,409,330,100
494,1275,1605,Shia001432Vols,537,685,1026,269,96
494,1285,1426,Shia001432Vols,18043,376,518,115,99
494,1426,1605,Shia001432Vols,18696,769,949,146,99
494,1187,1426,Shamela0023632,1939,787,1026,194,100
494,1426,1605,Shamela0023632,1942,788,968,146,99
494,1187,1468,Shamela0000894,101,537,891,167,47
494,1130,1605,JK009268,2631,385,923,360,80
494,1130,1426,Sham19Y0023618,911,459,794,215,79
494,1379,1605,Sham19Y0023618,912,306,580,175,78
494,1285,1605,JK000440,27,499,820,261,99
494,1285,1426,JK001137,33,1372,1513,115,100
494,42,256,Shamela0023628,2001,680,969,117,42
494,1187,1426,Shamela0023628,2010,166,405,194,100
494,1426,1605,Shamela0023628,2012,224,404,146,99
494,1285,1605,Rafed0003257Vols,3032,1218,1539,261,99
494,1285,1538,Shamela0001388,33,292,588,159,62
494,6,555,Sham19Y0020891,3042,244,928,196,28
494,1285,1551,Sham19Y0020891,3045,1110,1376,216,100
494,1299,1605,Tafsir09068,614,0,1274,250,24
494,1285,1605,JK010001,569,785,1106,261,99
494,1210,1430,JK009270,2461,1127,1347,175,98
494,1285,1504,JK009270,2463,442,636,136,77
494,1426,1605,JK009270,2468,886,1066,146,99
494,1187,1426,Meshkat0014420,2533,407,657,194,95
494,1426,1605,Meshkat0014420,2536,358,538,146,99
494,760,1348,JK006476,799,241,1010,281,38
494,1290,1555,JK006476,800,466,711,194,88
494,1285,1426,JK000101,441,1449,1590,115,100
494,1430,1605,JK000101,442,0,176,143,99
494,1285,1426,Shamela0029677,996,1167,1308,115,100
494,1285,1426,Shamela0029677,1077,966,1107,115,100
494,760,1071,Meshkat00042485,3619,70,656,184,37
494,1065,1231,Meshkat00042485,3620,97,585,103,25
494,959,1259,Sham19Y0147312,1069,1041,1518,141,29
494,1285,1426,Sham19Y0147312,1070,1117,1258,115,100
494,1285,1605,Shamela0004445,35,564,885,261,99
494,1285,1444,JK001263,72,768,944,125,87
494,1285,1605,Sham19Y0013550,315,807,1467,261,48
494,1019,1543,Zaydiyya0000062,882,0,548,347,71
494,1187,1487,Shamela0037458,2018,1312,1611,243,99
494,1187,1426,JK000791,1174,567,806,194,100
494,927,1112,Shamela0021766,2244,433,1046,134,26
494,1210,1426,Shamela0000922,677,1117,1344,155,84
494,930,1285,Shamela0000922,677,21,533,163,33
494,1337,1551,Shamela0000922,678,225,624,157,48
494,1210,1426,Tafsir07076,54,213,429,175,100
494,1426,1605,JK010427,9,984,1164,146,99
494,919,1605,JK007018,350,40,760,408,58
494,1187,1426,JK009396,728,756,1473,164,26
494,1426,1605,JK009396,729,190,370,146,99
494,1285,1605,Sham19Y0023608,2038,815,1136,261,99
494,927,1285,Meshkat00042488,819,322,864,227,51
494,1290,1551,Rafed0003726Vols,714,0,261,212,100
494,1285,1605,Rafed0003726Vols,724,880,1201,261,99
494,1285,1605,Shamela0004473,2319,913,1262,261,91
494,1426,1574,Shamela0004473,5969,1454,1601,120,99
494,1259,1605,Shamela0004473,6227,542,906,279,94
494,1285,1605,Shamela0004473,8223,1063,1384,261,99
494,1426,1605,Shamela0004473,8867,103,283,146,99
494,1324,1605,Shamela0004473,11387,0,282,229,99
494,1285,1605,Shamela0004473,15182,137,456,259,99
494,1390,1605,Shamela0022371,213,0,289,176,74
494,927,1444,Shia002356Vols,578,780,1543,332,50
494,695,1092,Shia002380Vols,389,1202,1542,208,58
494,1092,1379,Shia002380Vols,390,0,331,200,69
494,1210,1435,LMN20200825,12,281,510,178,96
494,1191,1402,Shamela0001419,310,976,1249,160,71
494,42,555,JK001496,1067,177,753,188,31
494,919,1364,JK001496,1068,559,1530,245,29
494,1364,1551,JK001496,1069,0,189,151,97
494,1285,1426,Shamela0008473,2556,1080,1221,115,100
494,1384,1605,Shamela0008473,2558,1089,1412,180,68
494,846,1112,Shia002382Vols,946,1288,1570,165,64
494,1159,1379,Shia002382Vols,947,595,1020,166,47
494,1285,1605,Tafsir07055,603,39,360,261,99
494,754,1231,Tafsir05047,404,893,1428,211,44
494,1187,1605,Shamela0023591,4121,779,1198,340,99
494,1210,1430,Shamela0023591,4124,661,881,175,98
494,1155,1605,JK009266,5319,105,640,360,82
494,804,1118,JK000458,1757,706,1293,203,41
494,1210,1605,Shamela0021821,912,1089,1484,320,99
494,1187,1605,Tafsir07053,39,1215,1623,317,94
494,1285,1605,Tafsir07053,42,7,328,261,99
494,1426,1605,Shamela0007597,315,771,951,146,99
494,1285,1605,JK009362,4295,955,1287,178,59
494,1210,1605,JK001110,41,1080,1476,321,99
494,1215,1426,Shia004695Vols,562,30,241,171,100
494,1278,1551,Shamela0007853,9,226,492,213,96
494,1285,1561,JK009257,434,152,757,183,38
494,1254,1438,JK006478,5228,1169,1383,137,78
494,1285,1574,JK000082,294,231,519,234,99
494,760,1055,Tafsir08060,270,1195,1577,161,44
494,1187,1605,Rafed0003943Vols,761,916,1335,340,99
494,846,1104,Shamela0010273,1322,252,709,164,44
494,1285,1435,Shamela0010273,1324,32,182,117,96
494,1426,1605,Shamela0010273,1325,391,571,146,99
494,760,1112,Tafsir01006,732,804,1430,223,42
494,846,1435,Sham19Y0014404,711,142,1188,386,43
494,1285,1435,Meshkat00057178,2122,94,257,121,91
494,1324,1605,Masaha000554Vols,2569,0,275,217,94
494,760,1605,QuranAnalysis001,107,944,1522,460,67
494,1285,1430,Rafed0003537Vols,18,230,376,115,96
494,1275,1605,Rafed0003537Vols,279,912,1249,269,97
494,1285,1430,Rafed0003537Vols,291,1329,1475,115,96
494,927,1176,Rafed0001713Vols,1236,716,1066,159,51
494,1259,1605,Rafed0001713Vols,1237,691,1066,282,92
494,1285,1426,Sham19Y0035312BK2,21,960,1101,115,100
494,1210,1384,Zaydiyya0000476,174,953,1143,109,68
494,1210,1384,Zaydiyya0000476,228,682,872,109,68
494,1285,1605,Zaydiyya0000476,502,956,1515,261,57
494,1285,1605,Zaydiyya0000476,549,654,1213,261,57
494,772,1285,Shamela0000041,1320,104,799,296,48
494,1187,1605,Shamela0023578,1663,489,908,340,99
495,220,401,Shia001432Vols,2487,465,646,146,100
495,71,401,Shamela0023632,1945,728,1058,259,95
495,83,220,Rafed0002679Vols,375,705,842,112,100
495,0,401,JK009268,2631,923,1324,322,99
495,83,401,Sham19Y0023618,913,841,1159,258,100
495,0,401,Shamela0023628,2012,404,805,324,100
495,83,279,Rafed0003257Vols,3037,1443,1638,161,99
495,279,401,Rafed0003257Vols,3038,0,123,97,99
495,83,220,Sham19Y0020891,3050,1558,1695,112,100
495,83,401,Tafsir09068,615,502,1576,258,29
495,83,220,JK010001,1286,305,442,112,100
495,83,220,JK010001,3520,1117,1254,112,100
495,83,330,JK009270,2472,810,1057,202,100
495,83,220,Meshkat0014420,2539,1387,1524,112,100
495,220,409,Meshkat0014420,2541,1299,1488,149,97
495,220,401,JK006476,802,1114,1297,146,98
495,0,330,ShamAY0036821,1233,995,1317,258,96
495,1071,1236,Meshkat00042485,3627,996,1283,114,47
495,83,220,Sham19Y0147312,1074,287,424,112,100
495,83,401,Sham19Y0013550,316,672,1124,168,37
495,136,401,Zaydiyya0000062,884,467,860,210,65
495,83,401,Shamela0037458,2026,51,369,258,100
495,890,1342,JK000791,1175,754,1340,169,29
495,220,401,JK000791,1177,1202,1383,146,100
495,83,220,Shamela0000922,679,547,684,112,100
495,83,220,Sham19Y0009800,353,1217,1354,112,100
495,220,401,JK007018,351,492,674,145,98
495,11,330,JK009396,730,693,1233,209,46
495,83,401,Sham19Y0023608,2043,991,1309,258,100
495,631,1333,Meshkat00042488,820,90,970,261,31
495,433,654,ShamIbadiyya0000075,435,310,603,117,44
495,890,1545,ShamIbadiyya0000075,435,738,1369,233,35
495,154,406,Rafed0003726Vols,721,83,418,191,70
495,0,220,Shamela0004473,8223,1384,1604,178,100
495,83,220,Shamela0004473,8226,979,1353,112,36
495,0,220,Shamela0004473,11387,282,502,178,100
495,83,220,Shamela0004473,12839,250,387,112,100
495,0,220,Shia002356Vols,579,974,1194,177,99
495,118,401,Shia002356Vols,580,465,894,191,55
495,0,427,Tafsir04038,309,301,849,289,61
495,1031,1584,Shia002380Vols,390,430,1068,257,41
495,103,336,Shia002380Vols,391,337,748,176,51
495,123,330,JK001496,1070,713,1027,144,56
495,38,220,Shamela0008473,2560,610,803,136,87
495,275,401,Shamela0008473,2562,88,566,100,26
495,816,1376,Shia002382Vols,947,939,1592,225,36
495,83,220,Tafsir07055,1346,579,716,112,100
495,83,220,Tafsir07055,3613,110,247,112,100
495,0,342,Shamela0023591,4121,1198,1539,278,99
495,71,303,Shamela0023591,4133,1383,1615,187,97
495,83,401,JK009266,5332,992,1310,258,100
495,55,309,Shamela0021821,914,1269,1596,205,76
495,58,401,Tafsir07053,40,0,339,268,96
495,0,401,Tafsir07053,42,328,729,322,99
495,58,220,Tafsir07053,46,270,421,121,91
495,83,220,Shamela0009066,102,285,422,112,100
495,103,401,JK001420,482,206,975,151,24
495,433,1376,Tafsir08060,271,91,919,342,36
495,0,220,Rafed0003943Vols,761,1335,1555,178,100
495,220,401,Rafed0003943Vols,767,140,322,146,99
495,1184,1550,Shamela0010273,1325,824,1546,195,33
495,83,220,Shamela0010273,1327,720,857,112,100
495,275,401,Shamela0010273,1329,423,611,100,67
495,816,1208,Tafsir01006,733,1025,1583,182,36
495,1092,1550,Sham19Y0014404,712,0,569,164,28
495,55,220,Sham19Y0014404,713,55,252,134,83
495,83,220,Meshkat00057178,2126,162,299,112,100
495,83,323,Masaha000554Vols,2576,1135,1372,189,96
495,21,401,QuranAnalysis001,108,0,380,307,100
495,816,1550,Rafed0001713Vols,1238,41,1294,361,34
495,83,406,Rafed0001713Vols,1239,986,1310,260,99
495,690,1545,Shamela0000041,1321,249,1139,325,34
495,49,220,Shamela0000041,1322,1308,1491,135,91
495,103,409,Shamela0000041,1323,738,1087,226,81
495,55,401,Shamela0023578,1666,997,1377,280,91
495,636,1584,JK000876,693,51,891,318,36
496,582,878,Tafsir09084,1262,114,642,149,29
496,140,504,Meshkat00042485,3630,381,919,183,38
496,0,266,Zaydiyya0000062,883,1007,1599,162,34
496,691,1358,Zaydiyya0000062,884,467,1582,226,21
496,418,1503,ShamIbadiyya0000075,436,404,1566,400,31
496,374,1503,Shia002380Vols,391,0,1193,408,30
496,418,1041,JK001496,1070,396,1281,227,28
496,34,1041,Shia002382Vols,948,202,1568,426,32
496,597,1041,Tafsir01006,735,83,578,226,47
496,0,266,Sham19Y0014404,712,758,1372,128,23
496,691,1469,JK000876,694,217,1239,307,30
497,645,968,Shia001432Vols,715,1135,1457,260,99
497,1300,1445,Shia001432Vols,1898,450,595,117,99
497,489,1300,Shia001432Vols,2487,655,1482,658,98
497,19,384,Shia001432Vols,8513,1087,1390,207,70
497,844,1463,Shia001432Vols,24156,480,1107,491,97
497,489,844,Shia001432Vols,30398,413,768,288,99
497,158,392,Shia001432Vols,30601,161,398,185,97
497,333,645,Shamela0023632,1951,981,1293,249,100
497,645,1076,Shamela0023632,1957,269,700,348,100
497,1193,1463,Shamela0023632,1961,990,1336,161,54
497,844,1076,Shamela0000894,4875,663,892,185,98
497,877,1076,Shamela0000894,5803,213,412,161,100
497,158,408,JK009268,2631,1324,1573,199,99
497,343,1238,JK009268,2644,503,1551,670,75
497,1238,1463,JK009268,2645,0,227,176,96
497,158,455,Sham19Y0023618,914,1246,1542,237,99
497,435,778,Sham19Y0023618,916,29,381,258,90
497,752,1409,Sham19Y0023618,917,862,1559,531,93
497,844,1076,Tafsir06051,71,72,304,187,100
497,28,489,Shamela0023628,2016,227,714,274,58
497,613,1107,Shamela0023628,2024,1038,1575,387,89
497,1221,1463,Shamela0023628,2032,1043,1404,190,65
497,158,489,Rafed0003257Vols,3040,1166,1497,262,100
497,489,844,Rafed0003257Vols,3044,964,1319,289,100
497,844,1076,Rafed0003257Vols,3047,1003,1235,187,100
497,1076,1445,Rafed0003257Vols,3049,721,1090,300,100
497,844,1084,Sham19Y0020891,3069,20,255,188,97
497,1300,1445,Sham19Y0020891,3074,990,1135,118,100
497,372,962,Sham19Y0020966,188,133,635,240,40
497,1300,1450,Tafsir09068,620,20,179,122,94
497,1076,1445,JK010001,1311,296,690,300,93
497,1300,1445,JK010001,3045,57,203,118,99
497,265,778,JK009270,2478,37,550,409,100
497,844,1076,JK009270,2488,70,302,187,100
497,1300,1463,JK009270,2494,1419,1584,126,95
497,877,1076,Hindawi063060951,150,1467,1660,157,96
497,844,968,Shamela0005756,15525,1465,1588,99,99
497,844,1076,JK000322,34,11,250,184,95
497,844,1076,JK000322,71,1299,1531,187,100
497,844,1076,Meshkat0014420,2556,310,542,187,100
497,1076,1463,Meshkat0014420,2559,909,1298,308,97
497,730,982,JK006476,808,61,306,186,89
497,844,1076,JK000101,117,381,613,187,100
497,158,395,ShamAY0036821,1235,1352,1584,185,97
497,492,1188,ShamAY0036821,1239,916,1596,546,97
497,1188,1463,ShamAY0036821,1240,0,275,215,96
497,844,1084,Sham19Y0147312,1085,600,853,187,92
497,158,645,Shamela0004445,2143,255,776,358,81
497,699,877,Shamela0012820,266,1384,1562,144,100
497,1292,1463,Tafsir04040,1212,73,246,129,93
497,1138,1450,JK000069,59,755,1234,180,45
497,844,1076,Sham19Y0013550,9,1224,1456,187,100
497,333,1076,Sham19Y0013550,317,6,1354,473,43
497,384,778,Zaydiyya0000062,887,223,759,311,72
497,778,1084,Zaydiyya0000062,889,70,387,243,93
497,1076,1438,Zaydiyya0000062,890,393,756,294,99
497,230,384,Shamela0006947,12190,483,637,124,100
497,230,645,Shamela0037458,2031,1101,1516,333,100
497,638,1076,Shamela0037458,2038,930,1368,350,99
497,1076,1445,Shamela0037458,2043,335,704,300,100
497,158,392,Masaha001075,544,460,697,185,97
497,836,1076,JK000791,1186,602,855,194,94
497,1047,1445,JK000791,1187,244,664,321,94
497,757,1076,Shamela0000922,683,1159,1473,209,76
497,1300,1445,Shamela0000922,685,106,251,118,100
497,877,1008,Tafsir07076,5212,839,1363,71,15
497,1328,1445,Tafsir07076,5216,1265,1457,94,60
497,265,645,Shamela0009770,582,679,1113,303,87
497,836,1076,JK007018,354,218,456,189,97
497,1300,1445,JK007018,354,1318,1463,118,100
497,158,392,Masaha000989,161,749,986,185,97
497,844,1076,JK009396,737,474,706,187,100
497,1300,1463,JK009396,739,55,220,126,95
497,158,489,Sham19Y0023608,2047,838,1169,262,100
497,489,844,Sham19Y0023608,2053,308,663,289,100
497,844,1076,Sham19Y0023608,2057,71,303,187,100
497,1076,1463,Sham19Y0023608,2059,201,590,308,97
497,1328,1445,Sham19Y0023608,2062,451,568,94,100
497,844,1084,Meshkat00042488,829,757,998,190,97
497,1277,1450,Meshkat00042488,832,235,444,139,81
497,265,638,ShamIbadiyya0000075,437,614,1449,297,44
497,158,577,Rafed0003726Vols,715,961,1333,214,50
497,482,1014,Rafed0003726Vols,721,838,1509,331,59
497,844,1076,Shamela0004473,4325,293,525,187,100
497,844,1282,Shamela0022371,214,964,1465,354,87
497,158,489,Shia002356Vols,580,894,1222,260,99
497,333,844,Shia002356Vols,582,770,1314,371,82
497,791,1069,Shia002356Vols,584,98,355,192,85
497,1033,1445,Shia002356Vols,584,1049,1541,328,82
497,1282,1458,Tafsir04038,313,0,176,136,95
497,844,989,Shamela0001419,313,799,944,117,100
497,791,1076,JK001496,1077,607,927,212,81
497,1292,1445,JK001496,1079,1024,1179,120,95
497,489,844,EShia0071536,368,617,972,289,100
497,844,1076,Shamela0008363,68,638,870,187,100
497,748,1014,Shamela0008473,2575,957,1497,216,48
497,1300,1445,Shamela0008473,2579,983,1128,118,100
497,492,844,Masaha001072,162,249,601,287,100
497,1076,1445,Tafsir07055,1371,1093,1486,300,93
497,1300,1445,Tafsir07055,3135,936,1081,118,100
497,1335,1445,Shamela0038011,695,973,1083,88,100
497,158,1445,Shamela0023591,4122,59,1346,1038,100
497,158,435,Shamela0023591,4139,1193,1469,221,99
497,482,778,Shamela0023591,4148,1172,1470,236,98
497,757,1084,Shamela0023591,4155,265,610,252,89
497,1300,1445,Shamela0023591,4159,0,145,118,100
497,158,489,JK009266,5341,1080,1411,262,100
497,489,821,JK009266,5354,1153,1484,269,99
497,829,1450,JK009266,5364,431,1083,502,94
497,265,645,Shamela0010283,3710,155,751,303,63
497,230,489,Shamela0021821,917,119,378,205,100
497,384,844,Shamela0021821,919,135,796,369,69
497,829,1445,Shamela0021821,921,888,1502,493,98
497,158,1366,Tafsir07053,40,339,1524,946,97
497,158,489,Tafsir07053,47,762,1093,262,100
497,489,922,Tafsir07053,50,1152,1584,352,99
497,836,1084,Tafsir07053,54,463,721,194,93
497,1292,1445,Tafsir07053,57,42,194,120,96
497,158,350,Shia000042,396,1318,1509,152,98
497,1300,1445,JK000196,4542,1280,1425,118,100
497,844,1076,JK009362,4319,1391,1622,187,99
497,844,1076,JK009362,4321,1122,1354,187,100
497,1277,1445,JK009362,4327,422,616,137,86
497,158,1445,JK001110,42,24,1266,1000,96
497,1277,1463,JK001110,80,652,840,145,95
497,19,384,Rafed0002565Vols,29,83,361,206,70
497,489,658,Shamela0007853,9,492,663,135,95
497,509,783,JK001420,484,31,602,214,46
497,778,1282,JK001420,485,43,626,341,69
497,1292,1445,JK009257,440,45,198,119,96
497,844,1076,JK006478,5267,933,1167,187,99
497,1076,1463,JK006478,5271,1088,1483,308,96
497,230,489,Rafed0003943Vols,768,1244,1503,205,100
497,844,1076,Rafed0003943Vols,778,946,1178,187,100
497,1076,1463,Rafed0003943Vols,779,392,781,308,97
497,265,648,Shamela0010273,1331,70,627,302,68
497,844,1081,Shamela0010273,1336,1299,1536,188,98
497,935,1445,Shamela0010273,1338,968,1481,347,79
497,1300,1445,Shamela0007798,5407,218,363,118,100
497,540,850,Sham19Y0096629,27,411,762,235,83
497,844,1076,Sham19Y0014404,717,0,232,187,100
497,1243,1445,Sham19Y0014404,718,769,1047,164,72
497,844,1084,Meshkat00057178,2140,222,475,188,92
497,1277,1445,Meshkat00057178,2143,813,1023,137,80
497,844,1069,Masaha000554Vols,2594,378,597,172,96
497,1300,1445,Masaha000554Vols,2603,1453,1598,117,99
497,158,1335,QuranAnalysis001,108,380,1556,950,99
497,1335,1463,QuranAnalysis001,109,0,130,96,93
497,158,392,Zaydiyya0000236,192,1147,1384,185,97
497,158,492,Rafed0001713Vols,1242,351,685,262,99
497,430,844,Rafed0001713Vols,1244,695,1184,334,84
497,836,1076,Rafed0001713Vols,1247,668,905,188,97
497,1262,1445,Rafed0001713Vols,1249,0,183,149,100
497,844,1076,Shia001615Vols,765,692,929,187,97
497,1277,1445,Shamela0009065,189,1371,1539,137,100
497,211,364,Shamela0000041,1324,1329,1518,123,80
497,829,1076,Shamela0000041,1331,110,406,199,82
497,1292,1463,Shamela0000041,1333,94,274,128,88
497,333,783,Shamela0023578,1670,32,480,357,99
497,778,1463,Shamela0023578,1678,20,707,550,98
498,919,1224,Shamela0000140,1248,1171,1462,219,87
498,1027,1224,JK009390,5599,357,553,144,90
498,232,576,Meshkat00042485,3638,992,1428,194,50
498,811,1421,Meshkat00042485,3642,874,1344,239,40
498,633,1015,Shamela0037458,2034,805,1223,121,27
498,170,570,Shamela0021766,2253,48,661,193,37
498,922,1421,Shamela0021766,2256,404,945,200,32
498,1027,1224,Sham19Y0127677,4109,447,643,146,91
498,1015,1224,Shia004092Vols,2431,1037,1229,143,85
498,919,1206,JK000906,4927,1128,1519,198,62
498,919,1314,JK000465,1953,280,870,124,21
498,232,985,ShamIbadiyya0000075,437,450,1017,245,35
498,1066,1200,Tafsir02102,2470,1319,1564,92,47
498,1015,1351,Shamela0008473,2569,738,998,176,66
498,170,763,Shia002382Vols,950,431,936,246,47
498,919,1514,Shia002382Vols,951,192,903,207,27
498,919,1172,Shamela0012884,2773,1085,1454,152,49
498,1015,1224,Rafed0002654Vols,2013,717,909,143,85
498,348,996,Tafsir10098,740,889,1487,179,26
498,666,1334,JK000458,1768,57,714,233,35
498,1023,1224,JK001487,286,1030,1240,152,90
498,1023,1224,JK000315,7,4,189,134,82
498,1023,1224,Shamela0008206,854,191,401,152,90
498,1027,1224,Sham19Y0014283,18,481,674,146,93
498,481,1421,Tafsir01006,737,18,1257,416,34
498,1027,1224,JK008001,6303,9,202,146,93
498,1032,1224,Shamela0006463,39,483,671,144,92
498,1045,1224,Shamela0001438,5981,874,1058,139,95
498,140,737,Rafed0001713Vols,1243,8,1173,326,33
498,919,1351,Rafed0001713Vols,1244,416,860,171,34
498,717,988,Tafsir07057,2841,0,337,79,23
498,1023,1206,Tafsir07057,2841,1259,1425,131,90
498,1019,1224,JK000090,43,846,1042,149,90
498,170,763,JK000876,695,540,1437,279,36
499,603,736,Shia001432Vols,22219,1290,1468,104,73
499,453,736,Meshkat00042485,3650,1184,1474,145,47
499,936,1096,Shamela0021766,2260,928,1199,97,43
499,603,736,Shamela0021766,2260,133,374,100,51
499,544,1165,Shia002380Vols,393,572,1049,212,34
499,544,1122,Shia002382Vols,952,607,1166,208,33
499,367,966,Shamela0010273,1335,489,1260,216,29
499,453,974,Tafsir01006,739,305,795,176,32
499,625,1103,JK000876,698,18,464,153,31
500,19,491,Meshkat00042485,3653,634,1305,239,41
500,19,530,ShamIbadiyya0000075,438,1037,1622,244,44
500,19,805,Shia002380Vols,394,365,998,345,46
500,19,812,Shia002382Vols,953,881,1645,364,43
500,198,743,Tafsir01006,740,19,804,322,49
500,19,597,JK000876,698,760,1509,267,36
500,781,1328,JK000876,699,554,1418,241,29
501,955,1448,JK000021,2303,196,593,315,78
501,1068,1331,Shia001432Vols,2170,600,864,207,94
501,979,1357,Shia001432Vols,21748,723,1095,290,93
501,1087,1305,Shamela0023632,1962,1328,1544,181,99
501,724,1570,JK009268,2645,68,886,592,83
501,906,1596,Sham19Y0023618,919,754,1358,480,85
501,991,1570,Shamela0023628,2035,156,840,434,75
501,906,1252,Rafed0003257Vols,3051,1381,1726,283,99
501,1056,1433,Sham19Y0020891,3076,731,1113,255,69
501,1196,1448,Tafsir09068,621,83,634,202,45
501,1087,1294,JK010001,3052,532,739,173,100
501,979,1320,JK009270,2496,1261,1601,282,99
501,1033,1207,Sham19Y0150960,649,0,173,142,98
501,906,1331,ShamAY0034106,162,1071,1522,348,93
501,966,1331,Meshkat0014420,2562,1067,1430,295,98
501,724,1570,ShamAY0036821,1240,117,926,579,81
501,906,1331,ShamIbadiyya0000129,802,26,522,348,85
501,670,1207,Sham19Y0147312,1088,673,1127,319,67
501,955,1207,Sham19Y0014592,422,0,252,209,100
501,906,1399,Sham19Y0014592,644,394,1101,375,62
501,1207,1533,Zaydiyya0000062,893,388,720,265,97
501,1087,1331,Zaydiyya0000220,103,1072,1316,201,99
501,825,1294,Shamela0037458,2047,669,1251,363,75
501,1294,1570,Shamela0037458,2051,121,409,210,90
501,906,1338,JK000791,1189,306,1090,340,52
501,1076,1299,Shamela0000922,685,643,963,183,68
501,906,1448,JK007018,355,81,625,443,99
501,979,1399,JK009396,739,940,1342,317,88
501,979,1331,Sham19Y0023608,2063,469,820,290,99
501,979,1179,Shamela0021729,174,1404,1603,166,99
501,1179,1448,Shamela0021729,175,0,278,219,96
501,979,1448,JK000381,8423,389,860,385,99
501,979,1294,ShamIbadiyya0000441,182,1020,1612,260,53
501,1116,1519,ShamIbadiyya0000075,441,591,1612,320,38
501,943,1207,ShamAY0000055,155,0,264,218,100
501,810,1538,Rafed0003726Vols,722,553,1107,357,58
501,906,1331,Shia002356Vols,586,38,462,347,99
501,878,1186,Tafsir04038,313,327,1048,233,39
501,911,1433,JK001496,1080,349,1036,356,57
501,1012,1399,Zaydiyya0000019,58,755,1158,279,83
501,898,1331,Shamela0008473,2580,925,1470,349,78
501,1087,1294,Tafsir07055,3142,1353,1560,173,100
501,1087,1315,ShamAY0036031,141,365,593,190,100
501,858,1345,Shamela0023591,4163,1184,1672,382,93
501,898,1331,Shamela0023591,4165,735,1166,351,98
501,814,1331,JK009266,5374,0,556,384,82
501,979,1207,Zaydiyya0000063,209,800,1028,189,100
501,921,1596,Shamela0021821,924,0,682,543,96
501,1012,1538,Zaydiyya0000075BK25,6,0,524,430,99
501,979,1207,JK009362,4328,1050,1280,189,99
501,724,1570,JK001110,80,681,1264,396,55
501,966,1284,Zaydiyya0000274,83,1085,1511,237,66
501,955,1207,JK000057,18,695,947,208,99
501,979,1357,JK006478,5277,409,805,303,92
501,724,1570,Rafed0003943Vols,779,622,1438,592,83
501,906,1331,Shamela0010273,1342,319,744,348,99
501,955,1448,Sham19Y0018567,1290,775,1155,298,73
501,1094,1448,Sham19Y0014404,719,596,1622,291,34
501,750,1570,QuranAnalysis001,109,12,786,577,85
501,256,511,Rafed0001713Vols,1250,16,247,143,61
501,934,1605,Rafed0001713Vols,1251,0,512,376,68
501,979,1448,JK006950,2724,652,1123,385,99
501,1056,1207,Shamela0000041,1335,1247,1398,127,100
501,724,1570,Shamela0023578,1678,548,1363,591,83
502,661,1152,Meshkat00042485,3661,760,1258,178,32
502,982,1624,JK000818,293,76,739,321,49
502,716,1437,Shia002356Vols,587,102,758,214,27
502,722,847,ShamAY0034059,2906,281,505,67,39
502,338,1390,Shia002380Vols,396,643,1409,321,31
502,448,1194,Tafsir05047,411,49,576,232,33
502,867,996,Shamela0007798,4679,680,978,96,39
502,364,1390,Tafsir01006,742,154,1463,421,32
502,352,1518,Sham19Y0014404,719,727,1622,322,28
502,716,1135,Rafed0001713Vols,1252,933,1609,197,34
502,716,832,JK000876,702,326,494,83,62
503,82,673,Shia001432Vols,2488,21,545,379,77
503,0,277,Shamela0023632,1964,548,780,187,83
503,277,798,Shamela0023632,1966,792,1304,331,76
503,0,277,JK009268,2645,805,1037,187,83
503,277,673,JK009268,2661,947,1369,310,92
503,0,277,Sham19Y0023618,920,1003,1235,187,83
503,277,562,Sham19Y0023618,921,1209,1494,225,98
503,277,411,JK000382,376,132,266,106,100
503,231,400,Shamela0023628,2039,1431,1600,135,98
503,400,673,Shamela0023628,2040,0,267,209,96
503,0,277,Rafed0003257Vols,3056,868,1101,187,83
503,277,585,Rafed0003257Vols,3059,1317,1625,244,99
503,11,277,Sham19Y0020891,3082,61,371,198,76
503,277,411,Sham19Y0020891,3083,997,1132,106,98
503,141,473,Sham19Y0020966,189,580,1173,233,48
503,473,673,Tafsir09068,623,31,362,152,56
503,0,277,JK009270,2499,695,927,187,83
503,264,655,JK009270,2502,844,1263,306,92
503,137,277,Meshkat0014420,2568,0,140,114,100
503,277,411,Meshkat0014420,2571,19,153,106,100
503,411,655,Meshkat0014420,2572,820,1064,193,100
503,264,411,JK006476,814,438,588,112,94
503,0,673,ShamAY0036821,1240,845,1502,485,86
503,88,673,ShamAY0036821,1244,244,859,457,93
503,1083,1418,Meshkat00042485,3665,1113,1460,136,35
503,268,411,Sham19Y0147312,1091,654,802,111,95
503,282,655,Sham19Y0147312,1091,1108,1442,228,71
503,277,411,JK000375,83,1063,1197,106,100
503,82,655,Sham19Y0013550,318,701,1202,262,44
503,277,647,Zaydiyya0000062,895,584,957,291,98
503,204,411,Shamela0037458,2055,782,984,155,93
503,447,673,Shamela0037458,2058,0,252,176,88
503,94,277,JK000791,1191,0,505,146,36
503,268,411,JK000791,1192,885,1050,113,86
503,394,673,JK000791,1193,194,530,215,80
503,411,673,Shamela0010875,404,473,740,201,95
503,277,411,Shamela0023833,180,249,384,106,98
503,277,418,Shamela0007610,13,240,381,108,97
503,411,655,Shamela0000922,686,836,1080,193,100
503,277,673,JK007018,356,243,985,308,52
503,277,411,Shamela0011285,15,1341,1475,106,100
503,0,282,JK009396,740,1101,1583,184,43
503,450,655,JK009396,742,0,205,163,100
503,0,277,Sham19Y0023608,2067,334,566,187,83
503,277,673,Sham19Y0023608,2070,895,1318,310,92
503,277,411,Shamela0009637,23,339,473,106,100
503,277,415,JK000381,1249,1319,1457,106,97
503,277,411,JK000381,4321,653,787,106,100
503,277,411,Meshkat00042488,837,161,296,106,98
503,365,655,Meshkat00042488,837,1082,1431,225,81
503,277,411,Shamela0021537,25,297,431,106,100
503,411,655,Rafed0003726Vols,718,1321,1565,193,100
503,411,655,Shamela0004473,9702,901,1145,193,100
503,0,411,Shia002356Vols,587,876,1242,291,88
503,18,447,Shia002380Vols,397,368,1495,298,32
503,277,411,Hindawi018613191,14,1087,1221,106,100
503,11,273,JK001496,1082,1118,1428,195,75
503,282,655,JK001496,1084,13,694,279,51
503,82,748,Shamela0008473,2585,10,314,218,38
503,277,411,Shamela0008473,2591,379,513,106,100
503,368,683,Shamela0008473,2592,102,487,236,77
503,429,673,Shia002382Vols,960,453,1205,176,29
503,277,411,Masaha002028Vols,461,518,653,106,98
503,0,673,Shamela0023591,4164,156,811,494,88
503,82,282,Shamela0023591,4173,11,211,158,98
503,273,411,Shamela0023591,4175,1336,1479,107,94
503,365,673,Shamela0023591,4177,405,811,228,71
503,411,655,JK009266,5387,372,616,193,100
503,277,411,Shamela0010283,3238,222,357,106,98
503,277,411,Shamela0002386,316,599,733,106,100
503,0,673,Shamela0021821,925,769,1488,507,87
503,100,277,JK009362,4338,782,1181,137,43
503,0,277,JK001110,80,1183,1415,187,83
503,411,655,Shamela0010463,20,11,276,186,89
503,277,525,JK001420,486,1321,1526,127,65
503,411,655,JK009257,443,166,772,184,38
503,0,673,JK006478,5286,719,1380,485,86
503,411,655,JK006478,5292,1037,1281,193,100
503,0,277,Rafed0003943Vols,779,1356,1588,187,83
503,259,411,Rafed0003943Vols,790,601,778,119,83
503,411,673,Rafed0003943Vols,791,65,353,204,89
503,277,415,Shamela0010273,1349,1128,1267,107,97
503,277,411,Shamela0007798,5422,190,324,106,100
503,277,655,Shamela0007798,5423,23,552,253,60
503,1051,1418,Tafsir01006,743,604,1030,136,30
503,277,411,ShamAY0007299,2523,84,218,106,100
503,277,411,Sham19Y0014404,720,1329,1463,106,100
503,0,243,Sham19Y0014404,720,575,972,171,52
503,307,655,Sham19Y0014404,721,0,493,273,69
503,277,394,Meshkat00057178,2149,1368,1484,92,99
503,411,655,Meshkat00057178,2151,14,258,193,100
503,199,673,Masaha000554Vols,2623,93,612,327,78
503,0,673,QuranAnalysis001,109,705,1359,494,88
503,0,277,Rafed0001713Vols,1253,729,962,187,83
503,775,1418,Rafed0001713Vols,1254,354,1259,225,27
503,268,411,Rafed0001713Vols,1255,1222,1380,113,89
503,365,655,Rafed0001713Vols,1256,575,1003,228,67
503,277,411,Shamela0000041,1340,99,233,106,100
503,365,604,Shamela0000041,1340,1245,1522,187,85
503,0,293,Shamela0023578,1678,1282,1530,190,81
503,277,673,Shamela0023578,1687,825,1248,310,92
503,514,673,Shamela0023578,1690,350,915,123,27
503,775,1389,JK000876,703,347,757,164,27
504,728,848,JK000436,109,1178,1308,89,87
504,438,624,JK009268,2664,834,1033,97,59
504,438,624,Sham19Y0020891,3085,148,289,112,74
504,438,1074,Meshkat00042485,3669,1218,1499,140,26
504,728,843,JK000465,1982,159,289,88,86
504,108,624,ShamIbadiyya0000075,442,909,1592,218,31
504,917,1382,ShamIbadiyya0000075,443,183,371,104,27
504,438,624,Rafed0003726Vols,728,49,190,112,74
504,438,1425,Shia002356Vols,589,439,1151,300,33
504,502,1425,Shia002380Vols,398,0,456,147,17
504,438,624,JK001496,1084,796,937,112,74
504,868,1382,JK001496,1085,291,874,153,24
504,714,848,Shamela0008473,2593,713,874,98,76
504,376,1414,Shia002382Vols,960,13,809,255,23
504,709,848,Shamela0012884,2808,42,223,100,69
504,720,948,Tafsir07057,2865,46,265,122,66
504,714,848,Tafsir04056,4320,455,628,98,71
504,432,1382,JK000876,704,3,561,217,25
505,558,1042,Shia001432Vols,716,168,390,165,43
505,387,1135,Shia001432Vols,2488,437,977,417,70
505,390,625,Shia001432Vols,2567,870,1293,125,38
505,916,1042,Shia001432Vols,7094,28,155,101,99
505,596,808,Shia001432Vols,22517,495,706,165,98
505,563,722,Shamela0023632,1968,1363,1521,125,99
505,722,916,Shamela0023632,1969,0,194,156,100
505,812,1167,Shamela0023632,1970,505,1153,229,41
505,387,717,JK009268,2661,1261,1546,226,86
505,717,1167,JK009268,2662,0,451,347,96
505,563,1167,Sham19Y0023618,923,92,1166,468,54
505,310,675,Shamela0023628,2044,926,1563,216,38
505,675,1204,Shamela0023628,2045,0,650,351,58
505,703,874,Shamela0023628,2046,567,1044,132,35
505,916,1167,Shamela0023628,2048,95,759,187,35
505,487,808,Rafed0003257Vols,3062,126,446,250,98
505,703,1135,Rafed0003257Vols,3064,242,971,328,56
505,808,959,Tafsir09083,717,63,433,125,40
505,302,563,Sham19Y0020891,3089,1083,1380,135,55
505,563,1308,Sham19Y0020891,3090,461,826,224,35
505,916,1042,Sham19Y0020891,3095,774,901,101,99
505,436,823,Sham19Y0020966,190,0,499,218,49
505,216,741,Tafsir09068,623,269,1317,265,29
505,741,1042,Tafsir09068,624,32,1217,241,25
505,613,808,JK009270,2507,0,195,153,100
505,741,1135,JK009270,2511,31,466,283,80
505,520,808,Shamela0005756,11664,625,1167,78,14
505,672,868,ShamAY0034106,164,835,1345,139,34
505,495,808,Meshkat0014420,2575,1014,1327,247,100
505,916,1135,Meshkat0014420,2581,110,330,175,99
505,549,760,JK006476,817,95,326,165,91
505,663,974,JK006476,818,58,398,215,77
505,874,1167,JK006476,818,1215,1489,169,70
505,916,1135,JK006476,819,26,771,167,28
505,741,857,Tafsir01005,3165,1036,1499,90,24
505,804,959,Tafsir01005,3166,852,1493,119,22
505,387,591,ShamAY0036821,1240,1394,1553,126,77
505,591,1167,ShamAY0036821,1241,0,572,441,96
505,563,808,ShamAY0036821,1245,768,1007,186,97
505,812,1000,ShamAY0036821,1248,1346,1529,150,97
505,1000,1167,ShamAY0036821,1249,0,168,119,91
505,29,596,Meshkat00042485,3671,696,1443,214,27
505,603,1135,Tafsir02104,261,620,1479,306,41
505,333,1519,Sham19Y0147312,1093,850,1408,295,30
505,916,1167,Sham19Y0147312,1095,377,629,187,94
505,916,1042,JK000375,168,1105,1231,101,100
505,310,737,Zaydiyya0000062,897,67,651,277,57
505,672,1038,Zaydiyya0000062,898,667,1243,294,63
505,387,741,Shamela0037458,2058,144,454,244,87
505,741,1042,Shamela0037458,2063,416,717,243,100
505,591,741,JK000791,1195,0,150,118,100
505,793,1042,JK000791,1196,0,605,198,40
505,596,808,JK007004,84,914,1329,167,51
505,672,785,Shamela0022712,30,112,225,90,100
505,563,741,Tafsir07076,807,989,1167,139,100
505,916,1042,Tafsir07076,5267,1000,1126,101,100
505,333,1135,JK007018,357,102,970,490,60
505,310,741,JK009396,743,41,608,266,60
505,741,1135,JK009396,744,225,1020,314,49
505,387,734,Sham19Y0023608,2070,1210,1512,239,87
505,808,1167,Sham19Y0023608,2077,284,645,276,95
505,495,741,Meshkat00042488,839,25,724,194,35
505,878,1042,Meshkat00042488,840,1052,1292,133,68
505,691,916,Meshkat00042488,840,138,613,172,45
505,654,971,ShamIbadiyya0000075,444,383,1386,256,31
505,563,741,Shamela0022371,215,576,754,139,100
505,713,868,ShamAY0033108,943,1290,1554,123,58
505,387,808,Shia002356Vols,589,44,417,293,88
505,607,1135,Shia002356Vols,590,753,1509,355,59
505,436,916,Tafsir04038,315,1029,1467,170,39
505,666,1056,Shia002380Vols,399,242,1003,303,49
505,216,1308,JK001496,1086,264,1275,366,32
505,916,1042,JK001496,1088,41,168,101,99
505,713,874,Tafsir02091,1140,1116,1385,128,59
505,697,916,Tafsir02102,2490,116,671,175,39
505,563,741,Shamela0008473,2595,105,283,139,100
505,717,916,Shamela0008473,2596,611,814,152,90
505,857,1135,Shamela0008473,2599,478,774,224,93
505,666,1022,Shia002382Vols,961,648,1369,282,48
505,596,741,Tafsir07055,3051,1177,1322,114,100
505,387,1167,Shamela0023591,4164,703,1441,573,92
505,563,789,Shamela0023591,4181,1348,1573,178,99
505,874,1135,Shamela0023591,4186,505,771,189,88
505,495,808,JK009266,5391,986,1299,247,100
505,808,1135,JK009266,5395,712,1040,264,99
505,568,916,Shamela0021821,926,0,348,277,100
505,691,1135,Shamela0021821,930,138,1040,338,46
505,916,1042,Kraken220413194022,3134,176,302,101,100
505,563,959,Shia002389Vols,1348,470,1074,158,27
505,633,916,Tafsir10066,805,49,885,223,33
505,596,741,JK009362,4348,0,145,114,100
505,916,1032,JK000367,11,1489,1604,93,99
505,387,931,JK001420,487,497,1077,234,38
505,596,741,JK009257,443,1135,1409,114,52
505,916,1038,Zaydiyya0000074,63,1066,1188,98,100
505,387,666,JK006478,5286,1272,1507,185,83
505,666,916,JK006478,5287,0,252,201,99
505,495,796,JK006478,5295,226,526,237,99
505,901,1042,JK006478,5300,1406,1546,105,91
505,959,1135,Shamela0008206,717,221,404,139,96
505,387,808,Rafed0003943Vols,791,245,622,297,89
505,563,1135,Rafed0003943Vols,792,313,1107,368,57
505,563,1308,Shamela0010273,1353,764,1194,238,36
505,916,1135,Shamela0010273,1356,192,413,175,99
505,563,741,Shamela0007798,5431,958,1136,139,100
505,29,596,Tafsir01006,745,48,799,212,27
505,654,863,Tafsir06048,554,934,1357,163,48
505,812,984,Tafsir04003,2262,185,813,138,26
505,29,563,Sham19Y0014404,721,1076,1377,191,45
505,697,916,Sham19Y0014404,722,1029,1445,172,51
505,520,741,Sham19Y0014404,722,36,349,174,70
505,840,1135,Sham19Y0014404,723,0,922,238,31
505,387,603,Meshkat00057178,2152,586,1565,144,18
505,603,741,Meshkat00057178,2153,0,138,108,100
505,713,916,Meshkat00057178,2155,351,741,163,52
505,808,1048,Meshkat00057178,2155,1014,1430,183,54
505,563,804,Masaha000554Vols,2627,1279,1522,187,97
505,672,916,Masaha000554Vols,2629,510,1282,194,31
505,387,717,QuranAnalysis001,109,1251,1536,226,86
505,717,1167,QuranAnalysis001,110,0,450,347,96
505,959,1135,Sham19Y0020879,392,606,783,139,99
505,216,1483,Rafed0001713Vols,1258,185,1118,400,31
505,697,916,Rafed0001713Vols,1259,462,860,171,53
505,366,648,Tafsir04042,1174,277,712,166,45
505,722,1022,Tafsir04042,1175,22,756,233,39
505,959,1135,JK006833,2,158,333,139,99
505,741,874,Tafsir07057,2871,77,506,107,31
505,672,1086,Tafsir04056,4309,614,733,91,27
505,713,916,Tafsir04056,4316,527,967,162,45
505,29,1285,Shamela0000041,1342,516,1552,371,27
505,679,1042,Shamela0000041,1343,696,1085,284,88
505,916,1167,Shamela0000041,1344,524,1082,185,42
505,387,727,Shamela0023578,1687,1140,1435,234,86
505,29,654,Shamela0023578,1690,383,1319,268,29
505,679,1167,Shamela0023578,1691,465,1032,370,80
505,29,563,JK000876,704,750,1433,229,37
506,423,891,Shamela0023632,1969,0,194,152,40
506,418,1359,JK009268,2662,0,321,251,33
506,176,891,Sham19Y0023618,923,154,445,229,40
506,334,1081,Shamela0023628,2045,0,317,246,40
506,377,1081,Rafed0003257Vols,3064,212,826,225,29
506,151,531,Tafsir09083,715,113,689,238,51
506,849,1078,Tafsir09084,1282,938,1514,148,30
506,442,891,Tafsir09068,624,32,398,136,27
506,736,1359,JK009270,2511,123,368,164,31
506,331,981,JK006476,818,73,387,195,36
506,898,1359,JK006476,819,0,455,144,29
506,906,1235,Tafsir01005,3167,140,465,111,30
506,331,667,Meshkat00042485,3674,174,698,188,42
506,627,1284,Zaydiyya0000062,899,32,632,247,35
506,442,1359,Shamela0037458,2063,416,713,233,31
506,1125,1336,Shamela0037458,2065,198,746,117,25
506,390,794,Shamela0021766,2277,499,966,203,47
506,891,1249,Shamela0021766,2278,63,680,142,26
506,176,891,JK007018,357,245,536,229,40
506,442,1359,JK009396,744,225,922,217,20
506,331,981,Meshkat00042488,840,23,1212,331,31
506,173,497,ShamIbadiyya0000075,444,213,717,179,45
506,173,1081,Shia002356Vols,590,582,1365,299,32
506,261,1087,Shia002380Vols,399,70,851,329,39
506,151,1087,Shia002382Vols,961,281,1323,399,38
506,176,1081,Shamela0023591,4164,897,1264,285,39
506,775,1359,JK009266,5395,712,942,156,31
506,870,1075,JK009266,5397,129,371,98,42
506,176,891,Shamela0021821,926,57,348,229,40
506,331,891,JK006478,5287,6,252,192,42
506,176,891,Sham19Y0014404,722,706,1445,283,34
506,843,1382,Sham19Y0014404,723,167,828,197,29
506,331,891,Meshkat00057178,2155,129,741,206,29
506,418,1359,QuranAnalysis001,110,0,321,251,33
506,423,1366,Tafsir04042,1175,22,881,294,30
506,408,891,Tafsir04056,4316,516,967,165,29
506,176,1359,Shamela0000041,1343,195,1081,376,30
506,843,1382,Shamela0000041,1344,8,957,236,27
506,331,1081,Shamela0023578,1691,140,855,288,34
506,794,1235,Shamela0023578,1692,253,917,181,29
506,173,805,JK000876,705,225,1099,305,40
507,474,797,Shia001432Vols,2488,986,1144,122,46
507,474,797,Shamela0023632,1974,391,714,261,100
507,154,797,JK009268,2662,350,884,427,82
507,154,519,Sham19Y0023618,923,1065,1533,203,44
507,519,797,Sham19Y0023618,924,0,278,225,100
507,474,797,Shamela0023628,2054,132,455,261,100
507,331,531,Rafed0003257Vols,3067,102,303,159,98
507,444,797,Rafed0003257Vols,3068,867,1468,268,55
507,931,1392,Tafsir09083,718,80,726,183,31
507,439,629,Sham19Y0020891,3098,1116,1505,132,40
507,374,629,Tafsir09068,625,322,1155,205,30
507,629,797,Tafsir09068,626,108,575,135,35
507,331,545,JK009270,2514,865,1079,172,100
507,545,802,JK009270,2517,459,716,205,99
507,474,797,Meshkat0014420,2586,1082,1405,261,100
507,458,622,JK006476,820,1039,1207,117,84
507,570,797,JK006476,821,844,1122,181,80
507,154,797,ShamAY0036821,1241,471,1003,423,81
507,154,790,ShamAY0036821,1249,67,593,419,82
507,348,588,Tafsir02104,262,0,715,192,33
507,474,797,Sham19Y0147312,1096,220,1319,260,29
507,154,394,Zaydiyya0000062,899,1447,1579,104,54
507,434,790,Zaydiyya0000062,901,247,603,266,91
507,154,474,Shamela0037458,2065,1151,1362,167,65
507,474,797,Shamela0037458,2070,7,330,261,100
507,434,629,JK000791,1199,260,732,152,39
507,444,797,Shamela0000922,688,36,1351,245,22
507,467,797,JK007018,358,840,1187,267,94
507,474,797,JK009396,746,494,1134,255,49
507,474,797,Sham19Y0023608,2082,1198,1521,261,100
507,434,643,Meshkat00042488,843,370,997,150,29
507,331,538,ShamIbadiyya0000075,445,995,1545,161,36
507,599,797,Rafed0003726Vols,724,430,649,136,76
507,35,545,Shia002356Vols,591,901,1452,235,46
507,502,802,Shia002356Vols,592,678,1049,230,76
507,1093,1408,ShamAY0036182,21,644,913,182,63
507,444,669,Shia002380Vols,400,956,1498,162,35
507,380,588,Tafsir02102,2493,896,1288,166,52
507,154,474,Shamela0008473,2600,581,993,206,59
507,458,629,Shamela0008473,2604,856,1048,139,89
507,411,797,Shamela0023591,4165,0,387,310,99
507,394,545,Shamela0023591,4188,0,152,120,98
507,478,797,Shamela0023591,4191,682,1324,252,48
507,474,797,JK009266,5404,26,399,238,79
507,35,545,Shamela0021821,931,96,584,238,48
507,474,797,Shamela0021821,933,209,650,257,72
507,331,545,Rafed0000185Vols,323,75,289,172,100
507,545,777,JK009362,7342,959,1119,116,61
507,380,663,JK001110,42,1272,1553,226,98
507,629,797,JK001420,488,10,259,135,67
507,464,718,JK006478,5309,63,466,188,58
507,323,550,Rafed0003943Vols,793,1103,1331,177,96
507,474,797,Shamela0010273,1362,662,985,261,100
507,474,629,Shamela0007798,5448,265,756,126,31
507,474,790,Sham19Y0014404,724,361,1574,248,25
507,154,538,Masaha000554Vols,2633,176,457,215,69
507,545,718,Masaha000554Vols,2640,1387,1563,138,97
507,154,797,QuranAnalysis001,110,350,884,428,83
507,343,1049,Rafed0001713Vols,1261,0,626,275,38
507,474,629,Rafed0001713Vols,1262,911,1338,126,36
507,594,797,Rafed0001713Vols,1263,386,653,157,72
507,154,434,Shamela0000041,1344,982,1153,135,61
507,434,629,Shamela0000041,1347,310,578,158,72
507,588,817,Shamela0000041,1348,569,824,171,82
507,154,545,Shamela0023578,1691,931,1215,225,71
507,474,797,Shamela0023578,1696,198,600,261,80
507,613,797,Shamela0023578,1698,710,1177,148,39
508,536,1065,Tafsir09083,718,805,1281,194,36
508,685,1010,Sham19Y0020891,3098,1076,1571,192,43
508,542,997,Tafsir01005,3174,202,982,204,28
508,792,1487,Zaydiyya0000062,901,808,1600,331,44
508,536,1236,Meshkat00042488,843,63,1351,263,21
508,907,1477,ShamIbadiyya0000075,446,30,568,232,39
508,748,1145,JK001496,1090,7,511,230,49
508,711,1019,Tafsir01006,747,1145,1446,168,58
508,332,997,Sham19Y0014404,724,163,687,174,26
508,700,1054,Rafed0001713Vols,1262,899,1490,155,27
508,545,997,Shamela0000041,1347,7,537,202,35
508,711,1070,JK000876,707,149,576,237,62
509,591,914,Shamela0023632,1977,295,598,233,88
509,914,1115,Shamela0023632,1979,612,813,161,100
509,795,914,Rafed0000040Vols,1421,846,965,98,100
509,613,1258,JK009268,2674,953,1612,508,92
509,242,914,Sham19Y0023618,925,360,1061,309,41
509,925,1258,Sham19Y0023618,926,0,333,269,100
509,591,822,Shamela0023628,2058,192,403,157,84
509,822,1258,Shamela0023628,2059,43,479,354,100
509,643,1008,Rafed0003257Vols,3071,1152,1524,296,98
509,1001,1258,Rafed0003257Vols,3074,171,428,205,98
509,591,914,Sham19Y0020891,3102,1241,1562,249,91
509,1008,1258,JK000100,395,1275,1525,203,100
509,789,1258,Tafsir09068,627,81,1660,364,28
509,822,1013,JK009270,2522,1002,1193,153,98
509,1057,1258,JK009270,2527,0,201,163,100
509,591,1067,JK000322,35,998,1477,311,74
509,1008,1258,Meshkat0014420,2594,826,1076,203,100
509,387,812,JK006476,822,404,790,184,43
509,954,1128,JK006476,823,1353,1529,138,97
509,666,914,JK000101,410,72,320,202,100
509,108,1258,ShamAY0036821,1249,473,1324,606,63
509,914,1105,ShamAY0036821,1251,1388,1576,148,96
509,914,1115,Sham19Y0147312,1100,830,1518,161,29
509,1008,1258,Sham19Y0014592,1991,107,357,203,100
509,417,817,Zaydiyya0000062,902,1003,1314,191,60
509,711,1110,Zaydiyya0000062,903,177,821,309,59
509,609,1013,Shamela0037458,2074,62,456,317,96
509,1008,1361,Shamela0037458,2078,54,395,223,73
509,747,1020,JK000791,1201,1348,1601,176,79
509,643,822,JK000791,1201,235,414,145,100
509,1020,1258,JK000791,1202,0,238,193,100
509,643,918,JK000074,77,885,1158,214,94
509,914,1258,JK007018,359,883,1541,278,52
509,591,914,JK007018,359,75,421,237,84
509,643,914,JK009396,747,135,435,218,89
509,914,1115,JK009396,748,47,248,161,100
509,591,1008,Sham19Y0023608,2087,467,858,308,91
509,1080,1258,Sham19Y0023608,2091,0,178,144,100
509,242,411,JK000917,940,1077,1589,82,18
509,670,1025,JK000818,296,845,1526,280,50
509,754,914,Meshkat00042488,845,859,1313,130,35
509,108,909,ShamIbadiyya0000075,446,663,1633,371,39
509,1273,1452,Shamela0004473,9352,1292,1434,114,75
509,643,1067,Shia002356Vols,593,737,1121,307,89
509,1008,1258,Shia002356Vols,594,973,1225,203,99
509,11,1085,Shia002380Vols,401,0,1237,548,45
509,666,914,JK001496,1092,2,254,202,98
509,721,914,Shamela0008473,2608,0,193,157,100
509,0,343,Shia002382Vols,965,10,401,180,51
509,620,1085,Shia002382Vols,966,464,1437,358,44
509,591,1258,Shamela0023591,4196,549,1197,511,94
509,666,925,Shamela0023591,4197,97,356,204,97
509,881,1115,Shamela0023591,4200,653,915,178,85
509,643,914,JK009266,5408,1188,1472,221,95
509,1036,1258,JK009266,5415,0,222,180,100
509,666,943,Shamela0021821,934,1269,1544,224,99
509,943,1258,Shamela0021821,935,0,315,255,100
509,108,822,JK001110,43,6,321,242,42
509,1008,1188,JK001420,489,678,932,108,53
509,1008,1179,JK006478,5326,1356,1529,137,97
509,591,1008,Rafed0003943Vols,799,1207,1585,307,90
509,958,1258,Rafed0003943Vols,801,943,1225,228,94
509,591,828,Shamela0010273,1364,1389,1599,162,84
509,1008,1258,Shamela0010273,1368,173,423,203,100
509,795,914,Shamela0007798,5457,815,1058,98,48
509,958,1115,Shamela0007798,5459,123,314,126,82
509,643,914,Sham19Y0014404,725,408,1436,221,26
509,895,1258,Sham19Y0014404,726,8,1098,290,33
509,731,914,Meshkat00057178,2164,12,533,115,25
509,914,1253,Masaha000554Vols,2647,589,928,270,97
509,108,1258,QuranAnalysis001,110,756,1487,590,63
509,591,914,Rafed0001713Vols,1264,924,1509,255,53
509,914,1258,Rafed0001713Vols,1266,147,491,278,100
509,387,914,Shamela0000041,1349,71,994,285,33
509,591,1424,Shamela0023578,1700,393,1358,600,71
509,740,1085,Shamela0023578,1701,5,726,271,45
510,1074,1564,Shamela0023632,1981,1050,1360,250,62
510,547,1439,JK009268,2674,1312,1655,278,38
510,547,1327,Sham19Y0023618,926,33,333,242,38
510,547,1564,Shamela0023628,2059,179,650,377,45
510,709,1517,Rafed0003257Vols,3074,178,550,299,45
510,547,828,Tafsir09084,1288,33,280,121,48
510,547,1327,Tafsir09068,627,733,1660,245,23
510,1395,1564,JK009270,2529,348,518,136,99
510,547,1564,ShamAY0036821,1249,1025,1494,371,45
510,1395,1564,JK000791,1203,32,202,136,99
510,547,964,Shamela0000922,690,387,604,117,33
510,547,1433,JK007018,359,927,1580,274,29
510,931,1492,JK009396,748,1179,1558,217,40
510,931,1517,Sham19Y0023608,2091,5,300,236,50
510,0,386,JK000818,296,1132,1431,158,42
510,709,1517,Shia002356Vols,594,973,1347,299,45
510,1074,1517,JK006896,13,826,1087,212,58
510,409,701,Shamela0008473,2609,292,580,140,50
510,931,1517,Shamela0008473,2610,695,1380,266,37
510,0,846,Shia002382Vols,966,743,1437,333,42
510,931,1454,Shia002382Vols,967,241,695,237,45
510,0,347,Tafsir05047,416,843,1232,177,47
510,547,1564,Shamela0023591,4196,897,1368,377,45
510,1074,1517,Shamela0023591,4203,533,794,212,58
510,802,1517,JK009266,5415,5,344,272,47
510,547,1517,Shamela0021821,935,15,437,339,43
510,709,1521,Shamela0010273,1368,173,549,300,45
510,414,540,JK000264,930,0,126,102,100
510,0,177,Sham19Y0014404,725,894,1588,111,19
510,364,961,Sham19Y0014404,726,347,609,154,32
510,22,374,Meshkat00057178,2164,424,1102,156,26
510,547,1459,QuranAnalysis001,110,1187,1550,294,39
510,1309,1564,Rafed0001713Vols,1267,1287,1544,179,83
510,547,1521,Shamela0023578,1700,734,1160,341,43
510,0,398,JK000876,709,52,653,216,40
511,0,238,JK000330,1059,543,781,194,100
511,146,463,Shamela0008381,38,990,1307,255,100
511,146,463,Shamela0008381,200,289,606,255,100
511,0,146,Shia001286,43,890,1036,119,100
511,0,558,Shia001432Vols,3191,728,1286,451,99
511,436,558,Shia001432Vols,22211,168,292,101,98
511,0,146,Shamela0023632,1981,1360,1506,119,100
511,146,331,Shamela0023632,1984,1143,1328,145,97
511,322,558,Shamela0023632,1986,158,394,190,100
511,0,190,Tafsir03097,912,715,944,150,79
511,0,558,JK009268,2675,126,684,452,100
511,0,146,Sham19Y0023618,926,1277,1423,119,100
511,63,558,Sham19Y0023618,927,549,1044,347,86
511,0,558,Shamela0023628,2059,650,1208,452,100
511,0,146,Shia001278Vols,489,928,1075,118,98
511,0,558,Rafed0003257Vols,3076,810,1368,452,100
511,0,166,Sham19Y0020891,3113,90,271,129,88
511,136,322,Sham19Y0020891,3115,331,517,146,96
511,0,146,Tafsir09068,628,791,937,119,100
511,287,558,Tafsir09068,629,0,555,196,44
511,0,238,JK000362,1747,656,894,194,100
511,146,322,JK010001,910,693,869,143,100
511,322,558,JK010001,1011,815,1051,190,100
511,0,146,JK010001,2751,1357,1503,119,100
511,0,157,JK009270,2529,518,675,121,95
511,146,548,JK009270,2532,1119,1520,324,99
511,16,393,ShamAY0034106,166,865,1416,170,35
511,393,558,ShamAY0034106,167,118,545,135,38
511,0,217,Zaydiyya0000329,24,1319,1536,177,100
511,0,146,Meshkat0014420,2597,1182,1328,119,100
511,146,485,Meshkat0014420,2600,1180,1518,272,99
511,92,463,JK006476,826,363,738,295,97
511,42,322,ShamAY0036821,1250,0,277,223,97
511,0,146,ShamAY0036821,1252,1071,1216,118,99
511,348,558,ShamAY0036821,1254,0,209,169,99
511,322,558,Shia001171,470,766,1005,186,97
511,81,238,Shamela0029677,689,93,250,127,100
511,0,558,JK000373,286,316,874,452,100
511,0,151,Sham19Y0147312,1102,1016,1167,121,98
511,146,327,Sham19Y0147312,1103,516,697,145,98
511,0,146,Shamela0004445,147,921,1067,119,100
511,714,1360,Shamela0022769,774,569,1215,252,37
511,146,463,Sham19Y0013550,320,473,956,255,65
511,146,322,Sham19Y0013550,321,202,378,143,100
511,0,161,Zaydiyya0000062,906,934,1095,122,93
511,70,548,Zaydiyya0000062,907,756,1350,364,72
511,35,463,Shamela0006947,1221,0,427,345,99
511,0,397,Shamela0006947,3641,1232,1627,319,99
511,0,441,Shamela0006947,7944,1161,1600,354,99
511,0,146,Shamela0037458,2080,58,204,119,100
511,1219,1500,Shamela0037458,2082,924,1393,134,34
511,146,463,Shamela0037458,2083,926,1243,255,100
511,0,190,JK000791,1203,202,392,155,100
511,88,217,JK000365,107,200,329,104,100
511,0,183,Zaydiyya0000042,40,1336,1519,148,98
511,0,157,Shamela0000922,691,119,278,123,95
511,0,146,Hindawi096081727,73,1190,1336,119,100
511,238,436,JK010427,22,1102,1354,157,78
511,0,558,JK007018,360,261,1200,450,59
511,1127,1360,Zaydiyya0000295Vols,1587,617,1085,156,40
511,393,558,Zaydiyya0000295Vols,1590,1302,1561,109,52
511,0,151,JK009396,749,1004,1155,121,98
511,146,558,JK009396,750,692,1104,333,100
511,0,558,Sham19Y0023608,2094,485,1043,452,100
511,0,197,JK000381,309,1288,1483,160,98
511,197,463,JK000381,310,0,266,213,100
511,0,322,JK000381,2693,758,1080,262,100
511,1038,1500,JK000465,2000,519,1583,214,24
511,0,146,Meshkat00042488,848,291,437,119,100
511,146,337,Meshkat00042488,849,48,239,155,100
511,0,146,Shia003721Vols,56,883,1029,119,100
511,0,337,ShamIbadiyya0000075,448,867,1640,262,41
511,0,463,Rafed0003726Vols,737,242,705,374,100
511,0,146,Shamela0004473,8686,1384,1530,119,100
511,146,463,Sham19Y0030863,19,160,477,255,100
511,0,146,Sham19Y0145435,4938,44,190,119,100
511,0,322,Shia002356Vols,595,891,1213,262,100
511,190,558,Shia002356Vols,596,639,1141,246,58
511,1167,1352,ShamAY0034059,2962,267,434,104,62
511,0,485,Shia002380Vols,402,714,1498,378,58
511,0,146,JK001496,1096,1283,1429,119,100
511,322,558,JK001496,1098,981,1218,190,99
511,0,146,Tafsir02102,2500,1264,1408,117,98
511,0,146,Shamela0008473,2612,805,951,119,100
511,63,415,Shamela0008473,2613,1114,1520,280,85
511,415,558,Shamela0008473,2614,0,143,118,100
511,35,436,Shia002382Vols,968,0,748,308,50
511,322,558,Tafsir07055,1067,1017,1253,190,100
511,1083,1360,Tafsir05047,418,140,526,159,47
511,0,146,Shamela0003055,3925,1306,1452,119,100
511,393,558,ShamAY0036031,175,1270,1435,135,100
511,0,225,Shamela0023591,4196,1368,1592,184,99
511,0,197,Shamela0023591,4204,1383,1579,161,99
511,197,322,Shamela0023591,4205,0,125,101,100
511,1173,1547,Shamela0023591,4206,164,513,154,43
511,322,558,Shamela0023591,4209,973,1209,190,100
511,0,558,JK009266,5423,923,1481,452,100
511,344,558,ShamIbadiyya0000007,163,791,1012,144,70
511,81,303,Tafsir10098,756,433,1102,173,32
511,0,558,Shamela0021821,937,238,795,451,99
511,1216,1561,ShamAY0034694,1024,42,406,172,44
511,0,146,JK009362,4385,0,148,119,98
511,322,558,JK009362,4389,384,621,190,99
511,63,506,JK001420,490,55,915,294,42
511,303,558,JK006478,5342,890,1191,206,84
511,393,558,JK006478,5346,84,358,108,48
511,0,151,Rafed0003943Vols,803,861,1012,121,98
511,169,327,Rafed0003943Vols,805,0,158,127,98
511,0,151,Shamela0010273,1370,1287,1437,122,99
511,81,558,Shamela0010273,1371,643,1245,384,79
511,0,190,Zaydiyya0000075BK1,26,1159,1343,150,96
511,0,146,Shamela0007798,5465,54,200,119,100
511,81,322,Shamela0007798,5468,1037,1484,193,53
511,238,436,Shamela0012293,880,1051,1249,157,100
511,238,436,Shamela0012293,1062,1188,1386,157,100
511,337,558,Sham19Y0018567,521,540,764,178,98
511,16,337,Sham19Y0014404,727,940,1402,257,67
511,225,558,Sham19Y0014404,728,131,961,264,39
511,81,337,Meshkat00057178,2168,674,1011,201,73
511,303,463,Meshkat00057178,2169,978,1138,128,100
511,0,322,Masaha000554Vols,2655,1060,1379,256,97
511,0,558,QuranAnalysis001,111,106,664,452,100
511,146,317,Zaydiyya0000034,5,1366,1536,138,99
511,57,825,Rafed0001713Vols,1268,0,771,220,23
511,81,337,Rafed0001713Vols,1269,586,920,200,73
511,266,558,Rafed0001713Vols,1270,388,847,236,63
511,81,558,Tafsir04042,1181,172,1236,384,44
511,0,558,Zaydiyya0000476,678,337,773,203,35
511,0,558,Zaydiyya0000476,684,292,728,203,35
511,436,558,Shia001615Vols,3662,374,498,101,98
511,146,436,Shamela0009065,190,935,1226,230,98
511,0,146,Shamela0000041,1351,215,361,119,100
511,124,558,Shamela0000041,1352,0,800,346,53
511,0,558,Shamela0023578,1702,230,788,452,100
511,57,558,Shamela0023578,1703,639,1443,289,39
511,530,825,JK000876,710,1002,1552,153,31
512,1445,1556,Shamela0030945,92,1090,1202,88,99
512,1453,1556,Shia001432Vols,2320,0,104,82,99
512,276,1463,Shia001432Vols,3191,897,1461,456,47
512,1312,1556,Shamela0023632,1987,0,245,198,99
512,1288,1435,JK009325,89,380,527,121,100
512,276,1556,JK009268,2675,295,953,531,51
512,1435,1556,Zaydiyya0000131,331,550,672,97,99
512,276,1435,Sham19Y0023618,927,655,1191,434,46
512,276,1435,Shamela0023628,2059,819,1355,434,46
512,1435,1556,Shamela0023628,2066,832,954,97,99
512,276,1160,Rafed0003257Vols,3076,979,1368,313,43
512,1288,1556,Rafed0003257Vols,3081,647,916,218,99
512,1024,1382,Rafed0003257Vols,3891,781,970,156,52
512,991,1435,Sham19Y0020891,3120,11,489,193,40
512,1435,1556,Sham19Y0020891,3121,1020,1142,97,99
512,1445,1556,Zaydiyya0000013,230,655,767,88,99
512,606,1160,Tafsir09068,629,0,555,203,32
512,1349,1556,Tafsir09068,630,27,702,157,28
512,1435,1556,JK010001,1620,907,1029,97,99
512,276,1150,JK009270,2532,1142,1520,304,43
512,1288,1556,JK009270,2535,922,1191,218,99
512,1288,1556,Meshkat0014420,2603,1042,1311,218,99
512,786,1463,JK006476,827,6,449,294,50
512,786,1556,ShamAY0036821,1254,10,477,377,60
512,276,1556,JK000373,286,485,1143,531,51
512,1036,1435,Sham19Y0147312,1104,802,1099,174,50
512,786,1445,Tafsir02067,470,18,807,306,41
512,1132,1458,Zaydiyya0000062,909,329,700,175,49
512,1288,1556,Zaydiyya0000062,910,312,589,218,96
512,848,1495,Shamela0037458,2085,304,806,299,52
512,1382,1556,JK000791,1205,390,604,123,67
512,1288,1556,AOCP20251104049,67,669,881,139,59
512,953,1486,JK007018,360,1067,1544,274,59
512,959,1407,ShamIbadiyya0000100,21,899,1273,202,45
512,276,1160,JK009396,750,715,1104,313,43
512,1288,1556,JK009396,751,476,745,218,99
512,276,1160,Sham19Y0023608,2094,654,1043,313,43
512,1288,1556,Sham19Y0023608,2098,707,976,218,99
512,1288,1435,JK000381,3062,191,338,121,100
512,119,673,JK000818,297,1016,1499,248,48
512,1057,1435,Meshkat00042488,850,0,1021,206,24
512,1288,1435,Shamela0021537,193,1197,1344,121,100
512,1288,1463,Rafed0003726Vols,736,702,877,144,100
512,1288,1435,Shamela0012828,2,1281,1428,121,100
512,1288,1556,Shia002356Vols,597,83,352,218,99
512,1349,1553,Tafsir04038,318,15,341,143,52
512,1057,1445,Shia002380Vols,403,0,453,192,39
512,1435,1556,JK001496,1100,520,642,97,99
512,486,1066,Tafsir02102,2504,115,767,262,43
512,953,1556,Shamela0008473,2615,12,539,315,56
512,119,1407,Shia002382Vols,968,155,1343,559,41
512,1430,1556,JK009265,384,939,1067,98,96
512,1435,1556,Tafsir07055,1686,924,1046,97,99
512,786,1556,Shamela0023591,4209,1009,1478,379,60
512,276,1361,JK009266,5423,1092,1553,373,42
512,1435,1556,JK009266,5436,174,296,97,99
512,855,1435,ShamIbadiyya0000007,163,800,1269,257,45
512,486,1556,Shamela0021821,937,454,1064,491,56
512,119,914,Shamela0021821,938,16,818,307,37
512,1445,1556,Shamela0022721,358,1057,1169,88,99
512,1435,1556,JK009362,4395,1117,1239,97,99
512,860,1556,JK006478,5346,84,883,353,43
512,1288,1435,JK009288,28,621,768,121,100
512,1024,1382,Rafed0003943Vols,806,275,464,156,52
512,1382,1506,Rafed0003943Vols,806,1468,1591,100,99
512,112,1160,Shamela0010273,1371,631,1245,395,42
512,1288,1556,Shamela0010273,1375,1302,1571,218,99
512,1024,1435,Shamela0007798,5470,114,850,210,30
512,1288,1435,ShamAY0036039,76,1426,1573,121,100
512,276,889,Tafsir06048,561,58,467,232,44
512,119,641,Sham19Y0014404,727,1112,1386,210,48
512,494,1435,Sham19Y0014404,728,131,1619,469,33
512,1445,1556,Rafed0003799Vols,1497,1427,1539,88,99
512,1445,1556,Rafed0003799Vols,1503,398,510,88,99
512,1288,1556,Masaha000554Vols,2662,929,1207,217,95
512,276,1556,QuranAnalysis001,111,275,933,531,51
512,1288,1435,JK000028,354,1173,1320,121,100
512,119,641,Rafed0001713Vols,1269,586,909,214,45
512,1093,1556,Rafed0001713Vols,1271,222,723,287,62
512,860,1407,Tafsir04042,1181,872,1601,269,38
512,1288,1435,JK001414,872,375,522,121,100
512,1288,1435,Tafsir04056,5587,567,714,121,100
512,209,977,Shamela0000041,1352,221,790,291,39
512,276,1556,Shamela0023578,1702,399,1057,531,51
512,486,1407,Shamela0023578,1703,837,1581,317,33
513,155,391,Shamela0023632,1990,795,1140,179,65
513,146,396,JK009268,2694,0,250,201,100
513,0,391,Sham19Y0023618,928,1145,1536,313,100
513,0,396,Shamela0023628,2066,954,1350,317,100
513,113,396,Rafed0003257Vols,3084,749,1483,218,37
513,220,391,Sham19Y0020891,3127,273,444,137,100
513,146,391,Tafsir09068,631,90,307,155,79
513,214,396,JK010001,3067,614,796,142,97
513,0,127,JK009270,2535,1191,1318,102,100
513,127,391,JK009270,2538,771,1035,211,100
513,220,386,Kraken22021802055303,336,622,891,125,57
513,220,386,JK000322,6,1296,1461,133,99
513,209,391,JK000322,36,688,870,140,96
513,205,396,Meshkat0014420,2610,219,413,144,93
513,79,396,JK006476,829,461,1081,246,49
513,16,396,ShamAY0036821,1255,263,641,301,99
513,67,396,ShamAY0036821,1257,0,301,221,85
513,16,396,Shamela0001466,1389,1103,1483,300,98
513,67,391,Sham19Y0147312,1107,163,887,241,41
513,391,1204,Shamela0022769,776,32,631,243,32
513,220,396,JK009158,125,1137,1312,140,99
513,220,391,Sham19Y0013550,321,1029,1200,137,100
513,197,386,Zaydiyya0000062,912,117,308,151,98
513,209,349,Shamela0008378,128,1188,1329,107,95
513,0,197,Shamela0037458,2088,888,1085,158,100
513,197,396,Shamela0037458,2091,807,1006,159,100
513,197,391,JK000791,1208,150,360,155,92
513,1055,1237,Shamela0021766,2294,933,1357,127,38
513,220,349,JK007004,134,321,486,104,78
513,0,391,Shamela0000922,692,156,907,248,42
513,237,391,Tafsir07076,4550,285,454,118,88
513,6,391,JK007018,361,545,1234,307,55
513,220,396,Shamela0037325,1370,1200,1375,140,99
513,209,349,Shamela0037325,1501,1089,1235,108,92
513,106,391,JK009396,753,290,638,224,80
513,220,396,Sham19Y0023608,2103,109,285,141,100
513,237,349,Shamela0004482,362,1266,1378,90,100
513,220,396,Meshkat00042488,853,284,460,141,100
513,209,360,Rafed0003726Vols,749,1201,1352,110,91
513,946,1508,Shia002356Vols,597,1014,1433,168,31
513,0,127,Shia002356Vols,597,352,477,100,98
513,46,391,Shia002356Vols,598,554,935,240,78
513,220,349,Rafed0001140,264,406,535,104,100
513,391,1224,Shia002380Vols,403,118,815,290,35
513,46,391,Shia002380Vols,404,198,863,258,47
513,220,391,JK001496,1102,1296,1467,137,100
513,220,396,Shamela0008473,2620,1098,1274,139,98
513,214,396,Tafsir07055,3157,578,760,142,97
513,16,396,Shamela0023591,4214,904,1284,304,100
513,79,340,Shamela0023591,4217,1184,1487,192,79
513,197,396,JK009266,5444,315,560,158,80
513,197,396,Shamela0021821,941,0,199,159,100
513,209,349,JK001487,29,761,907,108,92
513,67,391,JK001420,491,319,770,214,57
513,214,391,JK006478,5354,1322,1500,138,97
513,209,349,Shamela0008206,428,124,270,108,92
513,0,391,Rafed0003943Vols,807,51,442,313,100
513,220,391,Shamela0010273,1380,1257,1428,137,100
513,220,391,Shamela0007798,5479,6,177,137,100
513,197,391,Tafsir06048,563,0,299,155,64
513,168,391,Sham19Y0014404,730,292,597,174,71
513,220,391,Meshkat00057178,2175,309,480,137,100
513,0,396,QuranAnalysis001,111,933,1329,317,100
513,1344,1486,Rafed0001713Vols,1272,1228,1464,99,52
513,918,1204,Rafed0001713Vols,1272,51,478,161,41
513,127,391,Rafed0001713Vols,1274,20,284,211,100
513,127,367,Shia002374Vols,251,998,1595,183,38
513,46,391,Shamela0000041,1355,79,479,262,82
513,0,396,Shamela0023578,1705,1011,1439,317,92
514,877,1424,Tafsir01005,3191,195,818,196,30
514,406,877,Meshkat00042485,3709,217,1037,258,38
514,877,1585,JK000791,1208,399,1058,277,38
514,674,1139,Shamela0021766,2296,720,1499,257,37
514,531,1415,ShamAY0033108,951,257,1110,288,33
514,572,1199,Tafsir08060,280,269,676,240,46
514,931,1420,Shamela0010273,1381,308,853,208,36
514,780,1082,Tafsir01006,755,875,1611,177,28
514,592,1441,Sham19Y0014404,730,15,1114,314,29
514,124,577,Rafed0001713Vols,1273,634,1460,239,36
514,618,1550,Shamela0000041,1355,598,1341,341,40
515,1108,1497,Shia001432Vols,19693,975,1358,197,49
515,397,707,Shia001432Vols,20809,0,309,251,99
515,71,417,Shamela0023632,1991,476,820,273,97
515,29,707,JK009268,2694,203,881,550,100
515,178,402,Sham19Y0023618,930,0,224,184,100
515,29,288,Shamela0023628,2066,1303,1561,209,99
515,302,712,Shamela0023628,2072,106,517,331,98
515,187,402,Rafed0003257Vols,3085,0,215,176,100
515,402,707,Rafed0003257Vols,3089,130,435,247,100
515,71,402,JK009270,2541,20,351,270,100
515,29,302,Meshkat0014420,2610,366,639,220,100
515,302,605,Meshkat0014420,2614,1255,1558,246,100
515,29,707,ShamAY0036821,1255,594,1265,534,97
515,302,707,ShamAY0036821,1260,202,1012,320,48
515,121,402,Shamela0001466,1390,0,275,224,97
515,76,402,Shamela0004445,78,0,326,266,100
515,413,707,Shamela0006947,8210,1233,1527,239,100
515,71,402,Shamela0006947,21751,16,348,270,99
515,413,712,Noorlib0000587,181,0,299,242,98
515,29,302,Shamela0037458,2091,959,1232,220,100
515,269,543,Shamela0037458,2096,364,654,205,87
515,0,349,JK000791,1208,1058,1570,278,66
515,738,1353,JK000791,1209,149,825,225,31
515,29,402,JK007018,362,112,461,280,91
515,402,707,ShamAY0038316,50,529,834,247,100
515,202,402,JK009396,754,0,200,164,100
515,29,402,Sham19Y0023608,2103,238,611,303,100
515,402,707,Sham19Y0023608,2106,520,825,247,100
515,402,707,JK000381,860,210,515,247,100
515,413,707,JK000381,4163,254,548,239,100
515,29,302,Meshkat00042488,853,413,686,220,100
515,973,1391,ShamIbadiyya0000075,451,1001,1518,188,36
515,402,707,Rafed0003726Vols,738,59,364,247,100
515,402,679,Shamela0004473,3024,1326,1617,220,93
515,101,397,Shia002356Vols,599,0,295,241,99
515,402,669,Shia002356Vols,599,1315,1580,216,99
515,402,707,Shamela0008473,240,6,311,247,100
515,71,402,Shamela0008473,2622,292,623,270,100
515,138,605,Shamela0008473,2624,331,1114,268,38
515,302,543,Shia002382Vols,971,257,690,192,54
515,29,320,Shamela0023591,4214,1237,1527,235,99
515,320,707,Shamela0023591,4215,0,387,315,100
515,385,712,Shamela0023591,4226,458,804,262,93
515,29,402,JK009266,5444,513,886,303,100
515,29,422,Shamela0021821,941,152,553,312,95
515,402,707,Shamela0021821,943,20,325,247,100
515,402,712,Zaydiyya0000074,61,254,572,251,96
515,724,1318,Tafsir08060,280,768,1286,246,43
515,71,402,Rafed0003943Vols,808,651,982,270,100
515,71,849,Shamela0010273,1382,267,916,285,35
515,1163,1523,Shamela0010273,1383,188,523,128,36
515,402,707,Shamela0010273,1384,544,849,247,100
515,0,302,Shamela0007798,5480,576,921,240,85
515,23,543,Shamela0007798,5484,49,617,319,62
515,29,297,QuranAnalysis001,111,1282,1549,216,99
515,297,707,QuranAnalysis001,112,0,410,334,100
515,302,707,Rafed0001713Vols,1277,541,1183,330,63
515,302,535,Tafsir04042,1184,318,704,184,58
515,413,707,Tafsir04056,593,7,308,239,97
515,402,707,Tafsir04056,764,924,1229,247,100
515,738,1241,Shamela0000041,1357,131,869,209,30
515,138,712,Shamela0023578,1706,0,573,462,99
516,778,1066,Shia001432Vols,20828,1015,1568,164,36
516,970,1406,Shamela0023632,1996,182,436,207,58
516,1406,1612,Shamela0023632,1998,72,279,167,99
516,970,1612,JK009268,2694,779,1240,373,71
516,970,1435,Sham19Y0023618,931,974,1270,219,56
516,1396,1612,Sham19Y0023618,933,959,1170,170,96
516,1254,1518,Shamela0023628,2079,119,389,212,96
516,970,1513,Rafed0003257Vols,3089,333,694,293,66
516,970,1406,Sham19Y0020891,3140,958,1352,170,39
516,1277,1518,Tafsir09068,633,714,1179,179,47
516,1341,1513,JK009270,2547,424,596,139,100
516,1254,1406,Meshkat0014420,2620,1293,1445,124,100
516,1406,1612,Meshkat0014420,2623,486,693,167,99
516,1022,1406,JK006476,834,11,458,194,44
516,1389,1612,JK006476,835,20,249,177,95
516,1428,1612,Tafsir01005,3201,155,702,149,33
516,970,1559,ShamAY0036821,1255,1163,1567,321,66
516,1254,1406,ShamAY0036821,1261,299,451,124,100
516,1396,1612,ShamAY0036821,1262,643,875,165,87
516,602,922,Shamela0001466,1397,755,1545,208,31
516,1316,1583,Tafsir02067,474,934,1543,214,43
516,1329,1612,Zaydiyya0000062,918,484,782,230,94
516,970,1406,Shamela0037458,2098,1271,1525,207,58
516,1385,1612,Shamela0037458,2103,12,239,180,97
516,1416,1612,JK000791,1213,0,197,159,99
516,696,917,Shamela0021766,2301,1267,1583,136,47
516,1254,1513,Shamela0000922,695,160,592,209,59
516,970,1612,JK007018,363,522,1438,357,42
516,1230,1513,Sham19Y0023608,2110,242,541,219,90
516,1292,1612,JK000818,300,461,1059,247,51
516,1341,1518,Meshkat00042488,858,323,797,136,35
516,1292,1612,ShamIbadiyya0000075,453,326,1128,256,39
516,1406,1612,Shamela0004473,2752,436,979,166,37
516,1406,1612,ShamAY0033108,954,1039,1477,160,45
516,1147,1406,Shia002356Vols,600,0,190,155,73
516,1406,1612,Shia002356Vols,601,897,1103,167,99
516,778,1341,Shia002380Vols,405,535,1415,280,37
516,1334,1612,Shia002380Vols,406,235,719,224,56
516,1254,1406,JK001496,1109,62,214,124,100
516,1224,1504,Tafsir02102,2512,532,1150,218,43
516,1341,1513,Shamela0008473,2646,138,670,139,32
516,1341,1504,Shia002382Vols,973,1165,1592,132,37
516,1254,1406,Noorlib0017761Vols,169,1293,1445,124,100
516,124,495,Tafsir05047,421,753,1293,185,37
516,1254,1612,Tafsir05047,423,6,576,211,42
516,1254,1406,Shamela0003055,3393,1415,1566,124,99
516,970,1612,Shamela0023591,4215,285,746,374,71
516,1254,1406,Shamela0023591,4231,0,152,124,100
516,1396,1612,Shamela0023591,4233,1155,1389,169,89
516,1406,1612,JK009266,5461,908,1115,167,99
516,970,1428,Shamela0021821,945,191,707,239,45
516,1254,1612,JK006478,748,798,1010,151,52
516,1147,1406,JK006478,5373,50,383,183,64
516,970,1518,Rafed0003943Vols,811,718,1084,295,66
516,1254,1406,Shamela0010273,1387,4,156,124,100
516,1254,1406,EShia0086596,130,881,1033,124,100
516,1406,1612,Shamela0007798,5512,867,1401,166,38
516,1247,1406,Shamela0008514,63,574,743,126,91
516,1254,1400,Masaha000554Vols,2681,1366,1518,119,96
516,970,1612,QuranAnalysis001,112,308,769,374,71
516,1254,1406,Shamela0011379,57,999,1151,124,100
516,778,1046,Rafed0001713Vols,1279,124,634,163,37
516,970,1518,Rafed0001713Vols,1280,388,1042,282,42
516,1359,1612,Shamela0000041,1363,588,863,204,91
516,1254,1612,Shamela0023578,1714,504,863,291,99
517,0,160,Shia001432Vols,537,1221,1381,128,98
517,0,160,Shia001432Vols,18696,1136,1296,128,98
517,0,160,Shamela0023632,1998,279,439,130,100
517,0,160,JK009268,2694,1240,1400,129,99
517,0,183,Sham19Y0023618,933,1170,1365,138,87
517,0,155,Zaydiyya0000144,174,730,889,124,95
517,0,160,Shamela0023628,2080,1310,1470,130,100
517,0,193,Rafed0003257Vols,3093,1240,1438,145,89
517,0,160,Meshkat0014420,2623,693,853,130,100
517,0,183,ShamAY0036821,1256,54,228,134,91
517,0,160,ShamAY0036821,1262,875,1033,127,98
517,0,167,Shia001171,16,116,291,129,90
517,0,149,Hindawi079291538,6,1379,1532,112,90
517,0,118,Shamela0004445,31,1468,1585,96,99
517,9,138,Shamela0006947,16671,0,129,105,100
517,0,160,Shamela0037458,2103,239,399,130,100
517,0,160,JK000791,1213,197,357,129,99
517,0,138,Shamela0023644,58,1161,1299,112,100
517,0,128,JK007018,363,1438,1565,103,97
517,0,160,JK009396,758,622,782,129,99
517,0,160,Sham19Y0023608,2113,402,562,130,100
517,0,160,Sham19Y0016953Vols,1540,21,181,130,100
517,0,138,JK000381,3375,118,256,111,99
517,425,1191,JK000818,300,468,1104,315,41
517,0,167,Rafed0003726Vols,738,1263,1427,130,96
517,0,160,Shamela0004473,2752,979,1139,130,100
517,0,160,Shamela0004473,6243,50,210,130,100
517,0,160,Shamela0004473,9336,1354,1514,130,100
517,0,160,Shamela0004473,11096,95,255,130,100
517,0,160,Shia002356Vols,601,1103,1263,130,100
517,0,160,JK001496,1110,1414,1573,128,98
517,0,171,Shamela0008473,2647,530,701,132,95
517,0,160,ShamAY0036031,181,1189,1349,129,99
517,0,160,Shamela0023591,4215,746,906,130,100
517,0,160,Shamela0023591,4233,1389,1549,130,100
517,0,160,JK009266,5461,1115,1275,129,99
517,0,160,Zaydiyya0000217,16,38,198,129,99
517,0,160,Shamela0021821,946,1153,1313,130,100
517,0,160,JK009362,4414,960,1119,128,98
517,0,160,JK001110,43,427,587,129,99
517,0,171,Shamela0007853,9,757,920,127,91
517,0,160,Shia003986,10,78,238,129,99
517,0,160,JK006478,5376,625,784,128,98
517,0,171,Rafed0003943Vols,814,550,721,133,95
517,0,164,Shamela0010273,1390,147,311,131,98
517,0,160,Shamela0001000,745,299,459,129,99
517,745,1091,Tafsir01006,760,124,627,169,39
517,0,160,Shamela0012293,1122,540,700,129,99
517,0,160,Shamela0012293,3891,77,236,128,98
517,0,160,Sham19Y0021575,152,127,287,130,100
517,0,160,Sham19Y0014404,734,715,1229,130,31
517,0,160,Masaha000554Vols,2684,811,975,123,90
517,0,160,QuranAnalysis001,112,769,929,130,100
517,0,155,Zaydiyya0000004,5,352,511,124,94
517,0,160,Rafed0003537Vols,279,1442,1601,130,99
517,0,160,Rafed0001713Vols,1282,536,696,130,100
517,0,510,Shamela0023578,1714,863,1322,243,52
517,707,1275,JK000876,719,253,987,241,34
518,0,487,Shia001432Vols,3627,569,1054,390,99
518,325,487,Shia001432Vols,30271,1030,1192,132,100
518,247,503,Shamela0023632,2003,416,669,199,97
518,247,414,Sham19Y0023625,2754,504,671,132,100
518,0,487,JK009268,2709,1116,1603,392,100
518,721,862,JK009268,2712,1183,1501,79,33
518,0,521,Sham19Y0023618,935,56,495,341,81
518,247,424,Shamela0022642,897,1118,1295,140,100
518,247,487,Shamela0023628,2088,867,1107,192,100
518,0,515,Rafed0003257Vols,3096,714,1229,403,97
518,318,495,Zaydiyya0000044,138,493,655,130,90
518,247,392,Sham19Y0020891,3155,872,1017,114,100
518,247,414,Sham19Y0020891,5504,699,872,122,90
518,183,435,Tafsir09068,635,241,965,201,34
518,296,445,JK009270,2554,0,149,116,97
518,107,487,Meshkat0014420,2630,300,680,306,100
518,0,487,ShamAY0036821,1265,444,928,387,98
518,189,487,ShamAY0036821,1266,787,1069,199,83
518,107,503,Shamela0004445,232,0,388,313,97
518,247,511,Sham19Y0014592,1124,678,934,200,95
518,107,395,Shamela0006947,15723,787,1072,228,98
518,318,503,Shamela0010517,457,581,763,143,95
518,247,487,Shamela0037458,2112,589,829,192,100
518,183,440,JK000791,1216,664,1122,177,46
518,264,440,Sham19Y0009800,47,0,176,140,100
518,5,503,JK007018,364,333,826,395,98
518,247,487,JK009396,759,1276,1516,192,100
518,0,385,Sham19Y0023608,2115,1112,1496,308,99
518,0,1345,Shamela0021715,2662,61,1032,620,53
518,107,344,JK000381,128,1330,1566,189,99
518,344,503,JK000381,129,0,171,127,91
518,107,414,JK000381,3570,996,1304,236,96
518,247,392,JK000381,4938,843,988,114,100
518,0,495,Shia003721Vols,143,390,884,393,98
518,0,487,Rafed0003726Vols,739,816,1303,392,100
518,0,503,Shamela0004473,5664,799,1314,400,96
518,0,487,Hindawi091929150,60,416,903,392,100
518,234,503,Sham19Y0145435,4990,0,261,210,97
518,0,487,Shia002356Vols,602,983,1468,390,99
518,0,487,Hindawi081316951,283,394,881,392,100
518,247,392,JK001496,1114,188,334,114,99
518,247,375,Shamela0008473,2650,1392,1519,100,99
518,0,487,Shamela0023591,4239,782,1269,392,100
518,247,487,Shamela0023591,4246,989,1229,192,100
518,0,565,JK009266,5468,261,873,434,88
518,247,503,JK001236,55,1026,1274,199,96
518,0,521,Shamela0021821,947,845,1452,419,85
518,247,392,Tafsir10066,823,936,1333,114,36
518,107,392,Shamela0011730,44,1168,1458,228,98
518,247,487,JK001110,81,178,418,192,100
518,107,480,Zaydiyya0000371,11,359,634,219,72
518,107,503,JK000376,32,1025,1433,316,96
518,0,487,Shia001625,40,477,965,392,99
518,247,790,Zaydiyya0000074,107,56,490,235,44
518,107,487,JK006478,5387,1165,1547,306,98
518,0,515,Rafed0003943Vols,817,943,1469,414,97
518,0,325,Shamela0010273,1392,442,767,260,100
518,325,487,Shamela0010273,1397,940,1102,132,100
518,0,487,JK009237,6089,716,1020,243,61
518,0,487,JK009237,6090,945,1249,243,61
518,247,392,Sham19Y0014404,737,1088,1420,114,43
518,0,487,QuranAnalysis001,112,963,1450,392,100
518,325,487,Shia001367,72,335,497,132,100
518,0,487,Rafed0001713Vols,1283,415,902,392,100
518,247,392,Tafsir07057,2930,289,814,114,27
518,143,503,Tafsir04056,2325,0,352,285,97
518,247,392,Shamela0009065,195,797,942,114,100
518,189,395,Shamela0000041,1367,299,534,155,81
518,5,521,Shamela0023578,1716,0,516,415,100
518,189,392,Shamela0023578,1718,910,1335,147,42
518,634,966,JK000876,720,627,1125,171,38
519,588,1079,Shia001432Vols,1830,1057,1551,399,98
519,1079,1225,Shia001432Vols,1831,0,146,120,100
519,613,1044,Shia001432Vols,24157,0,446,350,95
519,588,885,Shia001432Vols,31836,1372,1666,242,98
519,885,1044,Shia001432Vols,31837,0,159,128,100
519,588,850,Shamela0023632,2004,882,1143,213,99
519,850,1104,Shamela0023632,2006,533,787,207,100
519,1104,1298,Shamela0023632,2009,254,449,159,99
519,618,1079,Tafsir03097,921,6,1536,366,29
519,674,1298,JK009268,2710,0,625,509,99
519,588,850,Sham19Y0023618,938,27,288,213,99
519,850,1044,Sham19Y0023618,939,837,1031,157,100
519,1021,1298,Sham19Y0023618,940,591,922,227,83
519,715,1104,Shamela0023628,2092,580,1400,316,47
519,1104,1298,Shamela0023628,2096,1032,1227,159,99
519,581,928,Rafed0003257Vols,3101,1036,1382,280,98
519,920,1069,Rafed0003257Vols,3103,1431,1578,116,96
519,1069,1298,Rafed0003257Vols,3104,0,230,189,99
519,1104,1225,Rafed0003257Vols,3106,867,1343,99,25
519,715,1044,Sham19Y0020891,3163,791,1121,266,99
519,1044,1225,Sham19Y0020891,3166,1375,1555,149,99
519,567,928,Sham19Y0020966,192,1062,1520,204,50
519,588,920,Zaydiyya0000013,221,816,1148,271,100
519,598,991,Tafsir09068,636,77,1583,311,25
519,1104,1313,Tafsir09068,637,879,1380,164,40
519,472,715,JK009270,2555,1370,1543,144,71
519,715,991,JK009270,2556,0,275,223,99
519,1034,1302,JK009270,2559,0,270,219,98
519,710,1044,Shamela0005756,7947,853,1192,267,96
519,588,928,Meshkat0014420,2635,336,676,278,100
519,1044,1298,Meshkat0014420,2642,174,428,209,100
519,588,1044,Sham19Y0016584,1910,759,1314,371,82
519,1086,1298,JK006476,842,306,862,162,35
519,1104,1225,Shamela0006879,36,898,1019,99,100
519,431,1266,ShamAY0036821,1265,865,1598,593,87
519,715,928,ShamAY0036821,1267,393,605,172,99
519,928,1193,ShamAY0036821,1267,1265,1527,214,98
519,1029,1298,Shamela0001466,1414,1120,1416,210,84
519,715,928,Sham19Y0147312,1120,346,559,173,100
519,731,1044,Sham19Y0014592,1675,0,409,253,76
519,588,1044,Sham19Y0018176,952,774,1499,371,62
519,715,984,Zaydiyya0000062,925,59,330,218,98
519,653,1034,Shamela0037458,2115,1229,1609,306,98
519,1166,1298,Shamela0037458,2120,0,132,107,100
519,588,1044,JK000110,608,365,912,371,83
519,809,1044,JK000791,1219,10,722,154,25
519,472,991,Shamela0000922,697,402,1310,142,16
519,715,1298,JK007018,365,78,1096,474,57
519,588,1044,Sham19Y0018103,1732,598,1145,371,83
519,715,991,JK009396,760,1265,1541,224,100
519,1024,1329,JK009396,762,1082,1461,195,61
519,588,916,Sham19Y0023608,2119,1236,1562,267,99
519,916,1308,Sham19Y0023608,2120,0,394,312,96
519,661,1053,Shamela0021715,3941,1078,1504,302,88
519,809,991,Sham19Y0016953Vols,4,17,199,147,100
519,850,991,Meshkat00042488,865,12,504,115,28
519,932,1298,Rafed0003726Vols,743,54,416,185,54
519,661,1142,Shamela0022371,217,902,1418,131,20
519,581,928,Shia002356Vols,604,666,1010,278,97
519,885,1298,Shia002356Vols,605,501,945,331,91
519,472,1160,Tafsir04038,321,667,1472,396,55
519,668,1069,Shia002380Vols,408,680,1506,322,47
519,588,1044,PV2024060602,608,365,912,371,83
519,715,1044,JK001496,1117,1188,1517,266,100
519,1034,1225,JK001496,1119,1035,1250,157,88
519,715,928,JK010552,853,348,561,172,97
519,674,991,Shamela0008473,2652,162,863,258,45
519,1104,1225,Shamela0008473,2659,0,121,99,100
519,1044,1298,JK009265,209,616,871,208,98
519,715,885,JK009265,211,1027,1198,138,99
519,1104,1225,Kraken220413203004,372,639,760,99,100
519,1160,1313,Tafsir05047,426,1355,1613,108,51
519,588,928,JK000429,71,945,1285,278,100
519,763,991,JK009172,46,362,600,184,95
519,273,878,Shamela0023591,4239,1154,1557,327,66
519,878,1298,Shamela0023591,4240,0,421,343,99
519,715,928,Shamela0023591,4250,847,1060,173,100
519,916,1308,Shamela0023591,4252,410,800,307,96
519,588,1361,JK009266,5479,602,1354,609,95
519,588,1225,AOCP20251104124,7,1130,1389,196,37
519,715,928,Shamela0021821,950,845,1058,173,100
519,920,1225,Shamela0021821,951,18,337,248,95
519,588,1044,Sham19Y0018106,1755,309,890,371,78
519,1044,1225,JK009362,4428,435,616,149,100
519,1044,1298,JK001110,43,593,848,209,99
519,850,1006,JK001420,495,974,1379,115,34
519,991,1302,JK001420,496,365,1450,203,23
519,715,928,JK006478,5395,1225,1438,173,100
519,1021,1298,JK006478,5399,1136,1448,227,88
519,588,850,Rafed0003943Vols,819,712,973,213,99
519,850,1044,Rafed0003943Vols,820,800,994,157,100
519,1037,1302,Rafed0003943Vols,821,23,292,213,96
519,588,891,Shamela0010273,1398,1286,1587,247,99
519,928,1160,Shamela0010273,1400,1401,1632,190,99
519,845,991,Shamela0007798,5535,268,704,112,31
519,1104,1225,Shamela0007798,5548,1030,1153,99,98
519,668,1044,Sham19Y0013605,2271,630,1036,293,89
519,267,661,Sham19Y0014404,738,107,671,196,38
519,632,835,Sham19Y0014404,738,1137,1592,163,43
519,715,991,Sham19Y0014404,739,20,616,221,45
519,991,1142,Sham19Y0014404,740,790,1586,124,18
519,1131,1298,Sham19Y0014404,741,23,836,133,20
519,850,991,Meshkat00057178,2192,73,498,115,33
519,1131,1302,Meshkat00057178,2195,127,784,130,24
519,588,920,Masaha000554Vols,2696,67,404,266,96
519,715,928,Masaha000554Vols,2697,604,868,170,79
519,928,1290,Masaha000554Vols,2699,944,1313,289,94
519,588,928,Zaydiyya0000075BK4,46,278,616,277,99
519,273,727,QuranAnalysis001,112,1335,1588,207,55
519,727,1298,QuranAnalysis001,113,0,571,465,100
519,715,857,Rafed0001713Vols,1287,1459,1600,115,99
519,1021,1302,Rafed0001713Vols,1290,81,410,227,84
519,644,928,Tafsir04042,1189,1071,1474,174,52
519,1104,1225,Tafsir04056,4417,895,1348,99,26
519,588,850,Shamela0000041,1368,231,647,214,62
519,774,991,Shamela0000041,1369,57,381,169,63
519,954,1104,Shamela0000041,1370,805,955,117,96
519,1142,1313,Shamela0000041,1372,307,711,130,39
519,588,1502,Shamela0023578,1719,466,1471,668,77
519,715,920,Zaydiyya0000388,42,1283,1488,166,100
520,437,695,JK009268,2717,77,814,161,27
520,231,753,JK000865,337,21,635,240,42
520,1266,1432,Shamela0021715,3943,693,1013,106,40
520,9,764,Shamela0008473,2652,169,863,325,40
520,191,831,Sham19Y0014404,739,20,832,319,40
520,293,764,Shamela0000041,1369,0,381,215,51
521,1128,1372,ShamAY0037152,277,459,703,198,100
521,1078,1456,Shia001432Vols,2489,373,690,237,76
521,1074,1284,Shamela0023632,2010,1002,1212,171,100
521,1284,1523,Shamela0023632,2012,1304,1543,192,100
521,292,514,JK009268,2719,735,1094,123,41
521,1048,1580,JK009268,2722,527,1046,400,90
521,1291,1580,Sham19Y0023618,943,1199,1485,127,47
521,1211,1456,Sham19Y0023618,943,403,692,169,72
521,1456,1580,Sham19Y0023618,944,45,470,57,15
521,1211,1333,Shamela0023628,2099,1442,1563,97,99
521,1333,1580,Shamela0023628,2100,0,247,199,99
521,1074,1284,Rafed0003257Vols,3109,978,1195,171,96
521,1284,1580,Rafed0003257Vols,3111,552,848,238,99
521,410,621,Sham19Y0020891,3169,129,744,118,22
521,1291,1560,Sham19Y0020891,3184,157,395,146,58
521,1097,1440,Sham19Y0020966,193,923,1401,249,62
521,1456,1580,Tafsir09068,639,986,1396,100,30
521,1284,1420,JK010001,3018,1282,1417,110,99
521,1097,1372,JK009270,2562,1141,1414,222,99
521,1353,1580,JK009270,2571,793,1002,168,91
521,1319,1580,ShamAY0034106,170,518,821,114,36
521,1211,1456,Meshkat0014420,2649,680,924,197,99
521,1456,1580,Meshkat0014420,2653,6,131,100,99
521,1028,1580,ShamAY0036821,1270,445,954,397,89
521,1284,1563,ShamAY0036821,1272,1202,1475,218,97
521,1380,1580,ShamAY0036821,1273,44,208,122,76
521,1284,1420,JK000081,190,504,656,110,89
521,245,514,Shamela0001466,1416,568,1173,149,30
521,1284,1420,Shamela0004445,3011,815,972,110,86
521,1039,1461,Shamela0037458,2123,858,1301,331,92
521,1211,1420,JK000791,1225,238,774,168,38
521,1456,1580,JK000791,1226,941,1418,67,16
521,1372,1580,Shamela0000922,701,143,731,152,32
521,820,1580,JK007018,366,79,1335,476,42
521,1211,1456,JK009396,764,833,1481,163,29
521,1456,1580,JK009396,765,563,688,100,99
521,1028,1215,Sham19Y0023608,2129,1478,1642,125,81
521,1284,1580,Sham19Y0023608,2132,804,1100,238,99
521,602,1128,Meshkat00042488,867,63,804,208,30
521,1299,1551,ShamIbadiyya0000075,458,882,1615,191,31
521,282,690,Shia002356Vols,606,645,1057,161,35
521,1074,1420,Shia002356Vols,607,61,404,279,99
521,1380,1580,Shia002356Vols,608,439,667,150,76
521,916,1434,Tafsir04038,322,184,905,307,46
521,131,1353,Shia002380Vols,409,135,1363,530,38
521,1284,1420,Shamela0008473,2561,246,382,110,100
521,1128,1372,Shamela0008473,2663,900,1549,198,37
521,1456,1580,Shamela0008473,2664,939,1064,100,99
521,131,621,Shia002382Vols,982,274,628,161,34
521,1284,1420,Tafsir07055,3109,826,960,109,98
521,1028,1580,Shamela0023591,4260,55,592,418,93
521,1097,1284,Shamela0023591,4262,451,638,152,100
521,1284,1456,Shamela0023591,4266,53,225,139,100
521,1456,1580,Shamela0023591,4267,1333,1457,99,98
521,1074,1456,JK009266,5493,31,424,309,96
521,1456,1580,JK009266,5502,873,998,100,99
521,1456,1580,Tafsir10098,770,1046,1379,100,37
521,705,1284,Shamela0021821,952,675,1512,285,37
521,1211,1580,Shamela0021821,954,197,779,295,62
521,1284,1456,JK006478,5412,1335,1506,139,99
521,1456,1580,JK006478,5417,983,1109,100,98
521,218,1008,Tafsir08060,283,631,1116,193,25
521,1074,1420,Rafed0003943Vols,822,1165,1511,281,100
521,881,1284,Shamela0010273,1405,301,822,230,48
521,1165,1456,Shamela0010273,1406,849,1301,185,50
521,1456,1580,Shamela0010273,1408,49,173,99,98
521,148,449,Tafsir01006,766,462,1116,175,31
521,405,1020,Sham19Y0014404,741,202,1003,209,25
521,1456,1580,Meshkat00057178,2199,1202,1553,100,35
521,916,1580,QuranAnalysis001,113,513,1064,444,82
521,1284,1420,Rafed0003489,300,418,569,110,90
521,148,514,Rafed0001713Vols,1291,620,1307,243,43
521,1028,1284,Rafed0001713Vols,1293,485,884,200,61
521,1271,1580,Rafed0001713Vols,1295,661,969,240,93
521,1330,1491,ShamAY0035955,228,766,1161,69,21
521,1456,1580,Tafsir07057,2950,456,581,100,99
521,1284,1420,Tafsir04056,68,1024,1160,110,100
521,1284,1420,Tafsir04056,2820,613,749,110,100
521,602,1165,Shamela0000041,1372,554,1042,268,49
521,1211,1479,Shamela0000041,1373,1010,1277,205,96
521,1456,1580,Shamela0000041,1374,900,1025,100,99
521,1078,1580,Shamela0023578,1724,983,1485,406,99
521,131,514,JK000876,725,264,891,198,38
522,1127,1452,Tafsir09083,735,394,633,93,29
522,837,1268,Sham19Y0147312,1128,302,1151,132,16
522,1133,1604,Zaydiyya0000062,929,399,970,201,32
522,630,1268,JK000791,1225,11,753,219,27
522,1127,1452,Shamela0000922,700,1346,1522,90,33
522,837,1268,JK009396,764,918,1424,158,28
522,1060,1520,Meshkat00042488,869,38,786,196,28
522,1127,1452,Tafsir02102,2522,83,483,111,24
522,669,1268,Shamela0021821,954,15,597,226,31
522,669,931,Sham19Y0013231,2330,723,1025,119,40
522,630,931,Tafsir08060,283,1297,1579,138,45
522,1004,1604,Tafsir08060,284,6,449,259,48
522,630,1284,Sham19Y0014404,742,611,1540,256,29
522,1127,1470,Shamela0009065,523,64,238,97,35
522,630,1268,Shamela0000041,1373,665,1198,249,39
522,565,1169,Shamela0023578,1725,797,1380,274,45
523,713,915,Shia001432Vols,537,1393,1595,165,99
523,915,1085,Shia001432Vols,538,0,170,140,100
523,1367,1593,Shia001432Vols,18621,617,948,140,48
523,1308,1593,Shia001432Vols,19694,16,514,173,39
523,713,975,Shamela0023632,2016,1296,1558,213,100
523,406,1177,JK009268,2722,1050,1614,451,71
523,713,975,Sham19Y0023618,945,309,571,213,100
523,975,1166,Sham19Y0023618,946,35,226,159,100
523,414,975,JK001137,40,1253,1606,287,62
523,783,1055,Shamela0023628,2105,218,489,218,98
523,1050,1177,Shamela0023628,2111,14,141,102,97
523,406,923,Rafed0003257Vols,3111,852,1162,249,58
523,923,1166,Rafed0003257Vols,3118,1226,1469,200,100
523,713,923,Sham19Y0020891,3185,539,749,172,100
523,881,1050,Tafsir09068,641,256,848,138,28
523,713,1055,JK009270,2576,826,1168,278,99
523,1050,1177,JK009270,2582,615,742,102,97
523,819,1050,Meshkat0014420,2659,315,546,189,100
523,406,1166,ShamAY0036821,1270,958,1499,435,70
523,819,1166,ShamAY0036821,1274,309,649,277,97
523,196,397,Meshkat00042485,3767,853,1267,83,25
523,1389,1593,Meshkat00042485,3773,244,551,135,49
523,304,996,Shamela0003259,86,24,726,200,27
523,713,881,Sham19Y0147312,1131,405,573,138,100
523,888,1060,Zaydiyya0000062,931,1235,1635,136,40
523,819,1134,Shamela0037458,2134,445,760,260,100
523,196,660,Shamela0021766,2327,771,1200,189,41
523,1180,1511,Shamela0021766,2328,706,1066,163,44
523,888,1166,Shamela0000922,703,140,723,148,30
523,536,923,JK007018,367,318,679,222,64
523,881,1166,JK007018,368,46,436,232,72
523,713,923,JK009396,766,1237,1447,172,100
523,923,1166,JK009396,768,892,1135,200,100
523,713,923,Sham19Y0023608,2136,916,1126,172,100
523,923,1166,Sham19Y0023608,2139,1245,1488,200,100
523,923,1166,JK000818,305,13,558,186,41
523,713,1177,Shamela0004473,6227,1078,1542,378,99
523,713,1166,Shamela0004473,10256,73,526,372,100
523,787,1166,Shia002356Vols,609,951,1348,294,88
523,819,1123,Tafsir04038,324,48,813,219,33
523,78,740,Shia002380Vols,410,78,521,236,40
523,923,1177,Shia002380Vols,411,1084,1544,180,45
523,713,923,JK001496,1126,74,285,172,99
523,713,923,Shamela0008473,2665,326,536,172,100
523,881,1166,Shamela0008473,2666,706,1416,234,40
523,1224,1497,Shia002382Vols,985,834,1280,137,37
523,996,1224,Shia002382Vols,987,419,851,143,38
523,406,1166,Shamela0023591,4260,596,1149,448,71
523,819,1166,Shamela0023591,4272,1005,1352,285,100
523,430,1193,JK009266,5506,543,1342,446,57
523,670,912,Shamela0021821,955,1331,1597,190,87
523,912,1614,Shamela0021821,956,0,1034,396,42
523,757,915,Shia002389Vols,1402,576,821,128,64
523,819,1177,JK001110,43,883,1241,291,99
523,757,923,JK001420,498,837,1408,132,28
523,78,875,Tafsir08060,284,449,1308,356,39
523,713,1193,Rafed0003943Vols,826,195,605,325,82
523,713,1221,Shamela0010273,1409,761,1291,404,93
523,1285,1598,Shamela0010273,1410,0,570,195,39
523,304,713,Tafsir01006,770,157,650,204,47
523,304,708,Tafsir04003,2315,720,1438,156,23
523,1273,1511,Sham19Y0014404,744,236,814,151,32
523,149,529,Meshkat00057178,2200,0,544,137,27
523,406,1161,QuranAnalysis001,113,1068,1615,444,71
523,713,1085,Rafed0003537Vols,280,9,381,305,100
523,304,652,Rafed0001713Vols,1297,702,1135,150,35
523,787,1039,Rafed0001713Vols,1298,1296,1641,206,72
523,645,1014,Shamela0023578,1727,84,455,257,80
523,923,1177,Shamela0023578,1730,597,851,186,89
524,1036,1523,Tafsir09083,737,436,1138,249,38
524,0,200,Meshkat00042485,3773,596,868,114,52
524,459,1486,ShamIbadiyya0000075,460,35,677,233,22
524,0,238,Shamela0010273,1410,744,1042,149,61
524,0,318,Tafsir01006,771,55,438,155,45
524,0,255,Rafed0001713Vols,1299,115,472,159,53
525,108,362,Shia001432Vols,3303,1287,1540,203,99
525,362,720,Shia001432Vols,3304,0,358,287,100
525,196,744,Shia001432Vols,19669,0,552,440,99
525,184,436,Shamela0023632,2023,426,678,200,100
525,436,782,Shamela0023632,2025,634,980,279,100
525,163,782,JK009268,2723,0,619,495,100
525,108,436,Sham19Y0023618,947,312,640,261,100
525,214,436,Sham19Y0023618,948,0,222,176,100
525,648,782,Sham19Y0023618,948,1341,1475,107,100
525,46,312,Shamela0023628,2111,98,334,189,88
525,312,668,Shamela0023628,2115,147,503,285,100
525,46,782,Rafed0003257Vols,3120,544,1385,570,84
525,436,644,Rafed0000110,14,0,208,169,100
525,184,542,Sham19Y0020891,3190,698,1056,285,100
525,542,782,Sham19Y0020891,3191,163,403,194,100
525,286,568,Tafsir09068,643,290,1120,222,33
525,300,491,JK009270,2589,210,425,146,85
525,491,782,JK009270,2590,1058,1349,235,100
525,90,312,Meshkat0014420,2664,963,1185,171,96
525,312,491,Meshkat0014420,2667,499,677,139,98
525,326,440,Meshkat0014420,2668,107,247,89,81
525,491,668,Meshkat0014420,2669,475,652,144,100
525,312,819,ShamAY0036821,1275,0,495,379,93
525,436,782,Shamela0001466,1434,272,611,269,96
525,322,564,Sham19Y0147312,1135,585,1215,181,36
525,184,782,Shamela0004445,77,474,1072,479,100
525,108,782,Shamela0004445,95,226,900,540,100
525,286,491,Sham19Y0014592,87,561,766,163,100
525,346,644,Hindawi049164181,33,573,871,239,100
525,46,350,Shamela0037458,2138,1186,1460,217,89
525,346,724,Shamela0037458,2143,391,769,300,99
525,90,286,JK000791,1234,261,457,145,87
525,286,668,JK000791,1235,1086,1468,307,100
525,108,461,JK007018,368,1176,1527,280,99
525,564,782,JK007018,369,1052,1273,176,98
525,184,571,JK009396,771,458,857,305,96
525,564,782,JK009396,772,152,370,176,100
525,108,1081,Sham19Y0023608,2142,129,1134,625,73
525,262,451,Sham19Y0023608,2144,0,188,142,95
525,346,461,Shamela0001340,104,505,620,90,100
525,286,440,Meshkat00042488,875,731,1447,122,21
525,108,753,Shia003721Vols,2,940,1582,516,99
525,235,491,Shia003721Vols,7,0,255,204,99
525,564,744,Sham19Y0145435,4910,1122,1302,146,100
525,214,782,Sham19Y0145435,4924,0,567,453,99
525,184,491,Sham19Y0145435,4927,1190,1496,242,99
525,71,403,Shia002356Vols,610,1186,1530,258,90
525,403,644,Shia002356Vols,611,0,240,194,99
525,644,782,Shia002356Vols,612,493,631,109,98
525,196,521,Shia002380Vols,412,431,1168,253,42
525,346,461,Shamela0001419,196,538,653,90,100
525,184,782,JK001496,1128,624,1222,477,99
525,184,436,Tafsir02102,2526,530,829,198,82
525,184,393,Shamela0008473,2670,1327,1535,166,99
525,564,782,Shamela0008473,2672,87,305,176,100
525,286,436,Shia002382Vols,993,326,536,119,70
525,359,744,Shamela0003055,3739,192,416,68,18
525,108,423,Shamela0023591,4275,1351,1665,251,99
525,423,782,Shamela0023591,4276,0,359,289,100
525,136,819,JK009266,5518,0,682,537,96
525,149,465,Hindawi018502737,89,1222,1537,251,99
525,465,720,Hindawi018502737,90,0,255,206,100
525,46,782,Shamela0021821,958,583,1321,568,94
525,184,377,JK009362,4458,1425,1616,151,97
525,377,491,JK009362,4459,0,114,91,100
525,644,782,JK009362,4464,1137,1275,110,100
525,149,491,JK006478,5440,637,1024,270,87
525,491,668,JK006478,5443,1254,1432,144,99
525,46,782,Rafed0003943Vols,834,159,865,565,95
525,184,668,Shamela0010273,1415,921,1405,388,100
525,205,491,Shamela0007798,5587,137,866,159,25
525,156,564,Tafsir06048,579,477,1497,322,39
525,286,491,Meshkat00057178,2207,340,781,161,45
525,184,436,Masaha000554Vols,2746,443,938,194,49
525,108,782,QuranAnalysis001,114,5,679,540,100
525,71,915,Rafed0001713Vols,1301,477,1466,620,76
525,188,436,Tafsir04042,1197,1400,1658,195,94
525,564,744,Tafsir04056,2000,0,180,146,100
525,564,744,Tafsir04056,2492,384,564,146,100
525,440,744,Tafsir04056,4500,369,624,140,54
525,312,648,Shamela0000041,1381,1073,1409,269,100
525,564,782,Shamela0000041,1382,440,801,175,60
525,149,1419,Shamela0023578,1734,264,1386,672,55
525,205,644,Shamela0023578,1735,129,692,277,57
525,782,1301,JK000876,731,215,966,217,33
526,172,1474,Tafsir09083,739,153,1063,358,31
526,826,1097,Sham19Y0020891,3195,1031,1153,90,41
526,0,336,Meshkat00042485,3785,388,900,181,43
526,0,1249,ShamIbadiyya0000075,461,148,1353,400,30
526,29,767,Shia002356Vols,611,843,1409,219,32
526,0,515,Shia002380Vols,412,817,1254,216,42
526,450,767,JK001496,1129,754,1077,129,42
526,0,926,Tafsir02102,2526,741,1474,288,30
526,0,515,Tafsir06048,579,1194,1497,188,44
526,0,257,Rafed0001713Vols,1303,1056,1487,157,46
526,0,422,JK000876,732,218,733,190,38
526,422,848,JK000876,732,896,1442,169,33
527,258,391,Shamela0008381,867,1247,1380,107,100
527,258,391,Shia001432Vols,2170,1214,1347,107,100
527,450,797,Shia001432Vols,3677,646,993,281,100
527,493,800,Shia001432Vols,3684,347,852,191,44
527,493,797,Shia001432Vols,3703,827,1287,185,47
527,258,405,Shamela0023632,2027,1365,1511,118,99
527,493,800,Shia001140Vols,556,995,1487,190,44
527,258,391,Shamela0000894,1119,840,973,107,100
527,167,450,JK009268,2723,596,811,173,75
527,450,797,JK009268,2745,1289,1636,281,100
527,258,450,Sham19Y0023618,949,448,640,155,100
527,405,672,Sham19Y0023618,950,370,641,188,86
527,283,743,Shamela0023628,2118,1132,1591,371,99
527,258,391,Shia003710,222,62,197,107,98
527,450,672,Rafed0003257Vols,1020,1228,1450,179,100
527,167,391,Rafed0003257Vols,3120,1362,1518,125,69
527,353,797,Rafed0003257Vols,3127,640,1270,359,70
527,472,672,Tafsir09083,742,106,646,154,35
527,475,648,Tafsir09084,1319,116,548,130,37
527,450,732,Sham19Y0020891,2824,1292,1478,146,63
527,252,391,Sham19Y0020891,3196,1354,1493,110,98
527,329,672,Sham19Y0020891,3198,462,859,249,77
527,261,391,JK000030,251,0,130,105,100
527,261,518,JK009270,2594,69,357,203,87
527,542,736,JK009270,2596,0,195,155,97
527,258,1170,Shamela0000140,2219,132,865,328,35
527,450,672,Meshkat0014420,2674,1253,1475,179,100
527,252,797,ShamAY0036821,1275,940,1481,432,97
527,258,518,ShamAY0036821,1276,1219,1478,208,98
527,450,672,ShamAY0036821,1277,487,706,176,98
527,258,391,Shia001171,476,484,617,107,100
527,524,672,Shia000233,217,1374,1521,119,99
527,291,808,Tafsir02104,273,704,1473,271,41
527,450,797,Shamela0004445,252,194,547,281,98
527,344,548,Zaydiyya0000062,936,402,616,165,95
527,258,391,Shamela0006947,461,1138,1271,107,100
527,167,493,Shamela0037458,2147,1356,1613,208,78
527,518,797,Shamela0037458,2153,836,1115,226,100
527,167,391,JK000791,1237,1334,1524,132,71
527,353,553,JK000791,1238,1101,1313,145,84
527,391,797,JK000791,1239,128,698,271,59
527,258,391,Shamela0012014,396,828,961,107,100
527,353,524,Shamela0000922,704,1151,1437,120,52
527,518,797,JK000368,115,0,279,226,100
527,472,732,Tafsir07076,4887,780,1040,210,100
527,450,615,Hindawi085925824,96,1413,1577,134,99
527,450,672,JK007018,370,997,1219,179,100
527,258,450,JK007018,370,154,346,154,98
527,258,391,Rafed0000705Vols,1294,293,426,107,100
527,258,391,JK009396,772,1451,1583,107,99
527,391,609,JK009396,773,1369,1585,157,89
527,258,391,Sham19Y0023608,2146,1318,1451,107,100
527,303,797,Sham19Y0023608,2148,805,1410,387,79
527,450,811,Shia002333,74,500,860,283,97
527,518,635,JK000381,1008,1336,1453,95,100
527,61,303,Meshkat00042488,877,907,1139,90,32
527,499,762,Meshkat00042488,879,150,1323,207,21
527,443,676,Shia003721Vols,140,1319,1553,182,95
527,450,797,Shia003721Vols,164,84,431,281,100
527,258,391,Shamela0021537,1237,879,1126,107,53
527,258,391,Shamela0021537,5512,191,438,107,53
527,258,391,Shamela0021537,6205,513,646,107,100
527,450,797,Sham19Y0145435,4957,915,1262,281,100
527,536,672,Sham19Y0145435,4988,0,136,110,100
527,167,450,Shia002356Vols,612,608,821,171,75
527,443,797,Shia002356Vols,613,35,386,279,97
527,97,518,Shia002380Vols,413,920,1544,236,39
527,518,811,Shia002380Vols,414,20,348,224,83
527,252,391,JK001496,1130,1147,1289,110,96
527,427,672,JK001496,1131,881,1128,197,98
527,258,383,Zaydiyya0000328,387,1183,1308,100,100
527,596,811,Tafsir02102,2528,192,658,165,44
527,258,450,Shamela0008473,2674,826,1018,155,100
527,450,672,Shamela0008473,2678,34,256,179,100
527,31,635,Shia002382Vols,995,227,1501,344,30
527,405,808,Tafsir05047,431,702,1566,268,39
527,486,797,Masaha004648Vols,401,7,460,187,47
527,258,797,Shamela0023591,4280,1093,1631,436,99
527,258,450,Shamela0023591,4282,1170,1362,155,100
527,391,672,Shamela0023591,4285,290,544,205,90
527,258,443,JK009266,5529,880,1080,127,78
527,405,797,JK009266,5533,752,1143,296,93
527,450,672,JK000095,11,996,1218,179,100
527,167,391,Shamela0021821,958,1298,1454,125,69
527,367,797,Shamela0021821,961,720,1179,348,93
527,493,800,Shia002389Vols,1221,981,1473,189,44
527,493,732,Shia002389Vols,1415,1058,1356,151,58
527,353,499,Tafsir10066,836,854,1394,118,27
527,258,409,JK009362,4467,787,939,109,90
527,450,672,JK009362,4469,595,817,179,100
527,258,391,Shamela0010428BK2,7,802,935,107,100
527,323,512,JK001420,501,1083,1533,115,31
527,258,391,Shamela0000107,831,753,886,107,100
527,450,732,Zaydiyya0000206,38,907,1189,228,100
527,258,391,JK006478,5452,132,266,107,99
527,391,672,JK006478,5457,109,376,208,91
527,167,553,Rafed0003943Vols,834,842,1160,256,82
527,553,797,Rafed0003943Vols,848,264,508,198,100
527,167,391,Shamela0010273,1419,915,1071,125,69
527,450,797,Shamela0010273,1424,391,738,281,100
527,353,808,Tafsir06048,582,301,1136,358,53
527,167,797,QuranAnalysis001,114,656,1218,454,89
527,258,391,Rafed0001713Vols,1306,976,1109,107,100
527,336,672,Rafed0001713Vols,1307,508,921,263,77
527,258,391,Shamela0010428BK20,7,802,935,107,100
527,443,635,Tafsir04056,241,368,559,152,96
527,443,672,Tafsir04056,1036,846,1074,181,97
527,493,686,Tafsir04056,3909,1321,1567,127,58
527,450,797,Tafsir04056,3913,401,748,281,100
527,258,1333,Shamela0000041,1383,691,1547,376,35
527,423,589,Shamela0000041,1384,59,225,134,100
527,626,797,Shamela0000041,1385,0,171,139,100
527,167,450,Shamela0023578,1734,899,1114,173,75
527,450,651,Shamela0023578,1737,1281,1481,162,99
527,651,797,Shamela0023578,1738,0,146,119,100
528,1368,1533,JK000062,198,281,445,134,99
528,1135,1598,Shia001432Vols,3677,993,1459,380,99
528,1135,1319,Shamela0023632,2032,61,245,150,100
528,1319,1526,Shamela0023632,2034,1293,1499,169,99
528,1205,1598,JK009268,2746,0,395,325,99
528,1135,1282,Sham19Y0023618,950,1472,1618,120,99
528,1319,1598,Sham19Y0023618,951,839,1119,231,99
528,1135,1473,Shamela0023628,2122,32,370,276,100
528,1473,1598,Shamela0023628,2123,992,1118,105,99
528,1368,1598,Hindawi013961474,96,21,450,191,53
528,1135,1473,Rafed0003257Vols,3127,1270,1607,276,99
528,1473,1598,Rafed0003257Vols,3128,0,126,105,99
528,1394,1504,Rafed0003257Vols,3131,242,757,89,21
528,287,694,Shamela0022593,1285,901,1501,163,28
528,1129,1319,Shamela0022593,1286,262,721,133,36
528,1344,1598,LMN20251118,173,606,887,185,70
528,1104,1368,Sham19Y0020891,3204,1183,1451,195,89
528,1368,1598,Sham19Y0020891,3207,254,486,191,99
528,1368,1533,JK010001,716,521,686,135,100
528,1180,1368,JK009270,2598,1240,1428,154,100
528,1368,1533,JK009270,2600,314,479,135,100
528,1368,1598,Meshkat0014420,2679,601,832,191,99
528,1120,1492,JK006476,856,899,1464,273,60
528,1349,1598,JK006476,857,610,1143,186,42
528,1186,1598,ShamAY0036821,1276,0,405,332,97
528,1368,1519,ShamAY0036821,1279,1403,1551,121,98
528,1135,1319,Sham19Y0147312,1141,435,619,150,100
528,1135,1598,Shamela0004445,252,556,1029,379,97
528,1368,1504,Shamela0004445,258,184,320,111,100
528,554,1235,Shamela0022769,795,776,1407,168,20
528,225,694,Zaydiyya0000062,937,405,983,215,41
528,1124,1385,Zaydiyya0000062,937,1223,1495,206,92
528,1394,1598,Zaydiyya0000062,939,174,393,169,93
528,1160,1504,Shamela0037458,2156,85,429,281,100
528,1135,1368,JK000791,1239,698,931,190,100
528,1319,1504,JK000791,1240,1224,1480,143,65
528,1398,1598,JK000791,1241,48,448,151,44
528,629,1216,Shamela0021766,2343,40,1082,270,29
528,1180,1312,Shamela0000922,705,1112,1266,91,73
528,1135,1319,JK000368,115,279,463,150,100
528,1135,1598,JK007018,371,229,828,378,76
528,1135,1533,JK009396,775,314,1109,277,39
528,1135,1286,Sham19Y0023608,2148,1410,1560,123,99
528,1286,1598,Sham19Y0023608,2149,0,313,258,99
528,1394,1504,Sham19Y0023608,2156,395,1337,89,11
528,34,1385,JK000818,307,104,1365,477,33
528,30,225,Meshkat00042488,879,198,570,88,28
528,315,702,Meshkat00042488,879,871,1570,184,33
528,821,1319,Meshkat00042488,880,145,1057,229,26
528,1394,1533,Meshkat00042488,881,443,866,113,32
528,1135,1598,Shia003721Vols,164,431,896,381,99
528,1368,1504,Shia003721Vols,170,68,205,111,99
528,1114,1439,ShamIbadiyya0000075,463,50,898,249,35
528,1135,1412,Sham19Y0145435,4957,1262,1538,226,99
528,1412,1598,Sham19Y0145435,4958,0,187,155,99
528,1368,1504,Sham19Y0145435,4962,762,898,111,100
528,1368,1533,JK000105,1172,1262,1428,135,99
528,960,1598,Shia002356Vols,614,0,736,441,70
528,281,1598,Shia002380Vols,414,121,1478,551,34
528,1173,1368,JK001496,1134,0,196,159,98
528,1368,1598,JK001496,1135,391,624,189,97
528,225,1301,Tafsir02102,2528,119,1507,406,27
528,1308,1504,Tafsir02102,2529,0,578,160,33
528,1301,1533,Shamela0008473,2679,641,1000,188,63
528,34,346,Shia002382Vols,995,1102,1512,123,33
528,776,1230,Shia002382Vols,996,1181,1585,171,36
528,1368,1533,Tafsir07055,764,605,770,135,100
528,1160,1489,Tafsir05047,432,43,844,240,37
528,1135,1598,Shamela0023591,4281,0,464,381,99
528,1135,1368,Shamela0023591,4287,1114,1347,190,100
528,1368,1598,Shamela0023591,4291,391,622,191,99
528,1135,1548,JK009266,5533,1143,1555,338,99
528,1319,1598,Shamela0021821,963,1122,1465,223,76
528,1120,1368,Shamela0021821,963,305,547,195,96
528,1164,1504,Shamela0001417,891,105,272,92,32
528,1445,1598,JK009362,4476,474,629,128,98
528,1186,1368,JK006478,5463,571,930,148,50
528,1368,1598,JK006478,5464,536,771,189,97
528,1135,1504,Rafed0003943Vols,848,508,877,301,100
528,1135,1598,Shamela0010273,1427,301,765,381,99
528,551,1235,Tafsir01006,778,249,1355,324,34
528,1262,1598,Tafsir06048,583,8,970,277,34
528,1135,1473,QuranAnalysis001,114,1218,1555,276,99
528,1473,1598,QuranAnalysis001,115,0,126,105,99
528,1135,1398,Rafed0001713Vols,1310,159,421,202,92
528,1344,1533,Rafed0001713Vols,1311,62,258,145,90
528,1135,1385,Tafsir04042,1201,473,1058,204,42
528,1331,1598,Tafsir04042,1201,953,1524,168,35
528,821,1243,Tafsir04056,4507,493,969,132,22
528,1135,1464,Tafsir02094,2060,635,1132,111,22
528,1135,1368,Shamela0000041,1385,816,1049,190,100
528,1341,1533,Shamela0000041,1386,29,258,157,83
528,1135,1598,Shamela0023578,1738,146,610,381,99
528,1111,1473,Shamela0023578,1739,744,1569,279,41
528,281,764,JK000876,735,349,917,205,36
529,5,135,JK000330,1063,1296,1426,107,100
529,0,160,JK009268,2746,395,560,120,89
529,135,493,JK009268,2750,698,1149,184,43
529,0,168,Shamela0023628,2123,1118,1300,126,85
529,0,135,JK000102,182,9,155,93,78
529,0,160,Rafed0003257Vols,3128,126,291,120,89
529,135,427,Rafed0003257Vols,3130,360,615,101,36
529,694,1078,Shamela0022593,1286,1025,1492,182,42
529,135,274,Tafsir09083,742,1431,1596,73,47
529,135,317,Sham19Y0020891,3204,1218,1583,107,34
529,0,140,JK009270,2601,1365,1505,114,99
529,135,559,JK006476,856,913,1255,141,38
529,135,559,Tafsir01005,3247,698,1076,174,42
529,5,135,JK000373,129,332,462,107,100
529,135,326,Meshkat00042485,3803,420,592,115,71
529,966,1270,Meshkat00042485,3807,4,325,129,37
529,5,135,JK000081,1199,1281,1411,106,99
529,0,160,Sham19Y0147312,1144,182,1118,97,12
529,135,427,Shamela0022769,795,1182,1563,134,41
529,790,1322,Shamela0022769,796,494,1161,212,31
529,0,160,JK000375,111,330,498,118,86
529,235,559,Zaydiyya0000062,938,62,501,175,43
529,135,572,Shamela0021766,2343,896,1513,233,43
529,728,1017,Shamela0021766,2344,503,1033,185,40
529,0,135,JK007018,371,828,1357,111,25
529,0,160,Sham19Y0023608,2149,313,478,120,89
529,665,1455,Meshkat00042488,881,139,1418,312,27
529,5,135,Meshkat00042488,882,524,1303,105,16
529,135,1078,ShamIbadiyya0000075,463,68,1109,437,42
529,135,566,ShamAY0033108,967,505,1028,166,33
529,0,572,Shia002356Vols,614,736,1305,257,44
529,135,1094,Shia002380Vols,414,366,1145,441,51
529,235,427,JK001496,1134,7,480,102,25
529,135,566,Tafsir02091,1164,351,873,166,33
529,135,572,Tafsir02102,2528,995,1525,207,40
529,610,1073,Tafsir02102,2529,0,336,197,47
529,135,271,Shia002382Vols,996,1433,1558,88,75
529,419,1094,Shia002382Vols,997,0,703,347,50
529,0,160,Shamela0023591,4281,464,629,120,89
529,135,559,Tafsir10098,776,68,397,160,44
529,1001,1198,JK000458,1882,922,1456,71,15
529,0,160,Kraken220413194022,3076,1336,1504,115,84
529,1284,1460,ShamAY0034447,209,53,250,113,67
529,235,1035,Tafsir08060,286,720,1532,308,37
529,0,160,Rafed0003943Vols,849,634,799,120,89
529,1156,1455,Shamela0010273,1429,69,389,106,29
529,728,1270,Tafsir01006,779,660,1381,264,37
529,135,559,Tafsir04003,2331,82,658,171,31
529,691,1029,Tafsir04003,2331,1013,1551,164,34
529,540,914,Sham19Y0014404,750,1081,1590,112,23
529,160,621,Sham19Y0014404,750,512,879,175,38
529,892,1041,Sham19Y0014404,751,0,258,88,39
529,135,277,Masaha000554Vols,2766,70,610,69,15
529,0,160,QuranAnalysis001,115,126,291,120,89
529,135,572,Rafed0001713Vols,1310,392,968,261,51
529,790,1455,Rafed0001713Vols,1311,258,1071,315,43
529,0,160,Rafed0001713Vols,1312,0,165,120,89
529,135,572,Tafsir04042,1201,473,815,170,43
529,135,271,Tafsir04056,4507,699,942,67,33
529,135,566,Shamela0000041,1385,816,1327,172,30
529,0,160,Shamela0023578,1738,610,775,120,89
529,135,559,Shamela0023578,1739,781,1065,167,44
529,135,559,JK000876,736,662,1257,225,44
529,654,1073,JK000876,737,8,601,204,41
530,865,1396,Shia001432Vols,2489,800,1332,436,99
530,1119,1304,Shia001432Vols,5818,567,696,94,61
530,1015,1396,Shia001432Vols,5908,819,1200,311,99
530,676,972,Shamela0023632,2038,371,679,232,85
530,972,1207,Shamela0023632,2040,850,1086,193,99
530,676,1396,JK009268,2746,482,1214,579,93
530,676,865,Sham19Y0023618,953,116,317,144,78
530,1015,1168,Sham19Y0023618,954,586,739,125,100
530,1119,1396,Sham19Y0023618,956,13,359,213,74
530,727,1093,Shamela0023628,2125,1044,1422,297,95
530,1093,1262,Shamela0023628,2130,421,591,140,98
530,676,884,Rafed0003257Vols,3128,213,429,150,75
530,865,1396,Rafed0003257Vols,3133,196,728,435,99
530,683,865,Sham19Y0020891,3209,1252,1520,149,66
530,733,948,Tafsir09068,647,1005,1539,180,40
530,712,869,JK009270,2603,1398,1556,131,99
530,1015,1240,JK009270,2607,583,808,185,100
530,712,865,Meshkat0014420,2683,1428,1581,128,100
530,972,1119,Meshkat0014420,2686,891,1038,120,100
530,1168,1304,Meshkat0014420,2690,769,905,113,100
530,972,1174,Shamela0005550,99,1331,1530,120,71
530,601,1396,ShamAY0036821,1276,504,1219,575,87
530,712,1396,ShamAY0036821,1280,664,1501,548,79
530,1008,1396,Tafsir02104,275,544,1530,267,33
530,594,902,Sham19Y0147312,1144,1048,1666,149,24
530,902,1144,Sham19Y0147312,1145,0,512,198,47
530,712,884,Sham19Y0014592,1573,212,388,128,86
530,784,1112,Zaydiyya0000062,941,493,973,257,65
530,835,1033,Shamela0037458,2163,1442,1639,162,99
530,1033,1207,Shamela0037458,2164,0,194,125,78
530,1168,1396,Shamela0037458,2169,807,1035,187,100
530,758,972,JK000791,1243,900,1146,177,86
530,865,1163,Noorlib0038508,183,716,1532,244,36
530,1174,1396,Noorlib0038508,184,4,267,179,83
530,1015,1168,Shamela0000922,708,638,866,106,57
530,712,1093,JK007018,372,182,1021,305,44
530,652,865,JK009396,777,87,296,146,76
530,676,865,Sham19Y0023608,2149,400,601,144,78
530,935,1396,Sham19Y0023608,2161,269,776,360,86
530,712,865,Shamela0012286,1309,858,1011,128,100
530,727,972,Meshkat00042488,883,262,1540,188,17
530,712,865,Shia003721Vols,97,51,204,128,100
530,821,972,Shia002356Vols,616,0,150,123,99
530,948,1304,Shia002356Vols,616,796,1182,290,91
530,426,1000,Shia002380Vols,415,499,1363,327,42
530,1097,1304,Shia002380Vols,416,599,1146,170,37
530,496,865,Shamela0008473,2682,18,484,230,52
530,948,1134,Shamela0008473,2683,593,1120,124,28
530,676,1396,Shamela0023591,4281,551,1284,578,93
530,712,865,Shamela0023591,4294,250,403,128,100
530,865,1396,Shamela0023591,4295,325,857,435,99
530,712,977,JK009266,5548,345,615,220,98
530,948,1396,JK009266,5550,647,1130,356,90
530,676,865,Shamela0021821,965,663,864,144,78
530,835,1396,Shamela0021821,966,108,729,458,89
530,865,1396,JK001110,81,452,804,281,64
530,712,865,Hindawi069795368Vols,506,521,674,128,100
530,676,865,Rafed0003943Vols,849,721,922,144,78
530,941,1168,Rafed0003943Vols,853,0,227,186,100
530,1018,1304,Rafed0003943Vols,857,225,611,163,46
530,712,865,Shamela0010273,1431,1152,1305,128,100
530,941,1396,Shamela0010273,1433,926,1551,368,72
530,727,972,Shamela0007798,5609,49,932,171,22
530,642,1057,Tafsir06048,584,113,1020,319,42
530,742,948,Sham19Y0014404,752,619,1167,127,25
530,865,1163,Masaha000554Vols,2775,100,406,238,92
530,676,1396,QuranAnalysis001,115,213,945,579,93
530,676,865,Rafed0001713Vols,1312,87,288,144,78
530,742,972,Rafed0001713Vols,1313,234,977,191,30
530,935,1396,Rafed0001713Vols,1314,9,468,353,92
530,594,865,Shamela0000041,1387,26,218,159,70
530,676,972,Shamela0023578,1738,697,1005,232,85
530,742,1401,Shamela0023578,1741,558,1443,541,74
531,1080,1541,JK000818,309,412,573,94,25
531,1354,1595,ShamIbadiyya0000075,465,402,820,105,30
531,1347,1541,Shia002380Vols,416,256,402,89,58
531,1362,1541,Shia002382Vols,1000,0,132,82,58
531,654,937,Shamela0001404,175,1276,1566,120,43
531,1121,1498,JK000458,1886,956,1406,162,37
531,1121,1442,Tafsir01006,781,937,1164,138,50
531,928,1442,Tafsir09071,529,527,1075,129,19
531,1354,1541,Sham19Y0014404,753,103,284,91,61
531,0,534,Rafed0001713Vols,1313,473,1569,253,27
531,728,1595,Shamela0000041,1389,134,952,326,34
531,728,1354,Shamela0023578,1745,575,1087,188,28
532,0,567,Sham19Y0147312,1145,452,961,136,20
532,0,529,Shamela0022769,799,24,202,99,22
532,484,1077,Zaydiyya0000062,943,30,867,172,19
532,1092,1528,JK000791,1249,767,1282,220,41
532,1227,1528,JK009313,957,71,389,150,47
532,512,1073,Shia002356Vols,617,780,1194,140,25
532,21,293,ShamAY0034059,3099,610,1032,72,14
532,876,1376,Shia002380Vols,416,935,1158,142,34
532,876,1376,Shia002382Vols,1001,28,351,138,27
532,481,663,JK006478,5475,58,417,107,37
532,484,1534,Tafsir08060,288,447,1191,288,29
532,1188,1542,Sham19Y0014404,753,990,1577,209,41
532,1322,1619,Rafed0001713Vols,1317,343,937,183,38
533,274,471,Shia001432Vols,466,653,849,162,99
533,236,490,Shia001432Vols,538,182,437,208,99
533,56,240,Shia001432Vols,2489,1343,1527,147,98
533,274,490,Shia001432Vols,19907,617,831,176,98
533,33,274,Shamela0023632,2046,567,808,195,100
533,274,544,Shamela0023632,2049,1065,1334,221,99
533,274,440,Tafsir09085,362,1395,1560,133,98
533,0,465,JK009268,2761,1223,1691,361,90
533,56,274,Sham19Y0023618,957,0,218,176,100
533,274,544,Sham19Y0023618,958,19,288,221,99
533,322,495,Hindawi059616186Vols,1047,557,730,139,98
533,225,544,Shamela0023628,2137,0,318,260,99
533,33,274,Rafed0003257Vols,3141,888,1129,195,100
533,197,560,Rafed0003257Vols,3147,791,1134,242,78
533,193,544,Zaydiyya0000044,115,1244,1595,288,100
533,274,490,Sham19Y0020891,5574,425,641,178,100
533,274,490,JK000100,350,986,1202,178,100
533,274,440,JK010001,3984,810,975,133,98
533,37,240,JK009270,2615,975,1187,147,80
533,274,490,Sham19Y0150960,649,200,413,175,98
533,49,544,ShamAY0036821,1282,180,664,390,97
533,309,490,Shamela0006947,3147,0,181,149,100
533,33,433,Shamela0037458,2172,922,1322,325,100
533,33,236,JK000791,1252,672,875,165,100
533,274,440,JK000791,1254,665,832,133,97
533,309,495,Shamela0000922,710,811,1408,149,30
533,33,274,JK007018,374,878,1119,195,100
533,274,544,JK007018,375,72,342,222,100
533,274,471,Rafed0003591Vols,417,1370,1566,162,99
533,274,471,Hindawi095926405Vols,465,1006,1249,163,81
533,283,428,Zaydiyya0000295Vols,151,934,1079,118,100
533,174,433,JK009396,783,4,264,202,95
533,274,490,Sham19Y0023608,451,478,693,177,99
533,193,544,Sham19Y0023608,2169,549,899,287,99
533,274,440,Shamela0004482,264,460,637,130,89
533,193,490,Shamela0004473,3936,576,848,205,83
533,274,490,Shamela0004473,6228,62,278,178,100
533,193,490,Shamela0004473,9675,1022,1319,244,100
533,274,490,Shamela0004473,10256,553,769,178,100
533,274,500,Shamela0004473,10552,586,811,182,98
533,193,544,Shamela0004473,10566,832,1183,288,100
533,56,322,Sham19Y0030863,15,95,384,126,48
533,274,471,Shia001544Vols,216,1449,1645,162,99
533,33,649,Shia002356Vols,618,1001,1516,361,69
533,128,568,Shia002380Vols,418,36,1040,336,40
533,274,433,Shamela0008473,2694,1128,1287,130,100
533,274,440,Tafsir07055,4096,827,992,133,98
533,274,490,Hindawi079174709,68,721,937,178,100
533,33,544,Shamela0023591,4304,283,793,416,99
533,56,298,Shamela0023591,4305,1373,1614,196,99
533,298,548,Shamela0023591,4306,0,249,201,98
533,219,544,JK009266,5566,0,325,266,100
533,274,471,Zaydiyya0000063,209,1043,1240,163,100
533,107,490,Shamela0021821,970,366,986,303,60
533,33,544,Tafsir07053,57,356,857,405,97
533,327,490,Tafsir07053,62,0,163,134,100
533,274,433,JK009362,4503,535,694,130,100
533,56,322,JK001110,43,1348,1613,216,99
533,322,544,JK001110,44,0,222,182,100
533,274,433,JK006478,5491,563,723,130,99
533,33,322,Rafed0003943Vols,859,1025,1314,235,100
533,322,495,Rafed0003943Vols,862,184,356,138,97
533,193,544,Shamela0010273,1442,920,1270,287,99
533,1249,1574,Tafsir01006,785,337,797,157,39
533,274,471,Sham19Y0018567,1030,1130,1327,163,100
533,274,490,Sham19Y0021575,152,491,707,178,100
533,274,490,Rafed0003882,16,235,450,177,99
533,49,544,QuranAnalysis001,115,948,1442,401,99
533,274,483,Zaydiyya0000004,5,1104,1314,172,99
533,236,490,Rafed0003537Vols,280,390,643,207,99
533,274,544,Hindawi040706149,74,206,476,222,100
533,193,490,Rafed0001713Vols,1319,533,829,243,99
533,1249,1574,Rafed0001713Vols,1320,0,582,158,31
533,128,433,Shamela0000041,1395,463,880,243,72
533,178,560,Shamela0023578,1751,0,381,311,99
534,887,1066,Shia001432Vols,466,943,1122,146,100
534,133,1152,Shia001432Vols,538,313,954,516,62
534,945,1107,Shia001432Vols,18672,489,651,133,100
534,650,876,Shia001432Vols,18696,1412,1638,181,97
534,876,1235,Shia001432Vols,18697,0,340,266,91
534,650,921,Shia001432Vols,20427,328,491,108,51
534,650,918,Shia001432Vols,20432,442,662,165,76
534,650,887,Shamela0023632,2053,79,316,190,99
534,883,1126,Shamela0023632,2054,864,1107,198,100
534,1126,1356,Shamela0023632,2056,1038,1268,186,100
534,797,1014,AOCP20251104133,134,244,465,177,98
534,580,1356,JK009268,2762,39,785,601,94
534,580,883,Sham19Y0023618,958,248,521,217,86
534,871,1186,Sham19Y0023618,959,1139,1449,248,95
534,1186,1356,Sham19Y0023618,960,1020,1190,137,100
534,650,1075,Hindawi059616186Vols,756,460,885,339,98
534,580,883,Shamela0023628,2137,278,551,217,86
534,954,1356,Shamela0023628,2143,0,402,328,100
534,643,1356,Rafed0003257Vols,3150,781,1494,575,99
534,685,1230,Zaydiyya0000044,116,0,545,444,100
534,883,1066,Sham19Y0020891,3237,605,892,149,63
534,653,945,JK009270,2625,1254,1507,171,65
534,797,945,Sham19Y0150960,501,0,581,120,25
534,842,1235,Zaydiyya0000329,66,0,397,319,97
534,710,945,Meshkat0014420,2703,260,495,191,100
534,945,1235,Meshkat0014420,2704,998,1288,237,100
534,605,1014,JK006476,869,35,530,293,72
534,127,1356,ShamAY0036821,1282,481,1362,714,71
534,605,945,ShamAY0036821,1284,1162,1468,245,89
534,945,1356,ShamAY0036821,1285,440,1132,332,58
534,1186,1356,Sham19Y0147312,1153,855,1058,137,83
534,945,1235,Shamela0004445,26,1025,1315,237,100
534,650,945,Shamela0004445,35,991,1286,238,100
534,560,1052,Tafsir02067,491,243,1153,348,46
534,710,1059,Zaydiyya0000062,948,17,579,279,61
534,820,1126,Shamela0037458,2183,0,306,250,100
534,1126,1356,Shamela0037458,2187,347,577,186,100
534,797,1152,JK000791,1257,570,925,291,100
534,945,1126,Shamela0000922,711,1105,1353,149,72
534,797,1235,Tafsir07076,5360,1110,1548,357,100
534,127,1235,JK007018,375,158,1332,619,50
534,797,1066,Rafed0003591Vols,417,285,888,220,44
534,366,1134,JK009396,784,649,1550,453,51
534,580,1152,Sham19Y0023608,2169,859,1401,437,92
534,1152,1356,Sham19Y0023608,2176,1263,1467,164,100
534,1152,1356,JK000381,3911,146,350,164,100
534,1152,1359,JK000381,4076,671,879,166,99
534,1152,1356,JK000381,4896,949,1153,164,100
534,1152,1356,JK000381,7864,1312,1516,164,100
534,710,945,Shamela0001340,180,1258,1493,191,100
534,710,945,Meshkat00042488,891,451,1464,191,23
534,797,945,JK000162,47,1020,1603,120,25
534,1152,1356,Shamela0004473,1474,405,609,164,100
534,650,1066,Shamela0004473,2067,434,850,338,100
534,945,1186,Shamela0004473,6228,296,537,198,100
534,650,945,Shamela0004473,8989,1254,1549,238,100
534,1152,1356,Shamela0004473,9630,1090,1294,164,100
534,650,1235,Shamela0004473,9676,592,1435,475,69
534,127,1087,Shamela0004473,10566,999,1619,506,64
534,1152,1372,Sham19Y0030863,15,406,619,165,93
534,797,945,Shamela0022371,219,1020,1504,120,30
534,710,883,ShamAY0033108,975,0,202,141,84
534,580,949,Shia002356Vols,620,484,824,266,87
534,820,1235,Shia002356Vols,621,783,1362,294,61
534,0,964,Shia002380Vols,418,426,1557,503,45
534,710,945,Shamela0001419,329,284,519,191,100
534,871,1066,Shamela0001419,330,1242,1653,142,42
534,806,1066,JK001496,1146,906,1453,192,42
534,1152,1356,JK001496,1148,828,1370,132,28
534,797,945,Shamela0008473,2699,793,941,120,100
534,918,1235,Shamela0008473,2700,198,544,258,91
534,650,1095,Shia002382Vols,1005,6,1037,354,42
534,560,945,Tafsir05047,436,922,1569,253,47
534,580,1356,Shamela0023591,4304,753,1499,601,94
534,605,981,Shamela0023591,4315,923,1269,263,87
534,945,1152,Shamela0023591,4318,922,1129,171,100
534,1134,1356,Shamela0023591,4321,971,1199,179,97
534,650,1190,JK009266,5578,270,811,436,99
534,580,945,Shamela0021821,972,360,695,266,88
534,1152,1273,Shamela0021821,973,1567,1687,97,99
534,904,1152,Shamela0021821,973,546,790,184,90
534,127,1356,Tafsir07053,57,674,1554,704,70
534,1145,1359,Tafsir07053,66,1264,1479,169,98
534,127,1356,JK001110,44,38,928,724,72
534,650,827,JK010181,17,118,295,136,94
534,650,1081,Shamela0007853,9,1033,1318,223,63
534,650,1152,JK001420,506,421,1431,358,43
534,797,945,JK001295,606,679,1249,120,25
534,784,945,JK006478,5501,1076,1245,130,94
534,1152,1356,JK006478,5512,1339,1543,164,100
534,580,1066,Rafed0003943Vols,864,359,815,366,91
534,1066,1317,Rafed0003943Vols,865,104,355,203,100
534,737,1152,Shamela0010273,1446,0,415,340,100
534,1152,1356,Shamela0010273,1450,239,443,164,100
534,797,945,Shamela0007798,5655,285,904,99,18
534,650,883,Rafed0003882,16,450,683,189,100
534,812,1126,Sham19Y0014404,757,750,1569,225,32
534,710,945,Meshkat00057178,2232,900,1600,189,33
534,127,876,QuranAnalysis001,115,1258,1667,334,54
534,876,1356,QuranAnalysis001,116,0,480,390,100
534,650,1152,Rafed0003537Vols,280,656,1157,407,99
534,417,911,Rafed0001713Vols,1321,1015,1590,269,48
534,883,1152,Rafed0001713Vols,1323,470,906,220,61
534,1066,1241,Noorlib0005343,203,784,967,139,93
534,1152,1356,JK006950,2166,999,1203,164,100
534,605,1066,Shamela0000041,1397,792,1374,356,74
534,1152,1356,Shamela0000041,1399,29,233,164,100
534,681,1515,Shamela0023578,1755,0,779,536,71
535,870,1075,Sham19Y0020891,3238,921,1159,132,64
535,603,1626,Shia002380Vols,419,0,730,330,33
535,297,907,Shia002382Vols,1005,373,1066,317,48
535,837,1244,JK000458,1908,448,1160,210,33
535,671,1250,Tafsir01006,788,624,1545,272,32
535,369,626,Rafed0001713Vols,1323,440,1066,141,26
535,688,1250,Rafed0001713Vols,1324,97,1088,299,33
535,626,1196,JK000876,745,298,1100,313,43
536,584,865,Shia001432Vols,2490,51,335,217,91
536,604,865,Shamela0023632,2059,1140,1401,213,100
536,584,732,JK009268,2762,762,913,108,84
536,364,953,Sham19Y0023618,961,127,618,301,59
536,584,745,Shamela0023628,2143,379,542,112,81
536,596,732,Rafed0003257Vols,3155,1038,1174,107,97
536,57,260,Sham19Y0020891,3242,722,1082,115,35
536,596,732,Sham19Y0020891,3244,722,856,106,96
536,604,781,JK009270,2632,1103,1280,144,100
536,604,865,JK006476,871,596,1191,168,31
536,584,831,ShamAY0036821,1282,1339,1585,187,88
536,604,865,JK000791,1259,1100,1361,213,100
536,584,865,JK007018,376,78,362,217,91
536,596,953,JK009396,786,7,382,243,73
536,610,848,JK000381,3296,1054,1292,195,100
536,604,1220,Meshkat00042488,894,453,871,161,27
536,584,732,Shamela0004473,9630,1271,1422,108,84
536,0,260,Shia002380Vols,419,730,989,161,64
536,0,260,JK001496,1148,961,1320,155,48
536,0,1217,Shia002382Vols,1006,678,1260,276,24
536,584,721,Shamela0023591,4304,1476,1615,98,82
536,584,732,Shamela0023591,4321,1176,1327,108,84
536,604,980,JK009266,5597,902,1241,167,46
536,464,865,Shamela0021821,974,496,1308,248,35
536,604,848,JK000077,92,667,911,200,100
536,604,732,JK009362,4521,764,894,104,98
536,871,1580,Tafsir08060,290,409,921,281,44
536,584,717,Rafed0003943Vols,866,1495,1630,95,81
536,584,732,Shamela0010273,1450,420,571,108,84
536,0,1217,Sham19Y0014404,758,584,1541,335,26
536,610,1220,Meshkat00057178,2236,82,253,110,21
536,584,865,QuranAnalysis001,116,457,741,217,91
536,36,260,Rafed0001713Vols,1326,44,509,145,35
536,604,737,Rafed0001713Vols,1326,1347,1480,106,98
536,584,865,Shamela0023578,1757,481,765,217,91
537,162,434,Shia001432Vols,1898,753,1024,223,99
537,509,702,Shia001432Vols,2170,1359,1551,159,99
537,281,434,Shia001432Vols,11313,1128,1281,126,100
537,434,626,Shia001432Vols,22021,441,632,156,99
537,702,859,Shia001432Vols,24157,452,612,126,98
537,281,434,Shia001432Vols,24419,1175,1328,126,100
537,281,434,Shia002185Vols,1112,255,408,126,100
537,55,281,Shamela0023632,2061,1000,1226,184,100
537,281,544,Shamela0023632,2063,367,630,216,100
537,702,910,Shamela0023632,2066,21,216,144,87
537,281,434,Shia001299,142,189,342,126,100
537,12,401,Tafsir03097,946,713,1661,295,38
537,12,910,JK009268,2782,183,1043,689,94
537,55,434,Sham19Y0023618,962,377,756,310,100
537,281,702,Sham19Y0023618,963,260,766,267,57
537,12,702,Shamela0023628,2148,172,835,543,96
537,702,910,Shamela0023628,2154,754,949,144,87
537,58,434,Rafed0003257Vols,3157,0,376,308,100
537,349,859,Rafed0003257Vols,3160,750,1520,416,66
537,224,434,Tafsir09083,752,1033,1661,173,33
537,12,434,Sham19Y0020891,3249,761,1226,325,86
537,246,702,Sham19Y0020891,3252,617,1090,305,68
537,702,859,Sham19Y0020891,3254,453,610,126,100
537,603,868,Sham19Y0020966,198,1140,1476,175,61
537,190,544,Sham19Y0020966,198,272,817,211,44
537,55,287,Tafsir09068,656,921,1629,189,32
537,201,626,Tafsir09068,657,113,1443,301,27
537,702,868,Tafsir09068,658,524,1056,134,31
537,162,382,JK009270,2637,604,824,180,100
537,382,702,JK009270,2639,459,779,265,100
537,702,910,JK009270,2641,523,719,145,87
537,55,434,Meshkat0014420,2710,275,654,310,100
537,434,738,Meshkat0014420,2713,560,862,235,90
537,695,868,Meshkat0014420,2715,1377,1549,137,98
537,110,361,JK006476,873,249,520,193,87
537,356,567,JK006476,874,67,287,174,95
537,716,859,JK006476,875,0,146,115,97
537,12,382,ShamAY0036821,1283,17,354,270,90
537,12,434,ShamAY0036821,1286,156,544,313,91
537,413,910,ShamAY0036821,1287,839,1329,377,91
537,434,702,ShamAY0036821,1288,920,1183,216,98
537,702,910,ShamAY0036821,1289,1103,1298,144,87
537,224,419,Shamela0029677,2035,1302,1496,160,99
537,947,1321,Meshkat00042485,3855,46,408,173,46
537,36,224,Shamela0012851,7,918,1486,138,29
537,219,584,Shamela0012851,8,0,1577,291,22
537,434,751,Tafsir02104,278,626,1138,206,46
537,910,1067,Shamela0001466,1473,1356,1514,82,58
537,20,281,Sham19Y0147312,1155,381,677,196,82
537,272,419,Sham19Y0147312,1155,1432,1575,116,95
537,356,626,Sham19Y0147312,1156,374,741,185,61
537,695,868,Sham19Y0147312,1157,0,173,140,100
537,434,626,Sham19Y0014592,653,862,1054,157,100
537,224,626,Sham19Y0013550,332,0,534,208,38
537,77,424,Zaydiyya0000062,952,145,619,264,67
537,382,695,Zaydiyya0000062,953,23,376,259,88
537,477,859,Zaydiyya0000062,953,647,1390,305,50
537,82,544,Shamela0037458,2195,1004,1573,365,77
537,477,868,Shamela0037458,2198,382,750,293,91
537,12,281,JK000791,1259,1344,1586,197,89
537,349,702,JK000791,1262,1211,1635,264,76
537,268,483,JK000791,1262,622,837,144,80
537,655,919,JK000791,1264,256,477,152,71
537,55,544,Shamela0000922,713,284,1285,364,44
537,472,952,Shamela0000922,714,52,751,239,36
537,12,738,JK007018,376,345,1640,572,52
537,281,702,JK009396,787,993,1414,347,100
537,55,281,JK009396,787,65,291,184,100
537,655,910,JK009396,788,540,830,162,66
537,12,434,Sham19Y0023608,2181,217,613,323,93
537,224,596,Sham19Y0023608,2184,87,1719,299,22
537,702,859,Sham19Y0023608,2187,944,1101,126,100
537,272,434,JK000381,974,1353,1514,127,93
537,190,751,JK000818,313,102,1224,442,48
537,12,165,Meshkat00042488,895,1243,1432,106,71
537,77,434,Meshkat00042488,896,422,924,293,71
537,382,544,Meshkat00042488,897,276,510,134,69
537,536,859,Meshkat00042488,898,29,1193,256,26
537,234,832,ShamIbadiyya0000075,472,10,1688,478,34
537,304,875,Rafed0003726Vols,790,701,1442,296,48
537,477,626,Shamela0004473,871,215,364,122,100
537,434,702,Shamela0004473,2919,648,916,221,100
537,281,751,Shamela0004473,12812,778,996,161,41
537,162,477,ShamAY0033108,977,740,1333,256,52
537,12,434,Shia002356Vols,623,161,555,319,92
537,330,868,Shia002356Vols,624,361,973,405,77
537,55,304,Tafsir04038,333,1137,1484,195,68
537,281,859,Tafsir04038,334,0,581,318,52
537,162,626,Shia002380Vols,420,718,1445,371,61
537,626,868,Shia002380Vols,421,0,416,196,57
537,55,382,JK001496,1150,1259,1585,266,99
537,330,613,JK001496,1151,1303,1655,199,64
537,667,868,JK001496,1152,1312,1506,143,85
537,162,477,Tafsir02091,1174,593,1187,256,52
537,224,434,Tafsir02102,2550,583,857,142,63
537,434,702,Tafsir02102,2551,558,1565,218,26
537,55,281,Shamela0008473,2704,533,759,184,100
537,77,434,Shamela0008473,2705,345,1433,291,32
537,349,702,Shamela0008473,2706,85,811,291,48
537,702,868,Shamela0008473,2707,1052,1218,134,100
537,106,483,Tafsir05047,438,1009,1457,216,52
537,12,434,Shamela0023591,4305,127,523,323,93
537,12,456,Shamela0023591,4325,1010,1424,331,91
537,434,910,Shamela0023591,4331,390,852,364,94
537,434,702,Shamela0023591,4332,610,877,220,99
537,673,910,Shamela0023591,4334,955,1259,168,66
537,12,588,JK009266,5598,1015,1564,449,95
537,702,910,JK009266,5609,684,880,145,87
537,12,353,Shamela0021821,974,1291,1605,256,92
537,246,702,Shamela0021821,976,418,1168,373,60
537,702,868,Shamela0021821,977,40,206,134,100
537,281,544,Shia002389Vols,1446,59,472,215,63
537,281,434,JK009362,4529,1005,1160,126,98
537,434,626,JK009362,4532,296,489,157,99
537,287,890,JK009362,4535,423,934,213,33
537,281,434,Shamela0010463,141,139,292,126,100
537,162,382,Zaydiyya0000265,678,1136,1406,180,81
537,695,884,Rafed0002565Vols,732,60,328,140,64
537,55,281,JK001420,507,1087,1499,184,54
537,55,382,JK006478,5522,0,327,266,100
537,382,702,JK006478,5525,162,760,265,53
537,673,868,JK006478,5529,158,366,145,86
537,12,434,Rafed0003943Vols,867,132,528,323,93
537,434,910,Rafed0003943Vols,868,988,1451,364,93
537,12,456,Shamela0010273,1453,292,697,327,90
537,868,1364,Shamela0010273,1454,841,1370,214,39
537,349,702,Shamela0010273,1456,674,1095,265,76
537,702,910,Shamela0010273,1460,265,460,144,87
537,190,382,Shamela0007798,5669,39,349,157,61
537,281,434,Shia001334,23,339,491,125,99
537,55,317,Tafsir06048,592,65,779,210,35
537,490,743,Tafsir06048,593,9,639,175,32
537,12,281,Sham19Y0014404,759,494,1096,163,30
537,626,868,Sham19Y0014404,761,45,772,195,32
537,281,413,Rafed0003799Vols,1242,830,1150,108,41
537,261,434,Meshkat00057178,2238,907,1546,112,20
537,544,868,Meshkat00057178,2240,58,895,262,38
537,98,424,Masaha000554Vols,2811,0,323,257,95
537,317,434,Masaha000554Vols,2815,1217,1633,95,28
537,434,695,Masaha000554Vols,2818,381,641,210,96
537,702,910,Masaha000554Vols,2820,442,641,144,86
537,281,451,Masaha000554Vols,5516,1360,1526,127,90
537,281,434,Shia001270Vols,145,1273,1426,126,100
537,12,910,QuranAnalysis001,116,724,1584,689,94
537,12,466,Rafed0001713Vols,1327,731,1203,337,81
537,868,1258,Rafed0001713Vols,1328,701,1393,220,37
537,246,562,Rafed0001713Vols,1329,1031,1716,194,32
537,702,859,Rafed0001713Vols,1331,61,218,126,100
537,55,201,Tafsir04042,1211,1089,1473,116,37
537,281,434,Tafsir07057,3804,1425,1578,126,100
537,281,456,Tafsir04056,1696,1462,1636,144,99
537,55,382,Shamela0000041,1400,885,1212,266,100
537,77,702,Shamela0000041,1401,35,1080,511,59
537,509,910,Shamela0000041,1402,95,720,304,58
537,12,451,Shamela0023578,1757,748,1157,329,92
537,1209,1585,Shamela0023578,1758,877,1616,193,28
537,317,881,Shamela0023578,1759,22,737,447,76
537,562,859,Shamela0023578,1760,12,560,236,53
537,868,1327,JK000876,747,972,1543,124,21
538,1074,1401,Shamela0023632,2066,75,334,206,79
538,26,1577,JK009268,2782,475,1338,674,53
538,221,639,Sham19Y0023618,963,499,737,194,56
538,1074,1401,Sham19Y0023618,964,664,923,206,79
538,26,639,Shamela0023628,2148,464,806,276,55
538,1074,1577,Shamela0023628,2154,808,1244,349,86
538,78,1244,Rafed0003257Vols,3160,750,1520,403,35
538,1295,1577,Rafed0003257Vols,3163,0,283,226,99
538,19,639,Sham19Y0020891,3252,777,1061,215,42
538,221,582,Tafsir09068,657,1032,1690,189,29
538,120,639,JK009270,2639,440,750,242,56
538,1074,1401,JK009270,2641,577,837,207,79
538,221,639,Meshkat0014420,2713,560,799,196,56
538,1253,1577,Meshkat0014420,2717,169,494,259,99
538,336,1142,JK000865,350,915,1677,247,26
538,1039,1387,JK006476,875,1015,1375,199,60
538,176,1514,ShamAY0036821,1287,839,1557,559,51
538,1074,1496,ShamAY0036821,1289,1156,1568,279,72
538,1253,1577,Shamela0029677,1168,829,1154,259,99
538,336,724,Meshkat00042485,3859,173,751,215,40
538,1074,1551,Sham19Y0147312,1157,61,665,327,60
538,221,553,Sham19Y0013550,332,231,534,154,43
538,1253,1551,Sham19Y0013550,332,676,1332,238,45
538,269,957,Zaydiyya0000062,953,647,1609,300,33
538,1078,1542,Zaydiyya0000062,954,0,645,324,62
538,336,1253,Shamela0037458,2198,247,750,280,32
538,1045,1577,Shamela0037458,2200,282,1177,377,53
538,26,639,JK000791,1262,1125,1606,265,45
538,1093,1577,JK000791,1264,789,1343,343,74
538,609,1334,Shamela0021766,2371,751,1674,333,38
538,259,553,Shamela0000922,714,47,329,138,41
538,26,639,JK007018,376,927,1528,277,39
538,1074,1577,JK007018,377,18,456,350,86
538,26,639,JK009396,787,1042,1385,278,55
538,1074,1577,JK009396,788,688,1125,350,86
538,1253,1577,Sham19Y0023608,2188,1230,1555,259,99
538,9,1345,JK000818,313,387,1626,578,43
538,804,1401,Meshkat00042488,898,768,1537,287,40
538,69,1187,ShamIbadiyya0000075,472,498,1688,453,36
538,221,639,Shamela0004473,2919,648,887,196,56
538,315,1360,ShamAY0033108,978,326,1485,402,31
538,26,1253,Shia002356Vols,624,361,973,407,38
538,1045,1577,Shia002356Vols,625,0,466,329,76
538,553,1577,Shia002380Vols,421,0,780,489,54
538,1045,1401,JK001496,1153,31,406,200,62
538,315,1360,Tafsir02091,1175,165,1320,404,32
538,221,764,Tafsir02102,2551,558,1588,231,23
538,1117,1577,Shamela0008473,2708,5,588,311,67
538,804,1401,Tafsir05047,439,604,1221,225,35
538,221,1577,Shamela0023591,4331,390,1147,600,54
538,221,639,Shamela0023591,4332,610,848,194,56
538,1074,1401,Shamela0023591,4334,1118,1377,206,79
538,1074,1577,JK009266,5609,738,1175,350,86
538,833,1253,Tafsir10098,788,913,1337,162,36
538,26,639,Shamela0021821,976,687,1139,297,54
538,1074,1577,Shamela0021821,977,94,904,367,56
538,1383,1577,JK006478,5530,0,196,158,98
538,9,1334,Tafsir08060,291,142,1326,439,31
538,221,1406,Rafed0003943Vols,868,988,1573,463,48
538,78,639,Shamela0010273,1456,674,1066,241,47
538,303,628,Shamela0010273,1457,851,1353,155,32
538,1074,1577,Shamela0010273,1460,319,755,349,86
538,1164,1478,Shamela0007798,5673,365,998,190,37
538,289,576,Tafsir06048,593,9,487,131,27
538,221,582,Sham19Y0014404,760,1237,1689,185,42
538,1097,1551,Sham19Y0014404,761,614,1556,307,39
538,1074,1401,Meshkat00057178,2240,363,1183,187,26
538,1074,1577,Masaha000554Vols,2820,495,937,346,84
538,26,1314,QuranAnalysis001,116,1016,1614,470,45
538,1314,1577,QuranAnalysis001,117,0,264,212,99
538,19,374,Rafed0001713Vols,1329,909,1708,235,34
538,336,702,Rafed0001713Vols,1330,1026,1553,215,44
538,1074,1401,Rafed0001713Vols,1331,115,886,214,34
538,1074,1401,Tafsir04042,1213,337,736,213,58
538,289,639,Tafsir04056,4556,152,435,155,43
538,0,639,Shamela0000041,1401,629,1051,300,54
538,315,1551,Shamela0000041,1402,95,988,564,50
538,0,1264,Shamela0023578,1759,47,737,457,42
538,437,1577,Shamela0023578,1760,12,918,524,49
538,303,576,JK000876,748,1408,1672,150,51
538,553,1325,JK000876,749,0,782,326,39
539,0,124,Shamela0023632,2067,1209,1333,98,100
539,0,252,JK009268,2782,1338,1585,195,96
539,0,234,Sham19Y0023618,965,220,454,187,100
539,0,124,Shamela0023628,2154,1244,1368,98,100
539,33,234,Rafed0003257Vols,3165,287,488,162,100
539,280,735,Tafsir09083,755,5,683,190,28
539,252,630,Tafsir09084,1338,481,878,191,50
539,0,124,JK009270,2645,207,331,98,100
539,15,234,Meshkat0014420,2720,284,540,176,85
539,0,267,ShamAY0036821,1288,63,318,198,93
539,0,193,ShamAY0036821,1290,80,270,149,96
539,33,234,Shamela0004445,6937,1169,1370,162,100
539,0,188,Zaydiyya0000062,955,277,471,151,96
539,0,361,Shamela0037458,2200,1177,1368,72,21
539,33,267,Shamela0037458,2204,86,312,175,93
539,33,267,JK000791,1265,1256,1482,175,93
539,0,188,Shamela0000922,715,667,1114,145,40
539,0,267,JK007018,377,456,715,200,94
539,0,267,JK009396,788,1125,1384,200,94
539,33,234,Sham19Y0023608,2192,381,582,162,100
539,0,234,Rafed0003726Vols,791,432,776,156,55
539,33,239,Shamela0004473,8230,83,290,162,97
539,252,732,Tafsir02102,2552,937,1615,229,36
539,0,732,Shamela0008473,2708,588,1271,264,36
539,33,239,Shamela0008473,2710,125,331,164,99
539,33,234,JK009265,163,831,1033,162,99
539,0,267,Shamela0023591,4331,1147,1406,200,94
539,0,188,Shamela0023591,4336,67,255,151,100
539,0,267,JK009266,5613,50,351,197,80
539,0,267,Shamela0021821,978,678,925,182,86
539,33,239,Shamela0007597,72,1020,1226,166,100
539,0,267,Rafed0003943Vols,870,842,1101,200,94
539,472,1083,Shamela0010273,1461,266,1432,245,24
539,33,252,Shamela0010273,1462,1276,1515,177,91
539,33,252,Shamela0012293,206,562,790,174,94
539,33,252,Shamela0012293,1095,1036,1264,174,94
539,0,170,Sham19Y0014404,762,354,956,136,28
539,0,267,QuranAnalysis001,117,264,523,200,94
539,1357,1524,Rafed0001713Vols,1333,734,952,98,52
539,33,234,Rafed0001713Vols,1333,110,311,162,100
539,0,188,Tafsir04042,1214,248,721,147,38
539,0,234,Shamela0000041,1403,283,517,187,100
539,0,561,Shamela0023578,1760,918,1424,329,71
540,704,920,Shia001432Vols,1051,205,421,160,92
540,488,898,Shia001432Vols,2490,570,979,329,99
540,553,898,Shia001432Vols,22068,0,272,210,76
540,547,704,Shia001432Vols,24557,1091,1247,125,99
540,699,898,Shia001432Vols,30398,794,995,158,98
540,270,547,Shamela0023632,2071,162,438,224,98
540,547,787,Shamela0023632,2073,642,882,191,99
540,396,898,JK009268,2792,3,506,406,99
540,3,693,Sham19Y0023618,965,952,1565,401,66
540,704,898,Sham19Y0023618,970,343,538,156,99
540,10,833,Shamela0023628,2157,868,1539,539,80
540,547,714,Sham19Y0148883,173,141,307,126,95
540,547,898,Rafed0003257Vols,3172,1209,1560,281,99
540,547,725,Sham19Y0020891,3265,18,191,131,92
540,472,758,Tafsir09068,661,852,1452,201,41
540,547,704,JK010001,546,380,537,126,100
540,317,547,JK009270,2650,685,955,166,74
540,547,898,JK009270,2652,779,1130,282,100
540,547,704,Meshkat0014420,2725,1209,1366,126,100
540,704,898,Meshkat0014420,2727,426,620,156,100
540,10,912,ShamAY0036821,1288,185,937,589,80
540,135,400,ShamAY0036821,1290,1059,1242,147,69
540,396,704,ShamAY0036821,1291,891,1198,249,99
540,436,792,Sham19Y0147312,1160,33,890,224,32
540,704,898,Shamela0004445,44,680,874,156,100
540,704,898,Tafsir04040,1817,425,753,156,59
540,553,699,Shia004021,146,159,305,117,100
540,122,465,Zaydiyya0000062,956,20,288,210,75
540,396,699,Zaydiyya0000062,957,953,1433,244,62
540,472,787,Shamela0037458,2207,1020,1335,255,100
540,396,704,JK000791,1268,824,1209,213,62
540,684,898,JK000791,1269,820,1068,171,85
540,547,684,Shia001153,157,558,695,110,100
540,10,688,JK007018,377,580,1538,418,46
540,704,898,JK007018,378,185,380,155,98
540,488,709,JK009396,789,1279,1557,164,70
540,684,898,JK009396,790,503,761,167,80
540,547,704,Sham19Y0023608,2029,769,925,125,99
540,317,709,Sham19Y0023608,2195,1193,1568,267,85
540,709,898,Sham19Y0023608,2196,0,190,152,99
540,547,704,Sham19Y0023608,2198,576,732,125,99
540,704,898,Shamela0011238,1,390,585,156,99
540,704,912,JK000381,6953,227,446,165,93
540,481,704,Meshkat00042488,902,310,1014,174,30
540,704,898,JK000894,24,1309,1503,156,98
540,16,828,Rafed0003726Vols,791,677,1463,282,31
540,547,684,Shia002264,863,417,554,110,100
540,10,590,Shia002356Vols,626,311,1060,335,49
540,425,898,Shia002356Vols,627,836,1395,339,70
540,640,898,Tafsir04038,335,0,440,192,54
540,513,787,Shia002380Vols,423,0,499,218,54
540,547,704,Tafsir02102,2436,1087,1244,126,100
540,704,898,Shamela0008473,950,1164,1358,156,100
540,547,704,Shamela0008473,1910,145,302,126,100
540,547,679,Shamela0008473,2549,1307,1438,106,99
540,308,547,Shamela0008473,2712,559,910,197,68
540,704,898,Shamela0008473,2715,240,434,156,100
540,699,898,Masaha001072,162,627,826,160,99
540,547,704,Tafsir07055,579,1092,1249,126,100
540,472,898,Shamela0023591,4332,0,426,344,99
540,396,709,Shamela0023591,4341,954,1265,247,97
540,704,898,Shamela0023591,4345,155,350,156,99
540,10,709,JK009266,5613,216,765,443,78
540,684,898,JK009266,5623,1091,1375,172,75
540,565,898,Shamela0021821,980,0,332,266,99
540,704,898,JK001110,44,1040,1235,156,99
540,559,684,Shia001174Vols,4479,0,125,100,100
540,122,709,JK001420,509,376,1536,248,25
540,704,898,Shamela0022653,255,1259,1454,155,98
540,396,704,JK006478,5539,1328,1636,248,98
540,699,915,JK006478,5545,87,336,160,80
540,462,742,Rafed0003943Vols,872,181,458,198,87
540,704,880,Rafed0003943Vols,872,1447,1623,141,98
540,547,714,Shamela0010273,1468,525,691,128,95
540,704,898,Shamela0010273,1469,506,701,156,99
540,1233,1536,Tafsir01006,795,34,654,168,33
540,472,675,Sham19Y0014404,763,1053,1596,164,37
540,704,898,JK000379,12,924,1119,156,99
540,547,699,Masaha000554Vols,2835,662,817,122,96
540,10,898,QuranAnalysis001,117,388,1126,597,82
540,699,898,Shia001367,55,806,1006,160,99
540,699,898,Shia001367,103,1383,1584,160,99
540,407,736,Rafed0001713Vols,1335,0,329,246,91
540,704,898,Rafed0001713Vols,1336,1187,1382,156,99
540,547,704,Shia001134,440,1392,1549,126,100
540,704,905,JK006950,1255,1378,1590,162,93
540,353,704,Shamela0000041,1404,1041,1552,286,68
540,396,859,Shamela0000041,1405,199,1118,345,45
540,270,965,Shamela0023578,1762,556,1234,543,96
541,101,715,Tafsir09083,757,142,973,250,32
541,422,678,Tafsir09084,1342,0,551,154,35
541,288,609,Shamela0021766,2376,568,1034,152,39
541,101,842,JK000818,315,422,1207,304,37
541,101,568,ShamAY0033108,980,977,1482,197,37
541,101,568,Tafsir02091,1177,817,1322,198,37
541,325,589,Shamela0008473,2714,560,1203,181,34
541,101,634,Tafsir08060,292,1141,1605,199,39
541,282,613,Shamela0010273,1468,1182,1542,141,39
541,101,439,Sham19Y0014404,763,1202,1566,169,47
541,696,1151,JK000876,752,108,453,181,42
542,242,617,Shia001432Vols,716,578,953,304,99
542,184,747,Shia001432Vols,2490,897,1485,432,91
542,184,364,Shia001432Vols,22068,190,394,124,75
542,184,507,Shamela0023632,2077,825,1172,238,85
542,507,747,Shamela0023632,2080,735,975,192,99
542,184,817,JK009268,2792,424,1081,490,92
542,184,419,Sham19Y0023618,970,456,715,166,80
542,242,682,Shamela0023628,2164,1170,1609,355,99
542,184,358,Rafed0003257Vols,3172,1478,1675,119,74
542,358,507,Rafed0003257Vols,3173,0,149,119,99
542,507,786,Rafed0003257Vols,3178,1422,1700,224,99
542,507,747,Sham19Y0020891,3276,152,785,192,37
542,576,817,JK000362,17,1138,1379,194,100
542,507,817,JK000362,1458,265,589,251,95
542,242,430,JK009270,2655,1051,1237,143,94
542,419,663,JK009270,2658,698,942,200,100
542,242,507,Meshkat0014420,2729,983,1248,214,100
542,507,682,Meshkat0014420,2731,1390,1564,143,99
542,242,827,ShamAY0036821,1293,632,1217,461,96
542,576,817,ShamAY0036821,1296,751,991,193,99
542,242,547,Tafsir02104,280,686,1150,226,56
542,242,507,Shamela0012769,2,1033,1383,214,75
542,131,401,Zaydiyya0000062,959,1038,1622,176,36
542,242,507,Shamela0006947,16189,309,573,213,99
542,184,467,Shamela0037458,2213,208,515,205,83
542,440,817,Shamela0037458,2217,433,818,293,94
542,467,747,JK000791,1273,22,346,212,81
542,242,756,JK007018,378,781,1498,407,70
542,242,507,Kraken220413194135,56,982,1242,204,95
542,242,507,JK009396,791,965,1230,214,100
542,507,817,JK009396,792,417,727,251,100
542,242,507,Sham19Y0023608,2199,995,1260,213,99
542,507,817,Sham19Y0023608,2202,478,788,250,99
542,242,617,Shamela0009637,25,1125,1332,135,44
542,507,822,JK000381,527,325,640,255,100
542,576,817,JK000381,736,439,680,194,100
542,242,617,JK000381,5319,898,1090,133,44
542,475,822,JK000381,7866,265,487,162,57
542,347,507,JK000381,9809,0,160,129,100
542,92,309,Meshkat00042488,904,195,554,105,33
542,11,375,Shia002356Vols,628,1181,1522,163,45
542,507,771,Shia002356Vols,629,1283,1545,211,98
542,184,740,Tafsir04038,335,358,1273,332,44
542,224,507,Shamela0008473,2715,1173,1510,229,83
542,419,817,Shamela0008473,2716,849,1469,320,63
542,291,576,Shia002382Vols,1015,162,920,228,36
542,207,595,Tafsir05047,442,413,1605,285,29
542,242,756,Shamela0023591,4351,1094,1607,412,99
542,242,507,Shamela0023591,4353,749,1014,213,99
542,507,817,Shamela0023591,4357,283,593,250,99
542,576,822,JK000371,266,958,1210,198,97
542,184,412,JK009266,5623,1293,1544,161,79
542,507,827,JK009266,5641,744,1069,256,97
542,131,507,Shamela0021821,982,288,784,267,67
542,426,747,Shamela0021821,983,462,898,233,64
542,242,507,Shamela0011730,52,218,482,213,99
542,184,507,JK001110,44,1153,1500,239,85
542,242,507,JK006478,5554,95,364,214,98
542,507,817,JK006478,5560,932,1244,251,99
542,242,827,Rafed0003943Vols,873,817,1407,468,98
542,242,507,Shamela0010273,1472,176,441,213,99
542,817,1434,Shamela0010273,1473,74,1112,350,41
542,507,822,Shamela0010273,1474,30,344,250,98
542,242,617,JK000805,24,633,831,137,46
542,1253,1561,Sham19Y0014404,765,1035,1530,155,35
542,419,584,Meshkat00057178,2248,148,761,130,25
542,184,679,QuranAnalysis001,117,1044,1562,380,90
542,853,1047,Rafed0001713Vols,1339,1208,1589,134,42
542,162,507,Rafed0001713Vols,1339,84,437,238,83
542,507,817,Rafed0001713Vols,1340,1164,1474,250,99
542,576,817,JK001414,472,1311,1552,194,100
542,547,822,JK006950,2168,0,154,121,53
542,242,507,JK006950,4108,1076,1341,214,100
542,162,364,Shamela0000041,1406,1369,1593,131,70
542,242,682,Shamela0000041,1407,698,1312,345,69
542,242,1047,Shamela0023578,1766,495,1197,558,84
543,799,937,Shamela0023632,2082,0,138,112,100
543,937,1180,Shamela0023632,2084,937,1180,196,100
543,730,1180,JK009268,2805,753,1203,363,100
543,575,943,Sham19Y0023618,972,339,622,227,76
543,937,1180,Sham19Y0023618,973,36,279,196,100
543,599,1180,Shamela0023628,2169,613,1222,403,79
543,723,1242,Rafed0003257Vols,3182,744,1199,339,81
543,730,904,Tafsir09068,664,744,1261,141,33
543,857,1103,JK009270,2663,0,246,199,100
543,730,979,Meshkat0014420,2734,1325,1573,200,99
543,784,1005,JK006476,884,821,1056,174,91
543,937,1180,JK006476,885,564,818,175,86
543,441,1059,ShamAY0036821,1293,1088,1528,354,70
543,730,1180,ShamAY0036821,1297,308,756,360,99
543,357,771,Meshkat00042485,3886,356,939,245,50
543,943,1180,Shamela0012851,15,552,1013,191,51
543,441,1026,Sham19Y0147312,1164,683,1315,331,50
543,441,937,Shamela0007631,9,854,1175,259,64
543,849,999,Sham19Y0013550,338,1435,1638,121,73
543,62,930,Zaydiyya0000062,961,218,1366,459,44
543,937,1173,Zaydiyya0000062,962,1146,1386,190,98
543,937,1103,Shamela0006947,21221,246,412,135,100
543,676,1283,Shamela0037458,2220,502,1283,430,65
543,730,937,Shamela0000922,721,6,408,167,51
543,730,1180,JK007018,379,323,774,362,99
543,575,937,JK009396,793,7,480,204,43
543,937,1180,JK009396,794,402,645,196,100
543,730,1103,Sham19Y0023608,2205,4,377,302,100
543,441,937,JK000381,1541,658,979,259,64
543,937,1085,JK000381,4071,1508,1655,120,99
543,937,1103,JK000381,5086,172,337,134,99
543,857,1173,ShamIbadiyya0000075,478,0,550,254,57
543,6,1242,Shia002356Vols,630,278,1540,618,50
543,730,930,Tafsir04038,335,1290,1542,158,77
543,0,779,Shia002380Vols,424,755,1568,409,53
543,784,1180,Shia002380Vols,425,0,734,314,52
543,937,1103,ShamAY0001202,13,844,1010,135,100
543,937,1180,Tafsir02102,2568,209,905,192,34
543,637,937,Shamela0008473,2718,0,264,194,80
543,1005,1180,Shamela0008473,2720,0,175,141,100
543,0,651,Shia002382Vols,1015,891,1470,312,53
543,651,1180,Shia002382Vols,1016,15,1025,410,49
543,584,1180,Shamela0023591,4352,0,511,414,85
543,734,1221,Shamela0023591,4361,0,494,364,91
543,441,1103,JK009266,5641,940,1427,394,73
543,1297,1574,JK009266,5650,677,925,92,42
543,575,911,Shamela0021821,984,1271,1521,204,74
543,911,1568,Shamela0021821,985,0,869,289,37
543,937,1180,Shamela0021821,986,123,811,178,32
543,441,937,Shamela0011730,586,1200,1520,259,64
543,730,1103,JK006478,5566,140,416,222,73
543,441,930,Rafed0003943Vols,873,1278,1591,253,64
543,930,1195,Rafed0003943Vols,874,0,271,206,94
543,937,1103,Shamela0010273,1477,161,327,135,100
543,239,771,Tafsir01006,799,481,1251,319,49
543,943,1180,Tafsir06048,598,1016,1421,190,58
543,350,893,Sham19Y0014404,766,418,1591,280,27
543,730,1096,Masaha000554Vols,2849,699,1068,293,97
543,441,1180,QuranAnalysis001,118,24,588,455,76
543,0,644,Rafed0001713Vols,1341,383,1379,316,36
543,651,1420,Rafed0001713Vols,1342,0,748,409,52
543,937,1103,JK006950,98,96,262,135,100
543,599,924,Shamela0000041,1409,529,796,194,74
543,937,1180,Shamela0000041,1410,409,652,196,100
543,599,1283,Shamela0023578,1768,323,916,376,63
544,894,1470,Shia001432Vols,538,971,1491,416,90
544,1192,1376,Shia001432Vols,20004,496,681,146,98
544,1192,1376,Shia001432Vols,20564,1328,1512,147,100
544,421,1112,Shamela0023632,2084,937,1266,265,47
544,1112,1376,Shamela0023632,2086,968,1232,212,100
544,421,1408,JK009268,2805,960,1584,503,63
544,421,1112,Sham19Y0023618,973,36,365,265,47
544,1221,1470,Sham19Y0023618,974,0,249,198,100
544,421,1206,Shamela0023628,2169,979,1403,335,52
544,1192,1470,Shamela0023628,2174,1014,1292,221,100
544,1192,1376,Rafed0003257Vols,3140,642,826,147,100
544,698,1192,Rafed0003257Vols,3184,1137,1659,258,46
544,1192,1470,Rafed0003257Vols,3185,0,278,221,100
544,291,578,Sham19Y0020891,3279,505,821,128,39
544,1192,1376,Sham19Y0020891,3286,808,992,147,100
544,1192,1526,JK000100,350,709,935,179,66
544,1252,1388,Tafsir09068,666,1087,1242,105,85
544,894,1192,JK009270,2664,981,1224,195,81
544,1180,1376,JK009270,2667,961,1183,157,88
544,1112,1376,Meshkat0014420,2741,43,307,212,100
544,386,691,Tafsir01005,3316,678,976,104,36
544,882,1470,ShamAY0036821,1294,32,560,421,89
544,421,1034,ShamAY0036821,1297,515,814,199,37
544,1116,1470,ShamAY0036821,1298,856,1206,279,98
544,211,1071,Meshkat00042485,3890,184,1289,359,34
544,1192,1376,Zaydiyya0000076BK31,9,931,1115,147,100
544,1259,1376,Sham19Y0147312,1167,859,976,93,100
544,874,1252,Zaydiyya0000062,963,288,720,256,72
544,1262,1470,Zaydiyya0000062,964,1043,1255,165,97
544,1202,1376,Shamela0006947,9049,0,174,139,100
544,1192,1376,Hindawi030536269,278,1086,1270,147,100
544,1192,1376,Shamela0010517,954,1110,1294,147,100
544,421,978,Shamela0037458,2220,793,1043,198,44
544,1026,1259,Shamela0037458,2224,760,993,188,100
544,1259,1470,Shamela0037458,2229,406,617,167,100
544,65,291,JK000791,1275,23,476,75,17
544,661,1495,JK000791,1276,133,811,301,39
544,1192,1376,JK000791,1278,0,184,147,100
544,1259,1376,Shamela0000922,723,445,562,93,100
544,1192,1376,Shamela0023775,808,1195,1379,147,100
544,421,1212,JK007018,379,530,1259,344,41
544,1116,1470,JK007018,380,0,661,243,45
544,284,1192,JK009396,794,257,811,372,48
544,1192,1376,JK009396,795,585,769,147,100
544,894,1376,Sham19Y0023608,2207,548,975,342,88
544,1192,1376,JK000917,973,1273,1457,147,100
544,894,1376,Shamela0001340,188,529,956,342,88
544,1212,1376,Meshkat00042488,910,29,282,130,64
544,1129,1368,ShamIbadiyya0000075,478,844,1442,187,39
544,1192,1376,Rafed0003726Vols,784,1204,1388,147,100
544,1192,1376,Shamela0004473,3303,1133,1317,147,100
544,1192,1376,Shamela0004473,5098,408,592,147,100
544,1192,1376,Shamela0004473,5931,756,940,147,100
544,1026,1474,Shamela0004473,6228,558,1002,355,99
544,1259,1376,Shamela0022371,221,30,147,93,100
544,421,971,Shia002356Vols,630,1266,1508,195,44
544,959,1470,Shia002356Vols,631,915,1420,368,90
544,0,1154,Shia002380Vols,425,98,1170,447,37
544,894,1266,Shamela0001419,336,1248,1564,254,84
544,1138,1376,JK001496,1165,972,1189,163,84
544,255,484,Shamela0008473,2719,1319,1537,95,52
544,1185,1376,Shamela0008473,2721,1224,1421,151,95
544,0,1154,Shia002382Vols,1016,313,1540,484,36
544,421,1470,Shamela0023591,4352,268,955,551,65
544,421,971,Shamela0023591,4361,203,446,196,44
544,1026,1382,Shamela0023591,4364,1161,1524,285,97
544,1348,1470,Shamela0023591,4374,827,949,96,100
544,894,1122,JK009266,5654,1319,1491,138,75
544,1192,1431,JK009266,5665,1279,1517,191,99
544,1192,1376,JK010770,4,6,190,147,100
544,103,251,Shamela0002386,339,323,801,109,29
544,427,1526,Shamela0021821,986,214,1369,571,48
544,427,944,Tafsir10066,867,330,1141,189,24
544,1224,1376,JK009362,4581,0,153,122,99
544,1026,1470,JK001110,45,7,451,355,100
544,894,1376,Sham19Y0073348,278,603,1030,342,88
544,421,971,Rafed0003943Vols,874,7,250,196,44
544,1026,1526,Rafed0003943Vols,874,688,1179,384,93
544,421,783,Shamela0010273,1477,161,975,114,17
544,1192,1376,Shamela0010273,1480,534,718,147,100
544,1259,1376,Shamela0007798,5712,1075,1192,93,100
544,0,1071,Tafsir01006,800,169,1438,477,37
544,223,1112,Sham19Y0014404,767,321,1580,359,28
544,1259,1376,Sham19Y0014404,769,0,117,93,100
544,1192,1376,Rafed0003799Vols,472,804,996,147,95
544,1262,1376,Meshkat00057178,2253,1174,1288,91,100
544,1259,1376,Masaha000554Vols,2859,791,1119,93,35
544,421,1470,QuranAnalysis001,118,345,1032,551,65
544,894,1368,Rafed0003537Vols,280,1171,1590,335,88
544,230,596,Rafed0001713Vols,1343,3,320,169,52
544,1192,1376,Rafed0001713Vols,1346,411,595,147,100
544,1192,1376,Shamela0010710,208,629,813,147,100
544,95,218,Tafsir07057,5407,758,881,97,100
544,103,223,Tafsir04056,4985,106,226,94,99
544,421,1058,Shamela0000041,1410,409,1253,249,29
544,1165,1376,Shamela0000041,1411,1311,1522,168,100
544,386,1470,Shamela0023578,1769,73,1069,588,57
544,69,799,JK000876,755,619,1550,285,30
544,1247,1376,ShamAY0037109,113,631,775,101,88
545,582,864,Tafsir09084,1346,705,1072,121,31
545,1003,1548,Shia002380Vols,426,100,719,229,37
545,582,864,Shamela0008473,2721,917,1534,150,29
545,552,864,Sham19Y0014404,768,1198,1481,96,29
546,117,483,Shia001432Vols,760,1263,1523,198,67
546,483,745,Shia001432Vols,761,0,258,203,98
546,117,751,Shia001432Vols,2491,148,674,405,79
546,0,350,Shamela0023632,2089,615,897,224,79
546,350,608,Shamela0023632,2092,408,666,206,100
546,0,745,JK009268,2821,868,1611,541,87
546,117,479,Sham19Y0023618,976,41,403,294,100
546,479,751,Sham19Y0023618,977,74,345,214,99
546,231,427,Shamela0023628,2181,706,902,160,100
546,427,751,Shamela0023628,2182,1027,1350,256,99
546,1255,1385,Rafed0003257Vols,3189,1204,1343,102,90
546,231,751,Rafed0003257Vols,3190,614,1133,416,99
546,22,245,Sham19Y0020891,3290,966,1268,132,54
546,1171,1385,Sham19Y0020891,3290,1239,1401,120,66
546,427,608,Sham19Y0020891,3295,865,1063,144,91
546,479,729,JK000100,368,1192,1441,197,99
546,241,418,Tafsir09068,668,0,490,143,35
546,479,745,JK000362,2153,222,488,210,100
546,1249,1385,JK010001,943,1399,1549,107,87
546,479,745,JK010001,1310,743,1024,210,94
546,0,427,JK009270,2672,474,833,285,82
546,427,745,JK009270,2676,933,1251,252,100
546,350,745,Zaydiyya0000329,25,81,474,313,99
546,479,745,Zaydiyya0000329,84,1010,1275,209,99
546,160,350,Meshkat0014420,2744,0,190,156,100
546,361,608,Meshkat0014420,2747,0,247,197,100
546,479,745,JK000947,10,780,1108,206,79
546,166,376,JK006476,889,747,963,171,97
546,524,738,JK006476,891,197,415,169,98
546,479,745,JK000101,359,431,706,210,96
546,0,479,ShamAY0036821,1294,511,917,319,82
546,0,479,ShamAY0036821,1301,691,1097,319,82
546,479,751,ShamAY0036821,1303,311,581,213,99
546,479,751,ShamAY0036821,1304,125,395,213,99
546,469,751,JK000081,1196,1327,1615,220,96
546,150,479,Sham19Y0147312,1168,882,1546,253,47
546,479,745,JK000375,94,585,851,210,100
546,231,479,Shamela0012769,74,568,816,202,100
546,117,608,Sham19Y0013550,339,586,1565,269,32
546,427,751,Zaydiyya0000062,968,222,607,249,81
546,70,350,Shamela0037458,2233,444,743,211,84
546,321,745,Shamela0037458,2236,711,1155,324,92
546,231,469,JK000791,1280,1307,1544,193,99
546,431,745,JK000791,1282,899,1313,236,72
546,745,1063,Shamela0021766,2389,806,1229,130,33
546,350,745,JK007018,381,53,445,311,98
546,1255,1385,JK000906,5500,1154,1292,100,89
546,350,656,JK009396,798,545,856,230,91
546,0,350,Sham19Y0023608,2213,33,315,224,79
546,350,745,Sham19Y0023608,2216,543,938,314,100
546,479,745,JK000381,1540,971,1371,210,66
546,479,745,JK000381,2941,976,1242,210,100
546,479,745,JK000381,4896,1180,1445,210,99
546,1255,1385,ShamIbadiyya0000075,479,413,618,102,61
546,479,745,Shamela0022647,9,1230,1496,210,100
546,231,745,Shamela0022371,221,192,753,280,59
546,0,479,Shia002356Vols,633,608,1121,342,82
546,414,733,Shia002356Vols,634,1067,1531,252,68
546,479,745,Shamela0012027,225,414,680,210,100
546,6,745,Tafsir04038,336,716,1264,260,42
546,1171,1385,JK001496,1167,989,1178,119,66
546,0,241,JK001496,1167,693,1030,146,54
546,479,745,Shamela0008363,156,1222,1488,210,100
546,745,1322,Shia002382Vols,1019,166,698,173,28
546,1249,1413,Tafsir07055,999,152,330,111,73
546,488,745,Tafsir07055,1371,0,269,203,95
546,479,745,JK000079,15,1039,1304,209,99
546,0,483,Shamela0023591,4352,906,1321,326,83
546,0,479,Shamela0023591,4374,900,1311,325,84
546,479,751,Shamela0023591,4381,44,315,214,99
546,479,751,Shamela0023591,4382,796,1067,214,99
546,10,479,JK009266,5666,0,401,318,84
546,431,751,JK009266,5678,645,985,227,84
546,1249,1385,JK007044,3753,531,681,97,81
546,0,479,Shamela0021821,990,468,921,339,84
546,479,745,Shamela0021821,991,1269,1534,210,99
546,479,745,Shamela0011730,586,44,443,210,66
546,0,409,JK001110,45,402,715,238,72
546,479,751,Shamela0007853,13,456,730,213,97
546,0,427,JK001420,513,251,823,178,33
546,483,745,JK000082,523,0,262,207,100
546,479,745,JK000869,9,913,1179,210,100
546,109,271,Rafed0003943Vols,877,1365,1526,126,96
546,271,778,Rafed0003943Vols,878,0,518,406,97
546,358,745,Zaydiyya0000148,220,656,1046,306,98
546,479,745,Shamela0010273,1487,859,1125,210,100
546,293,623,Sham19Y0014404,770,519,1283,260,42
546,0,613,QuranAnalysis001,118,983,1527,431,87
546,0,231,Rafed0001713Vols,1348,994,1421,164,48
546,231,479,Rafed0001713Vols,1349,1131,1379,202,100
546,427,629,Rafed0001713Vols,1351,608,869,145,67
546,1255,1385,Tafsir07057,3083,1146,1285,102,90
546,117,1059,Shamela0000041,1413,531,1072,335,41
546,409,745,Shamela0000041,1414,985,1469,267,69
546,0,488,Shamela0023578,1769,1020,1437,329,83
546,414,751,Shamela0023578,1774,744,1242,267,67
546,479,745,JK000094,139,1082,1348,210,100
546,1255,1385,JK000876,758,980,1185,102,61
547,588,1197,Meshkat00042485,3908,930,1411,249,43
547,1261,1486,Meshkat00042485,3909,1288,1540,130,59
547,574,838,Zaydiyya0000062,968,0,428,163,47
547,494,805,Zaydiyya0000295Vols,1499,470,1049,180,38
547,150,828,JK000818,319,432,1017,211,30
547,150,631,Tafsir08060,295,1021,1465,242,52
547,1335,1539,Shamela0010273,1488,640,960,114,41
547,588,1518,Tafsir01006,805,466,1599,415,36
547,1323,1539,Rafed0001713Vols,1352,720,1131,128,38
548,780,1059,Shia001432Vols,466,1191,1471,229,99
548,604,1059,Shia001432Vols,539,77,532,372,100
548,780,1059,Shia001432Vols,25954,338,617,229,100
548,924,1059,Shia001432Vols,28801,107,242,110,100
548,515,762,Shamela0023632,2094,1235,1481,198,99
548,780,1059,Shamela0023632,2096,916,1195,229,100
548,515,1140,JK009268,2822,0,625,509,99
548,515,694,Sham19Y0023618,977,340,519,145,100
548,694,1140,Sham19Y0023618,978,185,631,365,100
548,643,930,Shamela0023628,2186,0,287,235,100
548,916,1140,Shamela0023628,2188,304,531,181,97
548,604,1140,Rafed0003257Vols,3195,638,1174,440,100
548,780,1165,Zaydiyya0000044,115,859,1264,310,92
548,128,610,Sham19Y0020891,3299,0,393,125,29
548,924,1059,Sham19Y0020891,3302,1222,1357,110,100
548,916,1059,JK000100,62,772,916,113,97
548,924,1059,JK000100,358,232,368,108,97
548,934,1094,Tafsir09068,670,997,1600,131,26
548,515,780,JK009270,2680,726,991,213,100
548,780,1059,JK009270,2682,1194,1473,229,100
548,924,1063,Shamela0005756,15427,1146,1285,111,98
548,780,1140,Zaydiyya0000329,64,75,435,296,99
548,694,1059,Meshkat0014420,2752,654,1019,297,100
548,515,780,JK006476,892,157,427,212,97
548,1005,1140,JK006476,893,1107,1248,113,95
548,515,1140,ShamAY0036821,1303,576,1186,493,97
548,515,786,ShamAY0036821,1304,390,655,210,96
548,780,1140,ShamAY0036821,1305,575,926,288,97
548,1140,1391,Meshkat00042485,3912,681,1292,171,34
548,873,1145,Sham19Y0147312,1171,148,484,217,78
548,780,1059,Sham19Y0014592,2835,320,599,229,100
548,924,1059,Sham19Y0013550,104,499,634,110,100
548,916,1059,Sham19Y0013550,240,445,588,112,96
548,0,786,Zaydiyya0000062,969,375,1117,324,40
548,743,1052,Zaydiyya0000062,970,785,1159,249,81
548,515,780,Shamela0037458,2240,1278,1543,213,100
548,780,1094,Shamela0037458,2243,349,663,258,100
548,694,1140,JK000791,1285,779,1530,362,58
548,780,1087,JK000365,678,37,315,190,76
548,924,1059,JK000365,714,490,625,110,100
548,809,1059,Shamela0000922,726,844,1346,203,49
548,924,1059,Tafsir07076,7967,1402,1537,110,100
548,445,909,JK007018,381,832,1523,335,58
548,909,1140,JK007018,382,0,233,190,99
548,515,780,JK009396,799,556,821,213,100
548,920,1145,JK009396,800,0,225,182,98
548,515,780,Sham19Y0023608,2219,781,1046,213,100
548,768,1158,Sham19Y0023608,2222,423,810,302,94
548,924,1059,Sham19Y0016953Vols,1274,1386,1521,110,100
548,924,1059,JK000917,985,1430,1565,110,100
548,924,1059,JK000381,4916,853,988,110,100
548,903,1059,JK000381,6617,578,730,112,83
548,920,1059,Meshkat00042488,916,808,947,111,98
548,604,1059,Shamela0004473,1474,625,1080,372,100
548,780,1059,Shamela0004473,6228,1023,1302,229,100
548,924,1059,Shamela0022371,221,809,944,110,100
548,515,903,ShamAY0033108,988,121,908,303,47
548,544,854,Shia002356Vols,635,1162,1513,226,78
548,860,1140,Shia002356Vols,636,819,1151,205,74
548,548,1123,Shia002380Vols,428,274,1629,450,40
548,0,604,JK001496,1170,769,1326,168,26
548,924,1059,JK001496,1172,1056,1191,110,100
548,533,903,Tafsir02091,1185,0,764,284,46
548,515,780,Shamela0008473,2730,45,310,213,100
548,698,1140,Shamela0008473,2731,854,1330,343,88
548,515,1140,Shamela0023591,4381,310,935,510,100
548,515,780,Shamela0023591,4382,1062,1327,213,100
548,780,1140,Shamela0023591,4391,28,388,297,100
548,726,1145,JK009266,5684,0,419,341,99
548,515,924,Shamela0021821,993,67,475,331,99
548,909,1059,Shamela0021821,994,420,592,122,87
548,924,1059,JK009362,4608,652,787,110,100
548,515,1059,JK001110,45,690,1234,442,100
548,515,924,JK001420,514,75,845,243,36
548,515,780,JK006478,5602,448,716,213,98
548,924,1140,JK006478,5607,1381,1597,178,100
548,515,1140,Rafed0003943Vols,881,499,1124,510,100
548,515,698,Shamela0010273,1489,548,731,146,98
548,1140,1503,Shamela0010273,1489,917,1491,230,47
548,694,1069,Shamela0010273,1490,1285,1659,305,99
548,620,924,Rafed0003882,17,0,304,249,100
548,0,780,Sham19Y0014404,771,212,1510,299,23
548,903,1140,Sham19Y0014404,772,959,1638,170,29
548,916,1059,Rafed0003799Vols,417,456,603,112,93
548,924,1059,Meshkat00057178,2262,557,692,110,100
548,584,1131,Masaha000554Vols,2878,404,951,421,91
548,515,1140,QuranAnalysis001,119,132,757,510,100
548,1140,1391,Rafed0001713Vols,1353,347,723,140,45
548,515,694,Rafed0001713Vols,1353,109,288,145,100
548,768,1094,Rafed0001713Vols,1354,1030,1379,264,92
548,762,1059,Shamela0000432,3857,924,1247,241,91
548,903,1059,JK006950,920,721,873,112,83
548,924,1059,Shamela0022648,3,1056,1191,110,100
548,604,1059,Shamela0000041,1416,352,1037,367,65
548,515,694,Shamela0023578,1774,1237,1416,145,100
548,445,1140,Shamela0023578,1776,353,1509,514,52
549,28,578,JK009268,2829,913,1451,224,40
549,28,676,Meshkat00042485,3915,344,1246,361,42
549,28,1205,JK000818,320,432,1326,459,43
549,28,399,ShamIbadiyya0000075,481,1230,1572,151,37
549,28,750,Shia002382Vols,1021,820,1496,316,40
549,37,750,Shamela0010273,1491,263,1208,364,39
549,1047,1625,Shamela0010273,1492,26,821,258,32
549,28,676,Tafsir01006,807,100,1015,359,42
549,28,544,Rafed0001713Vols,1354,405,1657,287,28
549,28,750,JK000876,761,707,1546,317,38
550,413,588,JK000330,553,824,993,127,88
550,35,292,JK000436,112,213,546,173,62
550,305,715,Shia001432Vols,2066,0,133,95,29
550,357,648,Shia001432Vols,2320,438,728,238,99
550,292,722,Shia001432Vols,7849,685,844,110,32
550,254,413,Shamela0023632,2098,987,1154,124,92
550,413,774,Shamela0023632,2100,108,470,295,99
550,201,774,JK009268,2833,738,1371,434,82
550,292,674,Sham19Y0023618,979,834,1230,307,95
550,648,834,Sham19Y0023618,980,951,1334,131,40
550,93,648,Shamela0023628,2188,315,888,376,79
550,399,774,Rafed0003257Vols,3199,0,376,306,99
550,44,523,Tafsir09084,1353,357,1279,325,42
550,523,715,Tafsir09084,1354,191,702,134,32
550,292,982,Sham19Y0020891,3304,668,1051,198,31
550,362,576,Sham19Y0020891,3305,240,447,151,79
550,292,648,Tafsir09068,671,413,1523,281,31
550,254,800,JK009270,2684,757,1305,423,94
550,254,413,Meshkat0014420,2755,430,597,124,92
550,292,576,JK006476,894,861,1154,230,96
550,93,648,ShamAY0036821,1303,975,1540,367,77
550,372,792,ShamAY0036821,1306,0,423,331,95
550,901,1187,Meshkat00042485,3919,242,597,161,52
550,302,774,Sham19Y0147312,1171,733,1364,383,74
550,254,876,Zaydiyya0000062,971,921,1631,182,21
550,324,641,Zaydiyya0000062,972,374,766,233,73
550,254,576,Shamela0037458,2246,1107,1437,258,96
550,576,774,Shamela0037458,2249,1366,1564,161,100
550,271,435,JK000791,1287,1413,1631,132,74
550,435,1132,JK000791,1288,0,617,308,45
550,576,774,JK000791,1289,502,700,161,100
550,774,1341,Shamela0021766,2396,203,1145,319,38
550,254,774,Shamela0000922,727,431,1130,274,40
550,93,774,JK007018,382,15,719,471,81
550,292,648,JK009396,801,890,1246,289,100
550,292,921,Sham19Y0023608,2225,481,1068,401,70
550,292,534,Meshkat00042488,917,515,1320,189,28
550,631,850,Meshkat00042488,918,749,993,146,66
550,292,588,Rafed0003726Vols,800,1165,1402,107,45
550,81,413,Shia002356Vols,636,917,1270,185,63
550,357,774,Shia002356Vols,637,695,1108,317,88
550,292,876,Shamela0001419,342,1172,1457,164,33
550,292,982,JK001496,1173,1019,1417,198,30
550,362,576,JK001496,1174,101,372,163,70
550,35,885,Shamela0008473,2733,476,1384,487,56
550,292,648,JK009265,210,958,1315,289,99
550,292,715,Shamela0003055,3426,1067,1220,105,32
550,44,292,Shamela0012884,2963,702,980,165,68
550,413,588,JK000378,25,72,241,127,88
550,93,774,Shamela0023591,4381,719,1418,478,82
550,292,774,Shamela0023591,4394,568,1051,391,99
550,292,674,JK009266,5692,681,1069,307,97
550,385,648,Shamela0021821,995,0,263,215,100
550,413,588,JK009362,4613,1368,1548,140,95
550,413,576,Shamela0011354,58,999,1162,134,100
550,413,576,Shamela0011354,142,229,392,134,100
550,292,413,JK006478,5610,1160,1281,96,100
550,357,576,JK006478,5611,644,1171,175,40
550,93,648,Rafed0003943Vols,881,908,1481,376,79
550,292,664,Shamela0010273,1493,1252,1624,301,99
550,664,1358,Shamela0010273,1494,0,1173,379,38
550,774,1294,Tafsir01006,808,841,1600,288,43
550,249,787,Sham19Y0014404,773,57,1627,428,33
550,378,765,Masaha000554Vols,2889,0,391,309,96
550,93,774,QuranAnalysis001,119,541,1239,478,83
550,312,715,Shamela0011379,166,0,118,90,28
550,254,413,Rafed0001713Vols,1355,1428,1595,124,92
550,357,1261,Rafed0001713Vols,1357,74,712,330,36
550,648,822,Rafed0001713Vols,1358,174,326,121,86
550,44,292,Tafsir04056,4643,572,855,165,67
550,275,1576,Shamela0000041,1418,83,1272,621,47
550,44,674,Shamela0023578,1778,943,1553,354,55
550,674,1576,Shamela0023578,1779,0,815,451,52
550,774,982,JK000876,762,1024,1328,129,52
550,1051,1593,JK000876,763,7,756,252,34
551,649,1112,Shia001432Vols,2491,833,1296,372,99
551,677,1041,Shia001432Vols,12172,925,1444,293,69
551,649,1180,Shia001432Vols,20941,533,994,360,84
551,546,1108,Shia001432Vols,24108,1081,1571,385,84
551,649,1180,Shia001432Vols,32664,58,391,248,57
551,758,1006,Shamela0023632,2104,1220,1468,198,99
551,1006,1353,Shamela0023632,2106,798,1145,280,100
551,649,925,Rafed0000040Vols,1391,1198,1474,221,99
551,1006,1259,Tafsir03097,966,524,1305,203,32
551,552,833,JK009268,2833,1371,1651,231,99
551,833,1502,JK009268,2834,0,669,540,100
551,758,1006,Sham19Y0023618,981,590,838,198,99
551,1036,1353,Sham19Y0023618,982,0,317,255,100
551,552,1353,Shamela0023628,2192,178,979,648,99
551,552,1017,Rafed0003257Vols,3202,659,1135,369,95
551,1112,1259,Rafed0003257Vols,3208,0,147,118,100
551,1108,1259,JK006801,598,892,1046,121,98
551,649,934,Sham19Y0020891,3311,443,724,224,97
551,1006,1207,Sham19Y0020891,3314,894,1405,141,34
551,1006,1262,Tafsir09068,674,491,1178,204,36
551,649,921,Hindawi094962085,25,138,410,220,100
551,552,921,JK009270,2689,142,511,301,100
551,1025,1502,JK009270,2694,0,477,386,100
551,552,1165,Sham19Y0150960,649,812,1164,273,54
551,712,1108,Meshkat0014420,2763,0,396,319,100
551,1108,1259,Shamela0012872,25,700,851,121,100
551,775,968,JK006476,897,1357,1552,154,97
551,1010,1279,JK006476,898,1254,1532,216,96
551,552,1502,ShamAY0036821,1307,73,1015,758,98
551,604,1353,ShamAY0036821,1309,0,1014,595,72
551,889,1140,Shamela0012851,24,0,681,199,36
551,649,929,Hindawi046307961,91,245,525,222,98
551,677,1006,Sham19Y0147312,1172,875,1195,224,81
551,1006,1452,Sham19Y0147312,1173,764,1371,361,73
551,1088,1259,Sham19Y0014592,2522,50,212,125,91
551,877,1207,Zaydiyya0000062,975,808,1197,243,75
551,758,1056,Shamela0006947,13798,1146,1310,122,51
551,552,921,Shamela0006947,19731,0,369,301,100
551,649,1108,Shamela0006947,21058,381,840,371,100
551,649,1006,Shamela0037458,2254,851,1208,288,100
551,1006,1401,Shamela0037458,2257,1098,1493,320,100
551,1006,1149,JK000110,1789,847,1473,115,22
551,552,1006,JK000791,1290,279,733,369,100
551,921,1259,JK000791,1293,121,526,241,75
551,649,1259,Hindawi083828042,209,399,1008,491,99
551,769,1353,Shamela0000922,728,0,787,280,34
551,572,1259,JK007018,383,274,961,512,90
551,830,1108,Shia003744Vols,185,0,306,220,89
551,1108,1262,Shia004092Vols,686,302,456,122,99
551,999,1207,Sham19Y0018103,3901,111,416,150,58
551,743,921,JK009396,803,0,178,143,100
551,921,1353,JK009396,804,420,1007,338,71
551,552,1006,Sham19Y0023608,2229,1027,1481,368,99
551,1006,1353,Sham19Y0023608,2235,919,1266,280,100
551,751,1108,JK000381,7963,0,357,288,100
551,649,877,JK000381,9785,98,326,184,100
551,921,1108,Meshkat00042488,921,18,595,150,32
551,649,1006,Shamela0004473,3397,1041,1398,288,100
551,565,1154,Shia002356Vols,638,420,1131,431,73
551,1108,1412,Shia002356Vols,639,1258,1563,243,98
551,901,1386,Tafsir04038,339,0,703,287,51
551,1108,1457,Shia002380Vols,431,50,595,271,61
551,1006,1149,PV2024060602,1789,847,1473,115,22
551,649,921,JK001496,1176,42,315,220,99
551,982,1259,JK001496,1177,312,1449,220,24
551,921,1108,Tafsir02102,2590,950,1468,150,35
551,546,921,Shamela0008473,2739,698,1139,304,84
551,877,1259,Shamela0008473,2742,452,866,308,92
551,1056,1305,Shamela0008473,2743,18,677,193,36
551,877,1064,Tafsir05047,449,1029,1487,148,39
551,1112,1259,JK000483,236,0,147,118,100
551,712,921,Shamela0003055,2280,0,209,168,100
551,758,1211,Shamela0012884,2970,416,1301,331,46
551,1108,1262,Rafed0002654Vols,123,1386,1539,122,98
551,738,1108,Masaha004648Vols,487,0,539,293,65
551,552,1502,Shamela0023591,4399,551,1501,770,99
551,552,921,Shamela0023591,4401,756,1125,301,100
551,925,1353,Shamela0023591,4405,861,1289,344,99
551,552,1370,JK009266,5697,517,1332,654,98
551,677,877,Sham19Y0032384,47,929,1129,161,100
551,1108,1259,JK011593,25,1219,1370,121,100
551,1010,1157,Zaydiyya0000063,210,94,225,103,87
551,82,681,Shamela0021821,996,1009,1548,206,30
551,681,1006,Shamela0021821,997,0,325,262,100
551,1088,1353,Shamela0021821,999,516,834,211,82
551,649,877,Kraken220413194022,1653,907,1154,179,89
551,893,1108,Masaha000001Vols,255,0,314,173,67
551,1088,1259,JK009362,4632,445,620,126,91
551,1108,1259,ShamAY0033926,230,806,957,120,99
551,1124,1464,JK001110,81,1277,1606,244,88
551,677,1056,Shia001174Vols,1721,834,1416,298,63
551,758,1056,Shia001174Vols,2059,1177,1397,133,52
551,649,877,Shamela0007853,24,1166,1393,183,99
551,700,1049,JK001420,515,0,702,142,21
551,649,921,Shamela0022653,311,1135,1407,220,100
551,1108,1259,Zaydiyya0000274,112,688,839,121,100
551,1108,1219,Zaydiyya0000274,199,1351,1461,88,99
551,748,921,JK006478,5624,0,173,139,100
551,1098,1353,JK006478,5628,0,256,205,99
551,552,909,Rafed0003943Vols,884,1386,1742,291,99
551,909,1180,Rafed0003943Vols,885,0,271,217,99
551,696,1180,Zaydiyya0000148,216,0,484,389,100
551,649,1259,Shamela0010273,1498,419,1029,491,99
551,921,1108,Shamela0007798,5747,456,1073,151,30
551,1108,1259,Shamela0007798,5748,641,792,121,100
551,1108,1259,Shamela0012031,814,95,246,121,100
551,804,1259,Sham19Y0014404,775,105,1418,358,34
551,723,921,JK000379,69,0,198,159,100
551,1006,1259,Meshkat00057178,2271,168,1067,204,28
551,649,1103,Masaha000554Vols,2900,1126,1577,357,95
551,1108,1279,Masaha000554Vols,2905,1410,1582,135,96
551,677,921,Shamela0009841,6,278,522,197,100
551,552,909,QuranAnalysis001,119,1239,1595,291,99
551,909,1502,QuranAnalysis001,120,0,593,480,100
551,649,1010,Rafed0001713Vols,1360,265,627,289,98
551,982,1243,Rafed0001713Vols,1361,1368,1647,209,92
551,546,921,Hindawi017506357,123,327,789,303,80
551,649,921,Shamela0000432,2612,162,434,220,100
551,649,1036,JK001414,1629,88,367,209,67
551,661,1108,JK006950,2264,1006,1448,352,97
551,877,1353,Shamela0000041,1421,21,994,384,48
551,529,1502,Shamela0023578,1782,437,1428,777,96
551,1056,1315,Shamela0023578,1783,116,600,205,53
552,165,292,Sham19Y0020891,3307,1173,1309,101,92
552,48,292,Shamela0000140,1204,0,244,187,93
552,558,857,Shamela0000140,1249,76,466,189,55
552,168,279,Shamela0037458,2254,541,651,88,99
552,292,1593,JK000818,322,5,1151,475,37
552,857,1309,Meshkat00042488,920,911,1505,219,38
552,558,706,ShamIbadiyya0000075,484,4,128,77,61
552,292,1448,JK001496,1176,326,1501,419,35
552,1237,1522,ShamIbadiyya0000050,3396,109,754,171,33
552,1095,1588,Shamela0010273,1499,882,1474,272,48
552,168,760,Tafsir01006,810,92,952,316,40
552,857,1588,Sham19Y0014404,775,105,706,233,31
552,168,292,Rafed0001713Vols,1359,522,655,99,92
552,1241,1501,Shamela0000041,1421,0,450,167,43
552,292,706,JK000876,764,843,1381,204,43
552,964,1593,JK000876,765,34,912,317,41
553,1060,1301,ShamAY0037152,421,1281,1523,192,98
553,1060,1298,Shia001432Vols,2491,1301,1538,192,99
553,1060,1298,Shia001432Vols,5559,702,941,192,99
553,811,1298,Shamela0023632,2108,209,596,314,79
553,1298,1539,Shamela0023632,2111,473,714,194,100
553,1060,1570,JK009268,2846,1011,1522,413,99
553,1060,1358,Sham19Y0023618,983,1068,1366,240,100
553,773,1213,Shamela0023628,2198,524,943,275,65
553,659,1421,Rafed0003257Vols,3210,492,1096,490,79
553,1204,1481,Tafsir09068,676,111,1030,205,27
553,199,1213,JK009270,2694,55,630,439,53
553,1213,1570,JK009270,2700,995,1353,290,99
553,1144,1481,ShamAY0034106,176,640,1124,140,31
553,847,1421,Meshkat0014420,2772,904,1424,328,60
553,199,1570,ShamAY0036821,1307,594,1524,716,64
553,811,1301,ShamAY0036821,1310,135,528,311,77
553,1298,1570,ShamAY0036821,1311,337,605,215,97
553,0,631,Meshkat00042485,3930,247,940,325,49
553,966,1448,Sham19Y0147312,1174,251,1590,349,31
553,0,234,Zaydiyya0000062,976,232,438,93,40
553,847,1301,Shamela0037458,2262,761,1256,295,67
553,1298,1539,Shamela0037458,2266,49,290,194,100
553,811,1213,JK000791,1295,28,330,245,75
553,1060,1298,JK000350,228,467,705,192,100
553,1060,1421,JK009396,806,0,761,288,46
553,921,1421,Sham19Y0023608,2239,460,1020,344,67
553,1060,1298,JK000381,639,224,462,192,100
553,811,1298,JK000381,3783,149,536,314,79
553,1031,1301,JK000381,3868,664,939,207,92
553,811,1298,JK000381,4039,462,849,314,79
553,471,1144,JK000818,323,27,779,331,45
553,0,921,Shia002356Vols,639,964,1563,308,36
553,914,1421,Shia002356Vols,640,800,1346,344,75
553,1283,1570,Shia002356Vols,641,958,1376,194,56
553,234,1272,Shia002380Vols,431,50,1280,515,41
553,1307,1570,Shia002380Vols,432,0,607,214,43
553,0,234,Shia002382Vols,1026,481,635,73,39
553,910,1031,Shia002382Vols,1027,1042,1187,94,76
553,1060,1298,JK000359,6,41,279,192,100
553,199,1115,Shamela0023591,4399,1079,1555,360,48
553,1115,1570,Shamela0023591,4400,0,456,369,99
553,795,1298,Shamela0023591,4410,142,537,317,77
553,1298,1570,Shamela0023591,4414,1071,1344,221,99
553,811,1402,JK009266,5710,1063,1553,398,82
553,1402,1570,JK009266,5711,0,169,137,99
553,811,1213,Shamela0021821,1000,754,1057,243,74
553,1031,1301,Kraken220413194022,292,409,684,207,92
553,811,1298,Shamela0008476,121,743,1130,314,79
553,811,1298,Shamela0011730,352,550,936,312,79
553,1031,1298,Zaydiyya0000080,360,1119,1396,205,90
553,811,1175,Sham19Y0016618,49,711,975,213,72
553,234,575,Tafsir08060,299,62,389,162,47
553,1144,1570,Rafed0003943Vols,892,841,1268,346,99
553,41,650,Shamela0010273,1500,0,788,322,41
553,1060,1298,Shamela0010273,1503,649,887,192,100
553,1298,1570,Shamela0010273,1505,36,309,221,99
553,0,432,Tafsir01006,811,518,1008,242,52
553,773,1104,Tafsir01006,812,62,1114,244,28
553,1065,1298,Shamela0012293,1630,1111,1344,188,100
553,1060,1298,Shamela0012293,1631,598,836,192,100
553,0,454,Sham19Y0014404,775,968,1479,183,33
553,199,1570,QuranAnalysis001,120,171,1104,729,65
553,0,687,Rafed0001713Vols,1362,267,1273,359,38
553,874,1298,Rafed0001713Vols,1364,0,959,329,42
553,1298,1539,Rafed0001713Vols,1366,504,745,194,100
553,1175,1539,Tafsir04042,1238,75,1187,290,32
553,1090,1298,JK001414,280,7,215,168,100
553,1255,1539,Shamela0000041,1424,553,834,207,88
553,914,1539,Shamela0023578,1786,379,1127,452,72
554,0,227,ShamAY0037152,426,147,374,183,100
554,1282,1558,Shia001432Vols,21493,532,1055,196,46
554,0,227,JK000370,266,161,388,183,100
554,0,227,Shamela0023632,2115,713,940,183,100
554,619,1053,JK001480,481,584,1104,146,26
554,0,227,Shamela0023628,2203,590,817,183,100
554,0,227,Rafed0003257Vols,3219,486,713,183,100
554,0,160,Sham19Y0020891,3324,204,368,123,92
554,0,144,Meshkat0014420,2776,1041,1185,118,100
554,465,665,Meshkat00042485,3937,228,588,136,46
554,1282,1516,Meshkat00042485,3942,649,1097,173,47
554,0,227,Shamela0012851,28,637,1092,183,49
554,0,144,Sham19Y0147312,1175,123,267,118,100
554,0,144,Sham19Y0018176,2467,158,317,118,90
554,701,1383,Zaydiyya0000062,979,413,1143,233,30
554,0,227,Shamela0037458,2268,1089,1316,183,100
554,0,227,JK000110,1853,427,616,137,71
554,0,227,JK000791,1298,1092,1319,183,100
554,0,144,Sham19Y0009800,393,751,895,118,100
554,0,227,JK007018,385,565,796,183,98
554,0,227,Sham19Y0018103,4015,498,687,137,71
554,0,144,JK009396,807,421,565,118,100
554,0,144,Sham19Y0023608,2243,123,267,118,100
554,0,144,JK000381,2252,633,777,118,100
554,619,1408,JK000818,323,962,1560,262,37
554,0,144,Sham19Y0020587,71,111,255,118,100
554,895,1408,ShamIbadiyya0000075,487,267,765,227,42
554,0,200,Shia002356Vols,641,1376,1572,160,98
554,0,183,Shia002380Vols,432,607,788,147,98
554,0,227,PV2024060602,1853,427,616,137,71
554,895,1231,JK001496,1181,678,1255,171,31
554,0,144,Shamela0008473,2747,1024,1168,118,100
554,874,1189,Shia002382Vols,1028,893,1447,184,39
554,895,1488,Tafsir05047,451,554,1075,202,36
554,0,227,Shamela0023591,4400,456,683,183,100
554,0,203,Shamela0023591,4414,1344,1546,164,99
554,0,227,JK009266,5711,169,396,183,100
554,0,144,Shamela0021821,1004,169,313,118,100
554,0,144,Sham19Y0018106,4084,1167,1326,118,90
554,0,144,Shia002389Vols,1484,1340,1480,99,78
554,0,227,Sham19Y0013252,10030,1378,1569,141,70
554,0,144,Rafed0003943Vols,892,1268,1412,118,100
554,0,144,Shamela0010273,1505,309,453,118,100
554,0,144,Shamela0007798,5764,627,990,118,39
554,465,985,Tafsir01006,813,65,873,253,36
554,1222,1516,Tafsir01006,814,165,816,217,40
554,0,144,Sham19Y0013605,4782,716,1040,118,44
554,874,1301,Sham19Y0014404,777,1038,1598,182,34
554,1288,1516,Sham19Y0014404,778,492,725,138,60
554,0,227,QuranAnalysis001,120,1104,1331,183,100
554,465,985,Rafed0001713Vols,1365,403,1318,253,33
554,1008,1315,Rafed0001713Vols,1366,504,1555,145,16
554,1315,1516,Rafed0001713Vols,1367,45,395,150,51
554,0,227,Shamela0000041,1426,0,227,183,100
554,0,227,Shamela0023578,1791,230,457,183,100
554,0,170,JK000876,769,485,916,130,37
555,1019,1270,Shia001432Vols,20155,969,1216,198,98
555,835,1089,Shamela0023632,2117,1305,1558,208,99
555,1353,1507,Shamela0023632,2122,0,154,123,100
555,594,1507,JK009268,2847,76,874,630,86
555,1195,1417,Sham19Y0023618,986,1179,1401,180,100
555,865,1195,Sham19Y0023618,986,0,330,268,100
555,594,1336,Shamela0023628,2203,757,1384,504,84
555,1336,1507,Shamela0023628,2212,899,1070,137,100
555,800,1507,Rafed0003257Vols,3223,601,1411,570,87
555,966,1130,Tafsir09083,776,1001,1584,135,28
555,737,1019,JK009270,2704,558,851,216,90
555,1195,1507,JK009270,2708,100,412,251,100
555,1046,1417,Meshkat0014420,2785,0,371,299,100
555,959,1242,JK006476,905,338,636,228,94
555,1176,1511,JK006476,906,167,634,266,71
555,509,1507,ShamAY0036821,1308,15,905,638,79
555,769,1199,ShamAY0036821,1313,917,1345,342,98
555,1195,1507,ShamAY0036821,1314,596,904,247,98
555,245,835,Meshkat00042485,3945,281,1123,300,37
555,1270,1496,Shamela0012851,30,781,1502,145,25
555,1134,1507,Tafsir02104,287,722,1273,134,27
555,769,1019,Sham19Y0147312,1176,281,771,202,51
555,1195,1507,Sham19Y0147312,1177,1173,1469,187,74
555,15,495,Shamela0022769,832,446,1038,228,45
555,142,437,Sham19Y0018176,2467,99,317,153,58
555,769,1089,Sham19Y0013550,342,642,1020,118,28
555,406,959,Zaydiyya0000062,981,3,396,246,51
555,1336,1502,Zaydiyya0000062,984,6,268,121,56
555,1019,1417,Shamela0006947,5906,757,1155,321,100
555,660,1019,Shamela0037458,2270,366,662,226,75
555,1019,1420,Shamela0037458,2273,872,1273,323,100
555,142,437,JK000110,1853,368,580,153,59
555,966,1210,JK000791,1303,475,954,190,49
555,1228,1507,JK000791,1304,412,805,187,60
555,594,1019,JK007018,385,736,1292,248,45
555,1019,1507,JK007018,386,113,603,392,99
555,142,437,Sham19Y0018103,4015,439,651,153,59
555,1019,1433,JK009396,808,1189,1602,332,99
555,1019,1507,Sham19Y0023608,2248,363,851,392,100
555,265,482,Shamela0021715,10292,14,330,146,56
555,157,966,JK000818,324,211,1239,368,38
555,157,737,Meshkat00042488,926,668,1395,140,16
555,1247,1507,Meshkat00042488,930,317,1076,198,32
555,769,1008,Rafed0003726Vols,795,1110,1581,192,50
555,835,1089,Shamela0004473,661,139,393,208,100
555,1247,1507,ShamAY0033108,997,399,1083,198,36
555,1195,1507,Shia002356Vols,643,1252,1561,248,99
555,879,1195,Shia002356Vols,643,0,315,255,99
555,142,966,Shia002380Vols,432,542,1428,379,39
555,1247,1507,Shia002380Vols,433,882,1452,203,44
555,840,1228,Shia002380Vols,433,349,653,229,70
555,142,437,PV2024060602,1853,368,580,153,59
555,361,835,JK001496,1183,988,1251,149,39
555,1247,1507,Tafsir02091,1194,712,1395,200,36
555,835,1336,Shamela0008473,2752,374,851,326,72
555,1270,1507,Shamela0008473,2753,373,662,180,78
555,139,949,Shia002382Vols,1030,186,1548,434,35
555,840,1247,Shia002382Vols,1031,907,1275,267,75
555,1331,1507,Shia002382Vols,1032,673,1058,140,45
555,1025,1461,Tafsir05047,453,338,1128,248,35
555,594,1507,Shamela0023591,4400,623,1421,631,86
555,769,1195,Shamela0023591,4420,1121,1547,343,100
555,1195,1507,Shamela0023591,4425,311,623,251,100
555,1089,1353,JK009266,5733,612,875,199,94
555,1336,1507,JK009266,5737,593,764,137,100
555,1270,1507,Shamela0021821,1007,945,1312,186,63
555,1019,1336,Shamela0021821,1007,44,361,255,100
555,142,437,Sham19Y0018106,4084,1108,1326,153,58
555,1019,1487,JK007094,276,87,490,99,22
555,850,1089,JK006478,5650,848,1151,155,58
555,1336,1507,JK006478,5654,33,346,137,54
555,142,482,Sham19Y0013252,10030,1319,1550,161,55
555,835,1417,Rafed0003943Vols,895,93,675,472,100
555,1019,1417,Shamela0010273,1511,15,413,321,100
555,1019,1380,JK000089,171,383,961,171,29
555,185,942,Tafsir01006,815,307,1542,411,36
555,1247,1507,Tafsir01006,817,492,1257,199,32
555,835,1270,Tafsir06048,610,199,1123,353,47
555,1311,1496,Tafsir06048,611,135,749,139,28
555,142,437,Sham19Y0013605,4782,657,1040,153,38
555,1232,1468,Sham19Y0014404,780,1087,1560,181,46
555,907,1077,Sham19Y0014404,780,0,274,113,47
555,1019,1336,Meshkat00057178,2280,44,707,255,47
555,1089,1502,Masaha000554Vols,2931,748,1168,325,95
555,594,1001,QuranAnalysis001,120,1271,1562,234,71
555,1001,1507,QuranAnalysis001,121,0,506,407,100
555,116,800,Rafed0001713Vols,1368,228,1278,352,36
555,1104,1420,Rafed0001713Vols,1370,554,1027,254,66
555,1247,1507,Rafed0001713Vols,1371,124,982,206,29
555,157,737,Shamela0000041,1426,231,615,216,44
555,1143,1507,Shamela0000041,1428,730,1264,290,67
555,949,1311,Shamela0000041,1428,167,529,292,99
555,865,1336,Shamela0023578,1792,0,471,382,100
555,1331,1507,Shamela0023578,1794,288,463,140,99
555,1347,1502,JK000876,772,0,397,121,37
556,93,473,Shia001432Vols,28109,1292,1590,173,48
556,1219,1520,JK009268,2857,1093,1418,128,41
556,81,312,Meshkat00042485,3946,742,967,152,73
556,709,1188,Meshkat00042485,3949,947,1465,230,45
556,11,473,Shamela0021766,2419,228,1047,227,31
556,1385,1516,Shamela0021766,2421,472,603,95,88
556,36,343,JK000818,324,859,1190,136,43
556,6,479,Shia002380Vols,432,1089,1513,248,55
556,6,343,Shia002382Vols,1030,1208,1548,195,58
556,636,1520,Shia002382Vols,1031,948,1426,308,39
556,177,473,Shamela0010273,1510,55,363,148,46
556,0,336,Tafsir01006,815,1087,1542,224,58
556,702,1271,Tafsir01006,816,642,1315,278,44
556,11,336,Sham19Y0014404,779,693,1231,160,35
556,88,473,Rafed0001713Vols,1369,83,744,211,34
556,780,1180,Rafed0001713Vols,1370,12,507,186,38
557,1057,1265,Shia001432Vols,3550,206,414,169,100
557,1057,1357,Shamela0023632,2123,1105,1405,244,100
557,38,477,JK001480,484,179,559,104,21
557,783,1559,JK009268,2847,800,1377,464,73
557,783,1265,Sham19Y0023618,987,658,940,225,57
557,1057,1265,Shamela0026435,1,38,246,169,100
557,783,1290,Shamela0023628,2212,996,1289,232,56
557,1239,1559,Shamela0023628,2215,162,539,260,84
557,899,1559,Rafed0003257Vols,3227,509,1124,439,79
557,1057,1256,Zaydiyya0000044,125,395,595,161,99
557,729,1204,Sham19Y0020891,3338,603,981,190,39
557,1057,1365,JK009270,2710,101,416,248,97
557,783,1265,Meshkat0014420,2787,870,1152,225,57
557,1345,1559,Meshkat0014420,2790,0,215,174,99
557,1060,1339,JK006476,907,223,518,225,93
557,1031,1559,ShamAY0036821,1308,881,1399,409,95
557,1057,1357,ShamAY0036821,1315,1194,1487,236,97
557,194,817,Meshkat00042485,3954,417,999,270,46
557,1076,1357,Shamela0012851,31,731,1416,221,39
557,1057,1535,Sham19Y0147312,1178,242,1065,388,58
557,1057,1245,Sham19Y0014592,1119,402,590,153,100
557,783,1265,Shamela0037458,2278,880,1162,225,57
557,1219,1489,Shamela0037458,2281,1240,1581,216,76
557,1057,1265,Sham19Y0016928,19,311,519,169,100
557,783,1361,JK007018,386,529,1384,309,38
557,15,194,Zaydiyya0000295Vols,1537,417,573,98,66
557,865,1265,JK009396,809,265,613,190,46
557,1057,1559,Sham19Y0023608,2252,880,1383,408,99
557,1057,1265,JK000381,5757,11,219,169,100
557,1057,1265,Shia003721Vols,152,564,772,169,100
557,251,935,ShamIbadiyya0000075,489,0,470,198,30
557,1057,1265,Sham19Y0145435,4997,1304,1512,169,100
557,1035,1361,Shia002356Vols,644,729,1055,250,94
557,194,1092,Shia002380Vols,433,882,1504,323,38
557,906,1239,JK001496,1187,286,483,143,53
557,1057,1265,Shamela0008473,467,632,840,169,100
557,1057,1265,Shamela0008473,1801,1365,1573,169,100
557,1092,1265,Shamela0008473,1903,0,173,141,100
557,856,1265,Shamela0008473,2754,0,352,210,59
557,368,1092,Shia002382Vols,1032,673,1110,255,42
557,81,505,Tafsir05047,453,521,1080,236,46
557,1191,1559,Shamela0023591,4401,0,369,299,99
557,1057,1361,Shamela0023591,4429,334,638,244,99
557,1057,1265,JK009266,5738,579,787,169,100
557,148,410,JK000458,1971,1152,1605,146,38
557,783,1334,Shamela0021821,1007,1238,1588,281,62
557,373,940,Shamela0021821,1008,36,648,205,30
557,736,1265,Tafsir10066,890,268,839,259,45
557,1057,1265,Shamela0000107,320,1133,1341,169,100
557,783,1357,Rafed0003943Vols,896,50,424,300,64
557,294,530,Shamela0010273,1512,29,253,135,66
557,1057,1265,Shamela0010273,1513,32,240,169,100
557,1057,1265,Shamela0008514,10,768,976,169,100
557,194,981,Tafsir01006,817,492,1266,320,42
557,1035,1265,Hindawi083863050,96,828,1059,173,93
557,1111,1357,Sham19Y0014404,781,494,1188,200,35
557,1057,1349,Masaha000554Vols,2936,181,479,231,93
557,783,1559,QuranAnalysis001,121,432,1009,464,73
557,736,1265,Rafed0001713Vols,1371,1033,1524,275,56
557,194,530,Rafed0001713Vols,1371,124,630,241,56
557,373,1184,Tafsir04042,1241,437,1489,281,24
557,1057,1265,JK006950,61,205,413,169,100
557,373,736,Tafsir02094,2173,154,328,89,27
557,1092,1357,Shamela0000041,1429,526,791,216,100
557,783,1559,Shamela0023578,1794,389,966,464,73
557,1060,1265,Shamela0023578,1795,317,766,163,44
557,384,940,JK000876,772,0,404,182,32
558,313,954,JK000818,325,797,1397,229,38
558,80,719,Shamela0010273,1513,259,1381,268,27
558,164,896,Tafsir01006,818,41,1034,317,37
558,306,896,Sham19Y0014404,781,371,1133,227,27
559,1350,1593,JK000330,1042,374,618,201,99
559,1350,1593,JK000330,1074,707,951,201,99
559,1350,1593,Shia001432Vols,4596,1240,1484,200,98
559,1241,1423,Shamela0023632,2132,1006,1188,148,100
559,1155,1593,JK009268,2866,0,439,359,99
559,1213,1423,Sham19Y0023618,991,546,802,164,76
559,1241,1423,Shamela0023628,2240,150,332,148,100
559,1350,1593,Rafed0003257Vols,3259,953,1197,201,99
559,1350,1584,Sham19Y0020891,3359,80,314,193,100
559,1125,1516,JK009270,2717,1128,1519,318,99
559,1350,1593,ShamAY0036821,1318,718,955,194,96
559,451,833,Meshkat00042485,3963,722,1028,144,38
559,993,1152,Meshkat00042485,3965,461,609,105,76
559,1350,1593,JK000343,372,752,996,201,99
559,1241,1593,Shamela0004445,551,1058,1411,289,99
559,1350,1593,Shamela0006947,17197,859,1103,201,99
559,1350,1593,Shamela0006947,19216,1360,1604,201,99
559,1102,1350,Shamela0037458,2287,171,419,201,99
559,1350,1593,Shamela0037458,2293,893,1137,201,99
559,1339,1584,JK000791,1311,791,1036,202,100
559,1350,1584,Tafsir07076,201,1115,1349,193,100
559,1152,1593,JK007018,388,236,1025,328,48
559,1350,1529,JK009396,814,1401,1579,146,99
559,1241,1593,Sham19Y0023608,2267,1045,1398,289,99
559,1350,1593,Shamela0009637,47,896,1140,201,99
559,1350,1593,JK000381,4176,1030,1274,201,99
559,1241,1593,Shia003721Vols,461,370,725,289,99
559,1350,1593,Shamela0004473,3230,1266,1510,201,99
559,1350,1593,Shamela0004473,14146,464,708,201,99
559,720,1350,Shia002356Vols,646,54,819,297,38
559,1335,1593,Shia002356Vols,647,1117,1369,202,94
559,1241,1593,Shia002380Vols,436,719,1377,269,50
559,1118,1593,Zaydiyya0000191,33,639,1117,379,96
559,1350,1593,Zaydiyya0000191,135,809,1053,201,99
559,1131,1310,Tafsir02091,1201,262,554,108,43
559,1350,1584,Tafsir02102,1424,492,726,193,100
559,52,465,Shamela0008473,2757,0,424,144,36
559,1350,1593,Shamela0008473,2815,172,416,201,99
559,1310,1516,MMS00013,2868,391,597,167,100
559,1350,1593,MMS00013,2890,478,722,201,99
559,1102,1593,Shamela0023591,4435,714,1206,402,99
559,1310,1593,Shamela0023591,4443,171,431,212,90
559,1350,1593,Shia003749,455,1059,1303,201,99
559,1220,1593,Sham19Y0026523,5931,473,848,292,95
559,1241,1593,Shamela0021821,1015,388,741,289,99
559,1399,1593,ShamAY0036178,11,0,195,161,99
559,1412,1593,JK009362,2360,0,184,150,98
559,1350,1593,JK009362,3297,909,1155,201,98
559,1350,1564,Shia004029,41,1121,1335,176,100
559,1350,1593,JK000911,158,1127,1371,201,99
559,1350,1593,JK000911,193,541,785,201,99
559,1350,1584,JK006478,3377,588,822,193,100
559,1350,1584,JK006478,5677,1206,1441,193,99
559,269,1227,Tafsir08060,302,52,809,311,33
559,1199,1584,Rafed0003943Vols,904,157,504,241,77
559,993,1241,Shamela0010273,1519,481,1026,166,35
559,1350,1593,Shamela0010273,1523,1133,1377,201,99
559,1383,1541,Shamela0007798,3407,1373,1531,129,100
559,1350,1593,Shamela0007798,5845,919,1163,201,99
559,1350,1593,JK000805,45,1127,1371,198,97
559,1350,1593,Shamela0010895,204,215,459,201,99
559,1350,1584,Shamela0008612,92,94,328,193,100
559,1125,1593,QuranAnalysis001,121,1100,1569,383,99
559,1350,1584,Rafed0003537Vols,220,1185,1419,193,100
559,451,932,Rafed0001713Vols,1375,77,718,186,30
559,1350,1593,Shamela0000432,5792,684,928,201,99
559,1350,1541,Shia001615Vols,3033,966,1157,155,99
559,1241,1423,Shamela0000041,1441,1226,1408,148,100
559,1383,1593,Shamela0000041,1456,1003,1284,174,74
559,1102,1365,Shamela0023578,1799,244,503,203,95
559,1350,1593,Shamela0023578,1818,803,1047,201,99
560,0,156,JK000330,1074,951,1107,128,100
560,123,321,Shia001432Vols,22068,399,596,161,99
560,146,321,Shamela0023632,2139,0,175,144,100
560,0,321,JK009268,2866,439,760,264,100
560,0,127,Sham19Y0023618,992,1469,1594,104,98
560,123,321,Shamela0023628,2252,634,832,162,100
560,0,183,Rafed0003257Vols,3259,1197,1379,150,99
560,405,964,Tafsir09084,1368,860,1468,201,29
560,30,183,Sham19Y0020891,3362,907,1496,83,16
560,30,183,Tafsir09068,684,356,992,126,24
560,0,183,JK009270,2730,1243,1426,151,100
560,0,183,Meshkat0014420,2800,150,333,151,100
560,0,186,ShamAY0036821,1318,955,1140,152,99
560,0,183,Shamela0000758,172,144,326,150,99
560,0,156,JK000343,372,996,1152,128,100
560,123,321,Sham19Y0147312,1184,835,1451,162,32
560,0,163,Shamela0004445,551,1411,1573,134,99
560,0,186,Zaydiyya0000062,992,417,604,153,98
560,0,183,Shamela0006947,10418,27,210,151,100
560,0,183,Shamela0006947,17197,1103,1286,151,100
560,123,321,Shamela0037458,2296,1390,1588,162,100
560,0,183,JK000791,1313,1242,1425,151,100
560,123,270,Shamela0000922,735,197,564,120,40
560,30,163,Tafsir07076,5769,953,1090,91,81
560,0,183,JK007018,388,1025,1207,150,99
560,0,183,JK009396,815,65,248,151,100
560,0,183,Sham19Y0023608,2267,1398,1580,150,99
560,0,156,Shamela0009637,47,1140,1296,128,100
560,0,190,JK000381,4176,1274,1466,153,97
560,0,183,Shia003721Vols,461,725,908,151,100
560,123,274,Rafed0003726Vols,825,849,1054,120,71
560,0,177,Shamela0004473,3230,1510,1779,74,24
560,0,183,Shamela0004473,14146,708,891,151,100
560,0,168,Shia002356Vols,647,1369,1534,136,98
560,74,321,JK001496,1195,549,1301,175,27
560,405,964,Shamela0008473,2760,618,1304,209,29
560,0,210,Shamela0008473,2815,416,626,158,91
560,30,354,Shamela0008473,2817,6,888,246,34
560,0,321,Shamela0023591,4435,1206,1526,263,99
560,0,183,Shamela0023591,4443,431,613,150,99
560,0,197,JK009266,5768,897,1094,156,95
560,0,156,Sham19Y0026523,5931,848,1002,126,98
560,0,183,Shamela0021821,1015,741,924,151,100
560,0,183,ShamAY0036178,11,195,378,151,100
560,0,142,JK009362,2360,184,326,117,100
560,0,156,JK009362,3297,1155,1312,128,99
560,0,168,JK009362,4707,1453,1620,138,99
560,337,688,Masaha004105Vols,21,323,624,179,54
560,123,315,JK001420,520,232,565,143,52
560,0,177,JK000911,158,1371,1547,146,99
560,0,183,JK000911,193,785,968,151,100
560,0,183,JK006478,5680,1300,1484,151,99
560,111,321,Rafed0003943Vols,905,0,210,172,100
560,0,183,Shamela0010273,1523,1377,1559,150,99
560,0,183,Shamela0007798,5845,1163,1346,151,100
560,0,156,JK000805,45,1371,1527,128,100
560,0,186,Shamela0010895,204,459,647,153,98
560,0,177,Masaha000554Vols,2958,1426,1601,142,97
560,15,321,QuranAnalysis001,122,0,306,251,100
560,0,183,Rafed0001713Vols,1383,166,348,150,99
560,0,183,Shamela0000432,5792,928,1111,151,100
560,58,321,Shamela0000041,1457,1113,1436,216,81
560,0,190,Shamela0023578,1818,1047,1236,151,96
561,273,700,Shia001432Vols,4597,628,774,95,26
561,606,1647,JK009268,2866,454,1053,488,56
561,1355,1544,Sham19Y0023618,995,820,1009,158,100
561,1070,1647,Shamela0023628,2252,667,1125,376,78
561,938,1368,Shamela0023628,2253,5,585,255,52
561,1128,1544,Meshkat0014420,2807,57,384,268,77
561,1128,1647,ShamAY0036821,1319,717,1141,339,78
561,752,1413,Shamela0037458,2296,1109,1645,267,39
561,923,1544,JK007018,389,490,1358,325,41
561,151,938,ShamIbadiyya0000075,491,158,921,307,39
561,1128,1544,Shia002356Vols,649,8,340,267,76
561,0,655,Shia002380Vols,436,1094,1603,254,38
561,630,1097,Shamela0008473,2817,6,452,161,37
561,0,643,Shia002382Vols,1048,924,1571,258,40
561,846,1406,Tafsir05047,458,521,1076,234,38
561,606,1440,Shamela0023591,4435,1221,1610,316,45
561,1128,1647,Shamela0023591,4449,462,893,353,82
561,981,1643,Shamela0021821,1017,316,1675,390,32
561,1128,1544,JK001420,520,425,960,260,53
561,912,1323,Rafed0003943Vols,905,5,210,165,49
561,1355,1544,Rafed0003943Vols,907,192,381,158,100
561,1355,1647,Shamela0010273,1527,600,893,243,99
561,1070,1406,Tafsir01006,823,882,1468,239,46
561,1210,1544,Sham19Y0014404,793,577,1328,202,30
561,606,1647,QuranAnalysis001,122,0,599,488,56
561,1070,1406,Rafed0001713Vols,1385,200,984,220,33
561,752,1323,Shamela0000041,1457,1120,1436,220,45
561,1091,1544,Shamela0000041,1458,47,543,294,66
561,1070,1647,Shamela0023578,1839,676,1270,382,67
561,606,1323,JK000876,777,445,1536,358,36
562,257,528,Shia001432Vols,22726,1303,1574,217,99
562,50,257,Shamela0023632,2144,0,207,168,100
562,257,573,Shamela0023632,2147,788,1104,254,100
562,0,528,JK009268,2866,1053,1581,426,100
562,109,467,Sham19Y0023618,997,941,1299,289,100
562,0,410,Shamela0023628,2252,1125,1535,331,100
562,410,573,Shamela0023628,2257,445,608,131,100
562,223,492,Rafed0003257Vols,3285,1324,1675,216,76
562,191,410,Sham19Y0020891,3373,546,980,176,50
562,0,191,JK009270,2769,946,1137,155,100
562,191,528,JK009270,2774,1092,1429,271,100
562,109,410,Meshkat0014420,2815,80,381,244,100
562,0,114,ShamAY0036821,1319,1141,1255,91,100
562,109,573,ShamAY0036821,1321,386,848,372,99
562,573,905,Meshkat00042485,3981,658,1502,176,25
562,346,573,Sham19Y0147312,1188,364,930,183,40
562,257,528,Noorlib0000587,151,138,409,218,100
562,0,257,Shamela0037458,2301,320,577,208,100
562,257,573,Shamela0037458,2306,402,718,254,100
562,346,573,JK000791,1320,1048,1414,183,62
562,94,586,JK007018,390,655,1479,391,58
562,191,410,JK009396,819,1316,1535,176,100
562,410,573,JK009396,820,186,559,127,42
562,286,528,Sham19Y0023608,265,0,242,195,100
562,257,544,Sham19Y0023608,1872,566,852,222,96
562,0,528,Sham19Y0023608,2275,441,969,426,100
562,0,191,Sham19Y0016953Vols,780,1240,1431,155,100
562,257,544,JK000381,3423,1112,1393,222,96
562,56,553,Shia002356Vols,650,892,1492,395,81
562,6,346,Shia002380Vols,438,719,1502,273,43
562,191,410,JK001496,1200,161,728,151,31
562,0,239,JK006896,2,1394,1631,192,99
562,257,528,Shamela0008473,2432,18,289,218,100
562,257,528,Shamela0008473,4239,133,404,218,100
562,0,573,Shamela0023591,4436,208,781,462,100
562,109,573,Shamela0023591,4456,1040,1504,375,100
562,6,257,Shamela0021821,1020,338,589,203,100
562,79,528,Shamela0021821,1021,25,484,282,66
562,257,544,Shamela0021499,21,731,1012,222,96
562,257,528,JK006478,5704,524,800,216,97
562,60,257,Rafed0003943Vols,909,0,197,160,100
562,6,257,Shamela0010273,1529,772,1023,203,100
562,257,573,Shamela0010273,1532,119,435,254,100
562,783,1546,Tafsir01006,824,392,1342,301,31
562,0,573,QuranAnalysis001,122,599,1172,462,100
562,783,1423,Rafed0001713Vols,1386,219,1163,258,27
562,6,573,Rafed0001713Vols,1389,656,1490,327,41
562,257,528,Tafsir07057,2625,1178,1449,218,100
562,0,212,Shamela0023578,1839,1270,1475,160,93
562,191,573,Shamela0023578,1844,132,514,307,100
563,962,1193,Tafsir09084,1392,904,1307,141,41
563,962,1193,JK010001,1077,717,1144,141,39
563,962,1264,Shamela0008473,2828,55,893,179,26
563,962,1112,Tafsir07055,1133,1336,1469,93,77
564,346,1211,Tafsir09083,784,556,1523,331,34
564,954,1403,Meshkat00042485,3995,162,577,171,37
564,853,1514,Shamela0021766,2464,376,1205,293,37
564,918,1211,ShamAY0033108,1009,1088,1558,112,24
564,750,1468,Shia002380Vols,439,188,995,336,42
564,918,1445,Tafsir02091,1208,199,974,207,28
564,750,1363,Shamela0008473,2834,530,1447,274,31
564,750,1363,Shia002382Vols,1053,423,1048,276,42
564,634,1363,Tafsir01006,826,811,1565,326,41
564,508,951,Meshkat00057178,2299,754,1306,177,32
564,846,1363,Rafed0001713Vols,1390,974,1546,251,47
565,134,376,Shamela0008381,3804,720,962,198,100
565,134,376,Shamela0008381,5023,540,782,198,100
565,63,436,Shia001432Vols,21553,6,638,301,58
565,134,436,Shamela0023632,2153,547,849,246,100
565,0,436,JK009268,2886,276,712,355,100
565,79,308,Sham19Y0023618,1000,0,229,188,100
565,134,436,Shamela0023628,2261,48,350,246,100
565,134,436,Rafed0003257Vols,3295,658,960,246,100
565,134,369,JK009270,2781,1320,1554,192,99
565,0,376,Sham19Y0150960,650,464,786,251,81
565,0,436,Sham19Y0150960,1084,1132,1568,355,100
565,69,246,Meshkat0014420,2824,598,775,146,100
565,246,436,Meshkat0014420,2827,429,619,153,100
565,0,436,Shamela0008506,37,534,970,354,99
565,0,436,ShamAY0036821,1322,572,1005,351,98
565,134,436,ShamAY0036821,1326,511,811,243,98
565,1280,1548,Meshkat00042485,4003,396,821,138,35
565,893,1125,JK011730,1610,543,1002,137,33
565,56,308,Sham19Y0147312,1191,383,812,202,57
565,0,246,Shamela0037458,2309,1206,1452,202,100
565,227,436,Shamela0037458,2316,796,1010,160,92
565,0,436,JK010427,18,550,986,355,100
565,138,436,JK007018,391,901,1199,243,100
565,69,308,JK009396,821,140,761,172,32
565,0,213,Sham19Y0023608,2282,1377,1589,174,99
565,213,436,Sham19Y0023608,2283,0,223,181,100
565,436,1555,JK000818,331,114,882,345,31
565,93,436,Shamela0009231,21,0,343,280,100
565,134,436,ShamAY0000055,45,412,717,246,99
565,0,436,Shamela0004473,6336,1186,1622,355,100
565,79,436,Shia002356Vols,653,763,1210,288,79
565,0,436,ShamAY0001202,103,223,659,355,100
565,1137,1339,Shia002382Vols,1055,530,693,126,76
565,0,436,Shamela0023591,4465,1033,1469,355,100
565,134,436,Shamela0023591,4474,1137,1439,246,100
565,0,436,Shamela0010283,2477,365,801,355,100
565,0,436,JK001110,82,501,937,355,100
565,0,376,Shamela0007853,48,862,1235,304,98
565,134,532,Zaydiyya0000274,129,811,1216,238,64
565,161,532,Zaydiyya0000274,217,0,378,216,61
565,0,213,Rafed0003943Vols,911,1407,1619,174,99
565,134,436,Shamela0010273,1537,694,996,246,100
565,955,1548,Tafsir01006,828,264,1383,285,30
565,0,436,Hindawi020604026,506,437,873,355,100
565,0,436,Shamela0010548,329,736,1172,355,100
565,0,328,QuranAnalysis001,122,1299,1626,268,99
565,134,436,Rafed0003537Vols,45,1182,1485,246,99
565,262,436,Shamela0023578,1848,0,174,140,100
566,1410,1559,Shia001432Vols,21538,311,461,117,95
566,1420,1559,Shamela0023632,2156,106,245,112,97
566,1420,1559,JK009268,2886,712,851,112,97
566,1420,1559,Sham19Y0023618,1004,1340,1479,112,97
566,1420,1559,Shamela0023628,2261,350,489,112,97
566,1037,1420,Tafsir09084,1400,375,802,188,47
566,1420,1559,JK009270,2783,1014,1154,113,98
566,1420,1559,Meshkat0014420,2830,6,146,114,99
566,1420,1559,Shamela0008506,37,970,1110,113,98
566,72,382,Meshkat00042485,4004,864,1379,152,36
566,1420,1559,JK010427,18,986,1125,113,98
566,1420,1559,JK007018,392,67,207,113,98
566,1420,1559,Sham19Y0023608,2283,223,362,112,97
566,1420,1559,Shamela0009231,21,343,483,114,99
566,1420,1559,Hindawi079072819,22,977,1117,114,99
566,1420,1559,ShamAY0001202,103,659,798,112,97
566,75,679,Shamela0008473,2841,600,1160,258,43
566,1042,1492,Shamela0008473,2843,665,1242,240,46
566,1420,1559,Shamela0023591,4465,1469,1608,112,97
566,1420,1559,Shamela0010283,2477,801,940,112,97
566,1420,1559,Shamela0021821,1025,642,781,112,97
566,1410,1559,Masaha000001Vols,553,268,420,118,95
566,1410,1559,Shia001122Vols,557,585,736,118,96
566,1410,1559,Shia002389Vols,1554,1090,1241,118,96
566,1420,1559,JK001110,82,937,1076,112,97
566,1410,1559,Shia001174Vols,2577,418,568,116,94
566,1420,1559,Zaydiyya0000274,132,804,944,113,98
566,321,1066,Tafsir08060,305,1095,1529,208,30
566,1410,1559,PV2024060601,557,585,736,118,96
566,1420,1559,Rafed0003943Vols,914,145,284,112,97
566,1420,1559,Shamela0010273,1539,1101,1240,112,97
566,123,835,Tafsir01006,829,204,1048,268,32
566,1113,1439,Tafsir09071,569,1038,1431,171,45
566,1420,1559,Hindawi020604026,506,873,1013,113,98
566,1420,1559,Shamela0010548,329,1172,1312,114,99
566,614,1503,Sham19Y0014404,798,25,604,217,24
566,1420,1559,QuranAnalysis001,123,108,248,114,99
566,217,774,Rafed0001713Vols,1396,46,1046,176,18
566,72,679,Shamela0000041,1465,285,831,227,35
566,1113,1559,Shamela0000041,1466,244,738,161,27
566,1420,1559,Shamela0023578,1848,174,313,112,97
566,1113,1559,Shamela0023578,1850,64,659,163,26
567,406,561,Shia001432Vols,2492,473,628,125,99
567,0,491,Shia001432Vols,21538,461,953,390,99
567,700,1562,Shia001432Vols,21554,176,1205,374,39
567,86,314,Shamela0023632,2159,331,557,182,99
567,314,565,Shamela0023632,2163,1205,1456,199,99
567,0,561,JK009268,2886,851,1412,451,100
567,79,241,Sham19Y0023618,1005,0,161,132,99
567,406,561,Sham19Y0023618,1007,1405,1560,126,100
567,0,406,Shamela0023628,2261,489,893,323,99
567,406,561,Shamela0023628,2266,1062,1217,126,100
567,314,491,Tafsir09068,691,631,1213,139,30
567,314,561,JK009270,2788,25,272,198,100
567,0,406,Sham19Y0150960,1085,74,480,325,100
567,86,314,Meshkat0014420,2833,85,313,184,100
567,314,537,Meshkat0014420,2835,1320,1542,178,99
567,0,406,Shamela0008506,37,1110,1516,323,99
567,399,561,JK006476,931,516,681,125,93
567,0,438,ShamAY0036821,1322,1144,1580,349,99
567,147,491,ShamAY0036821,1327,0,680,274,50
567,314,565,Zaydiyya0000062,1006,625,881,201,96
567,0,406,Shamela0037458,2320,797,1203,325,100
567,406,561,Shamela0037458,2327,1329,1484,126,100
567,65,325,JK000791,1329,579,843,189,89
567,893,1137,Shamela0021766,2473,36,360,107,38
567,1321,1562,Shamela0021766,2473,1108,1392,126,46
567,382,561,Shamela0000922,743,233,459,132,69
567,0,455,JK010427,18,1125,1579,363,99
567,65,491,JK007018,392,636,1447,333,51
567,336,561,JK009396,824,1022,1308,157,65
567,0,491,Sham19Y0023608,2283,362,851,390,99
567,314,491,JK000917,1022,987,1164,139,100
567,0,491,Shamela0009231,21,483,974,392,100
567,406,561,Meshkat00042488,956,64,551,126,31
567,314,491,ShamAY0000055,71,29,206,139,100
567,406,561,Rafed0003726Vols,826,813,1087,115,52
567,0,406,Shamela0004473,6337,89,495,325,100
567,0,241,Shia002356Vols,654,1149,1389,195,99
567,241,561,Shia002356Vols,655,1024,1344,255,100
567,0,491,ShamAY0001202,103,798,1287,390,99
567,406,561,Shamela0008473,2849,307,788,126,32
567,19,561,Shamela0023591,4466,0,540,434,99
567,0,245,Shamela0023591,4479,625,869,196,98
567,241,491,Shamela0023591,4483,691,940,195,99
567,0,491,Shamela0010283,2477,940,1429,390,99
567,224,406,Shamela0021821,1027,545,757,142,85
567,406,561,Shamela0021821,1028,366,786,126,36
567,0,491,Masaha000001Vols,553,420,911,391,99
567,0,491,Shia001122Vols,557,736,1227,392,100
567,0,252,Shia002389Vols,1554,1241,1492,204,99
567,252,591,Shia002389Vols,1555,0,372,217,73
567,0,473,JK001110,82,1076,1548,377,99
567,0,491,Shia001174Vols,2577,568,1058,389,99
567,406,542,JK001420,524,1257,1506,110,54
567,86,318,Zaydiyya0000274,133,930,1162,185,99
567,86,318,Zaydiyya0000274,221,74,306,185,99
567,410,561,JK006478,5747,276,429,123,98
567,0,491,PV2024060601,557,736,1227,392,100
567,86,561,Rafed0003943Vols,915,56,529,380,99
567,0,245,Shamela0010273,1539,1240,1484,196,98
567,893,1427,Shamela0010273,1540,967,1528,233,42
567,241,565,Shamela0010273,1541,1209,1532,255,99
567,1200,1562,Tafsir01006,831,6,360,169,45
567,336,561,Tafsir06048,630,853,1360,181,44
567,0,406,Hindawi020604026,506,1013,1419,325,100
567,565,1423,Tafsir09065,299,184,759,248,34
567,0,269,Shamela0010548,329,1312,1580,216,99
567,269,406,Shamela0010548,330,0,137,109,100
567,375,561,Sham19Y0014404,801,0,464,143,38
567,0,561,QuranAnalysis001,123,248,809,451,100
567,118,455,Rafed0003537Vols,46,0,341,261,96
567,86,252,Rafed0001713Vols,1398,1335,1500,132,97
567,314,491,Rafed0001713Vols,1400,796,973,139,100
567,241,491,Tafsir07057,3204,254,504,196,100
567,86,318,Shamela0000041,1467,601,833,187,100
567,0,561,Shamela0023578,1848,313,872,449,99
568,185,1284,Shia001432Vols,21555,0,1517,396,28
568,169,439,Shamela0000140,1960,273,533,204,95
568,1047,1284,Meshkat00042485,4018,120,698,129,26
568,881,1284,Shamela0021766,2476,684,1504,168,25
568,299,930,Shia002356Vols,656,184,776,166,23
568,522,930,Shamela0010273,1542,1091,1493,179,49
568,461,1284,Tafsir01006,832,4,1405,358,30
568,501,756,Rafed0001713Vols,1400,526,1151,134,26
568,897,1129,Rafed0001713Vols,1401,18,319,91,39
569,772,1028,Shia001432Vols,1772,1100,1355,205,98
569,157,772,Shia001432Vols,2492,589,1105,395,79
569,197,455,Shamela0023632,2166,560,818,208,100
569,435,721,Shamela0023632,2169,34,379,231,82
569,721,975,Shamela0023632,2171,651,904,205,99
569,197,1028,JK009268,2904,720,1551,672,99
569,197,455,Sham19Y0023618,1008,961,1219,208,100
569,455,721,Sham19Y0023618,1009,835,1101,216,100
569,626,975,Sham19Y0023618,1010,173,612,240,67
569,772,1028,JK000146,302,720,976,206,99
569,157,472,Shamela0023628,2266,1178,1491,238,93
569,558,1028,Shamela0023628,2270,0,578,380,81
569,157,455,Rafed0003257Vols,3315,591,888,224,93
569,439,772,Rafed0003257Vols,3320,356,694,266,95
569,772,1028,Rafed0003257Vols,3325,15,270,207,99
569,157,348,Hindawi073920283,141,709,899,138,90
569,784,1028,Tafsir09083,794,21,601,157,30
569,435,772,Sham19Y0020891,3407,1227,1632,273,82
569,772,975,Sham19Y0020891,3411,222,424,163,99
569,772,1028,JK000362,1302,1180,1436,206,99
569,626,772,JK010001,2720,406,552,118,100
569,103,460,JK009270,2791,313,647,232,76
569,626,1028,JK009270,2799,564,966,326,100
569,455,772,ShamAY0034106,184,44,614,207,45
569,197,478,Meshkat0014420,2839,1058,1343,219,95
569,455,772,Meshkat0014420,2843,124,441,258,100
569,772,1028,Meshkat0014420,2846,893,1149,208,100
569,721,918,Rafed0003150Vols,617,321,518,160,100
569,525,695,JK006476,933,1133,1331,136,85
569,850,1028,JK006476,935,402,583,144,98
569,772,1028,JK000101,122,642,898,206,99
569,157,826,ShamAY0036821,1323,84,750,517,94
569,157,460,ShamAY0036821,1328,1237,1537,224,91
569,460,826,ShamAY0036821,1329,175,540,293,97
569,829,1028,ShamAY0036821,1330,471,670,161,100
569,1213,1557,Meshkat00042485,4021,371,886,186,39
569,603,772,Sham19Y0147312,1199,458,621,124,91
569,850,975,Sham19Y0147312,1200,444,569,100,100
569,826,1028,Shamela0004445,6938,89,291,163,100
569,850,1028,Shamela0012820,300,265,443,144,100
569,455,975,Sham19Y0013550,351,494,1215,284,39
569,850,975,Sham19Y0013550,387,510,634,99,99
569,455,766,Zaydiyya0000062,1008,1350,1664,253,98
569,726,1022,Zaydiyya0000062,1009,1053,1472,239,69
569,455,850,Shamela0037458,2332,1005,1400,322,100
569,850,1028,Shamela0037458,2336,342,520,144,100
569,197,455,JK000791,1332,432,1154,208,35
569,455,1028,JK000791,1334,23,596,464,99
569,455,918,Shamela0023833,184,431,1162,339,54
569,472,721,Shamela0000922,744,604,1206,202,41
569,772,975,Shamela0000922,745,15,373,164,56
569,455,844,Sham19Y0009800,388,1242,1630,317,99
569,532,918,Shamela0009770,182,79,657,264,54
569,157,772,JK007018,393,388,1179,475,73
569,772,1028,JK007018,394,93,349,206,99
569,772,1028,JK009396,826,1150,1406,206,99
569,157,455,Sham19Y0023608,2298,1245,1542,224,93
569,455,772,Sham19Y0023608,2301,1027,1344,258,100
569,772,1028,Sham19Y0023608,2303,1164,1419,207,99
569,826,1002,Sham19Y0016953Vols,1627,1301,1477,142,100
569,558,721,JK000381,4836,0,163,131,100
569,157,348,JK000381,4895,745,935,138,90
569,772,1028,JK000381,5307,651,907,206,99
569,525,721,Meshkat00042488,958,640,1273,158,30
569,772,975,Meshkat00042488,959,563,1040,163,42
569,772,918,Shamela0004473,4275,958,1104,118,100
569,766,1028,Shamela0004473,8218,807,1069,209,97
569,721,975,Shamela0004473,11388,1025,1279,206,100
569,779,1028,Shamela0004473,12838,0,249,202,100
569,27,455,Shia002356Vols,656,1136,1483,265,75
569,412,826,Shia002356Vols,657,821,1350,335,77
569,639,1028,Shia002356Vols,658,326,822,234,57
569,826,975,Noorlib0015842,90,146,294,118,99
569,478,975,Tafsir04038,357,601,1360,358,58
569,1137,1557,Shia002380Vols,443,432,733,200,57
569,626,996,Shia002380Vols,444,462,1358,293,40
569,455,772,JK001496,1213,1038,1360,257,97
569,772,975,JK001496,1214,1033,1236,162,99
569,779,1028,Shamela0008363,73,19,268,200,99
569,626,996,Tafsir02102,2652,182,1173,293,36
569,197,348,Shamela0008473,2850,6,308,122,50
569,772,1028,Shamela0008473,2857,649,905,206,99
569,772,1028,JK009265,166,111,368,206,98
569,532,914,Masaha002028Vols,492,39,612,261,54
569,157,826,Shamela0023591,4466,501,1169,527,97
569,157,455,Shamela0023591,4489,448,745,224,93
569,455,826,Shamela0023591,4492,1061,1432,303,100
569,826,1028,Shamela0023591,4497,1236,1437,162,99
569,826,1028,Shamela0023591,4499,1205,1406,162,99
569,626,772,JK009266,5855,604,750,118,100
569,678,1028,JK009266,5857,788,1296,275,65
569,826,975,Kraken220413202144,283,1175,1324,117,98
569,157,455,Shamela0021821,1028,747,1044,223,92
569,387,1028,Shamela0021821,1029,736,1442,504,88
569,826,1028,JK009362,4779,884,1086,163,100
569,197,348,JK000875,173,94,701,122,24
569,157,826,JK001420,525,184,1160,369,40
569,850,1028,JK001420,526,10,373,144,49
569,46,455,JK006478,5750,359,918,245,51
569,721,1028,JK006478,5760,434,848,248,73
569,157,455,Rafed0003943Vols,915,490,787,224,93
569,420,862,Rafed0003943Vols,918,1119,1587,346,90
569,862,975,Rafed0003943Vols,919,0,112,90,99
569,455,826,Shamela0010273,1548,7,378,303,100
569,826,1028,Shamela0010273,1549,1232,1433,162,99
569,826,975,Shamela0007798,5909,353,502,119,100
569,1161,1493,Tafsir01006,833,797,1440,170,30
569,772,975,ShamAY0007299,2591,797,1000,164,100
569,455,721,Sham19Y0014404,802,711,1320,216,43
569,772,1028,Sham19Y0014404,803,402,1465,208,24
569,779,975,Meshkat00057178,2316,1091,1369,145,65
569,455,766,Masaha000554Vols,3020,627,945,251,96
569,772,1022,Masaha000554Vols,3025,1224,1478,199,96
569,157,954,QuranAnalysis001,123,770,1565,630,97
569,772,918,Rafed0003537Vols,61,1371,1517,118,100
569,753,975,Rafed0003537Vols,422,772,992,163,92
569,245,455,Rafed0001713Vols,1402,1023,1233,169,100
569,1268,1493,Rafed0001713Vols,1403,0,380,90,25
569,449,721,Rafed0001713Vols,1404,34,319,220,95
569,673,1028,Rafed0001713Vols,1405,756,1302,287,64
569,779,1028,Hindawi017506357,31,305,603,202,83
569,850,975,JK000122,1131,1398,1522,100,99
569,626,877,Tafsir04042,1268,472,1173,202,35
569,826,975,Kraken22041020274101,32,615,841,116,64
569,157,455,Shamela0000041,1470,41,338,224,93
569,412,721,Shamela0000041,1471,1161,1521,251,85
569,721,954,Shamela0000041,1472,1316,1548,188,98
569,157,348,Shamela0023578,1848,833,1023,138,90
569,312,1028,Shamela0023578,1854,359,1189,581,86
569,1028,1487,JK000876,787,205,897,196,35
570,72,623,Tafsir01006,834,102,585,171,28
570,272,407,JK000011,109,865,1287,87,26
571,752,1100,Shamela0023632,2173,688,952,214,75
571,1100,1472,Shamela0023632,2177,264,636,302,100
571,42,942,JK009268,2904,1338,1631,228,31
571,942,1546,JK009268,2905,0,604,489,99
571,861,1100,Sham19Y0023618,1011,960,1198,193,99
571,1100,1359,Sham19Y0023618,1012,695,954,210,100
571,42,1271,Shamela0023628,2270,366,987,491,49
571,1328,1546,Shamela0023628,2274,0,219,177,99
571,861,1100,Rafed0003257Vols,3326,1190,1428,193,99
571,1100,1472,Rafed0003257Vols,3331,303,675,302,100
571,65,379,Tafsir09084,1409,222,754,189,42
571,700,1017,Sham19Y0020891,3413,131,471,194,61
571,892,1027,Tafsir09068,694,1238,1507,100,46
571,42,1109,JK009270,2799,753,1227,362,41
571,1100,1363,JK009270,2806,906,1170,213,99
571,1359,1546,JK009270,2809,735,923,152,99
571,861,1088,Meshkat0014420,2849,1362,1588,184,99
571,1267,1546,Meshkat0014420,2853,525,805,226,99
571,861,1005,JK006476,936,8,155,116,97
571,1359,1513,JK006476,939,164,321,124,98
571,948,1081,Tafsir01005,3452,578,1148,107,23
571,310,1546,ShamAY0036821,1330,519,1346,655,65
571,791,1100,ShamAY0036821,1332,0,364,215,68
571,1103,1472,ShamAY0036821,1332,1190,1554,293,97
571,5,457,Sham19Y0147312,1200,65,569,135,23
571,618,1165,Sham19Y0147312,1201,127,930,309,43
571,1165,1359,Sham19Y0147312,1202,63,257,158,100
571,908,1081,Tafsir02067,527,21,316,138,57
571,948,1194,Sham19Y0013550,352,667,1401,198,33
571,700,1031,Zaydiyya0000062,1010,1186,1662,211,50
571,1334,1546,Zaydiyya0000062,1012,1338,1606,171,77
571,310,1017,Shamela0037458,2336,369,676,244,42
571,914,1334,Shamela0037458,2338,696,1576,338,47
571,1334,1472,Shamela0037458,2339,0,138,112,100
571,1183,1427,Shamela0000922,746,1208,1612,169,51
571,948,1546,JK007018,395,36,1024,478,59
571,861,1100,JK009396,828,314,989,189,34
571,1256,1546,JK009396,830,6,633,202,37
571,801,1100,Sham19Y0023608,2306,430,878,234,64
571,1100,1546,Sham19Y0023608,2309,580,1027,362,99
571,379,1183,JK000818,334,49,1078,360,34
571,553,1034,Meshkat00042488,960,411,1561,209,21
571,861,1017,ShamAY0000055,75,1086,1242,126,100
571,752,1546,Rafed0003726Vols,827,504,1530,411,44
571,861,1472,Shamela0022371,224,1120,1411,180,36
571,42,1100,Shia002356Vols,658,609,1061,356,41
571,1100,1546,Shia002356Vols,659,1093,1539,361,99
571,42,917,Tafsir04038,357,1172,1529,166,21
571,1267,1472,Tafsir04038,358,108,382,166,74
571,65,475,Shia002380Vols,444,1035,1337,148,36
571,892,1100,Shia002380Vols,445,19,689,168,30
571,700,1017,JK001496,1215,895,1237,194,60
571,1267,1472,JK001496,1217,723,1278,166,36
571,948,1100,Shamela0008473,2860,1021,1172,122,99
571,65,475,Shia002382Vols,1064,1103,1452,148,33
571,695,1103,Shia002382Vols,1065,15,918,250,32
571,759,1050,Tafsir05047,465,1039,1597,173,35
571,310,979,Shamela0023591,4497,1287,1554,212,39
571,979,1546,Shamela0023591,4498,0,567,460,99
571,791,1100,Shamela0023591,4503,1049,1413,220,70
571,1061,1476,Shamela0023591,4508,121,533,314,93
571,618,953,JK009266,5863,85,938,169,23
571,42,1022,Shamela0021821,1029,1229,1602,292,36
571,1217,1546,Shamela0021821,1034,164,560,266,82
571,861,1472,JK001420,526,678,1471,288,36
571,861,1100,JK006478,5765,283,524,194,99
571,752,1546,Rafed0003943Vols,920,748,1459,576,89
571,948,1100,Rafed0003943Vols,923,181,444,100,47
571,861,1100,Shamela0010273,1551,359,597,193,99
571,0,813,Tafsir01006,835,608,1582,310,32
571,78,371,Tafsir09071,574,247,483,101,37
571,861,1081,Tafsir06048,634,132,570,173,49
571,861,1100,Sham19Y0014404,804,353,1171,168,24
571,1171,1525,Sham19Y0014404,805,614,1511,249,34
571,861,1133,Masaha000554Vols,3028,1319,1590,213,94
571,1267,1546,Masaha000554Vols,3035,424,703,219,94
571,861,1338,JK000447,457,945,1451,102,15
571,752,1546,QuranAnalysis001,124,48,760,577,89
571,762,1017,Rafed0001713Vols,1407,218,424,144,70
571,1190,1476,Rafed0001713Vols,1409,68,453,223,71
571,962,1100,Tafsir04056,4804,315,915,111,22
571,752,1017,Shamela0000041,1473,953,1135,147,68
571,879,1267,Shamela0000041,1474,357,948,307,64
571,1359,1546,Shamela0000041,1476,410,598,152,99
571,421,1472,Shamela0023578,1858,297,1436,614,60
571,879,1050,Shamela0023578,1859,302,666,131,44
572,489,1182,ShamIbadiyya0000075,499,1093,1600,226,36
572,489,1162,Shia002380Vols,445,147,698,220,35
572,629,1156,Shia002382Vols,1065,150,915,178,24
572,291,1177,JK000876,789,698,1369,257,32
573,252,637,Meshkat00042488,962,639,1350,192,31
573,733,1346,Shia002382Vols,1066,835,1195,177,34
573,71,1079,Tafsir01006,837,100,939,411,43
573,302,733,Shamela0000041,1475,762,1479,191,27
574,1064,1336,JK000021,328,1075,1347,217,100
574,636,996,Shia001432Vols,3304,374,733,293,99
574,636,996,Shia001432Vols,19669,907,1267,294,100
574,1064,1336,Shia001432Vols,22723,299,571,216,99
574,996,1336,Shia001432Vols,24073,46,386,268,97
574,636,996,Shamela0023632,2182,1126,1486,294,100
574,996,1236,Shamela0023632,2185,1294,1533,191,99
574,636,1434,JK009268,2920,685,1483,646,100
574,574,996,Sham19Y0023618,1014,284,680,324,93
574,996,1272,Sham19Y0023618,1016,1220,1495,220,99
574,1155,1317,Shamela0010460,364,306,491,110,72
574,574,955,Shamela0023628,2274,246,602,291,92
574,952,1336,Shamela0023628,2279,0,384,306,100
574,636,830,Rafed0003257Vols,3341,1420,1613,157,99
574,830,996,Rafed0003257Vols,3342,0,166,137,100
574,996,1336,Rafed0003257Vols,3346,188,528,271,100
574,636,996,Sham19Y0020891,3425,581,941,294,100
574,952,1336,Sham19Y0020891,3430,529,1509,306,39
574,1208,1336,JK010001,469,0,128,102,100
574,1155,1305,JK010001,1178,1135,1303,105,77
574,1064,1336,JK010001,3424,486,758,217,100
574,636,837,JK009270,2813,764,965,163,100
574,996,1246,JK009270,2818,1332,1581,199,99
574,636,996,Meshkat0014420,2858,594,954,294,100
574,1006,1336,Meshkat0014420,2863,0,330,263,100
574,232,693,JK006476,941,788,1565,196,25
574,952,1199,JK006476,945,35,365,192,73
574,1109,1408,JK006476,945,926,1480,239,53
574,1155,1336,JK000912,168,810,994,144,98
574,574,795,ShamAY0036821,1330,1374,1566,155,85
574,795,1336,ShamAY0036821,1331,0,535,428,98
574,574,996,ShamAY0036821,1334,288,719,319,88
574,996,1336,ShamAY0036821,1335,741,1079,268,99
574,1205,1434,Sham19Y0147312,1206,1181,1470,185,79
574,707,968,Shamela0004445,74,1247,1507,213,99
574,636,996,Shamela0004445,95,926,1286,294,100
574,636,996,Shamela0004445,99,709,1069,294,100
574,1001,1221,Zaydiyya0000062,1016,1061,1283,175,98
574,707,996,Shamela0037458,2347,194,483,236,100
574,996,1336,Shamela0037458,2350,936,1276,271,100
574,574,996,JK000791,1344,426,961,290,58
574,952,1311,JK000791,1346,1129,1579,286,79
574,924,1336,Tafsir02011,957,286,1294,316,39
574,952,1287,Shamela0000922,749,799,1593,221,34
574,645,1434,JK007018,396,0,1548,636,50
574,636,952,Hindawi095926405Vols,1267,39,355,259,100
574,636,996,JK009396,831,600,1411,291,44
574,1166,1336,JK009396,832,1367,1537,135,100
574,732,996,Sham19Y0023608,2315,0,264,216,100
574,996,1434,Sham19Y0023608,2318,1037,1475,352,100
574,1155,1336,Sham19Y0023608,2320,581,1157,144,31
574,1155,1336,Shamela0001340,193,190,371,144,100
574,636,996,Hindawi036246035,286,577,937,294,100
574,198,790,Meshkat00042488,964,351,1397,338,35
574,952,1058,Meshkat00042488,966,897,1200,84,34
574,1141,1336,Meshkat00042488,967,434,1084,148,28
574,636,996,Shia003721Vols,3,40,400,294,100
574,636,996,Shia003721Vols,7,478,839,294,99
574,198,612,ShamIbadiyya0000075,501,732,1256,140,24
574,707,996,Sham19Y0145435,4907,722,1011,236,100
574,636,996,Sham19Y0145435,4924,587,947,294,100
574,636,996,Sham19Y0145435,4928,164,524,294,100
574,574,996,Shia002356Vols,661,838,1293,333,88
574,952,1336,Shia002356Vols,662,999,1480,303,79
574,996,1434,Tafsir04038,359,23,744,351,60
574,924,1355,Shia002380Vols,447,587,1476,336,47
574,1155,1336,Shamela0001419,352,221,402,144,100
574,636,996,JK001496,1220,351,714,292,98
574,1088,1336,JK001496,1222,836,1109,158,70
574,1079,1336,Shamela0008473,1773,0,257,205,100
574,786,996,Shamela0008473,1919,566,776,172,100
574,582,996,Shamela0008473,2867,98,1177,290,31
574,118,574,Shamela0037538,147,615,892,137,34
574,1155,1336,Tafsir07055,500,576,757,144,100
574,1155,1305,Tafsir07055,1237,1331,1499,105,77
574,1064,1336,Tafsir07055,3515,790,1062,217,100
574,924,1136,Tafsir05047,468,1141,1596,169,46
574,1155,1336,ShamAY0036031,182,1416,1597,144,100
574,574,1336,Shamela0023591,4498,594,1330,595,96
574,162,996,Shamela0023591,4516,498,1321,378,41
574,961,1336,Shamela0023591,4521,863,1290,287,84
574,996,1227,JK009266,5887,685,916,184,100
574,1155,1287,Tafsir10098,831,1268,1568,86,36
574,574,996,Shamela0021821,1036,153,615,331,87
574,924,1166,Shamela0021821,1037,1153,1555,194,59
574,1166,1336,Shamela0021821,1038,0,170,135,100
574,1155,1336,JK009362,4808,77,258,144,100
574,1155,1336,JK000875,174,698,879,144,100
574,636,1030,JK001420,527,628,1531,248,32
574,1155,1336,JK009257,511,5,186,143,99
574,996,1250,JK006478,5785,1236,1489,202,99
574,909,1155,Tafsir08060,310,450,875,187,55
574,574,804,Rafed0003943Vols,920,1486,1689,166,88
574,837,1109,Rafed0003943Vols,925,1400,1671,220,99
574,1109,1434,Rafed0003943Vols,926,0,325,263,100
574,636,952,Shamela0010273,1557,525,841,259,100
574,952,1336,Shamela0010273,1559,1000,1384,306,100
574,1064,1336,Sham19Y0018567,487,730,1073,213,76
574,996,1379,Sham19Y0018567,1036,405,780,285,93
574,890,1155,Sham19Y0014404,808,382,914,193,44
574,1064,1308,Sham19Y0014404,808,919,1544,189,37
574,1155,1336,Rafed0003799Vols,574,730,1341,144,29
574,1155,1336,Meshkat00057178,2329,1010,1412,144,45
574,636,818,Masaha000554Vols,3042,1478,1661,141,93
574,996,1330,Masaha000554Vols,3048,65,405,265,97
574,1155,1336,Masaha000554Vols,3050,108,784,144,26
574,1155,1438,JK000447,460,39,611,209,45
574,574,1399,QuranAnalysis001,124,787,1585,647,96
574,345,996,Rafed0001713Vols,1412,11,666,375,66
574,996,1336,Rafed0001713Vols,1414,12,352,271,100
574,786,1278,ShamAY0035955,234,1101,1243,90,23
574,636,837,Shamela0009065,231,359,809,163,44
574,162,799,Shamela0000041,1477,655,1627,378,43
574,952,1336,Shamela0000041,1480,368,752,306,100
574,702,1434,Shamela0023578,1861,0,732,592,100
574,1175,1336,Shamela0023578,1867,0,469,124,33
575,72,797,Shia001432Vols,19699,20,1049,370,40
575,464,741,Shamela0022593,1396,675,1132,113,26
575,718,950,Tafsir09084,1416,0,373,83,26
575,38,354,Meshkat00042485,4040,1019,1353,177,56
575,988,1427,Meshkat00042485,4043,326,910,217,44
575,1268,1574,Sham19Y0147312,1205,1168,1366,110,44
575,117,809,Shamela0022769,864,42,799,255,35
575,38,333,Shamela0021766,2489,361,811,161,39
575,79,823,JK000818,335,706,1218,222,33
575,1340,1574,JK000818,335,1322,1562,114,51
575,715,950,Shamela0008473,2868,10,489,102,26
575,478,745,ShamIbadiyya0000050,3587,329,1020,133,23
575,559,950,JK000458,2026,35,393,145,36
575,309,1009,Tafsir01006,839,13,893,287,32
575,38,354,Rafed0001713Vols,1412,1013,1406,179,55
575,1289,1479,Rafed0001713Vols,1413,1341,1665,152,56
575,1250,1574,JK000876,794,338,857,185,41
576,876,1510,Shamela0023632,2187,885,1300,337,65
576,534,1302,JK009268,2920,1229,1592,290,46
576,876,1410,Sham19Y0023618,1017,814,1129,255,58
576,108,1278,Shamela0023628,2280,283,1545,451,33
576,1218,1583,Shamela0023628,2282,837,1593,295,47
576,1328,1583,JK009270,2823,960,1215,208,100
576,542,1278,JK000865,373,639,1380,297,36
576,947,1586,ShamAY0036821,1336,259,715,368,70
576,1328,1586,ShamAY0036821,1338,197,453,207,98
576,16,241,Meshkat00042485,4044,936,1259,150,54
576,1193,1398,Zaydiyya0000062,1018,1051,1259,167,98
576,1197,1510,Shamela0037458,2353,208,521,254,100
576,1328,1586,JK000791,1351,910,1169,211,99
576,16,691,Shamela0021766,2492,103,923,331,41
576,1193,1586,JK007018,397,35,559,315,74
576,1193,1586,Sham19Y0023608,2321,914,1308,319,99
576,1322,1586,JK000381,4653,897,1162,212,98
576,57,723,JK000818,336,50,551,238,39
576,814,1328,Shia002356Vols,663,889,1203,231,53
576,1328,1586,Shia002356Vols,664,610,868,210,99
576,16,973,Shia002380Vols,447,833,1540,332,36
576,362,1054,Tafsir02102,2660,232,978,288,37
576,1278,1586,Shamela0008473,2874,762,1487,239,40
576,16,382,Shia002382Vols,1071,1168,1571,168,41
576,382,1100,Shia002382Vols,1072,0,950,370,43
576,947,1586,Shamela0023591,4524,82,546,377,72
576,1302,1586,Shamela0021821,1041,1087,1385,223,91
576,649,1278,JK001420,528,377,658,165,29
576,1193,1404,Rafed0003943Vols,929,1418,1629,171,99
576,16,412,Shamela0010273,1560,246,808,226,44
576,16,412,Tafsir01006,840,71,742,247,43
576,0,761,Sham19Y0014404,808,740,1542,313,37
576,1193,1586,QuranAnalysis001,125,35,429,320,99
576,16,387,Rafed0001713Vols,1414,550,1060,242,57
576,534,1332,Shamela0023578,1861,478,871,312,48
576,1328,1586,Shamela0023578,1869,1249,1508,211,99
577,875,1006,ShamIbadiyya0000193,2280,1050,1486,83,23
577,879,1282,Shamela0023628,2283,856,1496,182,31
577,879,1072,Shamela0029677,286,521,929,130,37
577,320,542,Shamela0022769,866,469,906,125,34
577,368,1067,Zaydiyya0000062,1019,251,977,214,28
577,879,1495,Shamela0021766,2497,491,1488,280,29
577,320,608,Shamela0000922,750,883,1506,107,17
577,0,455,Sham19Y0023608,2321,1308,1468,89,24
577,307,830,ShamIbadiyya0000075,504,144,790,167,25
577,320,1339,Shia002380Vols,448,732,1596,281,26
577,852,1115,Tafsir02102,2662,1278,1521,180,83
577,763,1414,Shia002382Vols,1074,1008,1389,174,27
577,861,1082,ShamIbadiyya0000050,3599,4,668,135,26
577,763,1072,JK009266,5898,227,869,156,28
577,763,1344,JK000458,2031,689,1525,236,33
577,794,1414,Tafsir01006,842,984,1283,182,34
577,455,604,Tafsir01006,842,88,197,78,66
577,448,604,Kraken220727035853,2613,1169,1285,80,65
577,879,1072,Shamela0000041,1483,964,1374,119,34
578,1030,1203,Shia001432Vols,5324,251,424,138,100
578,1088,1389,Shamela0023632,2198,363,663,241,99
578,818,1389,JK009268,2930,85,571,390,85
578,1030,1212,Sham19Y0023618,1021,1195,1372,140,96
578,1203,1389,Sham19Y0023618,1023,1320,1505,149,99
578,1162,1389,Shamela0023628,2293,1011,1307,182,76
578,803,1088,Sham19Y0020891,3446,1217,1368,120,52
578,1158,1389,JK009270,2833,363,594,186,100
578,1158,1389,Meshkat0014420,2878,965,1196,186,100
578,818,1389,ShamAY0036821,1336,711,1193,382,83
578,993,1389,ShamAY0036821,1341,0,393,312,97
578,423,745,Meshkat00042485,4058,0,298,143,45
578,803,979,Meshkat00042485,4059,689,865,120,73
578,1030,1273,Shamela0001466,1637,695,934,190,97
578,1158,1389,Shamela0037458,2368,1247,1478,186,100
578,956,1203,JK000791,1354,818,1065,198,100
578,979,1273,JK007018,398,0,289,229,96
578,956,1419,Sham19Y0023608,2325,857,1327,357,94
578,956,1212,JK010729,2,1092,1348,200,97
578,803,1508,Shia002356Vols,665,782,1266,310,49
578,75,366,ShamAY0034059,3405,32,447,161,47
578,88,1030,Shia002380Vols,449,65,851,302,30
578,373,1040,Shia002382Vols,1076,134,608,239,38
578,956,1389,Shamela0023591,4534,990,1422,347,99
578,956,1273,Shamela0023591,4537,1220,1537,255,100
578,1088,1389,JK009266,5915,1221,1522,242,100
578,75,745,JK000458,2032,410,1487,330,35
578,803,1273,Shamela0021821,1043,68,634,302,65
578,956,1389,JK001110,83,24,457,348,100
578,927,1203,JK006478,5804,1228,1500,214,96
578,1162,1389,JK006478,5818,380,733,178,62
578,1058,1448,Rafed0003943Vols,933,0,263,203,65
578,119,979,Tafsir01006,843,0,1255,415,36
578,818,1389,QuranAnalysis001,125,425,911,390,85
578,300,1171,Rafed0001713Vols,1419,33,1548,457,34
578,1203,1389,Rafed0001713Vols,1422,1064,1249,149,99
578,818,1278,Shamela0023578,1872,1023,1571,313,70
578,1278,1412,Shamela0023578,1873,0,133,107,99
579,173,628,Shamela0000140,1657,290,704,313,83
579,1202,1570,Zaydiyya0000062,1024,304,850,202,43
579,504,987,JK000818,337,1102,1537,185,36
579,1271,1570,JK001496,1232,505,1038,160,36
579,1337,1570,Tafsir02102,2685,73,301,100,39
579,1098,1561,JK000876,799,287,952,223,39
580,510,796,ShamAY0037152,360,1298,1583,227,99
580,297,796,Shia001432Vols,2493,0,499,395,99
580,178,443,Shamela0023632,2201,55,320,209,99
580,510,796,Hindawi017580716,79,517,803,227,100
580,178,510,JK009268,2930,571,903,263,100
580,510,796,JK009268,2951,1023,1309,227,100
580,178,348,Sham19Y0023618,1024,368,538,133,99
580,510,796,Sham19Y0023618,1026,1153,1439,227,100
580,11,443,Shamela0023628,2295,6,392,242,71
580,443,796,Shamela0023628,2298,782,1135,280,100
580,510,796,Rafed0003257Vols,1045,1151,1437,227,100
580,510,796,Rafed0003257Vols,3383,831,1117,227,100
580,632,796,Sham19Y0020891,3461,823,989,127,96
580,246,796,JK009270,2839,128,678,436,100
580,178,348,Meshkat0014420,2881,344,514,134,100
580,510,796,Meshkat0014420,2888,305,591,227,100
580,1063,1490,Sham19Y0001729,89,981,1238,178,50
580,178,672,ShamAY0036821,1339,983,1475,389,98
580,348,796,ShamAY0036821,1342,1091,1537,352,98
580,313,648,Shamela0012851,74,50,681,266,53
580,309,510,Sham19Y0147312,1213,1001,1387,159,52
580,510,785,Masaha001023,102,1231,1505,218,99
580,325,672,Zaydiyya0000062,1026,122,795,273,50
580,648,805,Zaydiyya0000062,1027,130,294,118,90
580,309,678,Shamela0037458,2374,824,1193,294,100
580,378,796,JK000791,1362,0,631,332,66
580,1084,1490,Shamela0001524,1085,122,372,172,50
580,510,796,Shamela0023833,179,148,434,227,100
580,520,796,Sham19Y0009800,381,0,276,219,100
580,510,796,Tafsir07076,351,323,561,183,81
580,510,796,Tafsir07076,1513,1095,1381,227,100
580,510,796,Tafsir07076,2786,10,296,227,100
580,510,770,Tafsir07076,2821,1321,1580,207,99
580,510,796,Tafsir07076,2857,44,330,227,100
580,510,796,Tafsir07076,2952,621,907,227,100
580,443,796,Tafsir07076,3659,1258,1611,280,100
580,510,796,Tafsir07076,3759,569,855,227,100
580,544,796,Tafsir07076,4718,0,252,201,100
580,443,764,Tafsir07076,6112,851,1169,253,99
580,510,774,Tafsir07076,6249,1281,1544,210,99
580,510,796,Tafsir07076,6428,955,1241,227,100
580,178,510,JK007018,399,161,495,262,99
580,246,412,JK009396,840,1346,1511,131,99
580,510,796,JK009396,841,577,863,227,100
580,246,412,Sham19Y0023608,2332,1437,1602,131,99
580,591,796,Sham19Y0023608,2335,0,205,164,100
580,510,796,Shia001131Vols,37,917,1203,227,100
580,443,796,Shamela0004473,1964,420,773,279,99
580,1063,1490,JK000485,530,469,732,178,50
580,178,348,Shia002356Vols,667,308,478,133,99
580,348,796,Shia002356Vols,668,330,776,354,99
580,500,796,JK001496,1235,32,332,235,98
580,510,796,Shamela0008473,460,811,1097,227,100
580,928,1490,Shamela0008473,2892,8,870,281,38
580,246,510,Shamela0008473,2895,626,890,209,100
580,443,796,Shamela0008473,2896,319,769,280,78
580,510,796,Masaha002028Vols,460,479,765,227,100
580,269,796,Shamela0023591,4535,0,527,417,100
580,178,342,Shamela0023591,4546,1358,1521,128,98
580,348,728,Shamela0023591,4550,1164,1543,302,99
580,313,510,JK000371,423,0,197,156,100
580,178,443,JK009266,5921,616,881,210,100
580,443,796,JK009266,5932,1012,1365,280,100
580,11,348,Shamela0021821,1047,306,573,164,62
580,246,796,Shamela0021821,1050,86,871,436,70
580,510,796,Shamela0012935,92,88,374,227,100
580,510,796,Shamela0022721,625,527,813,227,100
580,467,796,JK009362,4842,962,1278,235,90
580,510,796,JK009362,9462,938,1224,227,100
580,510,796,Shia004695Vols,2980,940,1226,226,99
580,1063,1490,JK000467,1233,144,423,180,49
580,616,796,JK006478,5850,0,180,143,100
580,178,796,Rafed0003943Vols,939,429,1047,489,99
580,348,796,Hindawi068305130,58,946,1394,356,100
580,216,510,Shamela0010273,1577,845,1178,233,88
580,510,796,Shamela0010273,1580,213,499,227,100
580,510,796,Shamela0010895,171,901,1187,227,100
580,178,651,Tafsir06048,645,233,1074,373,56
580,1063,1490,Shamela0010906,106,751,1014,176,49
580,510,796,Hindawi020604026,61,391,677,227,100
580,510,796,Rafed0003799Vols,1752,1247,1559,227,91
580,236,443,Meshkat00057178,2344,738,1454,155,27
580,537,808,Masaha000554Vols,4258,0,268,204,93
580,178,348,Shamela0008612,93,1223,1393,134,100
580,510,796,Hindawi093849638,68,1151,1437,227,100
580,178,781,QuranAnalysis001,125,911,1513,478,99
580,494,796,Rafed0001713Vols,1426,730,1032,231,95
580,1063,1490,JK006838,327,1108,1372,181,51
580,510,796,Sham19Y0014579,695,218,504,227,100
580,510,796,Sham19Y0014579,717,1052,1338,227,100
580,510,796,Tafsir07057,2523,63,349,227,100
580,510,796,Tafsir04056,3798,33,319,227,100
580,246,443,Shamela0000041,1497,914,1313,156,49
580,510,796,Shamela0000041,1500,1038,1415,226,75
580,178,510,Shamela0023578,1883,839,1171,262,99
580,406,796,Shamela0023578,1886,519,987,277,68
581,1281,1461,Tafsir09084,1436,421,657,130,67
581,821,1178,JK010001,1190,155,488,137,41
581,580,1404,JK000865,376,31,822,328,41
581,1115,1503,Meshkat00042485,4077,129,762,201,35
581,50,671,Shamela0022769,871,130,994,231,30
581,356,834,Zaydiyya0000062,1026,115,661,188,34
581,830,1148,Shamela0021766,2529,223,477,151,51
581,50,536,JK000465,2278,261,1099,201,25
581,460,1258,Shia002356Vols,668,796,1418,219,29
581,651,1077,Shia002380Vols,451,1176,1477,191,52
581,50,605,Shia002380Vols,451,261,646,214,46
581,1016,1414,Tafsir02102,2698,1320,1537,156,49
581,1281,1461,Shamela0008473,2900,1002,1191,124,76
581,803,1329,Tafsir08060,314,50,459,163,33
581,364,1329,Tafsir09065,305,458,1163,307,35
581,1098,1418,Rafed0001713Vols,1427,4,749,195,33
581,250,412,Tafsir07057,3268,182,350,67,52
581,250,746,JK000876,801,68,721,196,28
582,394,596,Shamela0008381,866,979,1181,164,99
582,394,542,Shia001432Vols,1772,1372,1518,120,98
582,549,711,Shia001432Vols,1773,8,170,129,98
582,165,788,Shia001432Vols,2493,499,790,227,45
582,312,609,Shamela0023632,2209,278,577,234,95
582,596,788,Shamela0023632,2210,1290,1482,155,100
582,370,596,Shamela0000894,1118,497,723,185,100
582,450,705,Tafsir03097,1008,172,702,186,41
582,165,394,JK009268,2951,1309,1537,184,99
582,394,788,JK009268,2952,0,394,319,99
582,511,788,Sham19Y0023618,1028,1233,1528,186,77
582,325,596,Sham19Y0023618,1028,0,271,222,100
582,430,714,JK000146,302,439,720,228,98
582,165,511,Shamela0023628,2301,959,1305,279,100
582,511,788,Shamela0023628,2303,558,835,226,100
582,165,370,Rafed0003257Vols,3383,1117,1322,165,100
582,370,614,Rafed0003257Vols,3386,1379,1622,199,99
582,614,796,Rafed0003257Vols,3387,0,180,142,96
582,312,614,Sham19Y0020891,3463,807,1316,234,56
582,165,792,JK009270,2844,116,744,508,99
582,165,511,Meshkat0014420,2892,609,955,279,100
582,511,788,Meshkat0014420,2895,789,1066,226,100
582,165,788,ShamAY0036821,1340,123,740,493,98
582,157,370,ShamAY0036821,1343,1383,1596,168,97
582,370,788,ShamAY0036821,1344,0,756,329,53
582,788,1374,Meshkat00042485,4078,898,1508,254,39
582,278,511,Sham19Y0147312,1216,825,1212,188,59
582,489,788,Sham19Y0147312,1217,431,1316,206,27
582,511,711,Sham19Y0013550,360,940,1190,163,80
582,315,614,Zaydiyya0000062,1028,686,1147,230,60
582,511,782,Zaydiyya0000062,1029,616,967,217,74
582,192,370,Shamela0037458,2378,0,178,144,100
582,370,711,Shamela0037458,2380,875,1216,277,100
582,596,788,Shamela0037458,2383,349,794,135,35
582,238,711,JK000791,1365,921,1536,350,70
582,161,370,JK000791,1365,364,581,168,96
582,788,1473,Shamela0021766,2530,404,1533,306,30
582,241,792,Shamela0000922,756,45,805,291,41
582,165,788,JK007018,400,263,1318,499,58
582,511,687,Zaydiyya0000295Vols,1445,160,1088,141,18
582,312,511,JK009396,843,318,517,161,100
582,505,788,JK009396,844,255,538,225,96
582,165,788,Sham19Y0023608,2335,205,828,505,100
582,511,687,Sham19Y0023608,2341,230,985,143,23
582,542,687,JK000381,5307,495,640,115,98
582,248,805,JK000818,339,555,1525,431,54
582,549,711,Meshkat00042488,981,0,162,131,100
582,511,782,ShamIbadiyya0000075,509,59,430,219,72
582,430,711,Shamela0004473,8219,991,1272,230,100
582,370,711,Shamela0004473,11389,1224,1565,277,100
582,511,667,Shamela0004473,12840,1388,1543,128,99
582,505,788,ShamAY0033108,1039,8,692,229,41
582,165,1002,Shia002356Vols,669,429,1134,541,79
582,489,788,Shia002380Vols,453,415,1002,242,50
582,370,596,JK001496,1237,212,439,183,98
582,619,788,JK001496,1238,132,401,114,52
582,505,788,Tafsir02091,1239,38,717,226,40
582,1111,1387,Tafsir02102,2701,0,530,112,25
582,251,511,Shamela0008473,2902,0,701,210,36
582,511,711,Shamela0008473,2903,421,621,161,99
582,511,769,Shia002382Vols,1090,561,1220,207,38
582,450,711,JK009265,164,0,273,210,94
582,165,788,Shamela0023591,4535,527,1150,505,100
582,64,711,Shamela0023591,4556,883,1542,466,86
582,542,687,JK000371,241,1273,1418,115,98
582,64,711,JK009266,5938,475,1083,460,88
582,662,788,JK009266,5943,733,1203,100,26
582,64,1018,Shamela0021821,1052,292,1206,551,65
582,662,802,Shamela0021821,1054,247,486,102,53
582,606,788,JK009362,4855,605,994,106,31
582,165,788,JK001420,531,524,1463,323,38
582,64,370,JK006478,5854,1099,1347,182,74
582,165,671,Rafed0003943Vols,939,1047,1552,410,99
582,165,370,Shamela0010273,1580,499,704,165,100
582,370,596,Shamela0010273,1583,238,464,185,100
582,596,788,Shamela0010273,1584,1247,1439,155,100
582,662,788,Shamela0007798,5996,95,443,99,35
582,788,1458,Tafsir01006,848,734,1503,314,41
582,238,511,Sham19Y0014404,816,678,1217,173,35
582,511,788,Sham19Y0014404,817,429,993,222,48
582,165,788,QuranAnalysis001,126,15,638,505,100
582,165,1132,Rafed0001713Vols,1428,17,1024,706,83
582,515,722,Rafed0001713Vols,1429,1210,1566,168,58
582,241,662,Tafsir04042,1286,667,1593,338,44
582,662,788,Tafsir04056,4892,315,578,87,41
582,370,542,Tafsir04056,5645,858,1030,140,100
582,165,505,Shamela0000041,1501,1199,1539,273,98
582,511,788,Shamela0000041,1503,239,952,224,38
582,165,701,Shamela0023578,1886,987,1522,434,99
582,477,729,JK000876,803,596,1166,195,42
583,1305,1567,Shia001432Vols,3957,1137,1400,212,99
583,1402,1567,Shamela0023632,2213,1181,1347,135,99
583,547,908,JK009268,2952,117,293,142,48
583,959,1567,JK009268,2952,245,657,320,65
583,1305,1485,Shia004552Vols,455,1012,1192,145,100
583,1305,1567,Sham19Y0023618,1029,628,890,210,98
583,547,908,JK000146,302,520,696,142,48
583,547,908,Shamela0023628,2303,558,734,139,47
583,1363,1567,Shamela0023628,2305,122,469,166,58
583,1305,1567,Rafed0003257Vols,3389,555,817,210,98
583,106,812,Tafsir09083,809,271,793,231,31
583,1305,1494,Sham19Y0020891,3470,1202,1591,121,38
583,547,908,JK009270,2844,462,638,139,47
583,1305,1534,JK009270,2849,1137,1362,180,96
583,547,908,Meshkat0014420,2895,789,965,139,47
583,1305,1567,Meshkat0014420,2897,773,1034,210,97
583,1056,1567,ShamAY0036821,1340,641,996,276,66
583,1126,1567,ShamAY0036821,1344,680,1012,257,71
583,1368,1485,Shamela0029677,648,1296,1413,94,100
583,366,594,Meshkat00042485,4079,1338,1602,154,66
583,735,1206,Meshkat00042485,4081,174,459,167,42
583,547,897,Sham19Y0147312,1217,462,1139,162,26
583,1305,1485,Shamela0004445,360,315,495,145,100
583,551,812,Tafsir02067,537,1325,1608,133,44
583,547,908,Sham19Y0013550,360,940,1166,136,42
583,1280,1528,Zaydiyya0000062,1030,251,516,198,90
583,547,908,Shamela0037458,2380,1016,1192,139,47
583,834,1567,Shamela0037458,2383,372,1057,353,45
583,547,908,JK000791,1365,1337,1513,142,48
583,1305,1567,JK000791,1368,943,1206,213,99
583,366,1095,Shamela0021766,2532,646,1396,287,36
583,1402,1567,Shamela0000922,757,423,1048,133,26
583,547,908,JK007018,400,609,785,142,48
583,1429,1567,JK007018,401,0,138,113,98
583,547,812,Zaydiyya0000295Vols,1445,160,587,124,29
583,1305,1485,JK000097,582,770,950,145,100
583,547,908,JK009396,844,261,437,142,48
583,1305,1567,JK009396,844,1216,1479,213,99
583,547,908,Sham19Y0023608,2335,551,727,139,47
583,547,854,Sham19Y0023608,2341,230,736,143,29
583,1305,1511,Sham19Y0023608,2342,1321,1525,163,98
583,1305,1485,JK000381,1992,5,185,145,100
583,366,1316,JK000818,339,959,1539,303,36
583,1305,1567,JK000818,340,5,639,204,39
583,1305,1485,Shia003721Vols,271,732,912,145,100
583,1406,1567,Shia003721Vols,290,746,908,132,99
583,547,908,ShamIbadiyya0000075,509,59,266,145,48
583,547,908,Shamela0004473,8219,1072,1248,139,47
583,547,908,Shamela0004473,11389,1365,1541,139,47
583,547,812,Shamela0004473,12840,1388,1539,120,55
583,1305,1534,Sham19Y0030863,7,298,892,185,38
583,1305,1485,Sham19Y0145435,5058,578,756,142,97
583,1390,1567,Sham19Y0145435,5075,944,1114,139,94
583,547,908,Shia002356Vols,669,774,949,138,47
583,1305,1524,Shia002356Vols,670,1363,1577,171,96
583,547,1056,Tafsir02102,2702,774,1585,200,24
583,1305,1567,Shamela0008473,2904,1039,1302,213,99
583,162,911,Shia002382Vols,1090,40,1069,344,34
583,1342,1567,Tafsir05047,476,857,1428,182,39
583,1056,1567,Shamela0023591,4535,1049,1412,290,69
583,547,908,Shamela0023591,4535,873,1049,139,47
583,547,908,Shamela0023591,4556,1342,1518,139,47
583,1056,1494,Shamela0023591,4560,1173,1588,235,56
583,547,908,JK009266,5938,883,1059,139,47
583,1305,1567,JK009266,5946,12,271,208,96
583,1325,1485,Kraken2106220218081,578,38,194,103,81
583,1305,1567,Shamela0021821,1054,985,1247,212,99
583,1305,1485,ShamAY0035960,622,1128,1308,145,100
583,1305,1567,JK001420,532,221,1030,176,26
583,1371,1567,JK006478,5860,0,198,158,96
583,547,812,Rafed0003943Vols,939,1393,1544,120,55
583,1126,1567,Rafed0003943Vols,942,1144,1483,270,75
583,1305,1567,Shamela0010273,1586,594,856,210,98
583,366,1254,Tafsir01006,849,550,1342,377,42
583,1305,1534,Sham19Y0020642,306,115,342,182,97
583,190,1402,Sham19Y0014404,817,0,1283,328,20
583,1363,1567,Sham19Y0014404,818,774,1510,145,23
583,959,1567,QuranAnalysis001,126,489,901,320,65
583,547,908,QuranAnalysis001,126,361,537,139,47
583,1305,1485,Zaydiyya0000075BK6,5,113,292,144,99
583,1371,1485,Rafed0003489,300,204,327,92,92
583,1305,1485,ShamAY0037387,228,875,1073,142,87
583,578,735,Rafed0001713Vols,1406,18,359,102,36
583,547,908,Rafed0001713Vols,1428,363,539,139,47
583,366,1174,Rafed0001713Vols,1429,951,1591,350,47
583,1174,1567,Rafed0001713Vols,1430,40,768,291,48
583,1363,1485,Shamela0000041,1504,1136,1447,98,39
583,547,908,Shamela0023578,1886,1333,1509,139,47
583,1056,1567,Shamela0023578,1891,946,1443,308,64
583,336,879,JK000876,803,535,1080,210,32
584,828,1105,JK000469,1269,1136,1426,201,78
584,41,316,Shia001432Vols,2493,803,1079,226,99
584,41,281,Shamela0023632,2215,513,753,196,100
584,281,521,Shamela0023632,2217,875,1115,192,100
584,866,1247,Sham19Y0023625,2058,945,1303,217,70
584,734,1105,ShamIbadiyya0000193,2310,914,1246,224,69
584,734,1105,Tafsir09050,2362,846,1195,241,75
584,0,526,JK009268,2952,657,1178,421,99
584,787,1112,JK009268,2959,212,563,206,65
584,41,316,Sham19Y0023618,1030,933,1208,226,100
584,939,1112,Sham19Y0017063,26,0,185,113,66
584,828,1105,Shamela0023628,2304,1062,1345,196,78
584,41,382,Shamela0023628,2305,1206,1543,242,86
584,803,1117,Shamela0025794,3409,155,582,225,63
584,594,1112,Shamela0022593,1419,563,1166,257,43
584,871,1112,Sham19Y0020891,3469,50,286,168,84
584,127,333,Sham19Y0020891,3473,157,389,158,84
584,787,1094,JK001492,571,1005,1353,214,73
584,0,260,JK009270,2853,1302,1561,212,99
584,41,316,Meshkat0014420,2899,1238,1513,226,100
584,809,1112,JK007045,16,611,942,195,64
584,809,1112,JK000140,904,628,933,192,68
584,871,1162,JK009390,2737,833,1136,172,65
584,809,1112,Sham19Y0020868,480,247,551,191,67
584,0,521,ShamAY0036821,1340,996,1518,420,99
584,41,521,ShamAY0036821,1346,473,1130,387,72
584,594,1105,Tafsir02096,1130,988,1480,241,43
584,11,316,Tafsir02104,307,22,870,233,33
584,828,1105,Shamela0001466,1659,632,915,195,78
584,803,1112,Shamela0004445,2871,238,666,224,63
584,577,1094,Shamela0012820,308,1173,1483,231,55
584,857,1112,Shamela0000782,930,15,291,176,71
584,0,273,Zaydiyya0000062,1031,160,441,219,94
584,41,521,Shamela0037458,2386,1023,1503,388,100
584,857,1593,JK000791,1368,668,1056,241,38
584,41,316,JK000791,1370,535,810,226,100
584,828,1085,Shamela0021766,2534,47,278,60,18
584,0,190,Shamela0000922,757,1048,1600,121,27
584,798,1112,Sham19Y0014309,418,1110,1477,219,70
584,1117,1360,Sham19Y0014309,419,542,784,197,99
584,809,1112,JK009313,1403,938,1278,199,66
584,828,1105,Sham19Y0013667,4827,131,417,202,80
584,521,1105,JK007018,401,199,673,262,53
584,871,1094,Sham19Y0127677,2452,267,491,153,75
584,809,1105,Zaydiyya0000295Vols,1447,192,475,179,70
584,787,1112,JK000906,5948,84,535,235,61
584,803,1121,JK009396,845,220,524,204,79
584,6,521,Sham19Y0023608,2345,717,1386,413,76
584,787,1112,JK000917,1033,98,377,193,67
584,828,1105,Shamela0021477,6,320,582,171,69
584,803,1112,Sham19Y0148271,803,126,543,223,63
584,585,1112,JK000465,2292,85,720,280,47
584,828,1105,JK009324,1594,260,535,198,80
584,976,1094,Sham19Y0016976,108,962,1394,73,20
584,828,1105,JK000725,161,950,1205,176,73
584,871,1117,Shia002356Vols,671,444,685,176,86
584,67,521,Shia002356Vols,672,151,607,354,96
584,0,408,Tafsir04038,366,711,1238,236,52
584,892,1105,JK007043,26,0,173,131,73
584,809,1112,PV2024060602,6689,352,657,192,68
584,787,1112,JK001496,1239,241,571,210,77
584,67,316,EShia0071536,369,0,249,204,100
584,828,1105,Tafsir02091,1240,7,278,190,80
584,67,319,Tafsir02102,2706,336,748,205,60
584,835,1112,Shamela0008473,2906,0,388,215,67
584,0,150,Shamela0008473,2907,1110,1332,124,67
584,828,1112,ShamIbadiyya0000050,3648,77,355,199,81
584,787,1105,Shamela0012884,3155,58,459,199,57
584,803,1112,JK000302,2402,367,788,224,64
584,0,127,Shamela0023591,4535,1412,1538,105,99
584,127,521,Shamela0023591,4536,0,394,316,100
584,857,1105,Shamela0023591,4563,695,888,133,60
584,19,316,Shamela0023591,4566,978,1272,229,94
584,828,1094,JK009266,5947,529,801,187,76
584,41,168,JK009266,5951,1395,1521,104,99
584,168,521,JK009266,5952,0,353,284,100
584,866,1105,JK000458,2047,10,254,184,91
584,809,1112,Shamela0002386,207,642,964,194,65
584,787,1561,Shamela0021821,1055,49,755,252,31
584,41,316,Shamela0021821,1056,634,910,226,99
584,954,1112,Sham19Y0122401,563,0,171,106,69
584,150,428,JK001110,83,531,809,225,100
584,725,1094,Shamela0010463,705,934,1273,197,57
584,803,1112,JK000467,9,684,1053,223,71
584,809,1112,ShamAY0034447,57,1034,1339,192,68
584,734,1112,JK001303,306,66,463,229,64
584,41,281,JK006478,5864,1122,1365,196,98
584,828,1105,Sham19Y0013252,5082,938,1224,199,77
584,787,1105,Shamela0010273,1587,0,286,215,81
584,41,316,Shamela0010273,1588,958,1233,226,100
584,790,1112,Shamela0007798,5999,30,472,229,61
584,594,1437,Tafsir01006,850,26,1020,345,37
584,828,1593,Sham19Y0014404,818,10,844,303,34
584,6,238,Sham19Y0014404,819,92,802,188,32
584,871,1094,JK008001,6281,543,771,151,72
584,828,1105,JK000447,466,1104,1368,189,78
584,594,1121,Kraken220727035853,2641,438,1159,237,35
584,0,521,QuranAnalysis001,126,901,1422,421,100
584,803,1112,Rafed0003489,162,862,1283,226,64
584,645,1117,Rafed0001713Vols,1430,1068,1525,230,48
584,41,316,Rafed0001713Vols,1432,266,541,226,100
584,803,969,Shamela0010480,1114,1239,1477,133,69
584,803,1117,Shamela0010480,1115,565,1029,235,61
584,803,1105,Shamela0021809,1280,1029,1466,230,64
584,803,1224,Tafsir07057,3283,1103,1534,222,53
584,828,1561,Shamela0000041,1504,582,1175,267,35
584,0,150,Shamela0000041,1505,701,851,124,100
584,110,333,Shamela0000041,1506,96,361,176,81
584,0,168,Shamela0023578,1891,1443,1610,137,99
584,168,624,Shamela0023578,1892,0,509,351,85
585,0,146,Meshkat00042485,4086,1150,1309,104,72
585,146,661,Meshkat00042485,4088,27,625,276,48
585,0,528,Shamela0012851,77,1003,1650,205,30
585,0,205,Zaydiyya0000062,1030,939,1593,144,27
585,228,716,Zaydiyya0000062,1031,126,1001,204,25
585,72,716,Shamela0021766,2535,25,1325,357,31
585,91,739,Tafsir02011,970,206,770,210,33
585,18,515,Sham19Y0023608,2345,239,948,212,31
585,205,476,JK000465,2289,836,1198,128,35
585,0,1036,JK000818,340,327,1238,440,43
585,152,544,Meshkat00042488,983,63,586,178,37
585,91,515,ShamIbadiyya0000075,509,1046,1481,196,40
585,146,824,Shia002380Vols,454,117,671,288,43
585,0,288,Shia002382Vols,1091,947,1473,161,37
585,242,824,Shia002382Vols,1092,8,464,225,40
585,824,1433,Shia002382Vols,1092,495,1173,226,33
585,214,389,ShamIbadiyya0000050,3651,116,509,81,23
585,72,716,JK000458,2048,0,1082,329,33
585,476,995,Tafsir08060,315,834,1242,180,41
585,72,476,Shamela0010273,1588,0,633,207,39
585,0,411,Tafsir06048,648,1133,1543,177,38
585,234,839,Rafed0001713Vols,1432,5,375,222,39
586,1282,1581,Shamela0006626,289,864,1165,240,98
586,1282,1542,Shamela0008381,498,746,1006,209,100
586,1282,1581,Shia001432Vols,2493,1092,1392,241,99
586,1275,1542,Shia001432Vols,30273,326,592,212,98
586,1259,1542,Shamela0023632,2220,34,317,228,100
586,1161,1581,JK009268,2966,677,1170,309,74
586,1259,1542,Sham19Y0023618,1034,865,1148,228,100
586,1282,1542,JK000382,723,29,289,209,100
586,1335,1581,Shamela0023628,2309,613,860,199,99
586,1259,1581,Rafed0003257Vols,3401,1277,1607,260,97
586,9,548,Tafsir09084,1442,231,730,102,13
586,1173,1542,Sham19Y0020891,3479,1183,1505,259,87
586,1268,1581,JK009270,2861,1205,1510,243,96
586,1282,1435,JK000714,1,508,661,124,100
586,1259,1581,Meshkat0014420,2905,1080,1414,260,96
586,1282,1542,AOCP20251104080,1,44,302,197,94
586,1282,1581,Tafsir01005,3514,464,1137,241,44
586,1223,1581,ShamAY0036821,1347,643,966,251,87
586,1259,1468,Sham19Y0147312,1222,1219,1428,170,100
586,339,454,Shamela0022769,876,697,902,78,47
586,1268,1542,Sham19Y0016362,268,1046,1331,214,93
586,53,574,Zaydiyya0000062,1033,74,791,201,26
586,1173,1463,Zaydiyya0000062,1034,251,498,198,83
586,1268,1435,Shamela0006947,5289,36,204,130,95
586,1282,1435,Shamela0010517,108,936,1089,124,100
586,1282,1435,Shamela0010517,2471,1196,1349,124,100
586,1173,1468,Shamela0037458,2393,880,1175,182,76
586,1282,1435,Shamela0010531,1,972,1125,124,100
586,1259,1581,JK000791,1374,778,1101,260,99
586,1318,1581,Shamela0023833,174,77,672,212,44
586,1335,1542,Shamela0000922,759,136,481,94,27
586,1282,1523,Tafsir07076,4005,661,975,172,67
586,1239,1542,JK007018,403,4,307,233,95
586,1288,1542,ShamAY0034080,335,316,570,204,100
586,1282,1453,Shamela0037325,1362,1404,1583,133,92
586,1409,1542,JK009396,849,0,133,106,100
586,1259,1523,Sham19Y0023608,2351,1315,1578,213,99
586,1365,1581,Meshkat00042488,987,886,1191,175,70
586,1282,1542,Shia003721Vols,519,1363,1623,209,100
586,1282,1435,Rafed0003726Vols,859,380,533,124,100
586,1268,1542,Shamela0004473,3171,1186,1491,221,89
586,1282,1542,Shamela0022371,225,1002,1335,188,70
586,312,1523,Shia002356Vols,673,421,1567,383,27
586,53,423,ShamAY0034059,3439,933,1329,158,37
586,1292,1581,Tafsir04038,367,546,1084,229,52
586,1340,1581,Shia002380Vols,456,0,423,195,56
586,1173,1542,JK001496,1243,931,1311,252,79
586,1268,1542,Shamela0008473,1,222,533,221,88
586,1259,1542,Shamela0008473,2915,140,432,228,96
586,1268,1435,Shamela0008473,3431,205,386,131,89
586,1259,1542,Hindawi040635716,204,291,653,228,78
586,1435,1581,Zaydiyya0000076BK15,12,1334,1481,117,99
586,1282,1581,Masaha002028Vols,455,681,1383,241,42
586,1259,1481,Shamela0023591,4574,1300,1521,179,99
586,1275,1581,Shamela0023591,4578,652,959,243,98
586,1282,1435,JK009266,5962,60,213,124,100
586,432,822,JK000458,2050,989,1449,118,28
586,53,574,JK000458,2050,0,598,214,36
586,1282,1581,Shamela0021821,1059,868,1168,241,99
586,1282,1435,JK009362,4872,708,861,124,100
586,1223,1435,JK006478,5872,748,951,159,92
586,1435,1581,JK006478,5878,138,284,116,97
586,1357,1542,Rafed0003943Vols,949,0,185,149,100
586,1259,1542,Shamela0010273,1594,296,579,228,100
586,1365,1542,Shamela0007798,6024,841,1122,143,62
586,1302,1435,Shamela0011682,1060,997,1130,108,100
586,1282,1537,Masaha000554Vols,3135,160,414,197,95
586,1426,1581,QuranAnalysis001,127,0,156,124,99
586,1282,1542,Shia001367,25,400,660,209,100
586,1268,1542,Shia001367,73,803,1076,214,97
586,1259,1581,Rafed0001713Vols,1436,825,1148,260,99
586,1282,1542,Hindawi017506357,76,902,1162,209,100
586,1282,1581,Hindawi017506357,100,174,474,241,99
586,1297,1542,Zaydiyya0000476,199,0,366,193,65
586,1259,1419,Shamela0000041,1509,1248,1408,130,100
586,1340,1581,Shamela0000041,1510,556,837,195,85
586,1318,1581,Shamela0023578,1899,0,264,212,99
587,105,319,Shia001432Vols,4645,1190,1404,172,100
587,0,157,Shamela0023632,2223,34,191,127,100
587,157,319,Shamela0023632,2226,7,169,130,100
587,0,319,JK009268,2966,1170,1489,257,100
587,0,234,Shamela0023628,2309,860,1094,188,100
587,105,304,Rafed0003257Vols,3408,1456,1654,160,99
587,780,1359,Tafsir09083,813,612,1419,223,30
587,17,271,Sham19Y0020891,3486,305,559,204,100
587,105,319,JK009270,2870,460,674,172,100
587,105,355,Meshkat0014420,2910,483,729,182,90
587,160,319,Tafsir01005,3515,905,1064,128,100
587,105,319,ShamAY0036821,1349,548,762,166,96
587,160,319,Shamela0012851,81,1028,1343,128,50
587,113,325,Tafsir02104,308,942,1448,171,41
587,142,319,Shamela0004445,671,0,177,142,100
587,0,234,Shamela0037458,2395,543,777,188,100
587,105,319,JK000791,1377,919,1133,172,100
587,160,319,Shamela0023833,175,510,669,128,100
587,105,319,Sham19Y0009800,384,1019,1233,172,100
587,105,319,Tafsir07076,6402,416,630,172,100
587,105,299,Shamela0023775,263,1277,1516,156,80
587,105,319,JK007018,404,0,215,170,97
587,105,319,JK009396,850,1178,1392,172,100
587,105,319,Sham19Y0023608,2357,1143,1357,172,100
587,1348,1486,ShamIbadiyya0000075,512,535,698,83,60
587,105,271,Shamela0021537,82,91,257,133,100
587,105,271,Shamela0004473,2870,1332,1498,133,100
587,105,319,Shia002356Vols,675,97,310,171,99
587,142,319,JK007063,270,203,385,130,89
587,780,1542,Shia002380Vols,456,0,473,272,40
587,17,271,JK001496,1245,1121,1379,203,98
587,72,319,Shamela0008473,2918,558,891,199,74
587,160,319,Masaha002028Vols,456,1176,1335,128,100
587,0,319,Shamela0023591,4575,101,420,257,100
587,88,319,Shamela0023591,4586,380,606,178,95
587,105,319,JK009266,5976,371,585,172,100
587,105,319,Shamela0021821,1061,640,854,172,100
587,17,319,JK001420,534,748,1419,177,33
587,105,319,JK006478,5883,887,1102,170,97
587,0,319,Rafed0003943Vols,952,113,432,257,100
587,105,319,Shamela0010273,1598,1194,1408,172,100
587,319,585,Tafsir01006,853,1148,1521,131,43
587,160,334,Tafsir06048,652,314,609,134,56
587,0,319,QuranAnalysis001,127,156,475,257,100
587,474,585,Rafed0001713Vols,1437,51,237,76,51
587,826,1160,Rafed0001713Vols,1437,958,1515,189,39
587,157,319,Rafed0001713Vols,1440,332,494,130,100
587,0,319,Hindawi017506357,100,474,793,257,100
587,0,157,Shamela0000041,1510,837,994,127,100
587,0,319,Shamela0023578,1899,886,1342,254,69
588,772,1228,Shia001432Vols,4647,241,708,209,44
588,0,219,Shamela0023628,2310,836,1519,130,23
588,861,1033,Rafed0003257Vols,3413,1155,1448,117,49
588,772,1050,Meshkat00042485,4105,813,1156,184,61
588,0,219,Zaydiyya0000062,1035,1091,1420,144,52
588,588,1255,Zaydiyya0000062,1036,862,1549,263,37
588,127,1269,ShamIbadiyya0000075,513,57,1301,403,31
588,721,1199,Shia002356Vols,675,598,1162,211,40
588,163,882,Shia002356Vols,675,0,246,173,29
588,699,1562,Shia002380Vols,457,71,819,365,41
588,131,1050,JK001496,1246,6,1189,387,34
588,699,1562,Shia002382Vols,1098,679,1574,362,36
588,144,882,Shamela0023591,4586,54,542,215,29
588,1199,1562,JK009266,5982,924,1420,170,38
588,585,1199,Tafsir01006,856,770,1537,356,51
588,685,1050,Rafed0001713Vols,1440,1092,1576,236,59
588,23,1225,JK000876,809,0,1540,463,31
589,0,147,Shamela0000347,779,1289,1437,118,99
589,30,392,Shia001432Vols,4646,0,362,289,100
589,0,231,Shamela0023632,2230,850,1082,185,99
589,16,392,JK009268,2967,0,376,300,100
589,0,231,Sham19Y0023618,1039,164,396,185,99
589,0,392,Shamela0023628,2322,1110,1504,312,99
589,66,231,Rafed0003257Vols,3415,0,166,133,99
589,231,392,Rafed0003257Vols,3418,217,378,127,100
589,99,392,JK009270,2875,199,589,233,75
589,1127,1478,Shamela0000140,1935,824,1237,209,56
589,0,132,Shamela0012094,41,599,731,105,100
589,0,231,Meshkat0014420,2919,346,577,185,100
589,99,321,Tafsir01005,3516,24,246,178,100
589,132,345,Masaha003709,32,1378,1590,170,99
589,231,392,ShamAY0036821,1352,907,1069,127,99
589,147,392,Shamela0012851,82,715,1262,188,43
589,0,231,Sham19Y0147312,1229,88,1000,185,25
589,231,392,Sham19Y0147312,1230,728,889,127,100
589,0,392,Shamela0004445,671,294,687,312,99
589,0,183,Shamela0004445,673,496,728,139,71
589,231,354,Sham19Y0013550,363,1451,1573,97,99
589,0,127,Zaydiyya0000062,1037,660,789,101,98
589,103,386,Zaydiyya0000062,1038,437,731,216,93
589,39,392,Shamela0037458,2402,811,1164,282,100
589,39,392,JK000791,1384,42,594,274,61
589,684,1032,Shamela0021766,2561,0,669,185,32
589,39,321,Shamela0023833,175,1051,1362,227,90
589,132,305,Shamela0012014,313,1190,1364,140,99
589,39,392,Shamela0000922,762,12,1022,265,32
589,0,212,Sham19Y0009800,384,1350,1562,170,99
589,212,392,Sham19Y0009800,385,0,181,142,99
589,0,392,JK007018,405,131,771,310,60
589,0,231,JK009396,852,785,1017,185,99
589,0,392,Sham19Y0023608,2359,1034,1428,312,99
589,39,183,Meshkat00042488,990,1410,1554,117,98
589,231,392,Meshkat00042488,992,41,202,127,100
589,0,132,Shamela0012034,89,831,963,105,100
589,132,392,Shamela0022371,226,335,767,207,60
589,25,231,Shia002356Vols,676,0,206,166,100
589,231,392,Shia002356Vols,676,1096,1257,127,100
589,0,231,Shia002380Vols,457,819,1604,185,29
589,231,392,JK001496,1248,1130,1293,127,98
589,0,231,Shamela0008473,2920,781,1012,185,100
589,231,392,Shamela0008473,2924,178,339,127,100
589,39,231,Shia002382Vols,1099,1045,1453,155,47
589,0,392,MMS00013,2985,233,634,312,97
589,231,361,Tafsir05047,481,789,1083,92,39
589,0,132,Shamela0003055,3550,807,938,105,99
589,39,321,Masaha002028Vols,457,207,519,227,90
589,0,392,Shamela0023591,4575,537,931,312,99
589,39,231,Shamela0023591,4595,866,1058,155,100
589,103,462,JK009266,5983,0,234,159,50
589,231,392,JK009266,5986,839,1000,127,100
589,0,542,Shamela0021821,1062,879,1601,403,68
589,0,132,Shamela0007663,55,447,579,105,100
589,231,392,JK009362,4897,251,414,127,98
589,0,231,JK001420,535,386,681,139,60
589,132,392,JK006478,5909,94,356,207,99
589,132,392,Rafed0003943Vols,961,1110,1370,207,100
589,0,231,Shamela0010273,1601,637,869,185,99
589,71,231,Shamela0007798,6044,122,467,129,46
589,167,338,Sham19Y0018567,988,598,768,135,99
589,0,231,ShamAY0002038,415,824,1055,185,100
589,0,231,Sham19Y0014404,828,848,1555,185,32
589,231,392,Sham19Y0014404,829,501,662,127,100
589,0,462,Masaha000554Vols,3145,293,787,241,55
589,0,231,JK000447,472,468,1073,161,32
589,0,392,QuranAnalysis001,127,592,984,312,100
589,231,392,Zaydiyya0000474,82,956,1118,127,99
589,0,231,Rafed0001713Vols,1440,611,844,185,99
589,167,392,Rafed0001713Vols,1442,801,1234,178,51
589,231,392,JK000122,1346,462,623,127,100
589,39,231,Tafsir04042,1297,147,673,151,35
589,231,378,Tafsir07057,3310,1481,1627,116,99
589,0,136,Tafsir04056,4927,1400,1536,106,98
589,0,321,Tafsir04056,4969,133,719,257,54
589,0,511,Shamela0000041,1524,1071,1453,269,60
589,132,392,Shamela0000041,1525,717,1197,206,53
589,95,231,Shamela0023578,1900,0,136,109,100
589,76,392,Shamela0023578,1917,908,1508,251,52
590,625,799,Shamela0008381,997,427,601,142,100
590,89,983,Shia001432Vols,4646,291,1131,685,93
590,345,512,Shamela0023632,2236,1402,1568,137,99
590,512,625,Shamela0023632,2237,0,113,92,100
590,625,799,Shamela0023632,2239,594,768,142,100
590,799,983,Shamela0023632,2240,1237,1421,151,100
590,625,799,Rafed0000040Vols,1044,570,744,142,100
590,89,983,JK009268,2967,305,1144,683,93
590,296,799,Sham19Y0023618,1041,35,535,384,94
590,770,983,Sham19Y0023618,1043,831,1104,171,76
590,351,481,JK000382,398,482,619,103,91
590,89,1186,Shamela0023628,2324,570,1485,479,45
590,577,983,Shamela0023628,2326,554,1029,329,84
590,714,891,Shamela0023628,2327,57,458,148,44
590,345,983,Rafed0003257Vols,3420,498,1136,522,100
590,460,620,Zaydiyya0000288,211,109,269,131,100
590,452,733,Tafsir09083,817,32,763,207,35
590,345,631,Sham19Y0020891,3499,840,1126,234,100
590,605,799,Sham19Y0020891,3502,780,992,158,91
590,799,983,Sham19Y0020891,3504,1126,1310,151,100
590,556,690,JK006889,101,1244,1599,103,36
590,214,556,JK009270,2878,887,1229,282,100
590,556,799,JK009270,2883,897,1140,198,100
590,799,983,JK009270,2885,847,1031,151,100
590,345,625,Meshkat0014420,2926,1157,1437,229,100
590,625,799,Meshkat0014420,2929,208,382,142,100
590,799,983,Meshkat0014420,2930,1450,1634,151,100
590,758,983,Tafsir01005,3516,1089,1397,185,73
590,89,359,ShamAY0036821,1352,997,1213,170,77
590,625,983,ShamAY0036821,1353,557,911,289,98
590,625,793,Zaydiyya0000386,1,550,718,137,100
590,311,714,Shamela0012851,83,0,934,322,42
590,415,714,Tafsir02104,310,12,575,242,52
590,625,799,Shamela0001466,1688,301,473,140,97
590,345,556,Sham19Y0147312,1232,1061,1272,173,100
590,556,799,Sham19Y0147312,1234,123,794,198,36
590,89,983,Shamela0004445,671,615,1456,686,93
590,296,664,Shamela0004445,675,187,869,241,44
590,799,983,Hindawi061483693,43,461,645,151,100
590,625,799,Sham19Y0013550,364,89,263,142,100
590,214,551,Zaydiyya0000062,1039,1011,1350,278,99
590,556,793,Zaydiyya0000062,1041,783,1022,193,99
590,787,978,Zaydiyya0000062,1043,229,420,154,98
590,625,799,Zaydiyya0000220,37,187,360,142,99
590,130,625,Shamela0037458,2405,506,1097,390,81
590,596,983,Shamela0037458,2409,926,1340,311,92
590,345,644,JK000791,1387,449,752,236,93
590,585,799,JK000791,1388,1319,1607,174,74
590,754,983,JK000791,1389,1322,1666,179,63
590,506,714,Tafsir02011,981,842,1508,168,31
590,296,489,Tafsir02011,981,45,475,156,44
590,556,799,Shamela0000922,764,798,1177,198,64
590,799,983,Shamela0000922,765,65,249,151,100
590,345,625,Tafsir07076,1560,414,694,229,100
590,556,770,Tafsir07076,6065,756,1411,156,29
590,690,983,Shamela0023775,264,1056,1349,241,100
590,345,644,JK007018,406,582,888,236,92
590,693,983,JK007018,407,737,985,173,73
590,345,596,JK009396,854,1338,1588,206,99
590,585,758,JK009396,855,1410,1644,136,71
590,799,983,JK009396,856,1209,1393,151,100
590,345,983,Sham19Y0023608,2364,903,1541,522,100
590,345,625,JK000917,1035,108,388,229,100
590,799,983,JK000381,4287,426,610,151,100
590,426,864,JK000818,346,40,1115,352,40
590,345,556,Meshkat00042488,993,718,929,173,100
590,745,983,Meshkat00042488,996,32,331,181,72
590,375,978,ShamIbadiyya0000075,516,133,1294,492,51
590,799,983,Shamela0004473,11337,1200,1384,151,100
590,345,690,Shamela0004473,12836,223,418,140,50
590,89,983,Shamela0022371,226,696,1552,501,59
590,799,983,Kraken210622021811,324,473,656,149,97
590,89,571,Shia002356Vols,676,1186,1612,348,88
590,541,983,Shia002356Vols,678,3,537,346,79
590,345,644,JK001496,1250,662,972,236,91
590,605,799,JK001496,1252,70,285,155,88
590,799,983,JK001496,1253,1029,1213,151,100
590,452,631,Zaydiyya0000328,179,766,947,146,98
590,799,983,Shamela0008473,6,222,406,151,100
590,89,359,Shamela0008473,2925,352,794,183,50
590,345,625,Shamela0008473,2926,1170,1450,229,100
590,537,799,Shamela0008473,2927,958,1460,210,51
590,799,983,Shamela0008473,2929,1032,1216,151,100
590,983,1618,Shia002382Vols,1100,769,1480,247,32
590,89,983,MMS00013,2985,563,1418,681,92
590,432,556,ShamIbadiyya0000050,3705,102,226,101,99
590,556,690,Shamela0003055,3758,637,1027,103,33
590,89,877,Shamela0023591,4575,860,1593,601,93
590,345,625,Shamela0023591,4602,124,404,229,100
590,625,864,Shamela0023591,4604,1351,1589,197,99
590,864,983,Shamela0023591,4605,0,119,96,100
590,296,631,JK009266,5992,247,668,254,74
590,625,799,JK009266,5995,264,438,142,100
590,625,799,Shamela0010283,2984,679,853,142,100
590,745,983,Zaydiyya0000076BK16,29,0,238,195,100
590,345,799,Shamela0021821,1065,1033,1487,371,100
590,799,983,Shamela0021821,1068,95,279,151,100
590,799,983,Shamela0009066,121,747,932,151,99
590,375,852,Shia002389Vols,1644,102,981,250,30
590,345,525,JK009362,4900,1409,1590,148,98
590,625,799,JK009362,4903,1226,1402,142,98
590,799,983,JK009362,4905,1388,1572,151,100
590,625,799,Shamela0010463,395,799,973,142,100
590,214,929,JK001420,536,0,1578,483,37
590,452,625,Zaydiyya0000274,146,984,1157,142,100
590,452,625,Zaydiyya0000274,234,107,280,142,100
590,345,644,JK006478,5913,338,648,236,91
590,625,983,JK006478,5915,543,901,291,98
590,846,983,JK006478,5918,1001,1440,103,29
590,89,460,Rafed0003943Vols,961,1299,1615,258,85
590,460,625,Rafed0003943Vols,962,0,165,135,100
590,625,983,Rafed0003943Vols,974,300,658,293,100
590,345,625,Shamela0010273,1608,170,450,229,100
590,599,799,Shamela0010273,1610,0,268,159,73
590,754,983,Shamela0010273,1611,1098,1450,188,65
590,345,625,Shamela0007798,6051,1298,1578,229,100
590,625,799,Shamela0007798,6065,599,773,142,100
590,714,983,Shamela0007798,6066,697,1051,178,58
590,130,714,Tafsir06048,653,326,1487,443,45
590,620,799,Sham19Y0096629,17,72,251,144,98
590,296,460,Sham19Y0014404,830,1398,1627,121,64
590,489,799,Sham19Y0014404,831,875,1531,253,47
590,754,983,Sham19Y0014404,832,655,957,188,75
590,130,351,Meshkat00057178,2371,897,1254,162,54
590,345,556,Meshkat00057178,2373,619,830,173,100
590,537,799,Meshkat00057178,2374,1065,1546,210,53
590,740,983,Meshkat00057178,2376,496,865,199,65
590,345,620,Masaha000554Vols,3151,701,975,223,98
590,625,978,Masaha000554Vols,3154,0,351,285,98
590,89,799,QuranAnalysis001,127,913,1568,535,92
590,799,983,QuranAnalysis001,128,0,184,151,100
590,799,983,Shamela0012081,23,435,619,151,100
590,89,571,Rafed0001713Vols,1442,1163,1590,349,88
590,571,799,Rafed0001713Vols,1443,0,228,186,100
590,793,983,Rafed0001713Vols,1447,972,1162,156,100
590,799,983,JK000122,22,366,550,151,100
590,452,693,Tafsir04042,1299,227,802,194,41
590,345,556,Tafsir07057,3315,245,456,173,100
590,799,983,Tafsir07057,3319,1412,1596,151,100
590,296,556,Shamela0000041,1527,1089,1415,200,75
590,501,799,Shamela0000041,1528,953,1346,240,75
590,644,983,Shamela0000041,1529,51,781,277,46
590,269,983,Shamela0023578,1918,0,714,585,100
591,406,1580,JK009229,1241,615,1630,359,28
591,1158,1574,Sham19Y0014404,832,274,720,153,37
591,1169,1580,Shamela0000041,1529,178,597,185,39
592,1077,1440,Shia001432Vols,4646,1077,1386,227,78
592,1291,1509,Shamela0023632,2244,686,904,172,100
592,1077,1440,JK009268,2967,1090,1399,227,79
592,1185,1440,Sham19Y0023618,1045,64,319,200,100
592,1336,1528,Shamela0023628,2329,131,324,151,99
592,1291,1440,Rafed0003257Vols,3429,171,320,118,100
592,92,386,Tafsir09084,1452,153,531,184,57
592,1339,1440,Tafsir09084,1455,0,396,73,23
592,1291,1440,Sham19Y0020891,3519,112,261,118,100
592,1336,1440,JK010001,3053,1151,1255,81,100
592,1291,1528,JK009270,2888,484,721,187,99
592,1212,1440,Meshkat0014420,2931,0,228,179,100
592,1212,1440,Tafsir01005,3517,18,302,163,72
592,1322,1440,Sham19Y0147312,1239,23,164,90,81
592,1301,1440,Shamela0004445,672,0,139,110,100
592,1291,1502,Zaydiyya0000062,1045,690,903,166,98
592,1216,1509,Shamela0037458,2414,0,293,230,100
592,1301,1440,JK000791,1394,0,139,110,100
592,1336,1440,Shamela0023833,177,12,116,81,100
592,1336,1440,Shamela0000922,766,1130,1234,81,100
592,1336,1430,Tafsir07076,6070,497,714,73,43
592,1291,1440,JK007018,408,748,896,117,99
592,1096,1291,JK009396,857,908,1210,117,49
592,1291,1440,JK009396,858,1098,1247,118,100
592,1291,1440,Sham19Y0023608,2371,1014,1163,118,100
592,1291,1440,JK000917,1044,268,417,118,100
592,495,1127,Meshkat00042488,996,656,1587,256,31
592,1233,1440,Meshkat00042488,997,996,1349,156,56
592,1216,1445,Shamela0022371,227,45,569,177,42
592,1291,1528,Shia002356Vols,680,353,588,186,98
592,1336,1528,Shia002380Vols,461,11,522,147,36
592,1291,1440,JK001496,1257,189,338,117,98
592,415,917,Tafsir02102,2722,835,1253,178,36
592,92,386,Shamela0008473,2928,1004,1407,190,55
592,1291,1440,Shamela0008473,2933,5,154,118,100
592,1382,1528,Shamela0008473,2934,104,404,114,48
592,1291,1528,Shia002382Vols,1104,690,1295,184,38
592,1301,1440,MMS00013,2986,0,143,110,97
592,1185,1440,Masaha002028Vols,458,394,729,179,68
592,1077,1528,Shamela0023591,4576,52,450,297,82
592,1291,1509,Shamela0023591,4612,521,739,172,100
592,1291,1528,JK009266,6005,483,720,187,99
592,1149,1440,Shamela0010283,3236,469,876,179,53
592,1291,1509,Shamela0021821,1070,412,629,171,99
592,1336,1440,JK009362,4914,1383,1487,81,100
592,1291,1440,JK001420,537,1190,1339,118,100
592,1185,1440,JK006478,5920,1212,1469,199,98
592,1291,1440,JK006478,5925,1410,1553,112,95
592,1291,1528,Rafed0003943Vols,978,636,874,188,99
592,1077,1344,Shamela0010273,1611,1396,1608,152,71
592,1185,1440,Shamela0007798,6072,119,531,199,61
592,1339,1440,Sham19Y0014404,834,1284,1385,79,100
592,1396,1509,JK000447,474,183,417,67,38
592,1077,1528,QuranAnalysis001,128,130,528,297,82
592,1291,1440,Rafed0001713Vols,1451,559,708,118,100
592,1301,1470,Tafsir04042,1301,1059,1417,130,46
592,548,828,Tafsir07057,3321,99,673,147,29
592,1291,1440,Shamela0000041,1532,253,483,110,57
592,1336,1528,Shamela0023578,1923,0,193,151,99
593,356,507,Shamela0008381,805,989,1140,123,100
593,296,507,Shia001432Vols,2171,6,220,171,98
593,296,507,Shamela0023632,2251,673,884,171,100
593,366,507,Tafsir03097,1022,0,175,115,80
593,507,933,JK009268,2991,923,1358,95,17
593,0,507,JK009268,2998,76,583,413,100
593,296,507,Sham19Y0023618,1048,791,1002,171,100
593,296,507,Shamela0023628,2332,508,719,171,100
593,139,507,Rafed0003257Vols,3437,129,497,300,100
593,276,483,JK000098,707,141,340,156,93
593,634,1103,Sham19Y0020891,3516,164,556,177,45
593,296,507,Sham19Y0020891,3528,539,750,171,100
593,139,471,JK009270,2891,1245,1576,270,99
593,296,507,Meshkat0014420,2941,336,547,171,100
593,296,507,ShamAY0036821,1355,1169,1379,169,98
593,876,1000,Meshkat00042485,4125,479,1014,82,20
593,296,483,JK000083,160,132,319,151,100
593,507,973,Sham19Y0147312,1237,404,630,122,33
593,283,487,Sham19Y0147312,1241,1266,1505,165,84
593,507,826,Zaydiyya0000062,1044,462,939,178,46
593,171,483,Zaydiyya0000062,1047,520,856,248,89
593,139,356,Masaha000221,23,1235,1452,177,100
593,296,507,Shamela0037458,2424,135,346,171,100
593,289,507,JK000791,1398,663,883,175,98
593,139,397,Shamela0022712,64,602,860,210,100
593,296,507,JK007018,410,28,240,171,99
593,139,507,Shia003744Vols,208,834,1231,299,92
593,356,517,Rafed0000705Vols,1294,547,709,125,94
593,339,507,Shamela0037325,1363,0,168,136,100
593,507,826,JK000906,6060,256,650,142,40
593,296,507,JK009396,861,1121,1332,171,100
593,0,507,Sham19Y0023608,2373,887,1394,413,100
593,507,1045,Meshkat00042488,997,245,789,196,34
593,296,507,Meshkat00042488,1000,946,1157,171,100
593,265,500,ShamIbadiyya0000075,518,36,469,189,53
593,507,1074,Shia002356Vols,679,932,1498,207,33
593,362,517,Shia002356Vols,682,0,154,122,97
593,296,459,Zaydiyya0000142,3481,1128,1291,131,100
593,343,507,Shia002380Vols,462,0,247,133,66
593,507,973,JK001496,1255,1035,1433,162,35
593,634,1103,JK001496,1256,193,588,182,45
593,296,507,JK001496,1260,8,222,171,98
593,296,451,Tafsir02102,2736,1403,1558,124,100
593,296,511,Shamela0008473,2939,538,753,172,99
593,139,487,Shia002382Vols,1106,151,556,216,65
593,296,507,JK009265,478,547,758,171,100
593,296,511,Shamela0023591,4619,1340,1555,172,99
593,296,517,JK009266,6021,3,225,175,97
593,356,483,Tafsir10098,855,525,652,103,100
593,362,487,Sham19Y0036540,4879,0,125,97,96
593,0,507,Shamela0021821,1071,669,1176,413,100
593,0,507,Tafsir07053,67,1002,1504,402,97
593,0,511,Tafsir07053,71,128,595,304,73
593,331,507,JK009362,4921,1374,1563,129,84
593,356,483,JK001420,539,260,387,103,100
593,507,937,Shia000181,339,590,787,120,35
593,356,507,JK006478,5939,1162,1315,123,98
593,0,507,Rafed0003943Vols,980,163,589,326,78
593,296,511,Shamela0010273,1620,189,404,172,99
593,296,511,Shamela0007798,6087,91,324,147,68
593,667,1103,Tafsir01006,862,370,1020,184,33
593,228,507,Sham19Y0014404,836,590,1079,225,56
593,296,517,Meshkat00057178,2385,320,536,154,85
593,0,507,QuranAnalysis001,128,528,1035,413,100
593,507,937,Rafed0001713Vols,1450,115,277,107,32
593,296,511,Rafed0001713Vols,1454,666,882,173,98
593,253,507,Shamela0000041,1535,414,784,206,68
593,0,767,Shamela0023578,1923,193,1001,505,69
593,895,1103,JK000876,817,0,656,147,28
594,0,631,Tafsir09084,1454,891,1360,188,32
594,1173,1516,Shamela0000140,1895,565,934,166,47
594,603,1250,Tafsir02067,547,533,1167,214,30
594,611,1280,JK000818,347,708,1242,242,40
594,938,1417,Shia002380Vols,461,285,693,226,49
594,347,816,Shamela0008473,2933,154,891,238,38
594,803,1417,Shia002382Vols,1104,791,1497,271,38
594,1041,1410,Sham19Y0014404,835,595,1334,150,22
594,879,1250,Rafed0001713Vols,1452,489,1092,226,44
594,347,816,Tafsir07057,3325,830,1235,195,45
594,845,1184,JK000876,818,696,1195,188,44
595,1323,1525,Shia001432Vols,22723,577,780,166,99
595,1323,1525,Shamela0023632,2252,1253,1456,166,99
595,1061,1525,JK009268,2998,487,786,243,63
595,374,570,Shamela0023628,2331,1040,1456,121,35
595,1078,1525,Rafed0003257Vols,3439,1059,1416,244,61
595,1323,1525,Sham19Y0020891,3529,133,336,166,99
595,1323,1480,Shamela0023606,122,397,554,129,100
595,1333,1525,JK010001,3825,0,240,158,80
595,1301,1525,JK009270,2894,564,801,174,90
595,1252,1525,Meshkat0014420,2942,1162,1421,183,81
595,442,639,Meshkat00042485,4138,255,632,127,38
595,1323,1525,Shamela0004445,678,523,732,166,96
595,374,1126,Shamela0022769,888,26,822,282,31
595,1078,1525,Zaydiyya0000062,1048,246,735,244,53
595,1061,1525,Shamela0037458,2424,250,549,243,63
595,1323,1525,JK000791,1399,1163,1366,166,99
595,862,1071,Shamela0021766,2576,174,502,123,40
595,1323,1525,JK000365,2102,210,413,166,99
595,1323,1525,Tafsir07076,862,224,427,166,99
595,1323,1525,Tafsir07076,1541,804,1007,166,99
595,1323,1525,Tafsir07076,5380,905,1108,166,99
595,1323,1525,JK007018,410,730,934,166,99
595,1323,1525,JK009396,862,765,968,166,99
595,1323,1525,Sham19Y0023608,2378,577,780,166,99
595,285,714,JK000818,348,11,435,212,48
595,1025,1525,Shia002356Vols,682,270,677,230,49
595,274,701,Shia002380Vols,461,1142,1516,238,60
595,1323,1525,JK001496,1260,798,1001,166,99
595,1323,1525,Shamela0008473,2940,286,489,166,99
595,237,603,Shia002382Vols,1105,1097,1510,195,49
595,1323,1525,MMS00013,3007,531,740,166,96
595,1323,1480,Tafsir07055,3934,1387,1544,129,100
595,1252,1525,Shamela0023591,4622,333,623,189,78
595,1323,1525,Shamela0023591,4623,443,646,166,99
595,1301,1525,JK009266,6024,1077,1311,173,91
595,1323,1485,Tafsir10098,856,114,276,131,98
595,1238,1525,Shamela0021821,1075,87,449,209,68
595,1323,1525,Tafsir07053,72,767,1389,166,32
595,1323,1525,JK009362,4924,1066,1269,166,99
595,1323,1525,JK001110,83,1013,1216,166,99
595,1301,1525,JK006478,5941,539,751,172,93
595,1061,1525,Rafed0003943Vols,980,493,792,243,63
595,1323,1525,Shamela0010273,1621,507,710,166,99
595,1323,1525,Shamela0007798,6088,162,365,166,99
595,1344,1525,Shamela0007798,6090,732,1258,100,21
595,298,1338,Tafsir01006,865,24,1528,462,31
595,1252,1525,Sham19Y0014404,837,150,1142,194,23
595,1323,1525,Masaha000554Vols,3184,340,950,166,33
595,1061,1525,QuranAnalysis001,128,939,1238,243,63
595,35,225,Rafed0001713Vols,1453,421,801,118,36
595,426,714,Rafed0001713Vols,1454,17,726,171,28
595,1000,1525,Rafed0001713Vols,1455,436,998,287,52
595,1323,1525,ShamAY0035035,7236,1040,1263,166,90
595,1050,1525,Shamela0023578,1929,557,1015,264,61
596,0,575,Shia001432Vols,1510,504,1115,399,80
596,342,621,Shia001432Vols,12153,581,1464,192,27
596,0,621,Shia001432Vols,22723,780,1401,490,100
596,0,564,Shia001432Vols,28917,842,1443,390,79
596,5,311,Shamela0023632,2255,281,587,239,100
596,311,621,Shamela0023632,2257,1037,1347,247,100
596,0,631,JK009268,2998,786,1416,497,99
596,120,426,Sham19Y0023618,1050,910,1238,204,79
596,5,193,Sham19Y0023618,1050,184,372,148,100
596,426,621,Sham19Y0023618,1052,187,382,155,100
596,0,621,Shamela0023628,2334,464,1085,490,100
596,5,229,Shia001278Vols,328,104,328,176,100
596,0,201,Rafed0003257Vols,3439,1416,1616,158,99
596,201,621,Rafed0003257Vols,3440,0,421,332,99
596,264,426,Sham19Y0020891,3536,0,162,128,100
596,426,575,Sham19Y0020891,3537,734,882,118,99
596,501,621,Tafsir09068,712,48,168,95,100
596,0,575,JK010001,3825,240,602,272,59
596,0,198,JK009270,2894,801,999,153,98
596,193,426,JK009270,2897,738,970,182,99
596,388,621,JK009270,2899,207,494,181,78
596,120,426,Meshkat0014420,2945,1012,1318,240,100
596,426,621,Meshkat0014420,2948,974,1168,155,99
596,0,432,ShamAY0036821,1357,14,443,337,99
596,120,371,Shamela0012851,91,144,494,196,71
596,5,536,JK000343,631,23,258,172,41
596,58,229,Sham19Y0147312,1245,0,549,135,31
596,388,525,Sham19Y0147312,1247,788,1163,109,36
596,0,621,Shamela0004445,678,732,1353,490,100
596,371,581,Shamela0004445,681,338,900,166,37
596,5,224,Zaydiyya0000062,1049,943,1166,172,96
596,348,525,Zaydiyya0000062,1051,0,181,142,95
596,438,631,Zaydiyya0000062,1052,29,434,146,44
596,5,426,Shamela0037458,2428,374,795,331,100
596,377,621,Shamela0037458,2432,1205,1579,193,64
596,342,492,ShamIbadiyya0000281,30,204,349,116,96
596,120,426,JK000791,1403,124,429,239,99
596,426,621,JK000791,1405,629,824,155,100
596,229,492,Shamela0021735,962,410,693,208,92
596,371,627,Shamela0000922,773,27,838,201,31
596,0,388,Tafsir07076,1541,1007,1425,305,92
596,120,621,JK007018,411,259,1153,395,56
596,15,311,Shia003744Vols,210,882,1479,225,48
596,342,621,Shia003744Vols,211,221,1030,187,28
596,120,426,JK009396,864,65,370,239,99
596,426,621,JK009396,864,1234,1429,155,100
596,0,621,Sham19Y0023608,2378,780,1401,490,100
596,281,575,Sham19Y0023608,2383,198,1277,233,27
596,281,529,JK000001,2154,318,561,139,70
596,383,621,Meshkat00042488,1004,3,935,180,24
596,120,621,Shia002356Vols,683,376,876,393,99
596,0,575,Tafsir04038,372,341,989,418,81
596,281,631,Shia002380Vols,463,45,879,278,41
596,229,426,JK001496,1263,538,735,155,100
596,354,575,JK001496,1264,455,699,139,71
596,5,229,EShia0071536,26,390,614,176,100
596,120,426,Shamela0008473,2941,533,839,240,100
596,388,621,Shamela0008473,2943,914,1255,185,68
596,492,598,Shamela0008473,2944,69,212,84,74
596,58,525,Shia002382Vols,1107,157,1465,360,34
596,0,636,MMS00013,3007,740,1428,502,92
596,0,575,Tafsir07055,3935,61,421,269,59
596,5,193,Shamela0003055,403,862,1050,148,100
596,0,621,Shamela0023591,4622,623,1244,490,100
596,120,498,Shamela0023591,4627,1178,1555,298,99
596,498,621,Shamela0023591,4628,0,123,97,100
596,0,243,JK009266,6024,1311,1552,190,99
596,243,642,JK009266,6025,0,408,313,96
596,193,621,Tafsir10098,858,463,1068,302,63
596,229,621,Tafsir10098,860,327,910,142,24
596,388,492,JK010491,454,751,855,83,100
596,797,1115,JK000458,2080,189,677,161,36
596,0,738,Shamela0021821,1075,449,1196,524,88
596,0,631,Tafsir07053,68,80,708,495,99
596,93,525,Tafsir07053,73,590,1487,330,46
596,284,426,JK009362,4930,0,142,113,100
596,426,575,JK009362,4933,700,848,118,99
596,0,305,JK001110,83,1216,1519,237,99
596,305,631,JK001110,84,0,326,260,100
596,58,529,JK001420,540,10,1391,298,27
596,5,169,JK006478,531,734,899,130,99
596,0,636,JK006478,5941,751,1399,501,97
596,0,575,Rafed0003943Vols,980,792,1368,453,99
596,0,653,Shamela0010273,1621,710,1353,501,97
596,5,229,JK000089,238,932,1155,175,99
596,5,311,Shamela0007798,6091,907,1235,161,62
596,438,621,Shamela0007798,6095,31,462,132,39
596,120,426,Tafsir06048,660,188,741,240,55
596,193,311,Sham19Y0014404,838,847,1347,64,15
596,281,525,Sham19Y0014404,839,28,982,194,25
596,388,525,Meshkat00057178,2390,817,1063,109,55
596,120,421,Masaha000554Vols,3185,543,851,236,97
596,275,426,Masaha000554Vols,3187,676,991,115,45
596,426,616,Masaha000554Vols,3188,600,791,149,96
596,0,284,QuranAnalysis001,128,1238,1521,222,99
596,284,631,QuranAnalysis001,129,0,347,276,100
596,5,235,Shamela0007637,3,978,1208,177,98
596,0,515,Rafed0001713Vols,1455,998,1513,406,99
596,823,1115,Rafed0001713Vols,1456,999,1535,184,39
596,515,714,Rafed0001713Vols,1456,0,280,127,53
596,34,492,Tafsir04042,1304,368,1529,357,39
596,156,371,Tafsir02094,2337,813,1300,126,32
596,79,388,Shamela0000041,1538,420,810,230,75
596,248,621,Shamela0000041,1539,39,721,292,54
596,0,485,Shamela0023578,1929,1015,1499,382,99
596,485,702,Shamela0023578,1930,0,226,137,71
597,283,1219,Shia001432Vols,22723,900,1241,263,35
597,283,1219,JK009268,2998,906,1246,264,36
597,541,1127,Sham19Y0023618,1050,1022,1233,164,35
597,283,1219,Shamela0023628,2334,584,925,263,35
597,1191,1500,Shamela0023628,2336,102,424,175,56
597,1313,1475,Sham19Y0020891,3538,175,383,107,58
597,541,1127,JK009270,2897,754,965,164,35
597,283,1133,Meshkat0014420,2945,1012,1318,233,34
597,96,615,JK000865,384,1006,1439,182,37
597,474,1002,Meshkat00042485,4146,485,1418,304,39
597,1180,1475,Meshkat00042485,4147,1065,1460,172,46
597,283,1052,Shamela0012851,91,144,595,221,31
597,603,769,Shamela0001466,1720,595,1027,105,30
597,283,1219,Shamela0004445,678,852,1193,263,35
597,193,915,Zaydiyya0000062,1050,730,1514,236,27
597,1247,1500,Zaydiyya0000062,1052,6,352,169,60
597,283,1127,Shamela0037458,2428,489,790,231,34
597,221,1133,JK000791,1403,76,429,245,33
597,560,765,Shamela0021766,2580,1238,1532,129,55
597,314,981,Tafsir02011,988,20,727,213,29
597,283,1038,Tafsir07076,1541,1157,1425,205,34
597,283,1127,JK007018,411,259,563,231,35
597,1180,1500,Tafsir04039,2368,475,1001,120,24
597,583,728,JK000906,6114,520,875,76,28
597,283,981,JK009396,864,65,555,204,28
597,283,1219,Sham19Y0023608,2378,900,1241,263,35
597,429,884,Meshkat00042488,1003,96,359,124,32
597,646,1094,ShamIbadiyya0000075,519,1127,1434,143,35
597,96,566,ShamIbadiyya0000075,519,37,626,193,30
597,283,1219,Shia002356Vols,683,376,717,262,35
597,283,769,Shia002380Vols,462,1261,1576,201,48
597,826,1498,Shia002380Vols,463,45,625,303,46
597,1186,1475,JK001496,1264,989,1368,159,47
597,283,1127,Shamela0008473,2941,533,834,231,34
597,96,1468,Shia002382Vols,1107,157,1542,631,44
597,283,1219,Shamela0023591,4622,743,1084,263,35
597,283,1219,Shamela0023591,4627,1178,1519,263,35
597,513,884,JK000458,2082,513,1231,184,32
597,283,1219,Shamela0021821,1075,569,910,263,35
597,283,1219,Tafsir07053,68,200,541,262,35
597,283,1127,Tafsir07053,73,621,922,231,34
597,314,1191,Tafsir08060,321,810,1499,295,36
597,283,1219,Shamela0010273,1621,830,1171,263,35
597,560,721,Shamela0010273,1624,1280,1481,87,54
597,104,429,Tafsir01006,867,0,414,183,49
597,884,1475,Tafsir01006,868,160,1153,378,46
597,0,213,Rafed0001713Vols,1457,930,1239,153,61
597,513,769,Rafed0001713Vols,1458,679,1080,148,47
597,884,1229,Rafed0001713Vols,1459,642,1533,218,30
597,1186,1475,Rafed0001713Vols,1460,95,474,157,42
597,283,1127,Tafsir04042,1304,501,1142,330,43
597,603,981,Tafsir07057,3340,837,1386,149,31
597,283,1219,Shamela0023578,1929,1135,1476,263,35
597,0,429,JK000876,821,1007,1505,178,34
597,439,1127,JK000876,822,119,1341,308,27
598,739,1097,Shamela0023632,2259,867,1225,287,98
598,1085,1342,Shamela0023632,2261,1407,1663,209,99
598,1372,1561,Shamela0023632,2264,859,1049,158,99
598,896,1561,JK009268,3010,67,777,532,91
598,739,1085,Sham19Y0023618,1053,353,699,283,100
598,1085,1372,Sham19Y0023618,1055,245,532,233,100
598,1372,1561,Sham19Y0023618,1055,1387,1577,158,99
598,650,1085,Shamela0023628,2336,727,1242,352,84
598,1085,1444,Shamela0023628,2338,1080,1439,292,100
598,943,1235,Rafed0003257Vols,3449,1172,1464,236,99
598,1235,1561,Rafed0003257Vols,3451,1035,1362,269,99
598,943,1085,Sham19Y0020891,3544,844,986,115,100
598,739,1006,JK009270,2900,1120,1387,220,100
598,1006,1375,JK009270,2903,276,646,296,98
598,863,1188,Meshkat0014420,2952,1268,1612,234,78
598,1235,1522,Meshkat0014420,2955,825,1112,235,100
598,739,1017,ShamAY0036821,1358,1305,1578,223,97
598,1017,1561,ShamAY0036821,1359,0,537,435,97
598,943,1235,Shia001171,544,48,346,234,96
598,863,1085,Shamela0001466,1724,349,567,178,98
598,1006,1235,Shamela0004445,7066,1156,1385,185,100
598,1310,1561,Shamela0012820,320,891,1307,201,58
598,915,1230,Zaydiyya0000062,1053,793,1155,254,85
598,836,1235,Shamela0037458,2435,673,1132,325,86
598,1235,1561,Shamela0037458,2440,476,803,269,99
598,915,1449,JK000791,1408,235,843,431,87
598,1049,1372,Shamela0000922,775,0,979,232,28
598,938,1235,JK007018,412,894,1195,240,98
598,953,1235,JK009396,867,0,282,228,99
598,346,953,Sham19Y0023608,2384,161,710,216,31
598,943,1235,Sham19Y0023608,2386,87,379,237,100
598,1235,1561,Sham19Y0023608,2389,713,1040,269,99
598,1230,1527,Shamela0022371,228,353,771,168,41
598,613,1235,Shia002356Vols,685,39,667,466,87
598,1168,1561,Shia002356Vols,686,36,543,320,76
598,1025,1561,Shia002380Vols,464,116,1425,438,40
598,943,1090,JK001496,1266,887,1032,115,95
598,170,607,Shamela0008473,2944,182,631,181,41
598,906,1235,Shamela0008473,2949,895,1227,245,91
598,29,943,Shia002382Vols,1108,67,775,281,30
598,943,1085,JK009265,187,479,622,115,99
598,943,1235,JK009265,207,1176,1468,236,99
598,943,1235,JK009265,292,833,1127,237,99
598,739,1460,Shamela0023591,4635,904,1624,588,99
598,739,1235,Shamela0023591,4637,166,662,405,100
598,1235,1561,Shamela0023591,4641,582,909,269,99
598,650,1235,JK009266,6039,796,1405,431,85
598,1239,1561,JK009266,6047,0,323,266,99
598,906,1235,Shamela0021821,1080,303,765,267,71
598,1174,1561,Shamela0021821,1081,294,856,315,67
598,943,1085,JK009362,4940,180,322,115,100
598,986,1372,JK001420,542,15,551,265,59
598,943,1235,JK006478,5953,1146,1439,236,98
598,1235,1561,JK006478,5958,616,945,269,99
598,739,1235,Rafed0003943Vols,982,0,496,404,99
598,1235,1561,Rafed0003943Vols,986,837,1164,269,99
598,943,1235,Shamela0010273,1629,1213,1505,237,100
598,889,1085,Shamela0007798,6103,236,428,131,82
598,943,1085,Sham19Y0014404,841,13,628,115,23
598,943,1085,Shamela0011682,1061,897,1185,115,49
598,617,1561,QuranAnalysis001,129,297,1160,701,90
598,906,1235,Rafed0001713Vols,1462,636,998,247,83
598,650,943,Shamela0000041,1540,224,604,238,77
598,915,1085,Shamela0000041,1541,686,1360,135,24
598,617,1053,Shamela0023578,1933,1111,1625,296,67
598,1053,1372,Shamela0023578,1934,0,319,258,100
598,977,1184,Shamela0023578,1936,912,1354,167,46
598,1372,1561,Shamela0023578,1939,401,591,158,99
599,1150,1568,Meshkat00042485,4153,85,537,267,65
599,21,855,JK000818,350,225,1108,326,35
599,1021,1563,Shia002380Vols,464,128,646,228,41
599,591,1493,Shia002382Vols,1109,371,1273,356,35
599,1021,1546,Tafsir05047,489,513,1284,258,36
599,1021,1378,JK006478,5956,315,1152,176,24
599,21,1233,Tafsir08060,322,536,1582,410,32
599,793,1568,Tafsir01006,870,438,1410,442,51
599,793,1493,Rafed0001713Vols,1463,308,1513,408,39
599,1150,1493,ShamAY0035035,9125,371,739,223,66
599,1062,1563,JK000876,825,393,934,260,49
600,1291,1607,Shia001432Vols,2494,163,383,166,64
600,618,1363,Shamela0023632,2264,859,1137,228,37
600,1337,1607,Shamela0023632,2267,432,786,222,76
600,579,1607,JK009268,3010,569,1110,444,52
600,1291,1521,Sham19Y0023618,1056,1371,1599,186,99
600,605,1607,Shamela0023628,2341,799,1507,451,51
600,1363,1607,Rafed0003257Vols,3456,1093,1338,201,99
600,1136,1553,Tafsir09068,715,36,926,228,30
600,1296,1607,JK000362,626,960,1162,141,56
600,1153,1575,JK009270,2912,400,740,279,80
600,1153,1465,Meshkat0014420,2959,165,395,187,73
600,579,1607,ShamAY0036821,1359,332,869,434,51
600,1296,1607,ShamAY0036821,1360,645,956,248,97
600,1167,1358,Meshkat00042485,4158,864,1055,128,69
600,853,1460,Zaydiyya0000062,1055,1048,1359,251,50
600,1158,1607,Zaydiyya0000062,1056,112,1014,322,41
600,1173,1607,Shamela0037458,2444,156,819,325,58
600,1167,1465,JK000791,1412,1216,1577,190,63
600,1158,1337,Shamela0021766,2591,534,924,118,36
600,1186,1487,Shamela0000922,777,32,667,167,31
600,1260,1575,JK007018,414,74,388,237,91
600,1296,1443,Tafsir04039,2375,222,684,118,31
600,1363,1575,JK009396,871,20,232,175,100
600,1153,1607,Sham19Y0023608,2393,400,985,317,59
600,1153,1443,JK000818,351,1057,1512,180,45
600,1147,1469,Meshkat00042488,1008,740,1334,202,39
600,767,1487,ShamIbadiyya0000075,523,164,1292,354,35
600,857,1474,Shamela0022371,228,688,926,153,29
600,579,1465,Shia002356Vols,686,336,733,325,44
600,532,1377,Shia002380Vols,464,799,1555,345,40
600,1377,1607,Shia002380Vols,465,0,330,190,69
600,1167,1570,JK001496,1269,772,1622,263,35
600,1153,1465,Tafsir02091,1269,791,1542,199,30
600,1337,1575,Shamela0008473,2957,1250,1507,196,92
600,259,800,Shia002382Vols,1110,180,528,193,38
600,1153,1607,Shia002382Vols,1111,171,790,289,49
600,890,1607,Shamela0023591,4636,0,435,357,60
600,1296,1607,Shamela0023591,4646,82,394,254,99
600,579,1363,JK009266,6047,115,411,243,37
600,1363,1537,JK009266,6052,1375,1548,144,99
600,1173,1607,Shamela0021821,1083,66,598,302,68
600,1260,1607,JK001420,543,54,972,273,35
600,1256,1575,JK006478,5964,385,754,250,83
600,579,1607,Rafed0003943Vols,986,956,1497,444,52
600,1291,1607,Shamela0010273,1635,533,849,257,99
600,1296,1453,Tafsir04003,2548,5,492,121,31
600,1363,1545,Shia001349Vols,1,1372,1646,80,27
600,1377,1575,Sham19Y0014404,844,0,589,164,33
600,1296,1570,Masaha000554Vols,3207,92,368,218,95
600,579,1607,QuranAnalysis001,129,952,1493,444,52
600,857,1465,Rafed0001713Vols,1465,738,1046,252,50
600,1153,1333,Rafed0001713Vols,1466,150,307,120,75
600,767,1337,Tafsir04042,1309,320,999,207,31
600,605,1363,Shamela0000041,1545,968,1396,249,36
600,1337,1575,Shamela0000041,1546,1340,1577,196,99
600,1363,1607,Shamela0000041,1547,160,1018,199,28
600,440,1607,Shamela0023578,1939,162,924,488,47
600,1153,1465,Shamela0023578,1940,501,1475,204,25
600,764,1460,JK000876,826,248,1396,345,32
601,115,260,Shamela0023632,2269,700,845,118,100
601,0,260,JK009268,3010,1110,1370,210,100
601,0,361,Sham19Y0023618,1057,87,421,259,86
601,85,260,Shamela0023628,2342,0,175,142,100
601,0,260,Rafed0003257Vols,3456,1338,1598,210,100
601,0,209,JK009270,2914,1160,1369,167,100
601,0,260,Meshkat0014420,2961,486,746,210,100
601,0,260,ShamAY0036821,1359,869,1129,209,99
601,0,260,ShamAY0036821,1360,956,1216,209,99
601,0,214,Sham19Y0147312,1256,624,838,168,98
601,115,254,Zaydiyya0000062,1057,825,965,113,98
601,0,260,JK000791,1414,231,491,210,100
601,130,260,Shamela0000922,778,0,171,106,76
601,0,260,JK007018,414,741,1003,209,98
601,0,158,JK009396,871,1468,1625,127,99
601,0,283,Sham19Y0023608,2393,985,1287,224,92
601,115,260,Meshkat00042488,1010,209,811,118,24
601,115,260,Shamela0022371,228,993,1200,118,70
601,0,260,Shia002356Vols,687,549,809,210,100
601,0,260,Shamela0008473,2958,1149,1409,210,100
601,0,260,Shamela0023591,4636,435,695,210,100
601,0,409,Shamela0023591,4646,394,804,242,68
601,0,214,JK009266,6053,71,285,168,98
601,0,361,Shamela0021821,1083,598,964,259,82
601,0,260,JK001420,543,972,1397,184,53
601,70,260,JK006478,5966,0,190,154,100
601,0,130,Rafed0003943Vols,986,1497,1626,104,99
601,0,260,Shamela0010273,1635,849,1109,210,100
601,0,214,Sham19Y0014404,844,943,1470,166,39
601,115,260,Meshkat00057178,2401,160,757,118,24
601,0,254,Masaha000554Vols,3209,753,1011,204,97
601,99,260,QuranAnalysis001,130,0,161,131,100
601,0,260,Rafed0001713Vols,1466,1150,1410,210,100
601,5,260,Shamela0000041,1547,1053,1444,204,64
601,0,260,Shamela0023578,1939,924,1184,210,100
602,1250,1461,Shia001432Vols,240,1030,1241,159,98
602,978,1403,Shia001432Vols,4173,178,771,193,35
602,918,1250,Shamela0023632,2272,527,859,268,100
602,1250,1457,Shamela0023632,2275,1006,1213,159,99
602,1187,1411,Masaha004743,78,1195,1418,175,99
602,856,1457,JK009268,3019,546,1147,477,100
602,918,1457,Sham19Y0023618,1059,136,675,427,99
602,993,1457,Shamela0023628,2347,559,1153,365,77
602,978,1433,Tafsir02100,99,769,1444,294,55
602,856,1187,Rafed0003257Vols,3460,653,984,266,100
602,1187,1457,Rafed0003257Vols,3463,308,578,210,99
602,1163,1457,Zaydiyya0000044,83,703,998,231,99
602,660,1011,Tafsir09083,829,542,1591,182,21
602,978,1452,LMN20251118,175,518,1183,360,68
602,818,1250,Sham19Y0020891,3556,1143,1571,333,93
602,993,1457,ShamAY0034005,926,563,1100,257,52
602,856,1130,Hindawi019640759,32,1308,1581,221,99
602,1250,1457,Hindawi019640759,33,506,713,160,100
602,918,1118,JK010001,1333,594,1263,147,27
602,908,1144,JK009270,2917,0,236,191,100
602,1159,1325,JK009270,2923,0,166,132,100
602,1237,1465,Sham19Y0150960,1351,16,264,163,84
602,913,1187,Meshkat0014420,2964,0,274,221,100
602,1187,1457,Meshkat0014420,2967,935,1205,211,100
602,1220,1461,JK000140,1041,483,729,171,87
602,856,1448,ShamAY0036821,1361,920,1511,466,98
602,856,1461,ShamAY0036821,1362,632,1238,475,98
602,1265,1457,Hindawi057380918,66,0,192,149,100
602,856,1457,Shamela0004445,433,311,912,477,100
602,993,1457,ShamAY0032766,12,29,563,259,53
602,18,703,Shamela0022769,896,74,616,240,39
602,1220,1461,Shamela0000782,1075,569,815,171,87
602,856,1034,Zaydiyya0000062,1057,973,1153,141,96
602,856,978,Shamela0037458,2447,57,179,98,100
602,978,1357,Shamela0037458,2450,417,796,301,100
602,807,1262,JK000791,1415,904,1351,334,87
602,1229,1403,JK000791,1420,1251,1474,135,78
602,1220,1465,Sham19Y0014309,421,181,445,171,82
602,856,1187,Tafsir07076,658,1212,1543,266,100
602,1250,1457,Tafsir07076,1589,863,1070,160,100
602,1250,1457,Tafsir07076,9093,746,1020,160,75
602,856,1097,JK007018,414,1326,1568,192,97
602,1250,1486,JK007018,416,302,532,166,90
602,856,1250,JK009396,872,1131,1525,317,100
602,1250,1465,JK009396,875,556,779,164,95
602,856,1457,Sham19Y0023608,2398,254,855,476,99
602,1220,1461,Sham19Y0122173,524,1062,1325,172,83
602,240,608,Meshkat00042488,1010,0,850,162,21
602,856,1298,Shia003721Vols,342,1127,1569,354,99
602,1130,1461,JK009141,1245,277,777,216,54
602,978,1457,JK009141,1249,570,1289,319,53
602,1187,1457,Shamela0004473,9165,869,1139,211,100
602,856,1155,Shamela0004473,11988,1283,1581,240,99
602,525,1187,Shia002356Vols,688,51,708,350,54
602,1085,1457,Shia002356Vols,689,812,1307,264,66
602,1187,1457,Hindawi019272704,118,893,1163,211,100
602,993,1440,JK000599,61,945,1459,248,52
602,122,278,ShamAY0034059,3516,998,1151,109,81
602,1208,1407,Shia002380Vols,466,985,1409,154,46
602,1052,1457,PV2024060602,3383,0,605,260,51
602,1220,1461,PV2024060602,6826,197,443,171,87
602,594,1250,JK001496,1271,220,959,403,60
602,477,1262,Shamela0008473,2959,554,1323,430,61
602,1182,1486,Shamela0008473,2970,0,287,184,74
602,4,703,Shia002382Vols,1111,984,1532,252,39
602,1220,1433,Sham19Y0020638,1092,1222,1441,154,88
602,978,1457,Sham19Y0020638,1094,308,1030,317,52
602,1112,1457,Shamela0012884,3223,280,856,271,59
602,856,1457,Shamela0023591,4650,164,765,476,99
602,856,1457,Shamela0023591,4651,492,1093,476,99
602,856,1423,JK009266,6055,942,1508,451,99
602,632,1174,Shamela0021821,1084,1006,1593,321,61
602,1174,1492,Shamela0021821,1085,0,313,237,91
602,1069,1457,Rafed0003793Vols,868,1067,1431,252,83
602,1187,1486,Shia002389Vols,1673,229,683,218,58
602,978,1457,Sham19Y0018144,2401,34,707,279,47
602,918,1144,JK009362,4965,1250,1478,183,99
602,1144,1465,JK009362,4967,1142,1464,248,98
602,1198,1452,Zaydiyya0000003,96,573,828,198,99
602,918,1254,JK001420,544,913,1517,229,47
602,978,1457,JK000911,99,696,1406,320,52
602,818,1187,JK006478,5967,589,1037,285,78
602,1187,1457,JK006478,5975,2,272,211,99
602,856,1187,Rafed0003943Vols,988,310,641,266,100
602,1250,1457,Rafed0003943Vols,993,1368,1575,159,99
602,918,1250,Shamela0010273,1641,429,761,268,100
602,1250,1457,Shamela0010273,1645,111,318,159,99
602,4,617,Tafsir01006,873,17,663,239,37
602,1182,1457,Tafsir06048,665,1101,1397,212,91
602,1237,1457,JK000727,9,410,622,155,91
602,1187,1457,Hindawi093849638,96,773,1043,211,100
602,856,1457,QuranAnalysis001,130,161,762,477,100
602,1112,1457,JK000916,6097,764,1341,271,59
602,632,1043,Rafed0001713Vols,1468,236,712,222,55
602,989,1457,Rafed0001713Vols,1471,199,836,368,73
602,18,447,Tafsir04042,1311,908,1567,153,25
602,856,978,Tafsir04056,5008,724,1318,98,20
602,1182,1457,Shamela0000041,1553,250,592,212,79
602,142,1457,Shamela0023578,1941,422,1481,667,59
602,1187,1457,Shamela0023578,1946,836,1246,205,64
603,484,1205,Shia001432Vols,4151,338,1374,374,39
603,327,524,JK001297,66,497,714,138,79
603,317,524,Shamela0023628,2344,541,789,147,75
603,327,524,Tafsir09083,834,1293,1519,148,81
603,327,524,Tafsir09084,1469,1214,1433,145,82
603,327,524,Tafsir09068,717,426,646,145,82
603,327,524,Shamela0005756,11733,908,1131,146,82
603,65,240,Shamela0000140,735,1186,1471,94,38
603,538,1205,Shamela0000140,736,3,861,288,35
603,327,524,Sham19Y0016584,3326,985,1208,146,82
603,327,524,JK009390,1651,996,1202,138,84
603,753,1212,Meshkat00042485,4171,52,657,219,41
603,327,524,Shamela0001466,1738,817,1042,145,80
603,327,524,Shamela0004445,434,967,1190,146,82
603,327,524,Sham19Y0018176,1770,1264,1487,146,82
603,484,801,Hindawi051419736,182,287,924,202,39
603,327,506,Shamela0037458,2455,1298,1484,133,90
603,327,524,JK000110,1277,976,1199,146,82
603,327,524,Shamela0021766,2594,1246,1465,147,82
603,327,524,Shamela0021659,905,305,511,138,84
603,317,524,Sham19Y0014309,420,676,901,140,77
603,327,524,JK009274,678,829,1040,138,82
603,317,473,JK000906,6171,112,285,114,84
603,317,528,Sham19Y0023608,2401,538,744,123,66
603,1083,1458,Shamela0021715,462,93,436,138,35
603,327,524,Shamela0021715,7207,429,652,146,82
603,327,524,JK000465,2352,895,1118,146,82
603,327,524,JK000818,353,731,953,146,82
603,35,561,Meshkat00042488,1011,579,969,135,25
603,327,524,Shia003721Vols,344,177,400,146,82
603,263,538,ShamAY0033108,1066,204,525,122,45
603,327,528,JK007063,174,165,393,141,76
603,327,461,ShamAY0036182,148,1432,1560,102,95
603,10,156,Shia002380Vols,465,891,1022,85,74
603,894,1443,Shia002380Vols,466,231,681,200,36
603,327,524,PV2024060602,1277,976,1199,146,82
603,73,464,JK001496,1272,325,870,142,27
603,327,524,Sham19Y0016684,1595,438,661,146,82
603,263,538,Tafsir02091,1271,30,351,122,45
603,327,524,Shamela0008473,2961,1065,1285,146,83
603,0,156,Shia002382Vols,1112,78,238,93,66
603,858,1118,Shia002382Vols,1113,1270,1513,112,50
603,327,524,MMS00013,493,768,992,145,81
603,327,543,MMS00013,932,895,1137,146,76
603,327,524,Shamela0012884,3215,318,540,146,82
603,327,524,JK009266,6058,584,803,143,80
603,484,957,Shia003749,324,587,1035,155,28
603,478,801,JK000458,2096,432,1221,174,26
603,327,524,Shamela0021821,1085,649,872,146,82
603,327,524,Sham19Y0018106,3085,571,794,146,82
603,327,506,Shia002389Vols,1671,8,193,132,89
603,327,473,Sham19Y0018144,1404,336,478,106,89
603,327,473,Sham19Y0018144,2402,811,955,108,93
603,327,524,JK000911,99,152,366,107,55
603,327,524,Sham19Y0023644,465,781,1009,135,75
603,327,524,Sham19Y0013252,6918,1001,1224,146,82
603,327,524,ShamAY0034282,2622,375,598,132,69
603,484,719,Tafsir01006,874,895,1193,145,54
603,774,1212,Tafsir01006,875,0,592,204,39
603,327,506,Tafsir04003,2554,195,381,132,89
603,327,524,Sham19Y0013605,3548,543,766,146,82
603,327,524,Sham19Y0014404,846,118,340,145,81
603,314,501,Masaha000554Vols,3232,330,524,132,83
603,327,524,Kraken220727035853,2758,1069,1293,140,79
603,453,719,Rafed0001713Vols,1470,659,1023,156,48
603,1079,1212,Rafed0001713Vols,1471,943,1213,87,41
603,768,1238,Rafed0001713Vols,1471,0,523,215,40
603,327,524,Tafsir07057,3375,1240,1458,145,82
603,327,524,Shamela0000041,1548,868,1092,146,82
604,1160,1403,JK000435,224,5,280,159,66
604,1039,1336,Sham19Y0122406,3571,8,282,183,69
604,925,1432,JK009268,3019,1032,1428,302,75
604,925,1395,Sham19Y0023618,1059,560,918,272,73
604,654,1131,Shamela0023628,2349,375,945,171,32
604,1103,1432,Tafsir02100,98,394,660,152,50
604,925,1432,Zaydiyya0000044,83,883,1279,302,75
604,1152,1399,Hindawi019640759,33,947,1301,132,43
604,925,1403,JK009270,2925,648,1015,273,72
604,1055,1432,Meshkat0014420,2970,1047,1392,248,83
604,1152,1432,ShamAY0036821,1362,9,290,223,99
604,1152,1432,ShamAY0036821,1364,833,1114,223,99
604,925,1432,Hindawi057380918,66,77,473,302,75
604,721,1091,Meshkat00042485,4174,75,699,217,42
604,925,1432,Shamela0004445,433,797,1193,302,75
604,654,1131,Shamela0022769,898,520,1146,200,34
604,721,1262,Zaydiyya0000062,1061,803,1174,210,44
604,721,1399,Shamela0037458,2454,538,1267,352,50
604,950,1432,JK000791,1421,823,1287,301,73
604,654,941,Shamela0021766,2600,73,576,115,26
604,721,1232,Shamela0000922,780,767,1400,215,38
604,925,1395,Tafsir07076,9093,905,1419,278,57
604,1152,1395,JK009396,876,272,515,194,100
604,925,1395,Sham19Y0023608,2398,740,1098,272,73
604,791,1127,Sham19Y0023608,2404,806,1129,142,48
604,721,1000,Shamela0021715,5366,369,654,137,53
604,271,500,Shamela0021715,7236,215,355,91,48
604,1103,1232,Meshkat00042488,1014,499,725,87,49
604,925,1432,Shia003721Vols,343,44,441,302,75
604,979,1368,ShamIbadiyya0000075,526,517,1472,235,30
604,925,1432,Shamela0004473,9165,1024,1420,302,75
604,1039,1381,Sham19Y0145435,1112,1123,1404,217,80
604,925,1327,Shia002356Vols,689,1192,1481,218,68
604,925,1432,Hindawi019272704,118,1048,1444,302,75
604,1103,1432,JK000475,2494,891,1157,152,50
604,938,1399,JK000475,2496,376,839,269,60
604,938,1399,PV2024060602,3383,497,969,268,59
604,1039,1267,Tafsir02102,2751,728,1146,134,38
604,938,1399,Sham19Y0020638,1094,922,1388,271,60
604,925,1432,Shamela0012884,3223,741,1130,236,53
604,925,1432,Hindawi090938482,35,420,816,302,75
604,925,1432,Shamela0023591,4650,650,1046,301,75
604,1152,1432,Shamela0023591,4662,0,281,223,99
604,1059,1432,JK009266,6056,0,315,244,82
604,938,1399,Sham19Y0018144,2401,599,1046,268,61
604,1039,1395,JK001420,545,609,1227,211,41
604,1152,1373,AOCP202502141179,132,125,488,106,29
604,1152,1432,Zaydiyya0000274,156,301,582,223,99
604,1152,1432,Zaydiyya0000274,243,969,1250,223,99
604,1039,1331,JK006478,5982,936,1432,195,46
604,1043,1432,Sham19Y0013252,6920,0,331,257,83
604,1164,1432,Rafed0003943Vols,994,0,269,213,99
604,1152,1432,Shamela0010273,1648,569,850,223,99
604,1039,1395,Shamela0007798,6126,802,1098,228,81
604,721,1010,Tafsir01006,876,608,987,164,52
604,938,1399,Shamela0001727,1351,361,833,268,59
604,1039,1428,Masaha000554Vols,3217,333,733,259,75
604,808,1190,JK000447,484,0,643,149,25
604,1039,1432,JK000727,10,887,1221,257,82
604,925,1432,Hindawi093849638,96,928,1324,302,75
604,925,1432,QuranAnalysis001,130,647,1043,302,75
604,1039,1432,JK000916,6099,200,534,257,82
604,721,1327,Rafed0001713Vols,1473,49,1297,381,38
604,950,1232,Tafsir07057,3369,135,1015,157,22
604,1039,1395,Shamela0009783BK1,281,134,431,227,80
604,1190,1432,Shamela0023578,1942,0,243,192,99
605,448,626,ShamAY0035792,164,717,895,144,100
605,271,631,Shia001432Vols,4150,7,503,248,57
605,663,1224,Shia001432Vols,4152,930,1500,189,29
605,338,631,Shamela0023632,2284,670,963,239,100
605,209,423,Sham19Y0122406,3572,1238,1500,124,57
605,245,595,Rafed0000040Vols,2391,604,952,277,96
605,79,631,JK009268,3020,0,552,449,100
605,0,515,Sham19Y0023618,1061,990,1504,418,99
605,896,1224,Shamela0023628,2350,519,947,131,34
605,185,631,Shamela0023628,2352,889,1335,363,100
605,249,631,Shamela0025794,4011,915,1479,279,59
605,0,491,Tafsir02100,100,510,1190,340,61
605,185,631,Rafed0003257Vols,3469,856,1494,363,69
605,216,626,Zaydiyya0000044,84,0,410,334,100
605,245,643,Shamela0026566,79,12,536,250,54
605,324,631,Sham19Y0020891,3578,889,1197,243,97
605,4,510,ShamAY0034005,927,87,787,359,62
605,0,343,JK009270,2928,336,679,275,99
605,338,631,JK009270,2932,250,543,239,100
605,66,491,Shamela0029976,21,0,490,286,71
605,448,621,Shamela0005756,15439,1307,1479,140,99
605,185,631,Meshkat0014420,2975,740,1186,363,100
605,245,643,Zaydiyya0000256,464,562,959,317,97
605,245,631,Shamela0010835,51,228,758,274,61
605,0,343,ShamAY0036821,1362,290,632,275,99
605,0,350,ShamAY0036821,1364,1114,1462,280,99
605,245,643,ShamAY0036821,1365,212,609,314,96
605,0,631,Hindawi057380918,66,473,1104,511,100
605,631,1175,Meshkat00042485,4175,422,1242,257,34
605,448,631,Sham19Y0147312,1266,1131,1314,148,100
605,0,296,Shamela0004445,433,1193,1488,238,99
605,296,631,Shamela0004445,434,0,335,273,100
605,448,631,Shamela0004445,439,569,752,148,100
605,355,631,ShamAY0032766,13,18,344,203,74
605,448,626,Zaydiyya0000062,1066,378,557,144,99
605,0,399,Shamela0037458,2460,79,478,323,100
605,483,631,Shamela0037458,2464,0,148,119,100
605,245,621,JK000791,1426,1171,1546,307,99
605,448,631,Shamela0000922,783,1280,1463,148,100
605,448,631,Tafsir07076,1590,832,1015,148,100
605,448,631,Tafsir07076,1966,1222,1405,148,100
605,0,448,Tafsir07076,9094,38,1067,362,43
605,443,631,Tafsir07076,9095,57,248,151,97
605,343,631,Sham19Y0023608,2410,0,288,235,100
605,448,613,JK000917,1051,1404,1568,134,99
605,448,631,Meshkat00042488,1017,1223,1406,148,100
605,0,631,Shia003721Vols,343,441,1072,511,100
605,0,491,JK009141,1250,294,976,343,62
605,74,528,Sham19Y0145435,1115,582,1315,369,61
605,0,631,Shia002356Vols,691,93,723,509,99
605,40,631,Hindawi019272704,119,0,591,480,100
605,161,671,JK000599,62,636,1295,326,59
605,245,631,ShamAY0038638,103,465,1003,274,60
605,161,631,JK000475,1234,175,796,322,62
605,0,361,JK000475,2496,956,1488,252,59
605,161,631,Tafsir04038,376,346,1015,336,58
605,631,1421,Shia002380Vols,467,155,780,290,38
605,235,501,PV2024060602,3384,0,321,165,62
605,631,1480,JK001496,1276,184,1258,259,23
605,324,515,JK001496,1279,1323,1517,150,93
605,257,631,Shamela0008473,2968,0,487,303,76
605,399,631,Shamela0008473,2974,902,1294,188,59
605,631,1421,Shia002382Vols,1116,463,1107,290,38
605,0,491,MMS00013,2700,656,1316,341,63
605,0,491,Sham19Y0020638,1095,61,749,343,61
605,448,631,Noorlib0010712,78,517,700,148,100
605,399,631,Shamela0030592Vols,38,0,282,188,82
605,66,631,Shamela0012884,3222,147,1011,451,64
605,0,631,Hindawi090938482,35,816,1448,511,99
605,245,491,Shamela0023591,4668,1318,1563,203,99
605,491,631,Shamela0023591,4669,0,140,112,100
605,0,631,JK009266,6056,315,946,511,100
605,245,631,Shamela0010283,2497,455,674,168,53
605,161,631,Shia003749,323,808,1489,331,57
605,48,643,Shamela0021821,1091,52,658,477,96
605,189,570,Sham19Y0018144,2402,0,493,294,73
605,701,1365,Shamela0009270,124,5,631,214,32
605,185,631,JK009362,4978,914,1362,363,99
605,0,528,JK000911,100,582,1205,426,84
605,83,570,Zaydiyya0000274,160,325,790,348,85
605,83,570,Zaydiyya0000274,247,1012,1477,348,85
605,448,631,JK009257,538,1204,1387,148,100
605,245,582,JK006478,278,459,796,277,100
605,209,631,JK006478,5988,850,1404,344,76
605,58,338,Rafed0003943Vols,996,530,810,227,100
605,157,631,Rafed0003943Vols,998,181,537,278,70
605,185,631,Shamela0010273,1652,327,773,363,100
605,0,643,ShamAY0034282,2623,945,1434,312,53
605,245,631,JK000576,332,464,996,266,58
605,70,631,Shamela0007798,6131,531,1396,447,63
605,448,631,Shamela0007798,6149,316,499,148,100
605,841,1346,Tafsir01006,877,161,970,242,34
605,0,287,Shamela0001727,1351,954,1394,231,65
605,448,631,Sham19Y0014404,853,30,213,148,100
605,448,631,Meshkat00057178,2412,1027,1210,148,100
605,245,626,Masaha000554Vols,3222,212,594,305,96
605,161,631,Hindawi093849638,97,0,470,382,100
605,0,465,QuranAnalysis001,130,1043,1507,377,99
605,465,631,QuranAnalysis001,131,0,166,134,100
605,4,631,JK000916,6098,246,747,271,44
605,88,643,Rafed0001713Vols,1476,0,555,450,99
605,448,631,JK000122,828,439,622,148,100
605,448,631,Tafsir07057,3374,808,991,148,100
605,161,582,Tafsir04056,879,1126,1528,303,87
605,338,528,Shamela0009783BK1,284,55,245,157,100
605,338,631,Shamela0000041,1558,695,1166,239,62
605,0,631,Shamela0023578,1942,243,874,511,100
605,786,1197,JK000876,831,3,497,161,35
606,901,1465,Shia001432Vols,4153,726,1397,262,42
606,853,1360,JK009268,3020,130,374,194,46
606,853,1360,Sham19Y0023618,1061,1199,1443,194,46
606,853,1360,Shamela0023628,2352,913,1157,194,46
606,860,1360,Zaydiyya0000044,84,0,237,188,46
606,144,382,Sham19Y0020891,3573,0,580,156,31
606,853,1360,Meshkat0014420,2975,764,1008,194,46
606,853,1360,Hindawi057380918,66,682,926,194,46
606,1276,1465,Meshkat00042485,4183,1292,1494,120,67
606,889,1355,Tafsir02104,319,564,1200,197,29
606,853,1177,Shamela0037458,2460,288,478,156,58
606,853,1355,Tafsir07076,9094,411,1067,196,26
606,853,1360,Shia003721Vols,343,650,894,194,46
606,853,1360,Sham19Y0145435,1115,899,1240,199,42
606,853,1360,Shia002356Vols,691,301,545,194,46
606,853,1360,Hindawi019272704,119,169,413,194,46
606,853,1578,Shia002380Vols,468,16,659,266,37
606,695,1360,JK001496,1279,565,1456,230,24
606,1108,1276,Shamela0008473,2974,219,476,97,45
606,853,1360,Shamela0012884,3222,467,813,201,42
606,853,1360,Hindawi090938482,35,1025,1269,194,46
606,853,1360,JK009266,6056,524,768,194,46
606,853,1360,Shamela0021821,1091,208,452,194,46
606,853,1360,JK009362,4978,939,1184,192,46
606,853,1360,JK000911,100,860,1130,195,44
606,853,1360,Zaydiyya0000274,160,430,673,194,46
606,853,1360,Zaydiyya0000274,247,1117,1360,194,46
606,786,1377,Tafsir08060,326,51,468,240,49
606,853,1360,Shamela0010273,1652,351,595,194,46
606,853,1360,Shamela0007798,6131,849,1192,198,42
606,620,1177,Tafsir01006,879,33,1082,331,36
606,1300,1578,Tafsir01006,880,0,321,137,49
606,867,1456,Sham19Y0014404,852,158,1349,295,26
606,853,1360,Hindawi093849638,97,48,292,194,46
606,853,1360,QuranAnalysis001,130,1252,1496,194,46
606,853,1145,JK000916,6098,353,655,141,43
606,853,1360,Rafed0001713Vols,1476,121,365,194,46
606,620,1048,Rafed0001713Vols,1477,370,988,261,48
606,1276,1514,Rafed0001713Vols,1478,548,803,137,62
606,1108,1578,Tafsir04042,1324,1133,1572,155,28
606,539,1177,Shamela0000041,1557,799,1423,215,34
606,853,1360,Shamela0023578,1942,452,696,194,46
607,979,1456,Shia001432Vols,3704,929,1409,374,99
607,1035,1255,Shia001432Vols,3710,1210,1423,141,78
607,1191,1318,Shia001432Vols,23712,0,127,100,100
607,979,1196,Shamela0023632,2287,686,904,170,99
607,1196,1394,Shamela0023632,2290,1265,1462,155,99
607,126,667,Tafsir09050,2468,632,1206,245,46
607,1196,1399,Tafsir03097,1039,970,1401,159,47
607,979,1200,JK009268,3036,1425,1645,174,99
607,1200,1456,JK009268,3037,0,257,201,99
607,979,1441,Sham19Y0023618,1064,896,1359,362,99
607,979,1080,Hindawi090507395,161,1090,1191,80,100
607,77,732,Shamela0023628,2354,224,895,351,55
607,979,1428,Shamela0023628,2356,152,602,352,99
607,1161,1399,Shamela0023628,2358,926,1428,177,45
607,1103,1318,Rafed0003257Vols,3474,0,215,169,100
607,1318,1456,Rafed0003257Vols,3478,348,487,108,99
607,180,841,Shamela0022593,1471,89,623,253,42
607,979,1084,Rafed0000110,63,251,356,80,97
607,1142,1326,Rafed0000110,64,981,1402,139,42
607,979,1080,Sham19Y0020891,1865,533,648,80,87
607,881,1321,Sham19Y0020891,3581,0,390,288,81
607,1313,1428,Sham19Y0020891,3585,118,240,90,94
607,979,1121,JK009270,2936,1324,1466,112,98
607,1121,1399,JK009270,2937,0,276,217,99
607,979,1456,Shamela0005756,9674,357,1086,372,64
607,979,1233,Meshkat0014420,2979,1194,1446,199,99
607,1255,1441,Meshkat0014420,2983,1088,1274,146,100
607,979,1084,Sham19Y0016584,2508,407,512,81,98
607,1331,1456,Shamela0002300,184,127,253,98,99
607,979,1161,Shamela0002300,784,952,1506,127,29
607,1161,1456,Shamela0002300,785,0,542,205,48
607,741,1428,ShamAY0036821,1365,490,1180,430,65
607,384,818,Tafsir02096,1183,0,413,185,45
607,1142,1255,Meshkat00042485,4189,665,895,88,49
607,1126,1294,Shamela0012851,101,671,1115,124,35
607,77,532,Shamela0001466,1755,608,1008,288,75
607,873,1080,Sham19Y0147312,1267,0,453,120,32
607,1282,1428,Sham19Y0147312,1269,859,1244,110,36
607,1186,1318,Sham19Y0147312,1269,79,206,100,96
607,979,1186,Shamela0004445,656,1367,1572,163,99
607,1186,1456,Shamela0004445,657,0,271,212,99
607,1142,1428,Shamela0004445,663,415,1133,219,38
607,829,1168,Shamela0012753,112,794,1435,189,34
607,1168,1428,Shamela0012753,113,0,260,204,100
607,1075,1394,Zaydiyya0000062,1068,69,406,246,91
607,979,1196,Hindawi049164181,197,660,877,171,100
607,979,1436,Shamela0037458,2475,592,1107,355,87
607,979,1084,JK000110,866,1208,1313,81,98
607,1035,1318,JK000791,1430,0,283,222,100
607,77,532,Shamela0021766,2611,53,427,273,72
607,741,1196,Shamela0000922,784,498,1464,238,28
607,1121,1399,Shamela0000922,785,255,1018,213,35
607,979,1456,Sham19Y0009800,385,546,1025,374,99
607,979,1408,Sham19Y0009800,655,1112,1541,336,99
607,1196,1318,Tafsir07076,1531,749,1263,96,23
607,1055,1222,Tafsir07076,2493,972,1471,95,22
607,1196,1318,Tafsir07076,2494,419,713,96,41
607,979,1318,Tafsir07076,2768,228,1421,258,27
607,1142,1318,Tafsir07076,4196,0,174,137,98
607,979,1255,Tafsir07076,5259,592,867,216,98
607,1080,1255,Tafsir07076,5876,418,591,136,98
607,1131,1399,Tafsir07076,6538,0,869,192,28
607,1196,1318,Tafsir07076,6551,825,947,96,100
607,991,1318,Tafsir07076,7819,365,1344,232,29
607,979,1399,Tafsir07076,8990,484,1215,313,53
607,77,325,JK007018,419,121,321,137,67
607,969,1321,JK007018,419,455,808,269,97
607,1103,1456,JK007018,420,185,894,144,23
607,979,1080,Shamela0011056BK1,251,693,795,80,99
607,1204,1428,Tafsir04039,2393,398,961,138,31
607,247,979,Shamela0009823,516,6,929,321,36
607,979,1084,Sham19Y0018103,2240,1186,1291,81,98
607,84,536,JK000906,6243,664,1141,248,56
607,29,325,JK009396,882,303,722,150,39
607,1064,1326,JK009396,883,1162,1434,200,93
607,1109,1441,JK009396,884,763,1223,170,47
607,979,1456,Sham19Y0023608,2413,978,1457,374,99
607,1137,1399,Sham19Y0023608,2418,505,1342,198,30
607,1196,1318,Meshkat00042488,1020,720,976,96,47
607,29,310,Masaha004568Vols,237,447,651,147,62
607,21,269,ShamIbadiyya0000075,527,965,1217,146,67
607,1196,1318,Rafed0003726Vols,857,682,804,96,100
607,979,1080,JK001305,19,883,984,80,100
607,979,1456,Shamela0004473,9093,265,709,91,14
607,1196,1456,ShamAY0033108,1074,46,1062,189,23
607,1035,1441,Shia002356Vols,693,0,405,317,99
607,0,532,JK007063,173,1015,1562,269,51
607,247,787,ShamAY0034059,3557,507,1089,282,50
607,77,540,ShamAY0036182,153,835,1227,289,76
607,1069,1445,Shia002380Vols,469,324,1283,276,36
607,979,1084,PV2024060602,866,1208,1313,81,98
607,860,1318,JK001496,1281,203,609,303,81
607,1313,1441,JK001496,1283,506,654,97,84
607,1237,1456,Tafsir02091,1279,10,920,158,22
607,1147,1318,Shamela0008473,2579,1308,1452,105,76
607,1069,1331,Shamela0008473,2981,642,915,204,94
607,1222,1428,Shamela0008473,2984,378,742,153,53
607,51,219,ShamIbadiyya0000050,3788,1337,1490,92,66
607,224,532,ShamIbadiyya0000050,3789,5,288,194,71
607,1109,1399,Tafsir05047,497,442,1270,205,31
607,979,1456,Shamela0023591,4674,95,574,374,99
607,969,1428,Shamela0023591,4675,955,1420,353,96
607,55,727,JK009266,6085,597,1285,346,53
607,979,1456,JK009266,6089,938,1415,374,99
607,1147,1354,Shamela0037473BK1,66,748,951,153,95
607,1318,1431,Shamela0037473BK1,76,62,175,88,100
607,1318,1428,Shamela0010283,2753,953,1063,86,100
607,979,1318,Shia003749,162,1070,1410,267,99
607,126,540,Shamela0021821,1094,0,392,183,42
607,811,1428,Shamela0021821,1095,253,901,408,76
607,1026,1326,Shia002389Vols,1690,326,577,143,53
607,384,532,Sham19Y0013231,2642,16,162,114,96
607,1200,1318,Shamela0008476,2226,999,1117,93,100
607,1088,1318,Shia003675Vols,1200,716,983,143,58
607,1069,1318,JK009362,4989,661,909,196,99
607,979,1088,Shamela0010798,1145,188,297,82,96
607,741,1196,JK001420,547,18,582,211,38
607,1161,1399,Sham19Y0023644,322,321,815,179,46
607,397,690,Sham19Y0023644,472,388,632,154,58
607,1080,1348,JK006478,5999,356,637,207,93
607,1026,1369,Tafsir08060,326,839,1530,251,46
607,979,1080,Shamela0005390,428,407,508,80,100
607,1026,1360,Rafed0003943Vols,1001,1320,1653,262,99
607,979,1318,Shamela0010273,1657,622,962,266,99
607,1318,1428,Shamela0010273,1662,1067,1177,86,100
607,979,1080,Shamela0007798,6152,1216,1317,80,100
607,1126,1255,Shamela0007798,6158,1035,1394,97,34
607,1200,1318,Shamela0007798,6159,90,346,93,46
607,0,979,Sham19Y0014404,853,250,1254,419,41
607,1173,1453,Sham19Y0014404,856,115,964,177,25
607,1196,1318,Meshkat00057178,2418,866,1116,96,48
607,979,1423,Masaha000554Vols,3238,464,922,341,93
607,1069,1326,Masaha000554Vols,3240,59,794,196,34
607,1126,1388,JK000447,490,376,1452,177,20
607,77,532,Kraken220727035853,2772,891,1304,259,65
607,741,1456,QuranAnalysis001,131,63,644,457,81
607,969,1456,Rafed0001713Vols,1480,282,775,375,96
607,1142,1255,Rafed0001713Vols,1482,695,927,88,48
607,1080,1399,Tafsir04056,5058,1097,1495,156,47
607,43,732,Shamela0000041,1559,546,1291,352,51
607,1173,1399,Shamela0000041,1562,430,720,177,77
607,741,1456,Shamela0023578,1953,314,1056,471,73
607,1088,1399,Shamela0023578,1956,158,955,226,35
607,1142,1394,JK000876,836,204,1135,191,26
608,0,469,Shamela0008381,704,97,566,375,100
608,207,469,Shamela0008381,705,0,262,209,100
608,0,469,Shia001432Vols,1732,643,1112,375,100
608,43,410,Shia001432Vols,3705,0,368,291,99
608,0,410,Shia001432Vols,3711,136,715,276,55
608,0,207,Shamela0023632,2292,894,1101,166,100
608,207,501,Shamela0023632,2295,223,517,236,100
608,224,410,Shamela0008353,556,268,766,142,36
608,0,146,Tafsir03097,1040,341,548,116,68
608,146,410,Tafsir03097,1040,952,1365,209,63
608,0,559,JK009268,3037,257,816,449,100
608,0,249,Sham19Y0023618,1066,432,668,181,91
608,207,469,Sham19Y0023618,1067,836,1098,209,100
608,0,146,Shamela0023628,2359,792,938,117,100
608,100,410,Shamela0023628,2362,112,504,246,79
608,410,559,Shamela0023628,2363,1355,1504,122,100
608,0,410,Rafed0003257Vols,3478,487,897,327,100
608,410,559,Rafed0003257Vols,3481,252,401,122,100
608,0,146,Rafed0000110,65,828,1307,117,30
608,559,990,Tafsir09084,1478,270,606,180,47
608,68,307,Tafsir09084,1482,0,758,161,26
608,146,346,Sham19Y0020891,3589,235,435,161,100
608,393,559,Sham19Y0020891,3591,19,579,133,29
608,0,150,Tafsir09068,723,299,650,119,41
608,0,325,JK009270,2939,1178,1500,260,99
608,325,559,JK009270,2940,0,234,188,100
608,0,346,Shamela0005756,9674,1086,1432,278,100
608,0,207,Meshkat0014420,2985,554,760,166,99
608,207,410,Meshkat0014420,2988,1276,1479,161,100
608,410,559,Meshkat0014420,2991,372,521,122,100
608,303,441,Sham19Y0016584,2509,21,318,109,46
608,441,559,Shamela0006879,41,119,237,97,100
608,0,153,Shamela0002300,182,247,404,117,93
608,0,146,Shamela0002300,184,253,399,117,100
608,0,559,ShamAY0036821,1366,174,728,442,98
608,0,410,Shamela0009924,64,12,422,327,100
608,7,303,Shamela0012851,102,557,1171,207,39
608,1293,1495,Shamela0001466,1760,648,1168,122,30
608,410,559,Sham19Y0147312,1274,59,208,122,100
608,0,410,Shamela0004445,657,271,680,327,99
608,0,410,Shamela0004445,6899,369,773,171,40
608,48,441,Sham19Y0018176,1255,271,1004,234,40
608,410,559,Sham19Y0013550,371,1247,1400,97,78
608,0,202,Zaydiyya0000062,1069,1148,1352,162,97
608,207,464,Zaydiyya0000062,1072,409,670,203,96
608,0,346,Shamela0037458,2480,842,1188,278,100
608,346,559,Shamela0037458,2486,780,993,171,100
608,48,303,JK000110,866,1141,1487,123,45
608,303,441,JK000110,867,39,335,109,46
608,0,410,JK000791,1434,1021,1431,327,100
608,393,559,JK000791,1439,368,552,135,90
608,117,303,Shamela0000922,786,674,1290,147,29
608,303,469,Shamela0000922,787,878,1374,109,28
608,0,469,Sham19Y0009800,385,1025,1169,87,21
608,0,410,Sham19Y0009800,656,49,459,327,100
608,0,303,Tafsir07076,2528,653,1027,191,64
608,0,207,Tafsir07076,3872,849,1054,165,99
608,0,303,Tafsir07076,5599,214,868,191,33
608,0,146,Tafsir07076,6538,1048,1495,116,32
608,0,303,JK007018,420,894,1202,239,97
608,303,469,JK007018,421,881,1048,129,97
608,303,441,Sham19Y0018103,2241,31,251,109,62
608,0,303,JK009396,885,456,759,243,100
608,303,469,JK009396,887,446,612,132,100
608,48,469,Sham19Y0023608,2414,0,421,336,100
608,619,743,Sham19Y0023608,2415,13,138,98,99
608,124,303,Sham19Y0023608,2420,51,702,140,26
608,441,559,Sham19Y0023608,2422,76,420,97,34
608,48,441,Shamela0021715,5254,626,1291,220,35
608,1034,1407,Shamela0021715,5256,1127,1507,208,62
608,100,303,Meshkat00042488,1022,675,961,162,70
608,0,346,Shamela0004473,9093,709,1055,278,100
608,170,410,Shamela0004473,9376,1201,1446,192,97
608,48,354,Shamela0022371,229,922,1413,168,41
608,0,410,Shia002356Vols,694,819,1229,327,100
608,393,559,Shia002356Vols,696,47,242,135,85
608,0,410,Tafsir04038,378,60,483,133,26
608,410,559,Tafsir04038,382,501,661,122,93
608,1298,1495,Shia002380Vols,469,96,399,123,46
608,36,303,Shia002380Vols,470,114,739,189,38
608,48,303,PV2024060602,866,1141,1487,123,45
608,303,441,PV2024060602,867,39,335,109,46
608,146,346,JK001496,1285,197,398,159,98
608,346,559,JK001496,1286,99,1081,171,21
608,7,224,Shamela0021536,723,855,1515,167,31
608,607,743,Shamela0008473,2979,0,137,108,99
608,0,303,Shamela0008473,2985,1000,1303,243,100
608,184,307,Shamela0008473,2987,261,626,84,28
608,303,423,Shamela0008473,2987,1424,1543,95,99
608,350,469,Shamela0008473,3183,997,1116,94,100
608,0,469,JK009265,125,629,1099,375,99
608,207,383,Shamela0037837,776,1109,1484,136,45
608,0,559,Shamela0023591,4674,574,1133,449,100
608,0,346,Shamela0023591,4682,1179,1524,278,99
608,346,559,Shamela0023591,4683,0,213,171,100
608,68,732,JK009266,6090,0,666,443,78
608,0,501,Shamela0037473BK1,77,773,1274,398,98
608,0,207,Shamela0010283,2755,557,827,166,76
608,441,559,Tafsir10098,878,846,967,97,97
608,0,410,Shamela0021821,1097,1088,1498,327,100
608,393,559,Shamela0021821,1102,20,200,132,90
608,48,224,Shamela0000405,7,188,363,141,99
608,249,441,Sham19Y0018106,2362,63,479,152,46
608,77,383,Tafsir10066,971,0,839,226,33
608,0,410,JK009362,4993,463,885,325,96
608,410,559,JK009362,5000,485,634,122,100
608,441,559,JK009362,5001,77,195,97,100
608,146,303,JK000875,188,782,939,126,100
608,0,303,JK001420,548,274,1182,243,33
608,303,559,JK001420,549,137,486,137,44
608,0,121,JK000911,179,1426,1546,97,99
608,0,207,JK006478,6003,605,812,166,99
608,170,410,JK006478,6006,168,682,191,46
608,393,559,JK006478,6007,579,774,135,85
608,0,582,Rafed0003943Vols,1002,97,678,415,89
608,0,559,Shamela0010273,1664,1007,1566,449,100
608,207,346,Shamela0007798,6173,958,1097,112,100
608,366,487,Shamela0007798,6178,1189,1498,97,38
608,0,410,Shamela0012293,197,180,589,327,99
608,0,146,Shamela0012293,838,719,864,117,99
608,7,303,Tafsir06048,668,826,1386,226,50
608,303,441,Sham19Y0013605,2810,1013,1310,109,46
608,146,303,Sham19Y0014404,858,628,1147,125,30
608,410,559,Sham19Y0014404,860,473,930,121,32
608,146,303,Meshkat00057178,2421,1132,1289,126,100
608,0,406,Masaha000554Vols,3241,710,1124,317,94
608,48,282,JK000447,491,475,1186,182,32
608,346,469,Shamela0008612,76,1166,1289,97,100
608,0,559,QuranAnalysis001,131,644,1203,449,100
608,0,410,Rafed0001713Vols,1480,775,1185,327,100
608,410,559,Rafed0001713Vols,1487,30,179,122,100
608,346,469,Tafsir07057,3388,1131,1397,97,46
608,303,441,Tafsir04056,5061,391,529,109,100
608,48,184,Tafsir02094,2369,1128,1279,107,87
608,0,146,Shamela0000041,1563,309,455,117,100
608,117,410,Shamela0000041,1566,923,1563,232,45
608,410,559,Shamela0000041,1570,763,912,122,100
608,0,375,Shamela0023578,1953,1056,1430,300,99
608,359,559,Shamela0023578,1965,1103,1451,161,57
609,724,981,Masaha001961Vols,203,753,972,127,57
609,161,1025,JK009268,3042,188,1099,286,29
609,287,613,Meshkat00042488,1020,794,1082,134,47
609,7,917,Shia002380Vols,469,414,1061,330,43
609,83,917,Shia002382Vols,1124,623,1331,323,41
609,20,495,Rafed0001713Vols,1482,101,1191,254,27
609,650,985,Rafed0001713Vols,1483,4,362,172,52
609,1051,1468,Rafed0001713Vols,1483,902,1459,197,41
609,572,1252,JK000876,836,801,1454,199,25
610,239,1110,Shia001432Vols,3706,830,1548,337,41
610,380,678,Meshkat00042485,4193,541,1094,187,40
610,1067,1245,Shamela0021766,2622,1377,1627,132,66
610,869,1342,Meshkat00042488,1023,37,751,182,26
610,730,1202,Shia002356Vols,695,1077,1518,149,27
610,124,557,Tafsir02102,2768,1068,1494,199,46
610,595,1348,Tafsir02102,2769,12,657,320,44
610,124,365,Shia002382Vols,1125,387,781,138,41
610,1044,1348,Shia002382Vols,1126,825,1147,144,42
610,321,630,Shamela0010273,1666,381,909,171,40
610,1160,1575,Tafsir01006,885,0,497,161,30
610,84,365,Rafed0001713Vols,1484,334,839,141,33
610,1044,1348,Rafed0001713Vols,1486,462,944,156,39
610,636,1401,Shamela0000041,1567,25,1225,294,26
611,272,507,Shia001432Vols,22518,0,235,194,100
611,77,507,Shamela0023632,2298,423,781,294,83
611,507,798,Shamela0023632,2300,244,536,233,99
611,0,798,JK009268,3037,712,1407,562,86
611,364,507,Sham19Y0023618,1069,0,143,118,100
611,267,456,Shamela0023628,2364,0,189,156,100
611,426,798,Shamela0023628,2365,792,1191,299,93
611,286,596,Rafed0003257Vols,3482,913,1223,255,100
611,286,507,Sham19Y0020891,3592,817,1038,182,100
611,286,798,JK009270,2947,959,1471,415,100
611,299,507,Shamela0023624,1306,14,222,172,100
611,281,507,Meshkat0014420,2993,0,226,186,100
611,460,798,Meshkat0014420,2995,152,849,271,48
611,0,516,Shamela0006879,41,133,549,333,78
611,286,798,Shamela0001466,1772,698,1194,397,95
611,331,839,Shamela0037458,2489,824,1368,382,83
611,286,507,JK000791,1440,580,801,182,100
611,207,596,Shamela0022712,64,214,414,144,45
611,43,580,JK007018,422,135,1066,370,44
611,286,507,JK009396,888,1356,1577,182,100
611,43,507,Sham19Y0023608,2422,337,720,312,81
611,456,625,Sham19Y0023608,2424,1255,1625,138,45
611,0,507,Shia002356Vols,696,138,540,327,78
611,507,798,Shia002356Vols,697,48,338,230,98
611,286,682,Tafsir04038,382,863,1548,323,57
611,316,502,Zaydiyya0000328,217,0,208,149,87
611,286,516,Zaydiyya0000328,533,1324,1556,188,98
611,286,596,Tafsir02102,2783,701,1413,247,42
611,149,510,Shamela0008473,2992,684,1156,253,65
611,426,596,Shamela0008473,2994,817,1076,130,59
611,0,602,Shamela0023591,4674,1029,1527,406,82
611,286,516,Shamela0023591,4689,1217,1447,185,98
611,507,798,Shamela0023591,4691,492,784,233,99
611,83,507,JK009266,6107,1009,1474,285,70
611,507,798,JK009266,6111,1045,1336,233,100
611,286,596,Shamela0021821,1103,60,370,255,100
611,507,798,JK001110,84,526,817,233,100
611,207,522,JK006478,6008,466,804,254,91
611,286,596,Rafed0003943Vols,1004,900,1210,255,100
611,286,507,Shamela0010273,1672,64,285,182,100
611,286,507,JK000089,6,209,430,182,100
611,426,596,Shamela0007798,6187,843,1177,139,50
611,286,507,Zaydiyya0000093,373,1180,1401,182,100
611,0,516,QuranAnalysis001,131,1099,1511,336,79
611,516,798,QuranAnalysis001,132,0,282,226,100
611,0,510,Rafed0001713Vols,1487,75,482,329,78
611,286,507,Shamela0000432,4781,1217,1438,182,100
611,225,456,Shamela0000041,1571,575,899,190,71
611,538,798,Shamela0000041,1572,1263,1580,207,82
611,316,798,Shamela0023578,1966,0,483,390,99
612,991,1459,Shia001432Vols,4438,471,940,366,99
612,997,1397,Shia001432Vols,4447,700,1478,293,47
612,968,1212,Shamela0023632,2302,308,552,194,100
612,1212,1459,Shamela0023632,2306,696,944,192,99
612,997,1393,Shamela0000894,5645,532,926,308,99
612,900,1459,JK009268,3050,645,1249,411,83
612,968,1459,Sham19Y0023618,1073,88,580,386,99
612,1033,1270,Hindawi059616186Vols,2355,0,237,187,100
612,1212,1459,Shamela0010551,351,662,910,192,99
612,356,579,Shamela0023628,2366,593,873,173,77
612,900,1141,Shamela0023628,2367,1173,1480,165,61
612,1141,1451,Shamela0023628,2368,0,310,241,100
612,1001,1109,JK009229,349,0,108,84,99
612,968,1212,Rafed0003257Vols,3496,756,1000,194,100
612,1212,1408,Rafed0003257Vols,3502,1366,1561,151,99
612,991,1459,JK009270,2959,962,1429,365,99
612,991,1135,Shamela0005756,9861,1147,1480,113,42
612,1270,1451,Shamela0005756,9864,697,880,140,98
612,968,1212,Meshkat0014420,2998,283,538,194,95
612,1212,1459,Meshkat0014420,3002,511,758,192,99
612,997,1294,Sham19Y0016584,2567,268,463,104,39
612,900,1459,ShamAY0036821,1368,394,892,384,87
612,1212,1364,Shia003701,54,696,842,113,96
612,162,347,Meshkat00042485,4200,63,274,119,62
612,273,588,Shamela0001466,1775,739,1426,203,37
612,984,1221,Shamela0004445,570,1214,1450,184,97
612,1221,1459,Shamela0004445,571,0,239,185,99
612,991,1212,Shamela0004445,2504,994,1215,174,99
612,900,1265,Zaydiyya0000062,1076,961,1297,254,86
612,991,1459,Hindawi052082590,84,508,977,367,99
612,968,1274,Shamela0037458,2496,153,465,242,98
612,1331,1459,Shamela0037458,2501,0,129,99,99
612,997,1336,JK000110,896,1240,1479,137,45
612,968,1212,JK000791,1444,972,1216,193,99
612,1212,1459,JK000791,1448,735,983,192,99
612,130,636,Shamela0021766,2630,381,1535,272,26
612,1212,1393,JK000365,184,1145,1326,140,100
612,1043,1393,Tafsir07076,6526,622,1020,206,62
612,1109,1393,Tafsir07076,8272,430,712,221,99
612,1015,1270,Tafsir07076,8432,303,558,182,84
612,900,1212,JK007018,423,832,1098,204,82
612,1212,1459,JK007018,424,958,1208,192,98
612,997,1294,Sham19Y0018103,2298,150,344,105,39
612,710,1212,JK009396,891,550,922,226,58
612,968,1459,Sham19Y0023608,2430,577,1069,386,99
612,997,1154,Sham19Y0023608,2431,987,1459,125,33
612,968,1459,Shia003721Vols,480,153,647,383,98
612,1015,1148,Shamela0004473,1945,1469,1606,106,95
612,984,1421,Shamela0004473,5665,1019,1353,250,72
612,1021,1247,AOCP2023090635Vols,186,488,819,146,56
612,1038,1459,Sham19Y0145435,5104,0,421,330,99
612,968,1397,Shia002356Vols,698,49,477,334,99
612,997,1270,Tafsir04038,384,917,1513,199,42
612,1109,1451,Shia002380Vols,473,171,816,262,52
612,997,1336,PV2024060602,896,1240,1479,137,45
612,588,801,Tafsir02102,2785,1099,1367,166,76
612,968,1212,Shamela0008473,3001,595,839,193,99
612,393,636,ShamIbadiyya0000050,3829,710,1094,180,59
612,968,1459,Shamela0023591,4694,617,1109,386,99
612,968,1459,Shamela0023591,4696,517,1009,386,99
612,356,579,JK009266,6113,547,836,170,73
612,997,1212,JK009266,6116,1180,1395,169,99
612,1221,1459,JK009266,6126,1169,1408,185,99
612,1313,1446,Shamela0010283,2672,0,134,100,97
612,991,1270,Shamela0021821,1107,980,1259,220,100
612,997,1212,JK009362,5012,504,720,170,99
612,1270,1459,JK000467,1299,538,732,145,96
612,1043,1281,JK001420,551,297,920,183,37
612,997,1212,Shia001625,57,535,750,169,99
612,968,1174,Rafed0003943Vols,1008,385,591,164,100
612,1174,1451,Rafed0003943Vols,1011,817,1094,215,100
612,997,1212,Shamela0010273,1678,995,1210,170,100
612,1212,1459,Shamela0010273,1681,1164,1412,192,99
612,997,1109,Shamela0007798,6197,770,882,87,99
612,57,462,Tafsir01006,886,609,1368,234,35
612,997,1294,Sham19Y0013605,2865,824,1019,104,39
612,991,1459,QuranAnalysis001,132,290,759,367,99
612,991,1212,Hindawi084602738,129,358,579,174,99
612,127,347,Rafed0001713Vols,1489,1070,1390,136,48
612,968,1212,Rafed0001713Vols,1492,246,490,194,100
612,1212,1451,Rafed0001713Vols,1495,668,907,185,100
612,991,1212,Hindawi017506357,99,867,1088,175,100
612,997,1118,Tafsir07057,723,1385,1505,94,98
612,997,1212,Tafsir04056,2342,312,527,169,99
612,356,579,Shamela0000041,1573,195,465,175,81
612,997,1212,Shamela0000041,1575,550,767,166,94
612,1270,1451,Shamela0000041,1576,1058,1239,140,100
612,356,607,Shamela0023578,1968,1084,1524,126,32
612,968,1459,Shamela0023578,1971,413,905,386,99
612,47,715,JK000876,840,49,960,269,29
613,0,196,Shia001432Vols,4438,940,1136,158,100
613,48,196,Shamela0023632,2309,101,249,119,100
613,0,196,JK009268,3050,1249,1445,158,100
613,48,196,Sham19Y0023618,1075,728,876,119,100
613,0,182,Shamela0023628,2369,1273,1454,147,99
613,0,196,Shamela0004445,571,239,435,158,100
613,0,196,Hindawi052082590,84,977,1173,158,100
613,48,196,JK000791,1450,376,524,119,100
613,48,196,Shamela0009702,506,1043,1191,119,100
613,48,196,JK009396,895,1325,1473,119,100
613,48,196,Sham19Y0023608,2435,693,841,119,100
613,0,196,Shia003721Vols,480,647,842,157,99
613,312,493,ShamIbadiyya0000075,533,1268,1402,72,48
613,0,172,Shia002356Vols,699,1321,1491,138,98
613,578,1076,Shia002380Vols,473,18,366,161,37
613,16,196,Shamela0008473,3006,684,878,130,84
613,950,1085,Shia002382Vols,1134,679,807,69,57
613,0,196,Shamela0023591,4694,1109,1305,158,100
613,0,196,Shamela0023591,4696,1009,1205,158,100
613,48,196,Shamela0021821,1111,1278,1426,119,100
613,0,153,JK001420,552,488,641,124,100
613,196,1099,Tafsir08060,328,934,1549,235,28
613,0,196,Rafed0003943Vols,1013,705,901,158,100
613,48,196,Shamela0010273,1684,732,880,119,100
613,464,920,Tafsir01006,888,32,868,222,31
613,955,1395,Sham19Y0014404,866,125,496,119,25
613,0,196,QuranAnalysis001,132,759,955,158,100
613,955,1092,Rafed0001713Vols,1494,520,986,82,21
613,0,196,Rafed0001713Vols,1497,703,899,158,100
613,48,196,Tafsir04056,1034,1326,1474,119,100
613,374,1092,Shamela0000041,1575,767,1502,191,24
613,0,202,Shamela0023578,1971,905,1119,163,94
614,1293,1514,Shamela0008381,799,1287,1500,171,95
614,1308,1514,Shia001432Vols,4475,562,769,166,99
614,1332,1514,Shamela0023632,2311,0,183,147,99
614,1308,1514,Shamela0023628,2370,14,221,166,99
614,1308,1514,Hindawi019640759,41,253,466,166,96
614,1293,1514,JK010001,2673,988,1201,171,95
614,1308,1514,JK009270,2968,714,921,166,99
614,1293,1514,Meshkat0014420,3008,797,1010,171,95
614,1288,1514,Shamela0002300,4829,38,284,175,88
614,1382,1514,JK000373,326,342,475,106,99
614,1382,1514,JK000343,294,1287,1420,106,99
614,1288,1514,Shamela0004445,597,86,304,175,95
614,1113,1514,Shamela0037458,2505,729,1011,226,69
614,1217,1514,JK000791,1452,33,371,198,67
614,86,277,Shamela0021766,2639,150,659,123,29
614,682,940,Shamela0021766,2640,579,923,106,33
614,1308,1514,JK007018,426,49,256,166,99
614,1308,1514,JK009396,896,1083,1290,166,99
614,1348,1514,Sham19Y0023608,2437,0,167,134,99
614,1402,1514,Shia003721Vols,506,0,113,89,99
614,1308,1514,Shamela0004473,1968,1272,1479,166,99
614,1308,1514,Shamela0004473,12805,131,338,166,99
614,1329,1514,Sham19Y0145435,1258,127,395,145,67
614,1288,1514,Sham19Y0145435,5118,67,285,175,95
614,1152,1514,JK000961,82,794,1149,195,54
614,272,926,Shia002380Vols,473,672,1120,234,40
614,1260,1514,Shia002380Vols,474,658,1037,178,57
614,1348,1514,Shamela0008473,3009,0,167,134,99
614,242,926,Shia002382Vols,1135,178,799,260,43
614,1308,1514,JK000333,237,558,765,166,99
614,1396,1514,Tafsir07055,2764,0,119,94,99
614,1308,1514,JK009266,6141,725,932,166,99
614,1283,1514,Shamela0010283,2680,445,716,170,75
614,1293,1514,Hindawi016136305,104,550,763,171,95
614,1332,1514,Shamela0021821,1113,0,183,147,99
614,1308,1514,Rafed0000185Vols,145,879,1086,166,99
614,1308,1510,JK009362,5024,1375,1582,162,96
614,1308,1514,Rafed0003943Vols,1015,222,434,166,97
614,1308,1514,Shamela0010273,1686,204,411,166,99
614,634,926,Sham19Y0014404,867,530,1038,129,30
614,1113,1514,QuranAnalysis001,132,880,1162,226,69
614,1308,1514,Rafed0001713Vols,1499,292,499,166,99
614,1324,1514,JK000764,257,107,299,151,97
614,1324,1514,Shamela0012403,1044,925,1117,151,97
614,1360,1514,Shamela0000041,1578,1020,1175,124,99
614,1308,1514,Shamela0023578,1975,939,1146,166,99
615,0,998,JK000330,181,14,1030,798,98
615,726,842,JK000330,428,346,784,67,18
615,0,412,Shamela0008381,764,1057,1469,330,100
615,406,847,Shamela0008381,765,145,582,341,97
615,12,136,Shamela0008381,800,0,124,99,100
615,726,939,Shia001432Vols,2494,730,943,168,99
615,0,748,Shia001432Vols,4475,769,1517,597,99
615,298,769,Shia001432Vols,4478,85,914,353,53
615,107,744,Shia001432Vols,29484,531,1166,504,98
615,136,298,Shia001432Vols,29540,583,745,129,99
615,136,298,Shia001432Vols,32584,1084,1246,129,99
615,35,207,Shamela0023632,2312,638,810,138,100
615,207,392,Shamela0023632,2314,968,1153,149,100
615,496,744,Shamela0023632,2319,376,618,191,95
615,726,881,Shamela0023632,2321,287,442,122,100
615,881,1098,Shamela0023632,2322,1035,1252,175,100
615,0,1098,JK009268,3062,88,1186,878,100
615,107,586,Shia004552Vols,523,856,1364,382,94
615,0,207,Sham19Y0023618,1077,43,250,165,100
615,245,496,Sham19Y0023618,1078,0,251,200,100
615,457,726,Sham19Y0023618,1080,238,606,211,71
615,881,1056,Sham19Y0023618,1081,962,1137,141,100
615,726,881,Sham19Y0023618,1081,4,159,122,100
615,0,136,Shamela0023628,2370,221,357,108,100
615,114,496,Shamela0023628,2374,147,572,305,89
615,457,939,Shamela0023628,2376,335,920,384,82
615,769,1114,Shamela0023628,2378,666,1426,276,45
615,207,726,Shamela0012045,546,1103,1483,298,70
615,207,586,Masaha000582,48,1222,1532,152,40
615,136,298,Hindawi035028680,6,244,406,130,100
615,107,277,Rafed0003257Vols,3512,1387,1556,137,99
615,320,726,Rafed0003257Vols,3515,25,519,325,82
615,726,1098,Rafed0003257Vols,3517,935,1307,297,100
615,1196,1476,Tafsir09084,1494,829,1374,114,20
615,939,1098,Sham19Y0020891,3642,1298,1457,128,100
615,0,392,Hindawi019640759,41,466,1239,294,47
615,444,726,Hindawi019640759,42,30,312,226,99
615,496,726,JK010001,204,1211,1441,186,100
615,0,136,JK010001,2673,1201,1337,108,100
615,0,298,JK009270,2968,921,1217,237,99
615,298,726,JK009270,2973,617,1041,341,99
615,726,944,JK009270,2976,852,1070,170,98
615,910,1114,JK009270,2978,1098,1393,160,67
615,35,298,Meshkat0014420,3011,696,958,211,99
615,298,586,Meshkat0014420,3016,350,636,229,99
615,586,838,Meshkat0014420,3019,733,985,201,100
615,838,1098,Meshkat0014420,3021,436,696,210,100
615,136,298,Shamela0002300,593,373,535,130,100
615,0,207,ShamAY0036821,1368,1288,1492,163,97
615,207,726,ShamAY0036821,1369,0,512,408,97
615,0,392,ShamAY0036821,1370,825,1214,311,98
615,392,726,ShamAY0036821,1374,794,1122,260,97
615,726,1098,ShamAY0036821,1375,870,1238,293,98
615,1098,1450,Meshkat00042485,4218,960,1432,163,37
615,71,646,JK000343,295,0,391,307,66
615,0,939,Shamela0004445,597,304,1243,750,100
615,298,496,Shamela0004445,603,426,849,157,46
615,726,939,Shamela0004445,607,765,1286,160,39
615,659,934,Zaydiyya0000062,1088,23,336,218,85
615,392,881,Shamela0011334,12,838,1327,389,100
615,35,298,Shamela0037458,2509,209,472,211,100
615,298,646,Shamela0037458,2512,1134,1482,278,100
615,646,910,Shamela0037458,2516,1285,1548,211,99
615,107,392,JK000791,1454,43,328,230,100
615,392,726,JK000791,1459,416,750,267,100
615,726,881,JK000791,1462,844,999,122,100
615,881,1098,JK000791,1463,928,1145,175,100
615,496,726,Hindawi063827241,12,751,981,186,100
615,744,1010,Shamela0000922,798,189,740,174,37
615,215,386,Shia003752Vols,245,784,955,137,100
615,144,293,Shia003752Vols,753,422,571,119,100
615,207,333,JK010629,48,938,1059,93,92
615,0,586,Shia000806Vols,47,924,1508,466,99
615,586,769,Shia000806Vols,48,0,183,148,100
615,107,392,JK007018,426,1191,1477,230,98
615,392,744,JK007018,427,960,1301,270,95
615,726,939,JK007018,428,1286,1499,169,100
615,939,1098,JK007018,429,250,411,128,98
615,207,392,JK009396,898,1001,1186,149,100
615,392,726,JK009396,900,839,1173,267,100
615,726,939,JK009396,902,1293,1506,169,100
615,939,1114,JK009396,903,531,706,141,100
615,1098,1453,Sham19Y0023608,2437,1104,1523,89,20
615,107,392,Sham19Y0023608,2439,715,1000,230,100
615,412,726,Sham19Y0023608,2442,0,314,251,100
615,726,1098,Sham19Y0023608,2444,1086,1458,297,100
615,0,136,JK000381,5318,33,169,108,100
615,0,136,Meshkat00042488,1032,581,1415,108,16
615,838,998,Meshkat00042488,1036,954,1372,130,38
615,0,939,Shia003721Vols,506,113,1052,749,99
615,726,939,Shia003721Vols,516,97,590,169,43
615,496,735,Shia003636Vols,625,100,334,187,96
615,23,939,Shamela0004473,1969,0,822,658,89
615,496,744,Shamela0004473,6698,1232,1470,190,95
615,0,392,Sham19Y0145435,1258,395,1418,292,35
615,0,939,Sham19Y0145435,5118,285,1221,749,99
615,298,496,Sham19Y0145435,5121,1154,1559,157,47
615,726,939,Sham19Y0145435,5125,712,1206,169,43
615,0,359,JK000961,82,1149,1507,287,99
615,359,769,JK000961,83,0,410,328,100
615,544,769,JK000961,85,19,350,182,67
615,0,255,Shia002356Vols,700,1078,1332,202,99
615,250,726,Shia002356Vols,702,745,1219,380,99
615,496,905,Shia002356Vols,703,849,1542,268,48
615,905,1098,Shia002356Vols,704,0,192,154,99
615,303,586,Tafsir04038,386,281,942,198,38
615,298,681,Shia002380Vols,475,740,1444,301,53
615,681,1114,Shia002380Vols,476,8,1186,346,36
615,726,939,Shamela0001419,366,443,671,169,93
615,611,881,Tafsir02102,2793,662,1403,214,36
615,1311,1476,Shamela0008473,3010,624,756,85,56
615,207,392,Shamela0008473,3015,993,1178,149,100
615,171,753,Shamela0008473,3018,243,792,363,72
615,726,939,Shamela0008473,3023,183,396,169,100
615,966,1098,Shamela0008473,3026,0,132,106,100
615,303,627,Shia002382Vols,1139,177,1454,243,24
615,0,748,JK000333,237,765,1557,598,94
615,748,881,JK000333,238,0,133,105,100
615,496,726,Tafsir07055,210,923,1153,186,100
615,0,159,Tafsir07055,2764,119,268,111,89
615,224,482,Tafsir05047,505,659,1514,192,28
615,954,1084,Tafsir05047,507,627,1165,104,24
615,412,574,Shamela0012884,3307,1214,1360,93,65
615,0,726,Shamela0023591,4695,33,759,581,100
615,0,392,Shamela0023591,4707,71,463,314,100
615,487,726,Shamela0023591,4719,0,239,193,100
615,726,1098,Shamela0023591,4722,816,1188,297,100
615,0,881,JK000371,387,568,1445,700,99
615,0,533,JK009266,6141,932,1458,421,98
615,533,726,JK009266,6142,0,193,157,100
615,726,881,JK009266,6172,254,409,122,100
615,881,1098,JK009266,6177,1224,1441,175,100
615,303,567,Shia003749,436,1009,1562,188,42
615,0,320,Hindawi016136305,104,763,1288,238,56
615,496,874,Shamela0002386,31,270,650,302,99
615,207,392,Shamela0021821,1115,0,185,149,100
615,392,726,Shamela0021821,1116,327,661,267,100
615,726,939,Shamela0021821,1118,239,452,169,100
615,905,1098,Shamela0021821,1119,537,808,155,71
615,726,1010,ShamAY0034397,4,947,1155,143,61
615,136,298,Shia002389Vols,1721,82,244,130,100
615,0,447,Rafed0000185Vols,145,1086,1531,357,99
615,447,726,Rafed0000185Vols,146,0,278,224,99
615,530,769,Rafed0000185Vols,175,1144,1383,192,99
615,136,298,Hindawi030850472,89,363,525,130,100
615,136,600,JK000467,1302,340,756,187,38
615,35,207,JK001420,553,800,1259,138,37
615,838,993,JK001420,556,680,996,79,26
615,255,451,JK000911,196,1144,1551,148,45
615,207,320,Sham19Y0017817,298,1494,1607,91,100
615,144,646,Shamela0003118,7003,740,1379,296,50
615,412,586,Shia001625,68,701,875,136,99
615,207,392,JK006478,6051,310,494,149,98
615,350,544,JK006478,6055,1101,1369,153,71
615,838,948,JK006478,6073,1462,1573,89,97
615,496,726,Hindawi025308516Vols,352,1310,1540,186,100
615,35,303,Rafed0003943Vols,1016,536,804,212,98
615,255,539,Rafed0003943Vols,1017,1148,1514,210,71
615,611,1098,Rafed0003943Vols,1020,673,1203,391,91
615,107,298,Shamela0010273,1688,1388,1578,154,99
615,298,730,Shamela0010273,1689,0,432,344,99
615,726,1098,Shamela0010273,1695,207,579,297,100
615,207,681,Masaha002865,59,349,723,267,70
615,350,508,ShamAY0034079,18,1018,1176,125,100
615,627,881,Tafsir06048,678,835,1460,202,40
615,496,726,Hindawi020604026,156,1034,1264,186,100
615,30,207,Meshkat00057178,2437,455,1371,138,18
615,107,380,Masaha000554Vols,3287,1299,1576,218,95
615,207,392,Masaha000554Vols,3290,266,532,149,69
615,0,303,QuranAnalysis001,132,1162,1464,242,99
615,303,1114,QuranAnalysis001,133,0,811,649,100
615,107,392,Hindawi084602738,136,1095,1380,230,100
615,107,447,Rafed0001713Vols,1501,1197,1536,273,99
615,447,776,Rafed0001713Vols,1502,0,329,259,98
615,769,1056,Rafed0001713Vols,1507,259,546,229,100
615,136,298,Shia001288,48,986,1148,129,98
615,171,744,Shia001288,73,0,572,456,99
615,496,726,Tafsir07057,739,430,660,186,100
615,207,320,Tafsir07057,3415,54,167,91,100
615,35,726,Tafsir04056,1035,44,335,231,41
615,392,593,Tafsir04056,1053,1282,1482,159,99
615,107,726,Tafsir04056,1141,571,1375,494,76
615,412,586,Tafsir04056,2353,809,983,137,100
615,838,998,Tafsir04056,5113,188,1386,107,10
615,0,496,Shamela0009783BK1,466,108,1390,376,36
615,635,939,Shamela0000041,1584,720,1278,240,54
615,726,1056,Shamela0000041,1585,185,954,254,41
615,144,293,Shia001237Vols,3845,651,801,119,99
615,0,386,Shamela0023578,1975,1146,1531,309,99
615,386,1148,Shamela0023578,1976,0,774,600,96
615,851,1030,Shamela0023578,1984,0,520,145,34
616,97,1011,ShamIbadiyya0000075,535,114,789,252,28
616,0,770,Shia002382Vols,1137,19,655,291,38
616,0,276,Tafsir01006,891,127,410,132,50
616,22,271,Rafed0001713Vols,1500,942,1205,114,46
617,721,859,Shamela0023632,2316,1037,1208,97,70
617,721,854,Shamela0022593,1503,482,667,98,66
617,25,231,Shamela0000140,1933,1433,1644,145,78
617,235,486,Shamela0000140,1934,6,237,177,87
617,289,1015,JK000865,396,945,1339,162,24
617,725,854,Tafsir01005,3668,786,957,89,66
617,289,671,Shamela0022769,917,503,979,176,36
617,859,1421,JK000818,362,668,1199,179,30
617,417,1196,ShamIbadiyya0000075,536,334,964,229,29
617,717,1003,Shamela0008473,3018,144,489,174,55
617,289,486,ShamIbadiyya0000050,3847,1255,1568,100,36
617,707,859,Shamela0023591,4717,1161,1327,104,80
617,717,880,Shamela0007798,6233,434,661,123,69
617,294,1201,Tafsir01006,893,265,1322,321,32
617,289,707,Rafed0001713Vols,1504,389,1107,211,32
618,799,1212,Tafsir09083,849,979,1437,153,31
618,473,826,Meshkat00042485,4238,73,676,182,38
618,1104,1337,Meshkat00042485,4242,338,592,82,29
618,1036,1407,Zaydiyya0000295Vols,1265,451,1186,155,24
618,1009,1426,Meshkat00042488,1037,282,1011,195,28
618,416,1089,ShamIbadiyya0000075,537,423,1035,228,32
618,1031,1199,ShamAY0033108,1089,1105,1267,79,51
618,315,1104,Shia002380Vols,476,8,761,270,32
618,1018,1337,JK001496,1302,484,1085,149,28
618,1031,1199,Tafsir02091,1294,1042,1203,78,50
618,661,1199,Shia002382Vols,1141,0,596,229,41
618,431,759,JK000458,2144,793,1528,165,29
618,727,1337,Tafsir01006,895,0,906,216,25
619,254,716,Shia001432Vols,3562,393,854,365,99
619,310,647,Shia001432Vols,3612,520,894,257,87
619,270,535,Shia002185Vols,352,1159,1435,195,90
619,254,602,Shamela0023632,2324,1026,1374,275,100
619,602,836,Shamela0023632,2326,1327,1562,187,99
619,297,569,Sham19Y0011326,99,55,352,212,91
619,247,707,JK009268,3079,1068,1527,359,98
619,707,852,JK009268,3080,0,145,117,100
619,172,493,Sham19Y0023618,1082,1238,1518,221,87
619,602,836,Sham19Y0023618,1083,1154,1389,187,99
619,254,535,Shamela0010551,335,144,425,221,100
619,328,602,Shamela0023628,2379,0,274,217,100
619,602,852,Shamela0023628,2382,461,712,200,99
619,247,836,Rafed0003257Vols,3520,904,1494,463,98
619,133,535,Sham19Y0020891,3644,666,1060,252,71
619,647,836,JK010001,1223,63,252,152,100
619,647,836,Shia001146,129,599,804,152,92
619,297,836,JK009270,2981,639,1168,422,98
619,254,535,Meshkat0014420,3024,416,693,219,97
619,535,740,Meshkat0014420,3026,1328,1531,164,99
619,310,647,Shia001137,235,270,648,254,85
619,836,1360,JK000865,398,745,1389,229,39
619,297,611,JK006476,971,181,704,231,55
619,304,647,Shamela0002300,4849,674,1298,263,53
619,297,539,Shamela0002300,4864,1208,1450,186,98
619,254,758,ShamAY0036821,1376,1040,1526,385,96
619,254,836,ShamAY0036821,1378,855,1419,447,96
619,602,852,Sham19Y0147312,1296,341,929,200,42
619,254,716,Shamela0004445,200,631,1098,365,98
619,535,716,Shamela0004445,201,163,582,141,42
619,647,790,Sham19Y0014592,1058,1291,1434,115,100
619,631,852,Zaydiyya0000062,1094,770,1046,168,75
619,93,647,Shamela0037458,2521,101,582,370,82
619,635,852,Shamela0037458,2524,1077,1296,172,96
619,254,561,JK000791,1465,1205,1511,241,99
619,561,1145,JK000791,1466,0,532,270,46
619,254,535,Tafsir07076,4884,493,766,217,97
619,254,602,JK010427,6,1012,1359,275,99
619,254,716,JK007018,429,623,1087,365,99
619,611,836,Zaydiyya0000075BK22,28,153,543,179,57
619,647,836,Shia003744Vols,217,477,694,151,85
619,93,535,JK009396,903,602,971,281,78
619,597,716,JK009396,904,0,119,94,100
619,254,852,Sham19Y0023608,2448,592,1211,475,96
619,297,836,JK000381,4186,61,600,427,100
619,254,716,Shia003721Vols,111,617,1085,365,98
619,535,716,Shia003721Vols,112,136,537,141,44
619,254,535,Shamela0023788,356,482,763,221,100
619,254,484,Shamela0021537,648,1305,1534,180,99
619,484,836,Shamela0021537,649,0,352,282,100
619,647,836,Shamela0004473,9088,274,463,152,100
619,647,790,Shamela0004473,9678,152,295,115,100
619,254,785,Shamela0004473,11105,1082,1612,421,99
619,254,716,Hindawi091929150,57,500,964,365,99
619,254,666,Sham19Y0145435,4965,1159,1565,324,98
619,45,1016,Shia002356Vols,705,230,1277,572,63
619,688,836,Tafsir04038,387,680,937,119,57
619,0,453,Shia002380Vols,476,828,1479,267,48
619,254,602,Tafsir02102,1595,570,908,270,97
619,254,716,Shamela0008473,1798,188,650,365,100
619,180,545,Shamela0008473,3028,786,1111,246,85
619,535,716,Shamela0008473,3029,859,1040,144,100
619,107,535,Shia002382Vols,1142,261,1049,302,48
619,660,836,Tafsir07055,1282,0,176,141,100
619,254,852,Shamela0023591,4727,852,1451,475,99
619,254,842,Shamela0023591,4729,684,1273,467,99
619,395,900,JK009266,6182,0,483,368,88
619,254,647,Shamela0010283,2393,275,695,309,93
619,631,790,Shamela0002386,45,215,376,120,93
619,647,790,Shamela0002386,117,326,469,115,100
619,42,535,Shamela0021821,1120,580,1120,294,64
619,427,716,Shamela0021821,1121,35,461,229,67
619,297,631,Rafed0000185Vols,91,146,560,258,79
619,647,836,Tafsir10066,988,581,1294,151,26
619,374,647,Shia001148,117,0,324,214,83
619,535,790,JK001420,557,159,455,123,46
619,535,716,JK006478,6085,1315,1493,144,98
619,254,852,Rafed0003943Vols,1021,784,1394,475,97
619,254,970,Shamela0010273,1698,910,1494,300,46
619,647,790,JK001213,5,179,558,115,37
619,107,539,Tafsir06048,680,669,1424,267,43
619,647,836,Tafsir06048,681,585,852,152,70
619,254,509,ShamAY0002038,359,1302,1556,199,99
619,509,647,ShamAY0002038,360,0,138,111,100
619,254,790,ShamAY0002038,413,687,1223,425,100
619,660,790,Sham19Y0014404,874,1192,1498,104,42
619,509,831,Masaha000554Vols,3309,555,880,238,88
619,93,852,QuranAnalysis001,133,707,1393,535,87
619,254,427,Hindawi084602738,151,240,413,135,100
619,172,970,Rafed0001713Vols,1509,381,1428,523,60
619,254,535,Shamela0037475,170,489,769,221,99
619,647,836,Tafsir07057,3310,1161,1350,152,100
619,647,836,Tafsir07057,3427,668,1251,152,32
619,254,639,Tafsir04056,2593,1167,1473,204,64
619,392,647,Tafsir04056,2610,0,255,203,100
619,297,606,Shamela0000041,1587,772,1084,243,99
619,985,1318,Shamela0000041,1587,1077,1462,183,50
619,516,790,Shamela0000041,1588,21,716,218,39
619,172,411,Shamela0023578,1984,1265,1539,163,73
619,411,852,Shamela0023578,1985,0,442,353,99
620,1321,1560,Shamela0023632,2328,508,747,195,100
620,837,1585,JK009268,3080,9,394,306,50
620,837,1585,Shamela0023628,2382,576,961,306,50
620,1026,1483,Rafed0003257Vols,3526,1217,1596,187,40
620,1446,1585,Shia001146,14,302,442,114,99
620,1005,1560,JK009270,2985,481,1216,277,38
620,1321,1560,Meshkat0014420,3030,6,245,195,100
620,1014,1585,ShamAY0036821,1377,20,334,248,53
620,1321,1585,ShamAY0036821,1380,496,753,205,95
620,73,927,Meshkat00042485,4249,100,1028,403,48
620,837,1451,Sham19Y0147312,1296,793,1043,199,40
620,837,1451,Shamela0037458,2524,1160,1410,199,40
620,1372,1585,Shamela0037458,2527,718,932,175,99
620,1014,1451,JK007018,430,5,335,167,44
620,837,1451,JK009396,904,971,1553,211,28
620,1014,1582,Rafed0003726Vols,907,32,366,212,44
620,1313,1585,Shia002356Vols,707,227,500,218,97
620,545,724,ShamAY0034059,3639,1276,1558,123,53
620,0,1096,Shia002380Vols,477,718,1589,393,38
620,1321,1582,Shia002380Vols,478,234,862,210,41
620,0,1205,Shia002382Vols,1143,162,1212,492,42
620,837,1435,Shamela0023591,4727,1315,1548,186,38
620,1435,1585,Shamela0023591,4728,0,151,123,99
620,1321,1585,Shamela0023591,4737,1020,1285,216,99
620,1080,1585,JK009266,6191,460,1023,273,48
620,0,873,Tafsir01006,897,597,1594,413,47
620,837,1435,QuranAnalysis001,133,1257,1490,186,38
620,1435,1585,QuranAnalysis001,134,0,151,123,99
620,994,1483,Rafed0001713Vols,1513,5,899,281,37
620,1415,1585,Shamela0000041,1589,936,1107,139,99
620,837,1585,Shamela0023578,1985,306,693,304,49
621,255,474,Shia001432Vols,2171,342,556,172,97
621,34,255,Shia001432Vols,3192,273,494,181,100
621,29,318,Shia001432Vols,8188,282,806,222,51
621,0,192,Shamela0023632,2330,589,781,157,100
621,192,399,Shamela0023632,2331,1348,1554,168,99
621,0,667,JK009268,3080,394,1084,520,92
621,0,192,Sham19Y0023618,1085,178,370,157,100
621,192,474,Sham19Y0023618,1086,349,631,228,100
621,432,553,EShia0071807,1525,379,500,94,100
621,34,442,Shamela0023628,2386,823,1233,327,98
621,432,621,Shamela0023628,2388,1324,1513,150,100
621,34,474,Rafed0003257Vols,3529,446,886,357,100
621,0,255,JK009270,2988,719,975,209,99
621,251,621,JK009270,2994,1029,1399,294,98
621,0,375,Meshkat0014420,3031,1179,1554,306,100
621,375,621,Meshkat0014420,3036,891,1137,196,100
621,0,621,ShamAY0036821,1377,334,949,489,97
621,0,192,ShamAY0036821,1380,753,944,152,96
621,192,553,ShamAY0036821,1381,705,1063,284,98
621,899,1196,Meshkat00042485,4251,1235,1530,155,53
621,343,553,Sham19Y0147312,1299,1105,1306,147,89
621,34,432,Sham19Y0013550,376,634,1385,233,37
621,34,405,AOCP20251104134,24,419,863,236,64
621,29,313,Zaydiyya0000062,1097,581,864,228,96
621,318,548,Zaydiyya0000062,1099,342,576,181,96
621,34,474,Masaha000221,27,540,980,357,100
621,34,318,Zaydiyya0000220,104,468,752,231,99
621,621,794,Shamela0037458,2526,234,453,89,45
621,0,192,Shamela0037458,2527,932,1124,157,100
621,192,553,Shamela0037458,2531,886,1247,289,100
621,34,621,JK000791,1471,429,1016,474,100
621,255,432,Shamela0000922,802,371,1067,140,24
621,0,192,JK007018,430,1352,1545,156,98
621,192,474,JK007018,431,427,710,228,99
621,34,318,JK009396,906,551,1053,225,54
621,318,488,JK009396,907,635,805,129,94
621,251,432,Meshkat00042488,1043,303,1139,144,21
621,621,1039,ShamIbadiyya0000075,541,909,1591,181,27
621,0,544,Rafed0003726Vols,907,383,1038,265,41
621,375,553,Shamela0022371,232,74,446,111,38
621,0,192,Shia002356Vols,707,500,691,156,99
621,181,621,Shia002356Vols,708,487,924,344,97
621,0,224,Shia002380Vols,478,1033,1545,182,43
621,224,565,Shia002380Vols,479,5,714,259,45
621,375,553,Tafsir02102,2805,996,1548,137,31
621,232,436,Shia002382Vols,1146,945,1253,161,64
621,255,462,Tafsir05047,511,178,648,164,43
621,0,621,Shamela0023591,4728,151,772,502,100
621,0,192,Shamela0023591,4737,1285,1477,157,100
621,192,630,Shamela0023591,4741,632,1073,345,97
621,192,474,JK009266,6197,188,470,228,100
621,0,192,Shamela0021821,1123,55,612,157,34
621,255,474,Shamela0021821,1124,753,1017,168,79
621,192,474,JK009362,5064,741,1027,227,97
621,34,318,JK001110,84,957,1241,232,100
621,4,375,JK001420,557,613,1131,252,57
621,255,405,JK009257,549,1306,1457,121,99
621,34,318,Shia001625,29,395,679,232,100
621,318,474,JK006478,6098,450,607,124,98
621,0,375,Rafed0003943Vols,1024,1031,1406,306,100
621,375,621,Rafed0003943Vols,1025,1463,1709,196,100
621,192,474,Shamela0010273,1712,449,731,228,100
621,327,621,Shamela0010273,1714,1000,1563,202,44
621,621,1370,Tafsir01006,898,585,1540,333,38
621,255,553,Sham19Y0014404,878,514,1480,237,30
621,0,621,QuranAnalysis001,134,151,772,502,100
621,34,474,Zaydiyya0000474,85,96,536,357,100
621,34,375,Rafed0001713Vols,1515,1227,1567,278,99
621,432,621,Rafed0001713Vols,1519,65,254,150,100
621,34,255,Tafsir04056,542,1262,1484,181,99
621,34,318,Tafsir04056,2313,1093,1377,232,100
621,15,192,Shamela0000041,1592,224,401,145,100
621,432,553,Shamela0000041,1594,549,670,94,100
621,0,621,Shamela0023578,1987,529,1150,502,100
622,392,925,Shia001432Vols,3202,715,1325,181,27
622,215,899,Shamela0023632,2330,501,781,187,32
622,205,925,JK009268,3080,341,604,205,35
622,205,899,Sham19Y0023618,1085,125,370,193,34
622,244,925,JK009270,2988,693,930,187,33
622,983,1251,Shamela0000140,946,422,779,114,39
622,244,925,Meshkat0014420,3031,1153,1389,187,33
622,266,648,Meshkat00042485,4253,462,956,206,46
622,1431,1566,Meshkat00042485,4258,837,1088,77,35
622,343,761,Shamela0022769,924,824,1214,192,49
622,205,899,Shamela0037458,2527,879,1124,191,33
622,244,640,JK007018,430,1326,1481,124,38
622,555,704,Tafsir04039,2423,1325,1529,77,40
622,205,899,Shia002356Vols,707,447,691,190,33
622,266,925,Shia002380Vols,478,1029,1523,195,28
622,125,304,Shamela0008473,3035,677,870,126,80
622,205,925,Shamela0023591,4728,98,361,205,35
622,205,912,Shamela0023591,4737,1232,1490,193,33
622,990,1463,JK000458,2155,0,903,187,24
622,244,899,Shamela0021821,1123,29,612,163,19
622,244,925,Rafed0003943Vols,1024,1005,1241,187,33
622,1193,1557,Shamela0010273,1713,194,563,126,29
622,1154,1566,Tafsir01006,900,521,1093,174,31
622,215,768,Tafsir06048,682,73,635,216,41
622,205,925,QuranAnalysis001,134,98,361,207,35
622,353,838,Rafed0001713Vols,1516,137,1147,264,32
622,1154,1463,Rafed0001713Vols,1517,985,1360,131,33
622,392,1039,Shamela0000041,1592,407,910,207,30
622,205,925,Shamela0023578,1987,440,739,205,34
623,1409,1547,Shia001432Vols,2383,55,193,112,100
623,1409,1549,Shamela0023632,2336,1139,1281,114,98
623,1409,1549,JK009268,3094,82,223,113,98
623,1409,1549,Sham19Y0023618,1088,895,1037,114,98
623,1409,1549,Rafed0003257Vols,3533,771,913,114,98
623,1409,1547,JK010001,3231,476,614,112,100
623,1409,1549,JK009270,2999,1115,1256,114,99
623,1409,1549,Meshkat0014420,3039,637,778,114,99
623,1381,1549,ShamAY0036821,1377,933,1087,118,86
623,1409,1549,ShamAY0036821,1382,511,649,111,97
623,1399,1549,Shamela0037361,12,536,757,118,64
623,18,233,Sham19Y0147312,1299,949,1504,123,26
623,1085,1496,Sham19Y0147312,1300,501,858,126,28
623,1409,1549,Shamela0037458,2537,230,371,114,99
623,281,584,JK000791,1474,161,580,124,29
623,1381,1549,JK000791,1476,558,817,135,64
623,1399,1547,Shamela0000922,803,994,1423,117,33
623,1394,1549,JK007018,432,562,727,123,91
623,1409,1549,JK009396,908,1190,1331,113,98
623,1409,1549,Sham19Y0023608,2462,624,766,114,98
623,591,922,JK000465,2430,491,1258,186,30
623,1409,1549,Shamela0004473,11390,1443,1584,114,99
623,1404,1549,Shia002356Vols,710,26,170,114,96
623,1409,1547,Tafsir04038,187,248,387,112,99
623,695,886,Shamela0008473,3045,52,439,115,37
623,1030,1549,Shamela0008473,3046,431,906,214,44
623,1409,1549,Shamela0023591,4728,772,914,114,98
623,1399,1549,Shamela0023591,4748,1268,1415,118,95
623,1409,1549,JK009266,6202,510,651,114,99
623,1076,1549,Shamela0021821,1126,355,1033,209,31
623,1409,1549,ShamIbadiyya0000038,175,422,564,114,98
623,1409,1549,ShamIbadiyya0000135,114,288,430,114,98
623,1307,1549,JK006478,6104,512,853,162,58
623,840,1547,Tafsir08060,334,217,852,196,23
623,1409,1549,Shamela0010273,1717,178,320,114,98
623,336,614,Tafsir04003,2620,527,1101,164,34
623,1409,1547,ShamIbadiyya0000279,266,911,1049,112,100
623,1409,1547,JK000447,505,977,1139,90,69
623,1409,1549,QuranAnalysis001,134,772,913,114,99
623,1167,1549,Rafed0001713Vols,1521,92,898,225,30
623,843,1549,Shamela0000041,1595,578,1243,278,40
623,1409,1549,Shamela0023578,1987,1150,1292,114,98
623,840,1448,Shamela0023578,1993,72,533,169,31
624,167,728,Shia001432Vols,2494,957,1452,393,86
624,499,648,Shia001432Vols,5909,168,317,120,100
624,162,668,Shia001432Vols,22957,531,972,329,80
624,131,424,Shamela0023632,2341,273,605,226,84
624,424,648,Shamela0023632,2343,998,1222,182,100
624,0,728,JK009268,3094,223,951,588,100
624,80,301,Sham19Y0023618,1089,595,816,179,100
624,167,499,Sham19Y0023618,1091,320,1189,260,37
624,301,499,Zaydiyya0000413Vols,3151,1079,1279,160,98
624,167,546,Shamela0023628,2396,999,1378,308,100
624,407,728,Shamela0023628,2397,646,1426,246,39
624,167,499,Rafed0003257Vols,3535,1261,1592,269,99
624,499,648,Rafed0003257Vols,3536,0,149,120,100
624,257,499,Sham19Y0020891,3696,355,898,110,25
624,494,648,Sham19Y0020891,3700,35,189,122,98
624,499,648,JK000362,1471,598,747,120,100
624,123,499,JK009270,3002,773,1149,305,100
624,499,728,JK009270,3005,548,777,186,100
624,499,648,Shamela0005756,11761,1121,1270,119,98
624,23,424,Meshkat0014420,3042,957,1366,295,89
624,424,648,Meshkat0014420,3047,844,1068,182,100
624,499,648,Sham19Y0016584,3338,322,471,120,100
624,257,523,JK006476,981,1015,1351,205,75
624,0,452,ShamAY0036821,1377,1087,1537,357,98
624,462,728,ShamAY0036821,1378,0,265,208,96
624,0,301,ShamAY0036821,1382,649,949,237,98
624,301,728,ShamAY0036821,1384,950,1373,333,96
624,196,389,Tafsir02104,330,626,1146,152,36
624,301,499,Sham19Y0147312,1304,1022,1220,160,100
624,347,581,Sham19Y0147312,1305,59,722,157,29
624,499,648,Sham19Y0018176,1780,545,694,120,100
624,71,581,Sham19Y0013550,378,296,920,237,41
624,343,617,Zaydiyya0000062,1107,612,892,222,96
624,499,648,JK000159,596,409,558,120,100
624,123,351,Shamela0037458,2543,1355,1582,184,99
624,351,499,Shamela0037458,2544,0,148,121,100
624,499,728,Shamela0037458,2547,1010,1239,186,100
624,131,301,JK000791,1480,877,1084,132,78
624,301,499,JK000791,1481,540,738,160,100
624,499,648,JK000791,1482,670,819,120,100
624,499,648,JK009336,353,708,857,120,100
624,167,301,JK000365,1223,1365,1499,109,100
624,499,648,Shamela0012981,626,674,823,120,100
624,167,301,Shamela0000922,806,217,387,109,78
624,499,648,Sham19Y0009800,394,1170,1319,120,100
624,499,648,Tafsir07076,9582,257,510,120,58
624,499,648,Shamela0009770,200,1137,1286,120,100
624,167,648,JK007018,433,134,1048,385,52
624,499,648,Sham19Y0018103,2959,63,212,120,100
624,167,314,JK009396,910,259,408,110,90
624,301,499,JK009396,910,1224,1422,160,100
624,424,648,JK009396,911,21,245,141,71
624,167,499,Sham19Y0023608,2465,183,515,269,100
624,167,314,Sham19Y0023608,2466,551,1132,110,23
624,499,648,Sham19Y0023608,2468,397,546,120,100
624,167,301,Meshkat00042488,1047,1347,1481,109,100
624,499,648,Shamela0004473,4359,133,282,120,100
624,499,659,Shamela0004473,11991,1311,1470,120,93
624,0,301,Shia002356Vols,710,170,470,241,99
624,301,648,Shia002356Vols,712,52,399,280,100
624,257,551,Tafsir04038,389,277,887,176,35
624,499,648,JK001496,1322,841,992,120,98
624,343,621,Tafsir02102,2808,873,1408,225,51
624,167,314,Shamela0008473,1763,903,1082,113,78
624,123,301,Shamela0008473,3053,735,913,145,100
624,499,648,Shamela0008473,3056,313,462,120,100
624,0,643,Shamela0023591,4728,914,1556,518,99
624,89,301,Shamela0023591,4749,0,212,172,100
624,301,728,Shamela0023591,4757,294,721,346,100
624,167,499,JK009266,6216,206,538,269,100
624,471,648,JK009266,6221,1221,1541,142,54
624,268,499,Shamela0021821,1130,1264,1478,167,90
624,494,648,Shamela0021821,1131,1170,1324,121,98
624,499,648,Sham19Y0018106,3096,856,1005,120,100
624,343,499,Shia002389Vols,1747,14,482,127,33
624,546,734,Shia002389Vols,1748,27,219,148,95
624,167,301,JK009362,4939,1071,1205,109,100
624,167,301,JK009362,5077,1239,1381,109,94
624,301,499,JK009362,5079,691,889,159,98
624,370,648,JK009362,5081,578,1250,180,33
624,80,301,JK001420,559,400,881,145,37
624,301,452,JK001420,559,1363,1514,121,100
624,301,499,JK006478,6113,1208,1406,159,98
624,471,648,JK006478,6116,256,562,142,57
624,499,648,Sham19Y0013252,6934,760,909,120,100
624,499,728,ShamAY0037056,2,1331,1559,185,99
624,0,424,Rafed0003943Vols,1028,63,487,340,100
624,424,728,Rafed0003943Vols,1029,965,1269,248,100
624,167,301,Shamela0010273,1722,85,219,109,100
624,224,499,Shamela0010273,1723,1097,1488,187,59
624,499,648,Shamela0010273,1726,234,383,120,100
624,870,1239,Tafsir01006,902,910,1517,175,36
624,499,648,Sham19Y0013605,3560,839,988,120,100
624,196,343,JK000066,76,8,155,118,100
624,246,475,Sham19Y0014404,881,160,1033,178,25
624,123,301,JK000447,507,338,835,145,35
624,0,648,QuranAnalysis001,134,913,1560,522,99
624,972,1370,Rafed0001713Vols,1522,25,796,213,33
624,494,734,Rafed0001713Vols,1528,469,710,188,96
624,301,557,Shamela0000041,1602,1332,1587,208,99
624,80,301,Shamela0000041,1602,313,555,179,91
624,499,728,Shamela0000041,1603,1019,1442,185,53
624,43,728,Shamela0023578,1994,34,832,554,85
625,1041,1183,JK000014,5,764,995,100,52
625,1041,1183,JK000057,72,368,543,100,71
625,16,361,Tafsir01006,903,468,1598,189,20
625,903,1308,Rafed0001713Vols,1525,370,911,144,27
626,880,1102,Zaydiyya0000062,1108,1031,1599,103,22
626,35,739,Tafsir08060,335,31,522,222,34
626,844,1452,Tafsir08060,335,529,1078,262,48
626,974,1341,Rafed0001713Vols,1528,427,556,102,34
626,257,1102,Shamela0000041,1603,24,621,317,42
627,658,886,Shamela0023632,2345,1238,1443,164,89
627,658,1283,JK009268,3094,941,1550,490,97
627,734,874,Sham19Y0023618,1093,1133,1273,113,100
627,658,850,Shamela0023628,2397,1416,1591,141,90
627,989,1283,Shamela0023628,2400,461,755,236,100
627,658,1168,Rafed0003257Vols,3539,787,1281,399,96
627,177,402,Shamela0022593,1531,271,523,115,48
627,766,1067,JK009270,3008,1093,1394,244,100
627,1067,1283,JK009270,3010,926,1142,174,100
627,658,828,Meshkat0014420,3050,1291,1445,123,89
627,916,1283,Meshkat0014420,3056,152,572,185,56
627,658,1283,ShamAY0036821,1378,255,855,477,94
627,684,1283,ShamAY0036821,1386,879,1469,471,97
627,1116,1283,Sham19Y0147312,1310,232,841,134,27
627,977,1283,Shamela0037458,2555,25,411,240,76
627,1116,1290,JK000791,1486,1216,1391,134,95
627,1116,1283,JK007018,434,1100,1268,134,99
627,658,1116,JK007018,434,17,853,351,50
627,1157,1283,JK009396,913,0,126,100,100
627,658,874,Sham19Y0023608,2469,1067,1267,160,91
627,1103,1283,Sham19Y0023608,2474,524,705,138,95
627,658,989,Shia002356Vols,713,546,859,252,93
627,977,1283,Shia002356Vols,715,218,518,240,97
627,1157,1283,Shamela0008473,3065,0,126,100,100
627,658,1283,Shamela0023591,4729,75,684,490,97
627,576,1301,Shamela0023591,4763,205,923,507,85
627,671,1084,JK009266,6226,1161,1589,331,95
627,1084,1301,JK009266,6227,0,228,174,95
627,1022,1283,Shamela0021821,1135,455,921,208,55
627,1116,1283,JK001110,84,1328,1495,134,100
627,658,898,JK006478,6117,1224,1451,180,91
627,766,916,Rafed0003943Vols,1030,369,519,122,100
627,1019,1283,Rafed0003943Vols,1032,897,1092,156,73
627,115,502,Tafsir01006,907,411,940,215,48
627,658,1301,QuranAnalysis001,135,70,698,490,94
627,1071,1283,Rafed0001713Vols,1535,15,312,160,65
627,109,874,Shamela0000041,1604,337,1210,344,40
627,658,874,Shamela0023578,1994,822,1022,160,91
627,858,1283,Shamela0023578,2002,606,1068,342,91
628,594,1368,Tafsir09083,861,164,816,212,26
628,1199,1558,Meshkat00042485,4298,824,1402,225,46
628,983,1317,Shamela0021766,2683,577,1480,175,22
628,1151,1558,Sham19Y0122173,547,1151,1525,121,27
628,65,280,ShamIbadiyya0000075,547,69,325,149,71
628,1182,1424,ShamIbadiyya0000075,548,7,394,177,55
628,778,1110,JK001496,1328,1066,1501,140,34
628,65,205,Shia002382Vols,1152,418,568,113,92
628,65,280,Tafsir01006,908,499,793,149,62
628,692,1424,Tafsir01006,909,575,1495,315,36
628,794,1252,Rafed0001713Vols,1534,91,773,211,32
628,1252,1424,Rafed0001713Vols,1535,23,440,119,33
629,676,1139,Shamela0006626,70,811,1449,347,68
629,848,999,JK000330,526,1254,1405,120,100
629,750,903,JK009159,103,141,295,123,99
629,455,645,Shia001432Vols,1051,768,958,153,100
629,645,802,Shia001432Vols,3957,1451,1607,123,98
629,802,1262,Shia001432Vols,3958,0,459,365,99
629,466,645,Shia001432Vols,26999,58,238,144,99
629,466,645,Shia001432Vols,27962,750,930,144,99
629,466,645,Shia001432Vols,29265,459,638,144,100
629,571,952,Shia001432Vols,29461,139,367,183,59
629,571,906,Shia001432Vols,30850,1118,1275,126,46
629,382,645,Shamela0023632,2352,217,480,212,100
629,664,903,Shamela0023632,2355,0,239,191,100
629,903,1083,Shamela0023632,2357,1037,1218,141,98
629,1083,1262,Shamela0023632,2360,163,342,143,100
629,391,645,Sham19Y0148529,269,1088,1356,198,91
629,750,903,Shamela0000894,5712,538,691,123,100
629,405,645,Rafed0002679Vols,100,999,1239,193,100
629,571,952,Shia001340,313,1134,1363,183,59
629,346,746,JK009268,3110,1309,1701,307,92
629,746,1262,JK009268,3111,0,516,411,100
629,382,645,Sham19Y0023618,1097,459,722,212,100
629,509,903,Sham19Y0023618,1098,123,548,253,75
629,903,1262,Sham19Y0023618,1100,475,835,284,99
629,664,820,Hindawi059616186Vols,712,1276,1432,124,100
629,405,645,Shamela0010551,131,929,1169,192,99
629,382,571,Shamela0023628,2402,252,441,153,100
629,565,906,Shamela0023628,2403,455,795,269,98
629,885,1239,Shamela0023628,2406,126,510,281,91
629,645,903,AOCP20251104143,74,350,602,191,93
629,382,592,Rafed0003257Vols,3545,1472,1681,170,99
629,630,1196,Rafed0003257Vols,3550,981,1547,443,98
629,476,608,JK000352,1,317,447,103,96
629,750,903,Sham19Y0020891,3736,59,212,123,100
629,466,645,JK000100,541,122,299,142,98
629,1083,1216,Tafsir09068,746,560,1024,104,27
629,750,903,JK000362,309,1260,1413,123,100
629,645,897,JK010001,1454,1122,1373,199,98
629,645,918,JK010001,3908,471,864,131,32
629,492,952,JK009270,3023,38,664,335,64
629,952,1262,JK009270,3029,707,1013,242,98
629,645,820,Shamela0005756,9778,796,972,139,99
629,382,645,Meshkat0014420,3058,742,1016,212,95
629,645,999,Meshkat0014420,3063,588,941,280,99
629,988,1262,Meshkat0014420,3067,723,995,210,96
629,317,597,ShamAY0036821,1389,1313,1567,180,77
629,592,1262,ShamAY0036821,1392,774,1417,493,92
629,66,256,Meshkat00042485,4299,18,323,124,51
629,809,999,Shamela0004445,358,0,190,152,100
629,755,903,JK009158,236,619,767,119,100
629,952,1121,AOCP20251117019,98,499,806,131,53
629,750,973,JK001263,93,817,1046,167,91
629,645,877,Hindawi049250841,3,1132,1294,128,69
629,382,713,Shamela0037458,2557,1177,1507,266,99
629,736,1126,Shamela0037458,2565,223,614,302,97
629,1126,1262,Shamela0037458,2571,32,168,109,100
629,466,645,Masaha001075,88,1176,1355,144,100
629,466,645,Masaha001075,119,848,1027,144,100
629,466,645,Masaha001075,192,948,1127,144,100
629,571,903,Masaha001075,253,184,357,126,47
629,802,993,Zaydiyya0000355,35,1014,1206,153,99
629,162,645,JK000791,1487,585,1054,252,50
629,608,857,JK000791,1489,1226,1503,193,87
629,857,999,JK000791,1490,0,142,113,100
629,890,1239,JK000791,1493,374,873,245,58
629,645,798,Noorlib0038508,104,215,654,121,34
629,694,999,Tafsir07076,2300,751,1015,195,79
629,999,1130,Shamela0023775,568,574,707,102,97
629,645,820,Shamela0023775,663,1347,1522,139,100
629,251,645,JK007018,435,63,391,231,73
629,746,999,JK007018,436,590,844,200,98
629,952,1239,JK007018,437,122,401,207,85
629,382,571,Shamela0011056BK1,57,445,632,151,98
629,750,903,Shamela0037325,913,1021,1174,123,100
629,750,903,Shamela0037325,1353,1178,1331,123,100
629,645,913,Hindawi091480429,429,914,1180,207,97
629,405,645,JK009396,913,1133,1373,193,100
629,750,999,JK009396,915,1223,1472,199,100
629,999,1165,JK009396,917,785,951,132,100
629,382,645,Sham19Y0023608,2478,49,312,212,100
629,645,999,Sham19Y0023608,2480,655,1009,282,100
629,999,1158,Sham19Y0023608,2483,1328,1487,125,98
629,476,608,Shamela0004482,579,991,1120,102,96
629,476,645,Shamela0004482,592,854,1039,117,78
629,645,885,Shamela0001340,200,1288,1528,191,100
629,885,999,Shamela0001340,270,0,223,74,42
629,897,999,Sham19Y0122173,325,0,102,81,100
629,750,999,Shia003721Vols,269,434,684,199,99
629,43,430,ShamIbadiyya0000075,548,489,870,184,43
629,774,1165,Rafed0003726Vols,925,753,1276,204,41
629,423,649,Shamela0004473,2320,0,226,181,99
629,408,645,Shamela0004473,2754,779,1016,191,100
629,638,903,Shamela0004473,3842,829,1106,208,94
629,999,1248,Shamela0004473,4642,178,429,195,97
629,645,816,Shamela0004473,11112,1437,1607,136,99
629,816,952,Shamela0004473,11113,0,136,109,100
629,405,649,Shamela0004473,15182,745,987,193,98
629,1087,1239,Sham19Y0030863,25,0,152,122,100
629,750,999,Sham19Y0145435,5056,1084,1332,199,99
629,645,786,Shamela0009086,125,710,1066,76,27
629,329,645,Shia002356Vols,716,82,737,243,46
629,571,1022,Shia002356Vols,717,827,1292,312,79
629,903,1262,Shia002356Vols,719,269,748,252,66
629,740,1022,Shia000317Vols,4396,1063,1346,219,97
629,43,436,Shia002380Vols,483,923,1289,188,49
629,486,930,Shia002380Vols,484,110,1343,349,35
629,947,1254,Shia002380Vols,485,0,852,244,36
629,645,1083,Shamela0001419,371,1014,1452,348,100
629,405,608,Hindawi015814636,18,1104,1307,164,100
629,382,645,Shamela0008473,3068,674,937,211,99
629,832,999,Shamela0008473,3074,0,167,133,100
629,952,1165,Shamela0008473,3076,60,486,169,50
629,43,266,Shia002382Vols,1156,164,791,136,26
629,1064,1254,Shia002382Vols,1161,184,760,151,32
629,681,1225,MMS00013,2729,783,1445,209,31
629,649,820,Shamela0037837,783,15,186,130,95
629,645,848,Tafsir07055,1517,1375,1575,159,97
629,1083,1216,Tafsir07055,1522,1384,1515,105,98
629,645,918,Tafsir07055,4020,642,1027,131,32
629,405,645,Hindawi040635716,204,1075,1313,190,98
629,382,645,Sham19Y0018318,47,39,302,212,100
629,750,903,Shamela0003055,705,41,194,123,100
629,329,970,Shamela0023591,4772,894,1517,480,93
629,970,1262,Shamela0023591,4773,0,293,231,99
629,382,649,Shamela0023591,4774,1304,1571,212,98
629,645,1262,Shamela0023591,4781,252,870,490,99
629,329,499,JK009266,6239,1050,1512,109,26
629,499,649,JK009266,6240,0,150,116,98
629,645,774,JK009266,6249,977,1104,101,98
629,755,1126,Shamela0010283,2454,913,1254,176,45
629,405,645,Shamela0021821,1136,1101,1340,191,98
629,755,999,Shamela0021821,1138,1012,1256,195,100
629,903,1165,Shamela0021821,1140,526,839,181,66
629,466,645,Shia000042,280,908,1087,144,100
629,405,620,Rafed0000185Vols,314,450,667,166,94
629,382,602,ShamAY0034431,28,557,777,178,100
629,405,645,JK001110,46,707,947,193,100
629,848,1022,JK001110,85,0,174,138,100
629,571,947,Zaydiyya0000371,4,1273,1475,161,53
629,664,832,JK000875,196,1019,1303,94,42
629,952,1126,JK001420,564,265,660,134,43
629,1126,1248,JK001420,564,1320,1444,94,95
629,466,645,Shia000210,72,613,792,143,99
629,382,645,Shamela0003118,5010,724,1028,210,85
629,423,645,JK006478,6127,0,227,177,96
629,630,820,JK006478,6144,1297,1501,143,85
629,903,1165,JK006478,6159,779,1345,188,41
629,492,982,Rafed0003943Vols,1035,1144,1633,390,99
629,999,1262,Rafed0003943Vols,1045,449,713,208,99
629,329,645,Shamela0010273,1738,1041,1540,244,60
629,645,999,Shamela0010273,1744,359,713,282,100
629,999,1239,Shamela0010273,1749,549,790,190,99
629,382,571,Shamela0001000,1066,627,814,151,98
629,492,999,Hindawi080968603,120,723,967,164,42
629,43,408,Tafsir01006,910,324,1067,194,31
629,999,1265,Hindawi070749060,14,530,774,125,57
629,1165,1265,Sham19Y0014404,889,473,964,78,20
629,22,1244,QuranAnalysis001,135,543,1523,778,79
629,638,903,Hindawi084602738,80,892,1157,208,98
629,645,903,Hindawi084602738,161,731,1000,206,95
629,903,1239,Hindawi084602738,162,438,774,267,100
629,382,645,JK000916,17167,419,725,212,85
629,466,645,Shia001372,24,695,871,142,98
629,43,368,Rafed0001713Vols,1536,190,931,178,28
629,645,999,Rafed0001713Vols,1540,1172,1526,282,100
629,999,1262,Rafed0001713Vols,1545,255,519,208,99
629,466,645,Shia001288,25,1061,1240,144,100
629,455,645,JK001435,11,1283,1472,151,98
629,492,645,Zaydiyya0000476,316,1121,1274,122,100
629,492,645,Zaydiyya0000476,387,1282,1435,122,100
629,455,645,Zaydiyya0000476,505,165,579,152,45
629,386,645,Zaydiyya0000476,517,303,559,197,94
629,386,645,Zaydiyya0000476,564,3,259,197,94
629,645,820,Shamela0011685,354,1164,1339,139,100
629,750,903,JK006833,199,901,1054,123,100
629,1003,1126,Shamela0009783BK1,305,1178,1316,96,88
629,608,774,Shamela0000041,1609,197,408,131,78
629,1126,1262,Shamela0000041,1613,424,560,109,100
629,382,571,Shamela0011789,161,141,330,153,100
629,382,571,Sham19Y0145334,2334,1112,1301,153,100
629,411,645,Shamela0023578,2006,0,234,189,100
629,608,1239,Shamela0023578,2009,415,1068,501,96
630,686,988,Shamela0021766,2689,586,1219,119,23
630,1260,1446,Shamela0021766,2690,1311,1662,118,41
630,686,1220,Tafsir05047,517,133,671,181,32
630,76,346,Rafed0001713Vols,1538,425,1043,128,23
631,669,906,ShamIbadiyya0000193,2533,102,486,133,38
631,669,906,Tafsir09050,2589,823,1212,133,38
631,526,754,Tafsir09084,1529,327,762,140,41
631,282,790,Tafsir05047,518,317,801,156,29
631,0,623,Tafsir08060,337,423,811,247,46
631,1071,1532,Tafsir08060,337,893,1151,151,40
631,499,906,Shamela0000041,1611,34,808,218,33
632,1281,1448,Shamela0006626,71,917,1097,129,87
632,549,1475,Shia001432Vols,3958,404,1258,678,91
632,1001,1157,Shia001432Vols,26984,187,343,125,100
632,1001,1157,Shia001432Vols,29354,1321,1477,125,100
632,1001,1157,Shia001432Vols,29389,1151,1307,124,99
632,1257,1382,Shia001432Vols,31275,1537,1656,94,95
632,847,1038,Shamela0023632,2362,879,1070,152,100
632,1038,1218,Shamela0023632,2365,876,1056,143,100
632,1218,1398,Shamela0023632,2366,364,544,142,100
632,873,1022,JK009268,3147,1471,1619,119,99
632,1022,1475,JK009268,3148,0,454,361,99
632,873,1151,Sham19Y0023618,1105,1223,1500,222,99
632,1151,1398,Sham19Y0023618,1106,0,247,195,100
632,847,972,Shamela0010551,303,480,605,99,100
632,624,1008,Shamela0023628,2408,1080,1435,282,92
632,1008,1281,Shamela0023628,2409,0,218,172,79
632,1180,1440,Shamela0023628,2411,1086,1472,206,66
632,900,1218,Rafed0003257Vols,3556,0,318,254,100
632,1180,1398,Rafed0003257Vols,3560,1058,1621,172,38
632,847,1079,Tafsir09083,867,250,985,179,30
632,980,1144,Tafsir09084,1534,291,1194,112,15
632,773,1008,Sham19Y0020891,3759,1282,1534,132,65
632,1029,1168,Sham19Y0020891,3763,1459,1600,111,97
632,801,1319,JK009270,3033,746,1260,406,98
632,1319,1475,JK009270,3037,976,1133,125,99
632,923,1038,Shamela0005756,15340,1110,1225,93,100
632,847,1203,Meshkat0014420,3072,1089,1443,281,99
632,1203,1364,Meshkat0014420,3075,1022,1183,128,100
632,833,1038,JK006476,996,25,242,163,94
632,972,1157,JK006476,996,1055,1342,134,55
632,1281,1425,Tafsir01005,4211,463,607,114,100
632,675,1139,ShamAY0036821,1395,1081,1539,364,98
632,1218,1475,ShamAY0036821,1397,415,672,200,97
632,1218,1475,ShamAY0036821,1398,7,264,200,97
632,781,1079,Shamela0012851,136,185,862,232,42
632,1157,1475,Shamela0012851,137,104,952,245,36
632,897,1038,Sham19Y0147312,1321,661,802,113,100
632,1001,1203,Sham19Y0147312,1322,381,590,140,78
632,1252,1475,Sham19Y0147312,1323,176,760,178,38
632,873,1022,Shamela0004445,347,1407,1555,119,99
632,1029,1157,Shamela0004445,348,225,355,99,95
632,1157,1398,Shamela0004445,365,305,546,190,100
632,1218,1398,Sham19Y0014592,1712,789,969,142,100
632,1038,1203,Sham19Y0013550,8,198,363,130,100
632,1038,1203,Sham19Y0013550,166,1225,1390,130,100
632,847,1157,Zaydiyya0000062,1127,746,1170,247,72
632,1144,1448,Zaydiyya0000062,1130,84,394,234,90
632,847,1295,Shamela0037458,2574,98,940,350,52
632,1244,1475,Shamela0037458,2579,216,818,179,37
632,1001,1102,Masaha001075,206,1472,1572,80,99
632,786,1257,JK000791,1497,254,871,367,75
632,1257,1475,JK000791,1500,815,1034,174,99
632,1281,1425,Shamela0026047,379,762,951,114,76
632,749,1203,Shamela0000922,814,444,1423,297,38
632,897,1038,Tafsir07076,766,242,383,113,100
632,897,1038,Tafsir07076,1486,924,1065,113,100
632,892,1038,Tafsir07076,5013,970,1116,114,97
632,675,1203,Tafsir07076,6313,830,1350,369,86
632,897,1038,Tafsir07076,7285,343,484,113,100
632,923,1038,Tafsir07076,8679,476,591,93,100
632,892,1038,Tafsir07076,9117,1035,1180,116,99
632,847,1203,JK007018,438,47,406,282,99
632,1203,1382,JK007018,438,938,1418,142,37
632,1319,1475,Shamela0037325,918,1133,1290,125,99
632,847,1203,JK009396,919,199,555,282,100
632,1319,1462,JK009396,920,1376,1518,114,99
632,1180,1319,JK009396,920,200,568,110,37
632,847,1218,Sham19Y0023608,2489,956,1327,295,100
632,1218,1324,Sham19Y0023608,2492,1415,1520,84,99
632,1324,1475,Sham19Y0023608,2493,0,152,121,99
632,847,1001,JK000381,3702,925,1104,107,76
632,847,1041,Meshkat00042488,1060,728,1176,153,43
632,1038,1203,Meshkat00042488,1061,900,1065,130,100
632,1180,1319,Meshkat00042488,1062,728,1234,105,26
632,1319,1475,Meshkat00042488,1063,788,945,125,99
632,873,1157,Shia003721Vols,259,738,1231,225,57
632,1157,1398,Shia003721Vols,276,459,701,190,99
632,1001,1300,Rafed0003726Vols,926,239,623,144,45
632,1038,1203,Shamela0004473,16389,1309,1474,130,100
632,873,1018,Sham19Y0145435,5049,1385,1529,116,99
632,1029,1157,Sham19Y0145435,5050,218,348,99,95
632,1187,1398,Sham19Y0145435,5063,0,210,167,99
632,897,1117,Shamela0009086,127,469,764,80,25
632,897,1117,JK000961,85,903,1065,129,73
632,873,1475,Shia002356Vols,721,23,626,480,99
632,234,1001,Shia002380Vols,485,483,1452,414,43
632,1001,1300,Shia002380Vols,486,183,1204,237,29
632,873,1038,JK001496,1343,624,789,132,100
632,1029,1218,JK001496,1345,47,240,149,96
632,773,1157,Shamela0008473,3082,76,660,306,65
632,1157,1319,Shamela0008473,3095,919,1081,128,100
632,1319,1475,Shamela0008473,3097,964,1121,125,99
632,740,1117,Shia002382Vols,1162,120,958,299,44
632,873,1001,Tafsir07055,1622,304,432,102,100
632,234,708,Tafsir05047,519,129,767,185,28
632,1001,1157,Shia001111,184,381,537,125,100
632,549,1218,Shamela0023591,4773,238,836,475,89
632,675,1157,Shamela0023591,4795,1052,1533,383,99
632,1218,1475,Shamela0023591,4804,436,694,205,99
632,1218,1475,Shamela0023591,4805,889,1147,205,99
632,847,1038,JK009266,6277,57,246,151,98
632,1038,1203,JK009266,6282,696,859,129,98
632,624,1475,Shamela0010283,2455,78,748,374,46
632,847,1319,Shamela0021821,1143,47,519,375,100
632,1305,1468,Shamela0021821,1146,1261,1451,129,84
632,873,1117,Rafed0000185Vols,145,547,799,194,96
632,873,1128,JK009362,5120,1300,1564,203,95
632,1022,1136,JK009362,5123,86,326,41,16
632,1319,1475,JK009362,5129,674,842,125,92
632,801,1203,JK001420,566,30,465,277,78
632,847,1319,JK006478,6198,824,1293,371,98
632,847,1218,Rafed0003943Vols,1053,89,613,295,70
632,1203,1364,Rafed0003943Vols,1056,514,718,128,78
632,847,1218,Shamela0010273,1755,1121,1492,295,100
632,1218,1431,Shamela0010273,1759,1391,1603,169,99
632,1022,1203,Shamela0007798,6335,411,592,143,100
632,837,1128,Tafsir06048,694,514,1400,231,32
632,1157,1475,Tafsir06048,695,197,1006,246,38
632,1038,1203,Sham19Y0014404,891,939,1103,130,99
632,873,1038,Meshkat00057178,2482,720,1042,132,51
632,1038,1203,Meshkat00057178,2483,608,772,130,99
632,873,1212,Masaha000554Vols,3366,638,979,266,96
632,629,1475,QuranAnalysis001,136,0,819,650,96
632,1319,1475,Sham19Y0020879,364,52,209,125,99
632,993,1475,Sham19Y0020879,372,73,397,249,64
632,847,1319,Rafed0001713Vols,1549,447,919,375,100
632,773,1057,Shamela0023634,389,822,1499,162,30
632,1001,1468,JK006833,204,919,1547,158,24
632,773,1038,Shamela0000041,1615,280,543,200,95
632,1022,1203,Shamela0000041,1616,76,255,136,95
632,1180,1324,Shamela0000041,1617,0,450,112,31
632,624,1339,Shamela0023578,2013,815,1501,545,95
632,1339,1475,Shamela0023578,2014,0,137,109,99
632,1180,1300,Shamela0023578,2016,102,593,88,22
633,206,347,Shia001432Vols,539,859,1000,113,100
633,0,193,Shia001432Vols,3958,1258,1451,150,98
633,193,347,Shia001432Vols,3959,0,154,123,100
633,206,347,Shia001432Vols,18697,471,612,113,100
633,206,347,Shamela0023632,2369,764,905,113,100
633,206,329,JK009268,140,1491,1613,98,99
633,0,347,JK009268,3148,454,801,273,100
633,0,347,Sham19Y0023618,1108,1133,1480,273,100
633,4,290,Shamela0023628,2413,1073,1497,222,66
633,58,347,JK000102,159,891,1227,218,81
633,62,347,Rafed0003257Vols,3566,172,463,217,95
633,134,347,Sham19Y0020891,3772,227,440,169,100
633,206,347,JK010001,867,588,729,113,100
633,206,347,JK010001,2873,1196,1338,113,99
633,206,319,JK010001,3056,1028,1141,91,100
633,0,341,JK009270,3037,1133,1471,267,99
633,134,347,Meshkat0014420,3080,651,864,169,100
633,211,347,JK006476,1001,68,207,109,97
633,0,347,ShamAY0036821,1397,672,1012,267,97
633,0,206,ShamAY0036821,1398,264,466,157,98
633,206,351,Shia001171,16,581,727,116,99
633,0,347,JK000373,185,744,1091,273,100
633,941,1357,Meshkat00042485,4325,104,690,246,50
633,1354,1476,Meshkat00042485,4326,563,701,59,47
633,75,347,Shamela0004445,367,912,1184,214,100
633,134,347,Shamela0004445,368,405,924,108,25
633,75,351,JK000375,174,1240,1516,215,99
633,0,206,Shamela0037458,2579,818,1024,160,100
633,206,347,Shamela0037458,2584,370,511,113,100
633,75,347,JK000791,1503,22,294,214,100
633,0,206,JK007018,439,94,438,158,59
633,134,347,JK007018,439,846,1210,157,53
633,0,206,JK009396,921,14,464,156,44
633,146,347,JK009396,922,314,552,124,65
633,58,347,Sham19Y0023608,2496,423,736,223,91
633,75,329,Shamela0009637,4,1038,1292,193,97
633,75,347,Shia003721Vols,278,941,1213,214,100
633,134,347,Shia003721Vols,279,384,900,109,25
633,92,351,Shamela0012034,10,0,260,204,99
633,75,319,Shamela0012034,384,547,791,192,100
633,79,174,Shamela0021537,380,1501,1595,74,98
633,174,347,Shamela0021537,381,0,173,137,100
633,206,347,Shamela0004473,5963,1180,1321,113,100
633,206,347,Shamela0004473,8865,1227,1368,113,100
633,4,347,Sham19Y0145435,5064,320,803,267,70
633,12,347,Shia002356Vols,723,312,630,226,82
633,134,347,JK001496,1349,278,495,169,98
633,4,206,Shamela0008473,3099,829,1361,155,37
633,206,347,Shamela0008473,3101,12,153,113,100
633,1020,1476,Shia002382Vols,1162,129,549,211,47
633,206,347,Shia002382Vols,1166,247,554,113,45
633,206,347,Tafsir07055,921,1036,1177,113,100
633,206,347,Tafsir07055,2963,1303,1444,113,100
633,0,347,Shamela0023591,4804,694,1041,273,100
633,0,206,Shamela0023591,4805,1147,1353,160,100
633,206,347,Shamela0023591,4813,682,823,113,100
633,134,319,JK009266,6301,1387,1571,147,99
633,16,206,Shamela0021821,1147,1025,1362,145,55
633,186,347,Shamela0021821,1148,1067,1295,128,70
633,75,347,Kraken220413194022,3139,1139,1385,150,69
633,4,138,Shia002389Vols,1772,1152,1413,77,38
633,206,347,JK009362,5135,1410,1552,113,99
633,69,347,JK001110,46,947,1225,217,99
633,186,347,JK001420,567,941,1126,125,85
633,12,347,JK006478,6215,1026,1374,229,83
633,97,347,Rafed0003943Vols,1058,690,940,197,100
633,4,347,Shamela0010273,1763,764,1129,237,82
633,75,235,JK000805,3,1389,1548,124,99
633,941,1476,Tafsir01006,917,542,1263,299,49
633,0,347,QuranAnalysis001,136,819,1166,273,100
633,206,347,Rafed0003537Vols,281,1360,1504,113,97
633,0,206,Rafed0001713Vols,1554,45,251,160,100
633,206,347,Rafed0001713Vols,1556,1278,1419,113,100
633,138,299,Shia002374Vols,150,934,1106,118,87
633,160,299,Shia002374Vols,285,1283,1422,109,100
633,160,299,Shia002374Vols,403,343,482,109,100
633,146,347,Zaydiyya0000076BK5,40,0,210,157,94
633,206,347,Zaydiyya0000476,679,76,217,113,100
633,206,347,Zaydiyya0000476,685,36,177,113,100
633,0,138,Shamela0000041,1618,1257,1395,107,100
633,4,299,Shamela0000041,1619,279,1121,229,34
633,0,206,Shamela0023578,2014,137,343,160,100
633,138,347,Shamela0023578,2018,1027,1435,166,51
634,70,406,Shia002356Vols,721,902,1483,141,28
634,282,406,JK001496,1344,990,1309,84,32
634,282,406,Shamela0023591,4801,812,1113,82,34
634,1095,1493,Tafsir08060,338,1226,1496,163,49
634,70,798,Tafsir01006,918,23,1556,345,25
634,90,244,Rafed0001713Vols,1550,587,1395,124,18
634,273,530,Rafed0001713Vols,1551,2,577,170,37
635,572,1010,Shamela0022593,1557,136,813,206,35
635,469,1089,JK000818,373,840,1432,262,43
635,469,623,ShamIbadiyya0000075,555,1129,1421,114,47
635,469,1248,Shia002380Vols,487,19,744,339,43
635,711,969,Tafsir02102,2821,232,675,144,40
635,469,1248,Shia002382Vols,1165,143,1023,383,45
635,469,781,Tafsir01006,920,215,926,160,25
635,469,950,Tafsir06048,695,705,1207,213,42
635,469,781,Rafed0001713Vols,1554,315,1038,162,25
636,1048,1555,Shia001432Vols,3959,76,525,347,81
636,411,712,Shia001432Vols,18713,179,540,179,52
636,1268,1437,Shamela0023632,2370,937,1116,132,91
636,1425,1555,Shamela0023632,2372,270,401,106,99
636,1302,1497,Tafsir03097,1074,953,1429,151,39
636,1048,1555,JK009268,3148,723,1172,347,81
636,1155,1555,Sham19Y0023618,1109,1148,1565,322,93
636,1106,1528,Shamela0023628,2414,14,400,311,90
636,1048,1425,Rafed0003257Vols,3566,385,703,241,75
636,1425,1555,Rafed0003257Vols,3571,1087,1218,106,99
636,1329,1511,Tafsir09083,872,26,674,142,27
636,1310,1454,Sham19Y0020891,3778,389,533,116,100
636,1234,1425,Hindawi019640759,29,1307,1498,155,100
636,1185,1454,JK009270,3042,1145,1412,218,99
636,1234,1454,Meshkat0014420,3082,728,947,178,99
636,1048,1555,ShamAY0036821,1397,937,1378,338,79
636,1258,1555,ShamAY0036821,1399,0,295,238,98
636,1048,1329,JK000373,185,1013,1235,164,67
636,1185,1483,Shamela0012851,139,746,1496,236,38
636,442,712,Shamela0001466,1870,1163,1481,150,51
636,893,1384,Sham19Y0147312,1326,167,867,271,41
636,1425,1555,Shamela0004445,369,786,917,106,99
636,1263,1425,Shamela0004445,369,0,162,131,100
636,1048,1384,Shamela0037458,2584,433,710,208,72
636,549,988,Shamela0037458,2585,31,613,143,24
636,1384,1555,Shamela0037458,2588,394,566,139,99
636,1198,1555,JK000791,1505,316,750,291,82
636,1211,1528,Shamela0000922,817,15,851,158,21
636,1258,1555,JK007018,440,69,629,240,52
636,1048,1425,JK009396,922,474,1245,238,34
636,1425,1555,JK009396,923,303,434,106,99
636,1268,1454,Sham19Y0023608,1415,1124,1310,150,100
636,1185,1425,Sham19Y0023608,2499,807,1111,196,78
636,1384,1555,Sham19Y0023608,2501,160,666,139,33
636,1234,1406,Shamela0001340,128,403,607,139,83
636,1268,1425,Shamela0001340,129,1123,1280,126,99
636,1268,1528,Shamela0001340,132,949,1106,115,55
636,1234,1384,Meshkat00042488,1065,1403,1553,122,100
636,1239,1528,Meshkat00042488,1066,0,865,227,32
636,1425,1555,Shia003721Vols,280,697,828,106,99
636,1310,1511,Rafed0003726Vols,936,415,814,107,28
636,1335,1549,Sham19Y0145435,1135,289,818,151,35
636,1310,1555,Sham19Y0145435,1138,0,502,185,45
636,1234,1425,Sham19Y0145435,5065,1076,1266,155,99
636,1425,1555,Sham19Y0145435,5066,316,447,106,99
636,874,1555,Shia002356Vols,724,213,856,352,56
636,1185,1549,Shia002380Vols,488,398,995,296,60
636,1258,1406,JK001496,1351,1052,1579,117,27
636,1268,1454,Shamela0008473,1986,1062,1248,150,100
636,1268,1467,Shamela0008473,3102,53,250,142,82
636,1425,1555,Shamela0008473,3103,20,151,106,99
636,1356,1549,Shia002382Vols,1167,0,464,155,41
636,1048,1555,Shamela0023591,4804,963,1412,347,81
636,1048,1555,Shamela0023591,4813,745,1194,347,81
636,1198,1425,JK009266,6308,685,948,184,84
636,1425,1555,JK009266,6315,21,152,106,99
636,1268,1528,Shamela0010283,2459,47,579,188,44
636,1302,1454,Tafsir10098,520,680,812,105,86
636,1234,1511,Tafsir10098,920,1403,1677,222,98
636,1198,1425,Shamela0021821,1149,759,1049,185,78
636,1410,1555,Shamela0021821,1150,504,659,114,90
636,1268,1425,JK009362,5141,926,1082,127,99
636,1384,1528,JK001420,568,345,891,98,22
636,1329,1555,JK009257,565,1078,1546,139,36
636,1384,1555,JK006478,6229,1007,1179,139,99
636,1204,1555,Rafed0003943Vols,1059,0,352,286,99
636,1234,1425,Shamela0010273,1768,942,1133,155,100
636,1425,1555,Shamela0010273,1771,166,297,106,99
636,1234,1384,Shamela0007798,6352,555,929,122,40
636,1329,1454,Shamela0007798,6353,822,1177,100,35
636,1253,1555,Tafsir06048,697,684,1206,239,55
636,1268,1454,Sham19Y0020642,298,568,753,150,99
636,893,1384,Sham19Y0014404,894,200,1134,274,32
636,1384,1528,Sham19Y0014404,895,20,455,109,31
636,1211,1555,Masaha000554Vols,3382,689,1056,269,88
636,1048,1487,QuranAnalysis001,136,1088,1467,290,78
636,1234,1555,Rafed0001713Vols,1558,373,695,261,99
636,1234,1384,Tafsir04056,5229,476,1213,122,20
636,1239,1399,Tafsir02094,2440,931,1312,116,36
636,1335,1549,Shamela0009783BK1,310,224,740,141,34
636,1185,1425,Shamela0000041,1620,1208,1478,196,88
636,451,1234,Shamela0000041,1620,418,766,146,19
636,1395,1555,Shamela0000041,1621,656,865,124,73
636,893,1555,Shamela0023578,2019,186,1046,380,46
637,0,905,Shia001432Vols,3959,525,1430,728,100
637,145,383,Shia001432Vols,4007,814,1110,145,64
637,139,377,Shia001432Vols,4032,620,1044,177,53
637,426,630,Shia001432Vols,4033,807,1012,165,99
637,426,733,Shia001432Vols,21913,0,307,249,100
637,0,139,Shamela0023632,2372,401,540,115,100
637,139,390,Shamela0023632,2374,1043,1292,193,98
637,377,563,Shamela0023632,2376,918,1104,152,100
637,563,733,Shamela0023632,2377,497,667,137,100
637,733,905,Shamela0023632,2378,80,252,137,100
637,13,129,Tafsir03097,1075,223,516,96,39
637,302,602,Tafsir03097,1076,299,1092,236,37
637,0,324,JK009268,3148,1172,1495,260,99
637,324,905,JK009268,3149,0,581,468,100
637,36,251,Sham19Y0023618,1110,0,215,173,100
637,251,733,Sham19Y0023618,1111,852,1334,388,100
637,377,534,Sham19Y0023618,1112,502,659,128,100
637,733,905,Sham19Y0023618,1112,1331,1503,137,100
637,101,774,Shamela0023628,2416,836,1558,534,92
637,275,557,Shamela0023628,2417,589,1464,223,31
637,563,905,Shamela0023628,2418,250,1468,270,27
637,0,395,Rafed0003257Vols,3571,1218,1612,317,99
637,395,905,Rafed0003257Vols,3572,0,510,411,100
637,0,139,Sham19Y0020891,3783,1203,1342,115,100
637,377,563,Sham19Y0020891,3793,78,541,152,40
637,563,905,Sham19Y0020891,3794,176,518,274,100
637,118,578,Hindawi019640759,30,312,1492,359,38
637,203,377,JK010001,579,1115,1289,138,100
637,0,139,JK010001,1618,978,1117,115,100
637,377,630,JK010001,3780,182,438,109,41
637,0,280,JK009270,3045,1273,1551,222,98
637,275,563,JK009270,3048,32,321,232,99
637,563,910,JK009270,3051,413,760,275,99
637,733,905,ShamAY0034106,205,26,198,137,100
637,0,139,Meshkat0014420,3084,714,853,115,100
637,139,422,Meshkat0014420,3088,605,887,223,99
637,422,905,Meshkat0014420,3092,207,690,389,100
637,353,626,JK006476,1006,228,632,218,66
637,395,534,Tafsir01005,3785,177,654,113,29
637,733,905,Shamela0006879,1,225,397,137,100
637,197,377,JK000101,572,403,591,128,84
637,139,435,ShamAY0036821,1402,1292,1584,230,97
637,435,905,ShamAY0036821,1403,0,462,366,97
637,295,905,ShamAY0036821,1404,0,601,476,97
637,7,520,Shamela0012851,140,257,1543,410,39
637,523,844,Shamela0012851,141,26,626,257,53
637,139,302,JK000343,882,1051,1212,125,97
637,0,139,Sham19Y0147312,1329,0,139,115,100
637,377,563,Sham19Y0147312,1331,978,1164,152,100
637,673,905,Sham19Y0147312,1333,511,726,160,86
637,0,139,Shamela0004445,369,917,1056,115,100
637,7,333,Shamela0004445,370,671,1641,241,30
637,203,377,Shamela0004445,371,522,825,134,56
637,377,905,Shamela0004445,372,394,922,426,100
637,569,733,Shamela0012769,88,1083,1254,132,95
637,302,563,Sham19Y0013550,381,127,482,174,61
637,87,377,Zaydiyya0000062,1137,748,1044,228,94
637,353,608,Zaydiyya0000062,1139,457,724,201,92
637,572,900,Zaydiyya0000062,1140,512,910,260,80
637,422,658,Shamela0006947,1159,1276,1512,191,100
637,139,383,Shamela0010517,2804,141,387,186,95
637,139,377,Shamela0010517,2807,462,698,185,98
637,383,658,Noorlib0000587,80,32,296,179,76
637,0,190,Shamela0037458,2588,566,756,154,100
637,190,563,Shamela0037458,2592,655,1028,300,100
637,602,905,Shamela0037458,2596,0,303,243,100
637,302,422,Masaha001075,195,744,864,96,100
637,0,139,JK000791,1505,750,889,115,100
637,270,733,JK000791,1510,0,463,373,100
637,708,905,JK000791,1513,96,278,143,91
637,377,510,Noorlib0038508,110,1382,1570,108,70
637,203,353,Noorlib0038508,110,456,683,119,66
637,87,251,Shamela0000922,820,166,714,95,20
637,251,563,Shamela0000922,821,648,1206,212,47
637,563,733,Shamela0000922,822,110,705,137,28
637,139,422,Tafsir07076,328,389,837,190,54
637,139,302,Tafsir07076,8837,938,1099,126,98
637,0,139,JK007018,440,629,768,115,100
637,80,422,JK007018,441,181,607,237,70
637,422,905,JK007018,442,83,569,389,99
637,563,717,Hindawi095926405Vols,1093,1257,1411,124,100
637,1009,1379,JK009396,922,546,1200,168,26
637,0,139,JK009396,923,434,573,115,100
637,95,280,JK009396,924,1349,1572,129,73
637,280,442,JK009396,925,0,160,116,84
637,422,733,JK009396,926,0,311,252,100
637,733,905,JK009396,926,976,1148,137,100
637,0,139,Sham19Y0023608,2501,666,805,115,100
637,139,401,Sham19Y0023608,2503,1343,1604,207,99
637,401,905,Sham19Y0023608,2504,0,504,406,100
637,487,662,Sham19Y0016953Vols,12,1374,1548,142,99
637,551,733,JK000381,5790,0,308,145,58
637,280,644,JK000818,376,0,772,282,45
637,36,190,Meshkat00042488,1067,493,727,124,65
637,275,563,Meshkat00042488,1068,603,891,232,100
637,0,139,Shia003721Vols,280,828,967,115,100
637,7,390,Shia003721Vols,281,504,1515,283,35
637,377,905,Shia003721Vols,283,137,665,425,99
637,139,377,Shamela0021537,845,1171,1409,187,100
637,139,377,Shamela0021537,1513,872,1110,187,100
637,139,390,Shamela0021537,1822,1197,1451,193,96
637,139,383,Shamela0021537,2234,102,349,188,96
637,557,733,Shamela0021537,2261,971,1144,138,97
637,139,377,Shamela0021537,2292,856,1094,187,100
637,275,563,Rafed0003726Vols,927,1004,1593,190,37
637,362,723,Shamela0004473,3448,1229,1585,285,96
637,733,905,Shamela0004473,5979,716,888,137,100
637,479,733,Shamela0004473,7274,1159,1659,207,50
637,139,377,Shamela0004473,16219,261,499,187,100
637,7,658,Shamela0022371,233,962,1514,215,31
637,13,383,Sham19Y0145435,1135,886,1461,238,47
637,383,733,Sham19Y0145435,1136,156,631,221,54
637,139,390,Sham19Y0145435,5067,418,682,192,92
637,395,905,Sham19Y0145435,5068,861,1385,411,97
637,0,251,Shia002356Vols,724,856,1108,202,98
637,251,900,Shia002356Vols,726,928,1572,516,99
637,145,383,Tafsir04038,452,906,1213,146,62
637,395,867,Shia002380Vols,489,633,1541,375,51
637,333,563,JK001496,1356,823,1410,169,35
637,563,905,JK001496,1357,823,1169,274,98
637,608,733,Shamela0008363,387,0,125,101,100
637,123,557,Tafsir02102,2826,625,1544,340,46
637,630,913,Tafsir02102,2827,930,1383,224,61
637,190,377,Shamela0008473,1987,595,779,141,95
637,614,844,Shamela0008473,1990,297,526,182,98
637,139,377,Shamela0008473,2406,928,1273,150,55
637,0,139,Shamela0008473,3103,151,290,115,100
637,29,422,Shamela0008473,3104,828,1427,291,58
637,377,733,Shamela0008473,3106,700,1103,276,84
637,139,377,Shamela0008473,3487,463,983,187,45
637,251,658,Shia002382Vols,1168,332,1334,310,38
637,13,377,MMS00013,2735,760,1318,234,48
637,383,733,MMS00013,2736,68,507,183,43
637,203,377,Tafsir07055,613,960,1134,138,100
637,0,139,Tafsir07055,1684,1011,1150,115,100
637,377,630,Tafsir07055,3889,581,831,109,42
637,0,139,Shamela0023591,4804,1412,1551,115,100
637,0,153,Shamela0023591,4813,1194,1347,119,94
637,139,887,Shamela0023591,4824,778,1525,599,99
637,139,803,Shamela0023591,4825,841,1504,530,99
637,139,422,JK009266,6323,826,1107,222,98
637,563,733,JK009266,6333,666,836,137,100
637,733,905,JK009266,6336,362,534,137,100
637,733,905,AOCP20251104124,1,205,377,137,100
637,395,733,Shamela0010283,2460,0,404,235,70
637,197,383,Shia003749,282,1033,1337,125,52
637,0,139,Shamela0021821,1150,659,798,115,100
637,114,422,Shamela0021821,1152,456,825,242,82
637,353,733,Shamela0021821,1153,569,927,273,88
637,708,905,Shamela0021821,1154,766,948,143,91
637,251,844,Rafed0003793Vols,886,336,950,145,19
637,377,582,JK009362,5154,872,1084,155,89
637,547,733,JK009362,5157,1297,1490,144,93
637,563,844,JK001110,85,180,461,225,100
637,64,251,JK001420,569,31,599,141,31
637,422,905,JK001420,570,185,1324,320,34
637,383,534,JK000911,114,472,625,120,96
637,139,377,Shamela0000107,595,989,1226,186,99
637,139,377,Shamela0000107,600,820,1057,186,99
637,139,377,Shamela0000107,606,748,985,186,99
637,153,534,Zaydiyya0000274,174,401,753,96,22
637,153,534,Zaydiyya0000274,261,1069,1421,96,22
637,29,658,JK009257,566,0,1202,503,51
637,7,377,Sham19Y0023644,429,765,1475,287,50
637,377,733,Sham19Y0023644,430,53,607,286,63
637,194,377,JK006478,6242,0,184,145,99
637,377,563,JK006478,6248,29,217,152,98
637,563,905,JK006478,6251,1076,1422,274,98
637,432,733,Shamela0009789,363,943,1243,234,95
637,280,844,Tafsir08060,341,0,1038,443,53
637,0,251,Rafed0003943Vols,1059,352,603,203,100
637,251,563,Rafed0003943Vols,1060,578,890,251,100
637,563,905,Rafed0003943Vols,1061,322,664,274,100
637,0,377,Shamela0010273,1771,297,674,302,100
637,302,563,Shamela0010273,1775,611,1062,206,56
637,563,905,Shamela0010273,1777,1099,1441,274,100
637,377,733,Sham19Y0014328,357,1197,1553,289,100
637,104,251,Shamela0007798,6360,661,885,116,65
637,377,563,Shamela0007798,6363,978,1164,152,100
637,227,534,Shamela0007798,6364,13,491,210,50
637,479,626,Shamela0007798,6365,1134,1523,114,35
637,139,377,Shamela0012293,302,607,844,186,99
637,87,913,Tafsir06048,698,55,1502,654,56
637,563,733,ShamAY0002038,531,963,1133,137,100
637,446,630,Rafed0003799Vols,32,878,1058,101,63
637,369,658,Meshkat00057178,2501,99,677,228,48
637,29,373,Masaha000554Vols,3386,280,783,254,63
637,353,900,Masaha000554Vols,3391,294,854,415,90
637,0,905,QuranAnalysis001,137,69,974,728,100
637,0,139,Rafed0001713Vols,1558,695,834,115,100
637,114,913,Rafed0001713Vols,1561,206,1041,632,94
637,563,905,Zaydiyya0000476,679,428,824,272,85
637,563,905,Zaydiyya0000476,685,388,784,272,85
637,7,139,Tafsir07057,3488,226,358,109,100
637,426,733,JK006950,94,0,434,246,70
637,13,383,Shamela0009783BK1,310,808,1384,239,48
637,383,733,Shamela0009783BK1,311,79,553,221,54
637,114,275,Shamela0000041,1623,0,161,127,100
637,275,520,Shamela0000041,1623,1291,1535,197,99
637,353,602,Shamela0000041,1624,521,942,202,59
637,691,905,Shamela0000041,1625,568,933,169,58
637,0,542,Shamela0023578,2019,1046,1587,437,99
637,542,1047,Shamela0023578,2020,0,573,378,81
637,353,602,Shamela0023578,2024,73,544,202,52
637,644,913,Shamela0023578,2025,36,808,206,33
638,363,1409,JK000818,375,261,1149,334,31
638,275,864,Shia002382Vols,1167,145,561,208,37
639,623,1297,Shamela0023628,2417,651,1397,224,27
639,1161,1473,Shamela0022593,1566,1205,1417,95,35
639,1106,1520,Meshkat00042485,4364,1026,1505,246,59
639,991,1442,Sham19Y0147312,1331,978,1362,140,27
639,916,1448,JK000818,376,130,535,204,43
639,916,1254,Meshkat00042488,1068,681,838,124,45
639,916,1297,Shia002380Vols,489,433,866,210,48
639,1069,1254,Shamela0008473,3106,567,880,99,33
639,773,1297,Tafsir08060,341,57,399,204,45
639,916,1532,Tafsir06048,698,491,858,205,37
639,1186,1448,Sham19Y0014404,898,665,1269,150,29
639,916,1254,Shamela0000041,1623,1369,1526,124,45
639,782,1520,Shamela0000041,1624,328,808,204,28
640,63,370,Shia001432Vols,3959,1072,1242,136,55
640,946,1336,Shia001432Vols,3959,1313,1547,190,60
640,1374,1537,Shia001432Vols,4075,871,1035,134,99
640,1218,1374,Shamela0023632,2378,1061,1217,125,100
640,1374,1537,Shamela0023632,2381,506,670,134,99
640,63,370,JK009268,3149,223,393,136,55
640,1218,1401,JK009268,3172,1357,1539,147,99
640,1401,1537,JK009268,3173,0,137,112,99
640,1283,1537,Sham19Y0023618,1113,1014,1430,175,50
640,1246,1374,Sham19Y0023618,1113,0,128,103,100
640,1218,1374,Shamela0010551,374,1372,1528,125,100
640,652,1286,Shamela0023628,2418,1201,1535,191,36
640,1286,1537,Shamela0023628,2419,0,252,205,99
640,1361,1537,Shamela0023628,2420,23,570,137,30
640,946,1374,Rafed0003257Vols,3572,393,666,220,63
640,63,370,Rafed0003257Vols,3572,152,322,136,55
640,1326,1537,Rafed0003257Vols,3580,886,1248,172,58
640,79,370,Tafsir09084,1553,1057,1501,163,44
640,1234,1374,Sham19Y0020891,3795,0,140,112,100
640,1361,1537,Sham19Y0020891,3797,954,1155,143,87
640,1218,1350,Hindawi019640759,31,491,626,106,97
640,1218,1350,JK010001,31,426,875,89,24
640,1218,1537,JK009270,3053,818,1136,258,99
640,1223,1374,Shamela0005756,11772,108,260,121,99
640,63,370,Meshkat0014420,3092,332,502,136,55
640,1218,1374,Meshkat0014420,3095,243,399,125,100
640,1361,1537,Meshkat0014420,3097,1026,1200,139,95
640,1218,1392,Sham19Y0016584,3339,1333,1505,125,89
640,946,1286,JK006476,1008,60,251,149,55
640,1166,1469,JK006476,1008,869,1330,234,62
640,1333,1537,JK006476,1009,372,975,156,32
640,1389,1533,JK000912,185,1217,1550,112,41
640,946,1537,ShamAY0036821,1403,351,775,338,70
640,1218,1410,ShamAY0036821,1406,1371,1558,151,97
640,1410,1537,ShamAY0036821,1407,0,125,102,96
640,1350,1537,Sham19Y0147312,1336,341,545,151,89
640,63,370,Shamela0004445,372,564,734,136,55
640,63,370,Shamela0004445,375,307,725,160,43
640,946,1196,Shamela0004445,375,1440,1578,99,48
640,1218,1374,Shamela0004445,395,1282,1438,125,100
640,1374,1537,Shamela0004445,411,1071,1235,134,99
640,946,1136,Sham19Y0014592,427,1216,1535,127,49
640,1218,1374,Sham19Y0018176,1781,770,926,125,100
640,1218,1377,Sham19Y0013550,381,578,1032,125,34
640,1210,1456,Zaydiyya0000062,1141,1123,1371,194,95
640,344,699,Shamela0037458,2597,390,884,162,35
640,1218,1537,Shamela0037458,2598,877,1197,259,99
640,1218,1374,JK000110,1286,1258,1414,125,100
640,1120,1537,JK000791,1513,806,1207,300,85
640,1218,1377,Shamela0000922,822,954,1497,113,26
640,85,587,Shamela0000922,822,291,883,160,25
640,63,370,JK007018,442,210,381,136,54
640,946,1537,JK007018,442,452,1168,352,50
640,1218,1374,Sham19Y0018103,2960,861,1017,125,100
640,1374,1519,Hindawi091480429,429,769,914,119,100
640,946,1333,JK009396,926,1031,1533,190,37
640,63,370,JK009396,926,125,295,136,55
640,1333,1537,JK009396,927,0,411,163,48
640,63,370,Sham19Y0023608,2504,146,316,136,55
640,1218,1472,Sham19Y0023608,2509,1297,1550,206,99
640,1210,1410,Sham19Y0023608,2511,210,1116,156,21
640,1230,1374,Shamela0021715,7260,858,1002,115,100
640,1374,1537,JK000381,5954,846,965,91,68
640,26,1253,JK000818,376,543,1420,362,32
640,536,1377,Meshkat00042488,1070,64,1350,309,24
640,1355,1537,Meshkat00042488,1071,157,349,141,90
640,63,370,Shia003721Vols,283,307,477,136,55
640,125,370,Shia003721Vols,286,10,311,125,48
640,946,1196,Shia003721Vols,286,993,1129,97,48
640,1374,1537,Shia003721Vols,321,1018,1182,134,99
640,311,1503,ShamIbadiyya0000075,560,77,1145,511,40
640,1305,1438,Shamela0004473,13794,21,341,92,35
640,1218,1537,Shamela0022371,234,103,423,128,33
640,63,370,Sham19Y0145435,5068,1027,1197,136,55
640,1218,1374,Sham19Y0145435,5080,1041,1197,125,100
640,1191,1537,Shia002356Vols,728,368,743,273,88
640,26,1002,Shia002380Vols,489,898,1519,306,36
640,1158,1503,Shia002380Vols,490,0,723,273,46
640,1218,1374,PV2024060602,1286,1258,1414,125,100
640,1218,1374,JK001496,1358,216,372,125,100
640,1374,1537,JK001496,1359,22,186,134,98
640,620,1283,Tafsir02091,1326,756,1414,222,29
640,946,1218,Tafsir02102,2827,1204,1402,114,50
640,183,370,Tafsir02102,2827,855,1085,93,49
640,183,426,Shamela0008473,3107,785,1258,168,45
640,594,1120,Shamela0008473,3109,90,788,246,39
640,1218,1374,Shamela0008473,3110,56,212,125,100
640,1377,1537,Shamela0008473,3111,0,161,132,99
640,517,1341,Shia002382Vols,1169,83,749,310,37
640,1218,1350,Tafsir07055,32,242,688,89,25
640,627,1305,Tafsir05047,525,784,1352,221,31
640,63,370,Shamela0023591,4824,1186,1356,136,55
640,1178,1537,Shamela0023591,4825,0,338,273,93
640,1196,1537,Shamela0023591,4834,285,648,270,91
640,1218,1374,JK009266,6339,916,1072,125,100
640,1381,1537,JK009266,6344,805,962,129,99
640,1218,1374,Shamela0021821,1155,486,642,125,100
640,1374,1537,Shamela0021821,1156,156,320,134,99
640,1218,1374,Sham19Y0018106,3099,354,510,125,100
640,1374,1537,JK009362,5162,984,1147,134,98
640,1218,1374,Hindawi092028080,15,834,990,125,100
640,1374,1537,JK000875,201,582,746,134,99
640,1305,1537,JK001420,571,853,1202,172,60
640,1218,1374,JK006478,6256,748,904,125,100
640,1374,1537,JK006478,6260,1383,1547,134,98
640,946,1537,Rafed0003943Vols,1061,547,984,354,73
640,1218,1374,Shamela0010273,1780,939,1095,125,100
640,1374,1519,Shamela0010273,1782,1454,1598,119,99
640,946,1305,Shamela0007798,6368,338,699,142,34
640,1361,1519,Shamela0007798,6370,616,772,124,96
640,311,1269,Tafsir01006,927,369,1129,317,33
640,1283,1503,Tafsir06048,699,259,776,174,41
640,1218,1374,Sham19Y0020642,306,347,503,125,100
640,1218,1374,Sham19Y0013605,3562,596,752,125,100
640,652,1196,Sham19Y0014404,899,770,1480,148,19
640,1283,1537,Sham19Y0014404,900,710,1479,185,29
640,946,1196,Meshkat00057178,2502,1164,1407,102,49
640,1218,1389,Masaha000554Vols,3397,1433,1619,134,89
640,1381,1537,Masaha000554Vols,3400,106,259,123,94
640,946,1537,QuranAnalysis001,137,857,1294,354,73
640,63,370,QuranAnalysis001,137,616,786,136,55
640,1210,1374,Hindawi084602738,163,1135,1299,128,97
640,63,370,Rafed0001713Vols,1561,675,845,136,55
640,517,1392,Rafed0001713Vols,1565,326,1228,371,39
640,1366,1537,Rafed0001713Vols,1566,976,1148,137,97
640,1218,1374,Sham19Y0014579,361,205,361,125,100
640,1381,1537,Tafsir07057,100,360,517,129,99
640,950,1283,Tafsir04056,5241,684,989,147,45
640,1374,1537,JK006950,258,551,670,91,68
640,79,370,Shamela0000041,1624,1235,1495,152,60
640,374,1305,Shamela0000041,1625,290,1020,294,31
640,1283,1537,Shamela0000041,1626,656,951,204,85
640,63,370,Shamela0023578,2020,5,175,136,55
640,482,1537,Shamela0023578,2025,371,1218,478,47
640,1374,1503,Shamela0023578,2027,959,1276,106,40
641,0,508,Shia001432Vols,4075,1035,1543,406,100
641,165,291,Shia001432Vols,4086,1076,1215,100,90
641,52,297,Shamela0023632,2383,944,1189,194,100
641,297,452,Shamela0023632,2386,68,223,124,98
641,0,508,JK009268,3173,137,645,406,100
641,641,1470,Sham19Y0023618,1113,1014,1395,189,25
641,52,508,Sham19Y0023618,1115,4,460,365,100
641,0,297,Shamela0023628,2419,252,549,235,100
641,165,508,Shamela0023628,2421,358,888,276,64
641,0,291,Rafed0003257Vols,3580,1248,1538,230,99
641,291,508,Rafed0003257Vols,3581,0,217,176,100
641,195,345,Rafed0003257Vols,3584,275,1183,113,15
641,165,368,Tafsir09083,878,708,1364,163,30
641,231,415,Tafsir09084,1557,741,1357,127,25
641,165,447,Sham19Y0020891,3805,798,1080,228,100
641,170,326,JK010001,582,433,671,125,64
641,1110,1435,JK010001,1625,390,885,118,21
641,195,326,JK010001,1633,274,404,105,99
641,165,447,JK010001,1635,155,831,168,31
641,8,175,JK009270,3055,1430,1594,130,97
641,297,508,JK009270,3060,890,1101,171,100
641,0,165,Meshkat0014420,3097,1200,1364,130,99
641,165,508,Meshkat0014420,3101,264,606,276,99
641,52,387,JK000865,411,463,1187,260,44
641,52,306,JK006476,1010,441,810,197,67
641,249,379,JK006476,1011,143,326,100,66
641,0,508,ShamAY0036821,1403,775,1277,401,98
641,46,508,ShamAY0036821,1408,224,681,364,98
641,32,387,Shamela0012851,143,351,1244,278,38
641,368,508,JK000343,170,298,438,112,100
641,165,452,Sham19Y0147312,1337,682,1247,229,50
641,52,508,Shamela0004445,419,83,539,365,100
641,195,332,Shamela0022769,953,147,493,105,37
641,195,461,Zaydiyya0000062,1145,738,1008,203,91
641,52,447,Shamela0037458,2602,145,540,317,100
641,52,442,JK000791,1515,1165,1554,313,99
641,165,359,Noorlib0038508,121,1263,1568,155,63
641,165,297,Shamela0000922,823,1206,1351,105,91
641,52,503,JK007018,443,244,694,360,99
641,52,226,JK009396,927,1292,1465,137,99
641,226,503,JK009396,928,0,277,224,100
641,52,503,Sham19Y0023608,2512,478,929,361,100
641,231,387,Sham19Y0023608,2515,218,909,116,20
641,170,297,Sham19Y0095660,1231,729,856,101,100
641,368,503,JK000381,1264,22,157,108,100
641,52,508,JK000381,4184,0,456,365,100
641,165,297,Meshkat00042488,1072,872,1004,105,100
641,52,297,Shia003721Vols,328,1350,1594,194,99
641,297,508,Shia003721Vols,329,0,213,170,98
641,165,379,ShamIbadiyya0000075,561,1042,1614,173,37
641,1086,1260,Rafed0003726Vols,941,1185,1352,83,49
641,52,503,Shamela0004473,9704,546,997,361,100
641,0,297,Shia002356Vols,728,743,1036,232,98
641,313,508,Shia002356Vols,730,0,195,158,100
641,170,297,Tafsir04038,397,1210,1357,101,86
641,195,508,Shia002380Vols,491,0,724,251,43
641,157,447,JK001496,1361,915,1208,230,96
641,52,524,Shamela0008473,3112,576,1040,366,97
641,179,326,Shamela0008473,3113,883,1393,109,26
641,106,407,Shia002382Vols,1172,350,1192,237,34
641,175,387,MMS00013,2744,599,843,170,86
641,52,252,MMS00013,2746,598,977,89,25
641,170,326,Tafsir07055,616,345,582,124,64
641,1110,1435,Tafsir07055,1691,366,865,118,21
641,195,326,Tafsir07055,1699,275,404,104,98
641,165,447,Tafsir07055,1701,145,808,169,32
641,0,503,Shamela0023591,4825,338,841,402,100
641,52,437,Shamela0023591,4839,1160,1544,309,99
641,165,387,JK009266,6351,384,604,179,99
641,165,442,Shia003749,298,624,1139,188,44
641,1110,1470,Shamela0021821,1156,86,285,131,40
641,43,503,Shamela0021821,1157,243,726,368,95
641,129,297,Shia002389Vols,1781,1153,1473,134,52
641,195,297,JK009362,3256,389,491,81,100
641,849,1470,JK001420,571,853,1167,173,32
641,78,527,JK001420,572,10,1002,239,29
641,165,297,JK009257,569,778,938,95,75
641,165,297,Shia001625,66,64,196,105,100
641,120,503,JK006478,6267,64,450,308,98
641,73,387,Tafsir08060,342,511,1152,236,46
641,165,452,Rafed0003943Vols,1062,1255,1541,232,99
641,52,216,Shamela0010273,1784,1348,1511,129,99
641,216,457,Shamela0010273,1785,0,236,188,96
641,56,258,Shamela0007798,6373,1156,1474,160,63
641,297,447,Shamela0007798,6375,262,412,123,100
641,231,387,Shamela0007798,6377,331,481,110,88
641,43,387,Tafsir06048,700,0,787,275,43
641,206,387,Sham19Y0014404,902,0,382,148,47
641,120,508,Rafed0003799Vols,1922,371,758,312,99
641,1110,1299,Meshkat00057178,2504,379,547,92,45
641,52,508,Masaha000554Vols,3403,45,509,361,95
641,249,387,Masaha000554Vols,3405,130,614,113,28
641,0,237,QuranAnalysis001,137,1294,1530,187,99
641,237,508,QuranAnalysis001,138,0,271,219,100
641,43,374,Rafed0001713Vols,1567,1243,1576,262,97
641,374,524,Rafed0001713Vols,1568,0,158,111,89
641,165,297,Tafsir04056,2351,19,151,105,100
641,142,326,Tafsir04056,5247,321,1058,131,22
641,165,291,Tafsir04056,5258,216,355,100,90
641,56,359,Tafsir04056,5260,1061,1451,185,51
641,0,165,Shamela0000041,1627,284,468,130,89
641,252,387,Shamela0000041,1628,0,135,111,100
641,0,303,Shamela0023578,2025,1218,1520,240,99
641,303,508,Shamela0023578,2026,0,205,166,100
641,52,326,Shamela0023578,2028,521,1438,211,29
641,165,326,JK000876,885,382,929,125,28
642,31,349,Shia001432Vols,4075,1011,1117,83,33
642,565,1278,Shia001432Vols,4075,1135,1409,212,37
642,776,1067,Shia001432Vols,4086,1045,1215,106,43
642,565,1073,Shamela0023632,2383,992,1189,152,37
642,565,1278,JK009268,3173,237,511,212,37
642,31,349,JK009268,3173,113,219,83,33
642,565,1278,Sham19Y0023618,1115,52,326,212,37
642,565,1073,Shamela0023628,2419,352,549,152,37
642,31,349,Shamela0023628,2419,228,334,83,33
642,31,698,Shamela0023628,2420,546,1418,282,35
642,31,349,Rafed0003257Vols,3580,1224,1330,83,33
642,804,1278,Sham19Y0020891,3805,798,1007,163,42
642,804,1255,Meshkat00042485,4375,566,1326,265,41
642,702,1278,Shamela0012851,143,554,1255,224,33
642,31,349,Shamela0012851,143,51,423,107,26
642,565,1267,Shamela0004445,419,131,410,212,37
642,26,698,Shamela0022769,952,248,943,210,29
642,878,1242,Shamela0022769,953,140,654,173,40
642,565,1278,Shamela0037458,2602,193,467,212,37
642,565,1278,JK000791,1515,1213,1487,212,37
642,804,1245,Noorlib0038508,121,1263,1571,164,41
642,804,1073,Shamela0000922,823,1219,1351,103,48
642,565,1278,Sham19Y0023608,2512,526,800,212,37
642,786,1073,Sham19Y0095660,1231,719,856,108,47
642,565,1267,JK000381,4184,48,327,212,37
642,889,1249,JK000818,378,0,353,170,48
642,643,1073,Meshkat00042488,1072,646,1004,160,41
642,565,1073,Shia003721Vols,328,1398,1594,152,37
642,804,1278,ShamIbadiyya0000075,561,1042,1610,272,54
642,565,1278,Shamela0004473,9704,594,868,212,37
642,31,349,Shia002356Vols,728,719,824,82,33
642,809,1073,Tafsir04038,397,1210,1357,99,44
642,162,856,Shia002380Vols,490,903,1504,213,28
642,885,1278,Shia002380Vols,491,0,408,227,59
642,565,1267,Shamela0008473,3112,624,903,212,37
642,885,1300,Shamela0008473,3113,896,1538,180,31
642,634,1255,Shia002382Vols,1172,358,1027,320,49
642,814,1278,MMS00013,2744,599,848,159,41
642,31,349,Shamela0023591,4825,314,420,83,33
642,565,1278,Shamela0023591,4825,438,712,212,37
642,565,1278,Shamela0023591,4839,1208,1482,212,37
642,776,1264,Shia003749,298,593,1052,176,33
642,885,1099,JK000458,2223,320,781,133,36
642,565,1278,Shamela0021821,1157,323,597,212,37
642,780,1147,Shamela0021821,1158,3,465,146,36
642,776,1073,Shia002389Vols,1781,1297,1473,111,44
642,885,1073,JK009362,3256,389,491,79,53
642,804,1073,JK009257,569,778,938,100,44
642,804,1073,Shia001625,66,64,196,103,48
642,557,1278,Tafsir08060,342,545,1157,306,48
642,804,1278,Rafed0003943Vols,1062,1255,1464,163,42
642,804,1099,Shamela0010273,1786,1035,1570,178,40
642,170,698,Tafsir01006,929,24,628,208,33
642,804,1099,Tafsir01006,929,1176,1491,169,61
642,31,349,QuranAnalysis001,137,1270,1376,83,33
642,36,253,Rafed0001713Vols,1567,526,769,97,41
642,565,1264,Rafed0001713Vols,1567,1303,1571,211,37
642,804,1300,Rafed0001713Vols,1569,121,1080,296,38
642,804,1073,Tafsir04056,2351,19,151,103,48
642,776,1067,Tafsir04056,5258,185,355,106,43
642,249,990,Shamela0000041,1627,799,1498,307,40
642,565,1073,Shamela0023578,2025,1318,1515,152,37
642,31,349,Shamela0023578,2025,1194,1300,83,33
642,242,1147,Shamela0023578,2028,259,1438,366,33
642,36,521,JK000876,884,800,1432,137,21
643,1203,1336,JK000021,658,114,247,105,100
643,654,921,Shamela0008381,1189,0,268,213,99
643,658,1203,Shia001432Vols,4076,0,545,431,100
643,929,1203,Shia001432Vols,4087,116,722,194,41
643,128,438,Shia001432Vols,4088,167,357,123,47
643,771,925,Shia001432Vols,4095,519,671,96,77
643,509,776,Shamela0023632,2387,617,799,142,67
643,921,1153,Shamela0023632,2389,681,913,183,100
643,1153,1380,Shamela0023632,2392,653,880,179,100
643,834,994,Tafsir03097,1082,705,1263,125,28
643,1064,1336,Tafsir03097,1083,315,1069,208,35
643,1336,1454,Tafsir03097,1084,26,574,96,21
643,509,1456,JK009268,3173,589,1456,678,89
643,645,776,Shia004552Vols,84,136,268,105,99
643,654,1185,JK000637,2252,105,722,184,27
643,509,1203,Sham19Y0023618,1115,404,1016,475,86
643,1203,1456,Sham19Y0023618,1118,891,1145,203,99
643,645,911,Shamela0010551,351,1197,1466,209,97
643,509,1021,Shamela0023628,2421,832,1262,333,81
643,554,730,Shamela0023628,2423,0,310,99,40
643,1021,1369,Shamela0023628,2424,1122,1469,274,99
643,168,708,Tafsir02100,116,478,995,136,28
643,1021,1153,Tafsir02100,117,0,132,104,100
643,509,1203,Rafed0003257Vols,3581,161,773,475,86
643,1203,1456,Rafed0003257Vols,3590,1076,1330,203,99
643,975,1153,Shamela0021570,262,49,249,137,87
643,1336,1456,Zaydiyya0000044,174,899,1020,98,99
643,934,1064,Tafsir09083,880,642,997,100,36
643,1260,1456,Tafsir09083,882,535,1220,155,27
643,654,1153,Tafsir09084,1544,154,791,212,31
643,921,1021,Sham19Y0020891,3810,1266,1366,79,100
643,1021,1153,Sham19Y0020891,3812,1016,1148,104,100
643,1203,1336,Sham19Y0020891,3815,1251,1384,105,100
643,1315,1456,Sham19Y0020891,3818,508,703,115,72
643,1336,1456,Zaydiyya0000013,221,1353,1474,98,99
643,645,838,Tafsir09068,758,824,1363,143,32
643,509,921,JK009270,3060,1045,1368,249,76
643,921,1158,JK009270,3064,420,655,184,98
643,1153,1413,JK009270,3066,98,358,206,100
643,1121,1456,ShamAY0034106,206,437,789,119,30
643,730,943,Meshkat0014420,3105,394,605,169,99
643,987,1203,Meshkat0014420,3109,0,216,170,100
643,1203,1456,Meshkat0014420,3112,804,1058,203,99
643,645,838,JK006476,1012,1077,1282,154,94
643,1002,1310,JK006476,1015,417,821,238,75
643,1263,1380,Shamela0006879,42,687,844,95,74
643,654,1101,Shamela0021765,2054,220,792,165,34
643,645,1456,ShamAY0036821,1409,158,954,625,97
643,645,886,ShamAY0036821,1410,1280,1513,184,95
643,886,1203,ShamAY0036821,1411,0,313,244,98
643,1282,1456,ShamAY0036821,1413,0,171,138,97
643,128,749,Meshkat00042485,4378,416,1078,265,38
643,509,921,JK000343,170,382,713,254,77
643,320,921,Tafsir02104,338,216,734,252,44
643,128,692,Shamela0001466,1890,756,1425,274,46
643,789,1021,Sham19Y0147312,1339,898,1362,161,42
643,1008,1153,Sham19Y0147312,1340,785,971,114,77
643,1203,1336,Sham19Y0147312,1342,966,1099,105,100
643,1319,1456,Sham19Y0147312,1343,777,926,108,89
643,509,1203,Shamela0004445,419,483,1096,475,86
643,645,1121,Shamela0004445,421,517,1453,270,34
643,969,1153,Shamela0004445,450,889,1098,142,86
643,1203,1336,Shamela0004445,2709,995,1128,105,100
643,1236,1380,Shamela0004445,6987,178,322,116,100
643,176,543,Shamela0022769,954,5,384,159,44
643,1226,1454,Tafsir02067,588,551,1090,181,41
643,645,834,Sham19Y0014592,1568,460,647,151,98
643,1336,1456,JK000069,14,1045,1165,97,98
643,645,829,Sham19Y0013550,383,100,482,116,38
643,1021,1164,Sham19Y0013550,385,148,298,108,91
643,771,1148,Zaydiyya0000062,1148,9,728,295,51
643,1143,1375,Zaydiyya0000062,1150,786,1024,177,93
643,916,1021,Shamela0006947,7472,738,843,82,99
643,134,1021,Shamela0037458,2606,387,1363,460,52
643,1021,1404,Shamela0037458,2610,845,1233,291,95
643,407,921,JK000791,1518,86,704,273,46
643,863,1203,JK000791,1519,422,954,262,62
643,1153,1456,JK000791,1521,948,1302,241,85
643,916,1025,Shamela0000922,825,1135,1280,85,74
643,1002,1153,Shamela0000922,826,393,592,119,75
643,1299,1456,Shamela0000922,827,345,967,128,25
643,639,921,JK007018,444,478,754,220,97
643,925,1203,JK007018,445,0,280,218,98
643,1286,1456,JK007018,446,0,171,139,99
643,645,921,JK009396,929,1124,1404,217,97
643,921,1132,JK009396,930,1315,1525,166,99
643,1132,1336,JK009396,931,0,204,160,100
643,1336,1456,JK009396,932,1095,1216,98,99
643,645,1203,Sham19Y0023608,2516,379,940,438,98
643,1203,1456,Sham19Y0023608,2521,757,1011,203,99
643,509,921,JK000381,4184,400,731,254,77
643,320,829,JK000818,378,747,1327,231,45
643,1336,1456,JK000060,80,122,243,97,98
643,521,838,Meshkat00042488,1074,265,665,204,64
643,1021,1153,Meshkat00042488,1075,1202,1334,104,100
643,1336,1456,Meshkat00042488,1077,441,923,98,24
643,1140,1336,Shia003721Vols,195,3,197,115,72
643,509,1203,Shia003721Vols,329,155,770,475,86
643,645,1153,Shia003721Vols,331,124,1046,298,38
643,654,1185,Shia003721Vols,360,243,909,212,33
643,975,1181,JK000485,563,265,501,146,79
643,1226,1336,Sham19Y0145435,5017,0,110,87,100
643,509,1021,Shia002356Vols,730,139,561,331,81
643,975,1456,Shia002356Vols,731,711,1277,374,83
643,82,780,ShamAY0034059,206,307,816,205,31
643,1016,1181,JK000475,2513,0,170,117,88
643,780,1203,Tafsir04038,398,433,1433,308,39
643,1002,1380,Shia002380Vols,492,304,1231,297,40
643,776,1021,Sham19Y0018285,188,981,1268,116,43
643,410,921,JK001496,1363,0,872,277,34
643,1021,1153,JK001496,1364,881,1015,104,98
643,1203,1336,JK001496,1365,1268,1402,105,99
643,943,1153,Tafsir02102,2833,926,1213,166,73
643,645,822,Tafsir02102,2833,35,290,134,66
643,1336,1456,Shamela0008473,2389,562,683,98,99
643,1336,1456,Shamela0008473,2859,1138,1259,98,99
643,654,1185,Shamela0008473,3093,62,712,198,29
643,645,921,Shamela0008473,3115,736,1368,179,33
643,921,1203,Shamela0008473,3116,776,1058,221,100
643,1260,1456,Shamela0008473,3119,1217,1463,159,79
643,1203,1336,Shamela0008473,3119,147,280,105,100
643,1336,1456,JK009265,162,415,536,98,99
643,1153,1433,JK009265,209,1307,1587,222,99
643,289,834,Tafsir05047,528,633,1415,272,35
643,925,1153,Tafsir05047,529,334,1272,151,20
643,168,1064,Shamela0012884,3381,303,1319,231,23
643,645,1059,Shamela0023591,4845,1068,1484,325,98
643,1059,1456,Shamela0023591,4846,0,398,316,99
643,645,1203,Shamela0023591,4848,540,1101,438,98
643,1203,1456,Shamela0023591,4857,458,712,203,99
643,645,838,JK009266,6357,462,650,147,95
643,1021,1208,JK009266,6365,1115,1302,143,98
643,1282,1456,JK009266,6370,0,175,142,99
643,1021,1153,Shamela0010283,2486,1019,1172,104,86
643,354,807,Shamela0021821,1159,642,1436,224,33
643,921,1203,Shamela0021821,1160,753,1035,221,100
643,1240,1456,Shamela0021821,1162,0,596,175,36
643,844,1203,Shia002389Vols,1782,76,965,259,37
643,524,812,Sham19Y0013231,2783,480,1100,177,35
643,1021,1153,Sham19Y0015555,2856,805,943,102,94
643,1272,1456,Tafsir10066,1029,140,754,148,29
643,1021,1153,JK009362,5180,608,742,104,98
643,1203,1336,JK009362,5183,541,675,105,99
643,1340,1456,JK009362,5185,0,117,95,99
643,776,1008,JK001420,572,1172,1521,130,42
643,1021,1153,JK001420,573,426,558,104,100
643,1299,1413,JK001420,574,143,502,93,31
643,829,1064,JK000911,119,804,1071,175,83
643,168,701,Shamela0003118,6907,563,1083,125,26
643,975,1181,Shamela0003118,6908,32,264,143,78
643,921,1203,JK006478,6281,853,1138,219,97
643,1164,1456,JK006478,6286,504,838,230,86
643,658,907,Tafsir08060,343,0,481,198,51
643,1208,1454,Tafsir08060,344,0,599,194,40
643,509,1208,Rafed0003943Vols,1063,0,988,476,56
643,1203,1456,Rafed0003943Vols,1064,680,934,203,99
643,639,929,Shamela0010273,1789,8,300,222,95
643,921,1203,Shamela0010273,1791,1098,1380,221,100
643,1203,1456,Shamela0010273,1795,43,297,203,99
643,307,921,Shamela0007798,398,859,1442,195,32
643,650,921,Shamela0007798,6382,0,564,199,43
643,1002,1203,Shamela0007798,6386,934,1185,157,80
643,1299,1413,Shamela0007798,6390,715,829,93,100
643,128,671,Tafsir01006,930,997,1444,196,37
643,128,921,Tafsir06048,701,390,1084,312,39
643,1008,1153,Sham19Y0014404,904,643,803,114,90
643,1153,1380,Sham19Y0014404,905,580,1406,166,25
643,509,1021,Rafed0003799Vols,1922,702,1127,336,82
643,1021,1153,Meshkat00057178,2511,913,1045,104,100
643,776,1198,Masaha000554Vols,3411,689,1116,318,92
643,1203,1456,Masaha000554Vols,3417,1187,1452,196,90
643,1260,1380,Masaha000554Vols,3419,837,1567,97,16
643,509,1456,QuranAnalysis001,138,215,1082,678,89
643,1203,1336,ShamAY0033729,112,759,892,105,100
643,1203,1336,Rafed0003489,3,149,282,105,100
643,168,1185,JK000916,24096,145,1264,290,23
643,5,616,Rafed0001713Vols,1570,71,1167,260,26
643,921,1203,Rafed0001713Vols,1573,455,737,221,100
643,1203,1456,Rafed0001713Vols,1575,518,772,203,99
643,943,1174,Shamela0000432,4372,44,336,172,74
643,776,1203,Shamela0001463,88,81,273,139,41
643,921,1025,Tafsir04056,5250,133,424,82,35
643,844,1203,Tafsir04056,5258,495,1382,260,37
643,1203,1354,Tafsir04056,5264,572,1362,111,17
643,1260,1380,Tafsir04056,5265,60,472,97,29
643,1260,1413,Tafsir02094,2458,353,652,98,40
643,776,1025,Shamela0000041,1629,1107,1364,194,95
643,886,1153,Shamela0000041,1630,375,1183,210,32
643,1140,1336,Shamela0000041,1631,888,1079,149,97
643,1345,1456,Shamela0000041,1632,0,112,91,99
643,509,1153,Shamela0023578,2026,149,711,437,85
643,320,822,Shamela0023578,2029,627,1333,235,34
643,1121,1456,Shamela0023578,2031,811,1232,267,79
643,1198,1456,Shamela0023578,2032,333,959,204,40
644,362,1027,Shia001432Vols,4088,450,898,207,35
644,6,316,JK009268,3173,631,817,144,58
644,6,316,Sham19Y0023618,1115,446,632,144,58
644,15,316,Shamela0010551,351,1197,1374,141,58
644,6,316,Shamela0023628,2421,874,1060,144,58
644,6,316,Rafed0003257Vols,3581,203,389,144,58
644,1150,1312,Tafsir09084,1559,724,1394,106,20
644,15,316,JK000865,412,127,518,179,53
644,15,239,Tafsir01005,3796,388,702,138,50
644,15,219,Meshkat00042485,4378,841,1110,138,60
644,219,863,Meshkat00042485,4379,710,1383,292,43
644,6,316,JK000343,170,424,610,144,58
644,6,316,Shamela0004445,419,525,711,144,58
644,234,385,Zaydiyya0000062,1148,9,139,65,48
644,6,316,Shamela0037458,2606,978,1164,144,58
644,6,316,JK007018,444,469,655,144,58
644,15,316,Sham19Y0023608,2516,379,556,141,58
644,6,316,JK000381,4184,442,628,144,58
644,15,316,JK000818,378,1008,1320,174,61
644,6,316,Shia003721Vols,329,199,387,143,58
644,6,1136,ShamIbadiyya0000075,562,334,1373,523,48
644,598,986,Shia002380Vols,491,1166,1473,171,48
644,6,463,Shia002380Vols,491,710,1120,232,54
644,6,1038,Tafsir02102,2833,25,988,390,41
644,41,463,Shia002382Vols,1173,0,788,223,32
644,15,316,Shamela0023591,4845,1068,1245,141,58
644,15,316,Shamela0023591,4848,540,717,141,58
644,258,395,JK000458,2227,55,321,61,30
644,15,290,Sham19Y0013231,2783,723,1100,160,47
644,28,343,Tafsir08060,343,0,300,185,62
644,701,1448,Tafsir08060,343,443,1106,201,25
644,6,316,Rafed0003943Vols,1063,42,228,144,58
644,62,1027,Tafsir01006,931,35,1151,477,45
644,258,939,Sham19Y0014404,903,657,1540,165,17
644,6,316,Rafed0003799Vols,1922,744,929,142,57
644,6,316,QuranAnalysis001,138,257,443,144,58
644,15,503,Rafed0001713Vols,1571,185,1078,284,37
644,15,239,Shamela0000041,1629,672,906,147,73
644,598,1130,Shamela0000041,1630,181,772,239,42
644,6,316,Shamela0023578,2026,191,377,144,58
644,6,325,Shamela0023578,2029,851,1341,182,43
644,15,316,JK000876,886,952,1407,189,50
645,167,848,JK000818,379,813,1391,233,38
645,280,1219,Shia002380Vols,492,705,1328,343,39
645,827,1294,Tafsir10066,1029,86,698,167,26
645,698,1520,Tafsir08060,344,0,571,282,40
645,550,1170,Sham19Y0014404,905,580,1406,242,34
645,110,427,Rafed0001713Vols,1574,716,1490,188,29
645,110,920,JK000876,888,307,1395,329,34
645,927,1313,JK000876,889,112,765,193,34
646,79,432,Shia001432Vols,1831,272,625,281,99
646,423,590,Shia001432Vols,2495,186,357,128,93
646,162,379,Shamela0023632,2394,953,1170,173,100
646,162,379,Shamela0000894,439,730,947,173,100
646,88,590,JK009268,3174,0,502,401,100
646,37,335,Sham19Y0023618,1119,297,668,228,77
646,1139,1480,EShia0071807,1544,751,1359,176,33
646,231,637,Shamela0023628,2427,338,744,322,100
646,432,563,JK000102,96,1335,1465,106,99
646,0,274,Rafed0003257Vols,3590,1299,1539,193,87
646,274,590,Rafed0003257Vols,3591,0,316,252,100
646,981,1452,Sham19Y0020891,3822,520,1188,171,29
646,0,213,Zaydiyya0000013,221,1443,1622,146,84
646,503,637,Hindawi019640759,44,0,134,105,100
646,79,370,Tafsir09068,761,539,1236,163,29
646,0,231,JK009270,3069,299,497,160,85
646,198,432,JK009270,3071,1217,1451,166,91
646,432,637,JK009270,3073,502,708,163,99
646,162,432,Meshkat0014420,3115,487,757,215,100
646,432,637,Meshkat0014420,3118,932,1137,163,100
646,0,605,ShamAY0036821,1409,923,1492,451,92
646,0,590,ShamAY0036821,1413,140,695,439,92
646,894,1215,Meshkat00042485,4390,511,952,160,39
646,1169,1489,Meshkat00042485,4391,783,1220,158,36
646,379,590,Sham19Y0147312,1346,403,768,169,57
646,432,637,Sham19Y0013550,385,591,1394,163,25
646,438,632,Zaydiyya0000062,1154,84,614,154,36
646,70,287,Shamela0037458,2614,0,217,174,100
646,287,508,Shamela0037458,2617,664,885,177,100
646,508,637,Shamela0037458,2619,333,462,101,100
646,168,664,JK000791,1523,0,478,351,82
646,162,379,JK007018,446,1277,1520,142,66
646,1123,1393,Zaydiyya0000295Vols,1231,114,698,98,17
646,226,432,JK009396,934,528,734,159,98
646,432,605,JK009396,935,156,325,127,92
646,79,432,Sham19Y0023608,2523,1220,1572,281,99
646,432,590,Sham19Y0023608,2526,1065,1223,127,100
646,231,383,JK000381,5023,1049,1205,120,97
646,764,1455,JK000818,380,799,1427,248,38
646,335,590,Meshkat00042488,1079,69,1077,197,24
646,1117,1466,ShamIbadiyya0000075,565,678,983,154,44
646,30,590,Shia002356Vols,733,82,674,426,90
646,632,1460,Shia002380Vols,493,117,968,303,32
646,182,900,Shamela0008473,3121,0,411,162,23
646,231,432,Shamela0008473,3122,50,251,159,100
646,432,590,Shamela0008473,3123,718,876,127,100
646,22,379,JK009265,210,0,339,271,94
646,0,637,Shamela0023591,4846,367,971,481,94
646,0,609,Shamela0023591,4857,681,1256,449,92
646,0,432,JK009266,6375,145,748,330,67
646,432,590,JK009266,6380,1005,1163,127,100
646,231,432,Shamela0021821,1163,1313,1514,159,100
646,136,432,JK009362,5188,859,1180,232,90
646,162,359,JK001110,46,1314,1510,158,99
646,118,515,JK001420,574,656,1408,249,42
646,79,432,JK006478,6290,685,1039,281,98
646,0,432,Tafsir08060,344,571,1478,308,41
646,118,515,Rafed0003943Vols,1065,130,531,317,98
646,508,637,Rafed0003943Vols,1067,419,548,101,100
646,0,335,Shamela0010273,1795,266,568,241,89
646,432,558,Shamela0010273,1801,1399,1524,102,99
646,432,590,Shamela0007798,6401,359,804,125,35
646,894,1460,Tafsir01006,934,765,1549,267,35
646,335,590,Sham19Y0014404,907,327,1104,137,19
646,0,465,QuranAnalysis001,138,1051,1482,347,92
646,465,637,QuranAnalysis001,139,0,172,135,100
646,79,287,Rafed0003537Vols,424,897,1105,166,99
646,79,747,Rafed0001713Vols,1577,887,1532,386,60
646,894,1077,Rafed0001713Vols,1578,1230,1553,96,33
646,1063,1489,Rafed0001713Vols,1579,36,717,209,32
646,423,616,Zaydiyya0000476,166,673,879,137,82
646,423,616,Zaydiyya0000476,220,414,620,137,82
646,162,590,Shamela0037475,192,208,571,269,78
646,79,508,Tafsir04056,5269,384,913,177,41
646,118,287,Shamela0000041,1632,1065,1234,135,100
646,432,637,Shamela0000041,1634,269,474,163,100
646,0,379,Shamela0023578,2031,1201,1546,276,90
646,379,590,Shamela0023578,2032,0,211,169,100
647,1162,1470,Shia001432Vols,3326,1250,1556,244,99
647,1280,1483,Shamela0023632,2398,959,1162,160,99
647,1162,1506,JK009268,3192,845,1191,275,99
647,1336,1506,Sham19Y0023618,1122,478,648,136,98
647,1162,1336,Shamela0023628,2427,739,914,138,99
647,1336,1506,Shamela0023628,2430,654,824,136,98
647,1162,1506,Rafed0003257Vols,3596,824,1169,274,99
647,1265,1483,Hindawi019640759,44,896,1236,165,61
647,1167,1506,JK009270,3076,401,738,269,98
647,1176,1402,Meshkat0014420,3122,0,224,179,99
647,1280,1483,JK006476,1021,773,1047,157,72
647,1162,1506,ShamAY0036821,1410,28,369,269,96
647,1162,1506,ShamAY0036821,1414,1013,1354,269,96
647,1167,1418,Shamela0012851,150,622,1157,189,45
647,1214,1506,Shamela0004445,96,0,292,231,99
647,1167,1336,Shamela0004445,101,975,1144,134,100
647,1167,1465,JK009158,306,388,706,237,93
647,1218,1483,Sham19Y0013550,386,92,580,159,41
647,1162,1402,Shamela0037458,2619,457,697,190,100
647,1162,1506,JK000791,1526,331,675,274,99
647,1162,1506,JK007018,447,859,1203,273,98
647,1162,1502,JK009396,935,1194,1532,270,99
647,1162,1506,Sham19Y0023608,2528,858,1203,274,99
647,91,847,JK000818,381,0,611,263,37
647,1171,1418,JK000818,381,752,1434,186,34
647,1218,1506,Hindawi036246035,283,1064,1455,228,73
647,1336,1483,Meshkat00042488,1081,618,992,117,38
647,1162,1506,Shia003721Vols,3,601,945,274,99
647,1167,1347,Shia003721Vols,9,635,814,134,94
647,333,886,ShamIbadiyya0000075,566,146,1053,219,26
647,611,930,ShamAY0033108,1131,442,661,103,38
647,1162,1506,Sham19Y0145435,4924,1165,1507,274,98
647,1162,1432,Shia002356Vols,734,1255,1525,215,99
647,1167,1383,Shia002380Vols,494,1286,1501,171,99
647,611,930,Tafsir02091,1337,491,710,103,38
647,1162,1309,Shamela0008473,3124,1254,1400,117,99
647,1309,1506,Shamela0008473,3125,0,197,157,98
647,1167,1478,Shia002382Vols,1179,763,1402,244,47
647,1162,1506,Shamela0023591,4846,966,1311,274,99
647,1162,1506,Shamela0023591,4865,848,1193,274,99
647,1162,1336,JK009266,6383,74,246,137,98
647,1336,1497,ShamIbadiyya0000231,29,1238,1397,128,98
647,1162,1506,Shamela0021821,1165,1026,1371,275,99
647,1018,1483,JK001420,575,270,1217,268,34
647,1336,1506,Hindawi020938505Vols,336,1098,1268,136,98
647,1162,1336,JK006478,6299,852,1028,138,98
647,309,1029,Tafsir08060,345,6,509,221,34
647,1280,1506,Rafed0003943Vols,1068,1053,1280,179,98
647,1162,1483,Shamela0010273,1803,934,1255,255,99
647,313,840,Sham19Y0014404,907,859,1503,186,28
647,1162,1506,QuranAnalysis001,139,167,511,274,99
647,1336,1483,Hindawi047174958,12,1138,1284,117,99
647,1162,1336,Rafed0001713Vols,1581,308,483,138,99
647,1309,1506,Rafed0001713Vols,1583,1326,1537,147,87
647,1162,1506,Tafsir04056,109,558,902,274,99
647,1167,1483,Shamela0009065,262,208,786,210,46
647,611,930,Shamela0000041,1634,988,1522,154,34
647,1280,1483,Shamela0000041,1635,1156,1358,160,99
647,1286,1478,Shamela0000041,1636,14,393,144,46
647,611,1506,Shamela0023578,2034,560,1154,375,48
647,1327,1483,Shamela0023578,2036,759,1024,120,56
647,186,821,JK000876,891,663,1419,228,30
647,1167,1309,Noorlib0010584,3,571,713,113,100
648,380,1204,Shia001432Vols,3326,1255,1552,233,35
648,234,380,Shamela0023632,2401,367,513,117,100
648,0,374,JK009268,3192,1191,1564,299,99
648,0,296,Sham19Y0023618,1122,648,944,237,100
648,0,380,Shamela0023628,2430,824,1204,304,100
648,1128,1411,Shamela0023628,2431,411,805,136,41
648,380,1243,Rafed0003257Vols,3596,829,1140,244,35
648,234,389,Rafed0003257Vols,3604,1026,1179,118,95
648,5,296,JK009270,3079,451,742,233,100
648,234,380,Meshkat0014420,3127,153,299,117,100
648,945,1243,JK006476,1021,845,1042,134,54
648,0,380,ShamAY0036821,1410,369,745,297,98
648,380,1123,Shamela0012851,150,622,1157,194,25
648,535,1243,Shamela0004445,96,4,263,202,36
648,380,1204,JK009158,306,388,706,236,36
648,5,290,Zaydiyya0000062,1158,94,388,226,94
648,380,1099,Shamela0037458,2619,462,697,185,32
648,234,380,Shamela0037458,2627,1219,1365,117,100
648,0,296,JK000791,1526,675,971,237,100
648,995,1364,Shamela0021766,2739,840,1485,226,42
648,380,1204,JK007018,447,864,1162,237,36
648,5,380,JK007018,448,122,859,299,50
648,58,384,Shia003744Vols,229,832,1207,254,85
648,380,1243,JK009396,935,1199,1509,244,35
648,217,380,JK009396,937,76,236,122,93
648,0,272,Sham19Y0023608,2528,1203,1474,217,99
648,5,296,JK000381,3914,1214,1506,233,99
648,384,1123,JK000818,381,752,1434,234,31
648,535,1243,Hindawi036246035,283,1064,1426,202,32
648,995,1456,Meshkat00042488,1081,618,1404,196,28
648,380,1243,Shia003721Vols,3,606,916,244,35
648,159,380,Rafed0003726Vols,934,0,256,165,80
648,380,1137,Shia002356Vols,734,1260,1525,210,34
648,62,380,Shia002356Vols,736,882,1198,252,99
648,374,1042,Shia002380Vols,494,1280,1501,175,32
648,234,380,Shia002380Vols,495,913,1112,117,73
648,483,762,Shamela0008473,3125,727,985,135,49
648,234,380,Shamela0008473,3130,176,638,117,31
648,380,1243,Shamela0023591,4846,971,1282,244,35
648,159,380,Shamela0023591,4847,0,221,178,100
648,0,296,Shamela0023591,4865,1193,1489,237,100
648,5,301,JK009266,6391,1037,1333,234,98
648,380,1243,Shamela0021821,1165,1031,1342,247,35
648,152,380,Shamela0021821,1169,752,1266,178,43
648,93,380,JK001110,85,467,754,230,100
648,380,1243,JK001420,575,423,1212,285,32
648,5,296,JK006478,6308,1017,1312,232,97
648,5,389,Rafed0003943Vols,1072,106,488,301,98
648,66,380,Zaydiyya0000148,42,1111,1425,251,100
648,0,272,Shamela0010273,1807,1238,1509,217,99
648,5,296,Shamela0012293,4859,1036,1327,233,100
648,188,380,Meshkat00057178,2521,953,1464,155,37
648,0,380,QuranAnalysis001,139,511,891,304,100
648,234,352,Tafsir07057,3526,45,453,95,28
648,380,1243,Tafsir04056,109,563,873,244,35
648,234,352,Tafsir04056,5287,856,1332,95,24
648,380,1118,Shamela0009065,262,208,709,206,28
648,973,1411,Shamela0000041,1636,105,741,237,43
648,197,380,Shamela0000041,1638,0,514,148,35
648,0,358,Shamela0023578,2034,1154,1511,286,99
648,234,380,JK000876,894,965,1449,111,28
649,898,1525,Shamela0023632,2401,367,577,168,33
649,898,1525,Rafed0003257Vols,3604,1026,1237,168,33
649,909,1079,Sham19Y0020891,3841,0,342,94,32
649,951,1525,JK009270,3082,342,609,136,27
649,898,1525,Meshkat0014420,3127,153,363,168,33
649,701,1525,ShamAY0036821,1410,508,809,235,35
649,1040,1525,ShamAY0036821,1415,1008,1154,115,29
649,91,412,Meshkat00042485,4400,47,363,136,40
649,783,1525,Shamela0037458,2627,914,1429,230,30
649,1034,1525,JK000791,1530,11,175,121,30
649,1040,1525,JK007018,448,775,923,118,30
649,690,1525,Shia003744Vols,229,915,1370,261,35
649,898,1525,JK009396,937,90,300,168,33
649,951,1525,Sham19Y0023608,2533,1143,1428,155,29
649,0,1079,JK000818,382,286,1236,340,30
649,898,1496,ShamIbadiyya0000075,569,8,358,177,31
649,745,1079,Rafed0003726Vols,934,0,211,124,42
649,701,1079,ShamAY0033108,1134,169,647,178,37
649,690,1525,Shia002356Vols,736,948,1262,249,37
649,690,1485,Shia002380Vols,495,515,1175,295,35
649,1040,1525,JK006896,8,1290,1438,118,30
649,701,1079,Tafsir02091,1340,221,696,180,37
649,893,1525,Shamela0008473,3130,171,702,185,25
649,1014,1525,Shia002382Vols,1181,0,566,159,23
649,745,1525,Shamela0023591,4847,0,285,227,36
649,965,1525,Shamela0023591,4874,664,893,141,31
649,778,1525,JK009266,6394,595,1043,221,31
649,813,1525,Shamela0021821,1169,893,1330,164,22
649,690,1525,JK001110,85,502,818,252,37
649,932,1525,JK006478,6312,736,1082,148,27
649,1040,1525,Shamela0010273,1812,403,551,118,30
649,898,1079,Shamela0007798,6415,521,925,57,14
649,5,412,Tafsir01006,937,863,1293,174,38
649,932,1079,Tafsir06048,709,0,126,72,51
649,1040,1506,Sham19Y0014404,910,67,539,160,29
649,813,1079,Meshkat00057178,2521,962,1419,141,35
649,690,1525,QuranAnalysis001,139,639,955,252,37
649,958,1485,Rafed0001713Vols,1587,540,1291,192,27
649,690,988,ShamAY0035035,3017,592,1005,157,40
649,893,1079,Tafsir07057,3526,40,436,82,21
649,898,1079,Tafsir04056,5287,856,1315,72,17
649,738,1525,Shamela0000041,1638,99,578,246,34
649,202,1434,JK000876,894,33,1461,352,22
650,249,474,Shia001432Vols,2495,377,602,182,100
650,0,249,Shia001432Vols,5237,85,334,203,100
650,868,1293,Shia001432Vols,5243,1199,1541,167,43
650,85,315,Shamela0023632,2403,707,937,186,99
650,0,474,JK009268,3193,70,544,384,99
650,0,315,Sham19Y0023618,1123,1074,1389,255,99
650,0,474,Shamela0023628,2437,43,517,384,99
650,0,358,Rafed0003257Vols,3604,1237,1595,290,99
650,249,474,Sham19Y0020891,3850,1024,1240,87,46
650,0,474,JK009270,3082,609,1083,385,100
650,0,249,Sham19Y0150960,651,209,455,196,96
650,85,474,Meshkat0014420,3130,528,917,316,100
650,188,474,JK006476,1026,0,629,221,42
650,0,497,ShamAY0036821,1410,809,1305,382,94
650,0,396,ShamAY0036821,1415,1154,1547,313,96
650,80,474,Shamela0037458,2630,370,765,319,99
650,249,474,JK000791,1532,637,863,182,99
650,0,474,Shamela0000922,830,31,1007,326,38
650,128,474,JK007018,449,0,348,280,98
650,242,474,JK009396,938,1009,1277,185,85
650,68,249,Sham19Y0023608,2534,0,181,147,99
650,249,474,Sham19Y0023608,2538,181,406,182,100
650,0,209,Shamela0004473,6332,187,396,170,100
650,0,249,JK010729,3,254,503,203,100
650,85,480,Shia002356Vols,738,503,895,315,98
650,474,955,Shia002380Vols,495,1152,1522,200,44
650,249,474,Shia002380Vols,496,1054,1460,182,55
650,592,955,Tafsir02102,2855,587,1128,172,33
650,249,474,Shamela0008473,3134,698,923,182,100
650,474,947,Shia002382Vols,1181,195,633,203,40
650,0,249,Tafsir07055,900,1238,1487,203,100
650,0,474,Shamela0023591,4847,285,759,384,99
650,0,474,Shamela0023591,4874,893,1367,384,99
650,249,425,JK009266,6402,1337,1512,141,99
650,178,474,Shamela0021821,1172,96,575,241,61
650,0,249,JK001110,85,818,1067,203,100
650,178,474,JK001420,577,752,1429,241,43
650,85,474,JK006478,6316,37,430,316,98
650,0,474,Rafed0003943Vols,1073,84,560,384,99
650,249,474,Shamela0010273,1817,711,936,182,100
650,85,315,Shamela0007798,6422,622,1072,187,51
650,474,735,Tafsir01006,938,1159,1569,160,47
650,0,474,QuranAnalysis001,139,955,1429,385,100
650,0,249,Rafed0001713Vols,1588,213,462,202,99
650,178,413,Shamela0000041,1640,281,516,191,100
650,0,474,Shamela0023578,2035,86,560,384,99
651,500,1587,Shia001432Vols,2495,377,900,415,47
651,1410,1587,Shia001432Vols,5559,1156,1332,143,98
651,1397,1538,Shamela0023632,2407,377,518,116,100
651,1231,1587,JK009268,3205,168,610,273,72
651,1344,1587,Sham19Y0023618,1129,573,817,198,99
651,980,1587,Shamela0023628,2439,622,1270,341,52
651,1283,1587,Rafed0003257Vols,3613,409,721,248,97
651,225,389,Tafsir09084,1570,153,393,107,54
651,283,389,Tafsir09084,2326,817,921,81,96
651,980,1344,Sham19Y0020891,3850,1191,1431,127,36
651,1447,1587,Tafsir09068,767,425,802,97,31
651,1306,1541,JK009270,3090,342,578,190,98
651,1283,1587,Meshkat0014420,3134,610,915,248,99
651,1231,1587,ShamAY0036821,1418,1021,1362,256,84
651,818,1410,Zaydiyya0000062,1164,15,953,285,32
651,1410,1587,Zaydiyya0000062,1165,1094,1273,145,98
651,1306,1488,Shamela0006947,19082,404,582,145,97
651,1283,1587,Shamela0037458,2634,62,367,248,99
651,1283,1587,JK000791,1533,395,700,248,99
651,1231,1587,JK007018,449,772,1103,264,90
651,1306,1587,JK009396,939,32,314,229,99
651,1231,1587,Sham19Y0023608,2544,637,996,261,89
651,918,1344,Meshkat00042488,1086,29,589,150,25
651,1410,1580,ShamIbadiyya0000075,571,673,1143,138,36
651,997,1390,ShamIbadiyya0000075,571,7,420,134,26
651,225,389,Shamela0004473,239,849,1137,110,46
651,1344,1538,Sham19Y0030863,19,498,692,158,100
651,1283,1587,Shia002356Vols,740,95,398,245,98
651,82,1038,Shia002380Vols,496,678,1460,315,31
651,1231,1587,Shia002380Vols,497,300,738,280,76
651,225,389,Shamela0008473,3133,1076,1409,110,40
651,1283,1587,Shamela0008473,3136,354,659,248,99
651,1397,1580,Shia002382Vols,1184,0,609,148,29
651,1231,1587,Shamela0023591,4882,1168,1537,266,88
651,1430,1587,Shamela0023591,4885,0,158,128,99
651,1208,1484,JK009266,6406,995,1377,211,68
651,1299,1587,Shamela0021821,1173,182,471,231,98
651,1231,1587,Tafsir07053,75,695,1018,256,88
651,1306,1587,Tafsir07053,79,1093,1375,229,99
651,1231,1410,JK001110,85,1071,1232,118,81
651,988,1484,JK006478,6321,710,1078,217,52
651,1222,1587,Rafed0003943Vols,1074,854,1179,263,87
651,837,1397,Shamela0010273,1819,74,771,230,32
651,1374,1587,Shamela0010273,1820,929,1211,175,75
651,779,988,Tafsir01006,940,1236,1578,136,50
651,266,389,Tafsir09071,648,1358,1479,85,85
651,1397,1538,Sham19Y0014404,912,812,1327,116,27
651,1306,1587,Masaha000554Vols,3446,680,963,226,97
651,500,1374,QuranAnalysis001,139,1204,1508,240,34
651,1374,1587,QuranAnalysis001,140,0,214,175,99
651,1283,1497,Rafed0001713Vols,1593,1132,1339,165,94
651,825,1484,Shamela0000041,1641,3,604,287,42
651,1231,1587,Shamela0023578,2040,957,1289,260,89
651,866,1325,JK000876,897,0,475,166,32
652,65,242,JK000330,268,334,511,146,100
652,0,287,Shia001432Vols,2495,900,1187,235,99
652,22,242,Shia001432Vols,3192,509,728,178,98
652,0,189,Shamela0023632,2408,420,608,151,98
652,0,287,JK009268,3205,610,897,236,100
652,849,1397,Sham19Y0023618,1129,646,809,131,29
652,138,287,Sham19Y0023618,1130,1223,1372,124,100
652,0,313,Shamela0023628,2439,1270,1587,249,93
652,0,287,Rafed0003257Vols,3613,721,1007,233,98
652,14,242,Shamela0001388,45,316,731,83,18
652,916,1397,Tafsir09068,767,421,794,120,22
652,65,299,Tafsir09068,768,482,1407,181,23
652,0,242,JK009270,3094,1244,1486,198,99
652,849,1397,Meshkat0014420,3134,744,907,131,29
652,22,287,Meshkat0014420,3138,23,288,218,100
652,22,242,JK006476,1028,1074,1580,163,39
652,5,246,ShamAY0036821,1418,1368,1604,192,96
652,843,1092,Meshkat00042485,4415,13,280,156,68
652,22,242,Sham19Y0147312,1355,36,256,181,100
652,703,957,Shamela0022769,966,761,1015,157,68
652,849,1397,Zaydiyya0000062,1165,1101,1265,131,29
652,849,1397,Shamela0037458,2634,196,359,131,29
652,22,287,Shamela0037458,2637,1037,1306,218,98
652,0,287,JK000791,1533,700,987,236,100
652,150,287,Shamela0000922,832,468,755,58,20
652,849,1397,JK007018,449,932,1095,131,29
652,65,287,JK007018,450,18,563,180,40
652,65,242,JK009396,940,849,1026,146,100
652,22,287,Sham19Y0023608,2548,390,658,193,87
652,138,306,Meshkat00042488,1088,580,1268,124,21
652,849,1455,ShamIbadiyya0000075,571,680,1192,194,32
652,22,287,Shia002356Vols,741,729,992,214,98
652,0,287,Shia002380Vols,497,738,1289,236,52
652,65,242,Shamela0008473,3139,291,468,145,99
652,684,1455,Shia002382Vols,1184,19,658,245,33
652,912,1092,ShamIbadiyya0000050,3998,413,568,82,55
652,849,1397,Shamela0023591,4882,1366,1529,131,29
652,58,287,Shamela0023591,4883,0,228,186,98
652,0,287,Shamela0023591,4885,158,444,233,98
652,65,287,JK009266,6415,782,1004,182,99
652,849,1397,Shamela0021821,1173,300,463,131,29
652,65,242,Shamela0021821,1174,1069,1246,146,100
652,0,287,Tafsir07053,75,1018,1298,227,96
652,0,242,Tafsir07053,79,1375,1617,198,99
652,0,287,JK001420,579,66,709,198,38
652,9,287,JK006478,6327,314,981,221,39
652,849,1397,Rafed0003943Vols,1074,1008,1171,131,29
652,22,287,Rafed0003943Vols,1075,711,1330,216,42
652,65,287,Shamela0010273,1824,397,618,180,98
652,372,811,Tafsir01006,941,913,1557,183,32
652,824,1455,Tafsir01006,942,14,874,281,35
652,849,1320,Sham19Y0014404,912,832,1374,146,26
652,0,287,QuranAnalysis001,140,214,501,236,100
652,1195,1584,Rafed0001713Vols,1596,121,723,163,31
652,65,293,Tafsir04056,1783,1292,1477,139,75
652,5,287,Shamela0000041,1642,910,1364,230,61
652,0,293,Shamela0023578,2040,1289,1580,238,98
652,793,1455,JK000876,898,353,1133,279,39
653,1286,1509,Shia001432Vols,4685,353,576,182,100
653,119,482,Shia001432Vols,5586,196,522,174,51
653,1345,1509,Shia001432Vols,16765,125,451,124,46
653,1340,1509,Shia001432Vols,17386,156,358,137,83
653,1340,1509,Shia001432Vols,17412,705,1283,87,17
653,1286,1509,Shia001432Vols,24157,981,1216,180,94
653,1376,1551,Shamela0023632,2410,1399,1574,143,99
653,1110,1340,ShamIbadiyya0000193,2625,824,1441,117,23
653,1110,1340,Tafsir09050,2683,947,1590,117,22
653,1036,1617,JK009268,3205,768,1229,361,75
653,1351,1551,Sham19Y0023618,1131,863,1144,160,69
653,582,1427,Shamela0023628,2441,625,1615,347,33
653,1427,1617,Shamela0023628,2442,0,191,154,98
653,1036,1519,Rafed0003257Vols,3613,878,1236,273,68
653,1340,1502,Shamela0023789,708,1291,1452,131,98
653,1286,1509,JK010001,546,724,946,182,99
653,1286,1509,JK010001,3014,1289,1477,134,74
653,1340,1509,JK010001,3016,1313,1481,138,99
653,1257,1519,Meshkat0014420,3140,459,710,190,88
653,202,741,JK006476,1028,1111,1525,134,26
653,1286,1617,ShamAY0036821,1421,215,539,262,96
653,1286,1509,Shamela0037361,25,98,321,182,100
653,119,582,Meshkat00042485,4419,89,519,227,50
653,1138,1304,Meshkat00042485,4422,15,237,106,59
653,1164,1464,Sham19Y0147312,1355,916,1138,182,74
653,1164,1617,Shamela0006947,5871,757,1157,307,78
653,1286,1617,Shamela0037458,2640,535,867,270,99
653,1071,1345,JK000791,1535,1075,1629,158,35
653,1345,1509,JK000791,1536,0,164,134,100
653,1164,1427,Shamela0000922,832,710,1114,153,40
653,1164,1509,JK007018,450,518,786,218,76
653,1290,1427,Zaydiyya0000075BK22,26,710,847,112,100
653,1286,1509,JK010763,55,294,518,182,99
653,1158,1509,JK009396,941,50,324,221,77
653,1286,1509,Sham19Y0023608,2550,694,917,181,99
653,1340,1509,Sham19Y0016953Vols,1619,1062,1231,138,100
653,1286,1509,Sham19Y0016953Vols,1622,929,1152,182,100
653,1074,1617,Shia002356Vols,742,0,765,350,54
653,1290,1502,Zaydiyya0000037Vols,622,826,1037,173,99
653,1286,1509,Tafsir04038,403,1049,1491,176,49
653,1434,1617,Shia002380Vols,498,171,598,149,42
653,1286,1509,JK001496,1384,320,543,182,99
653,1286,1509,JK006896,12,795,1018,182,100
653,11,482,Tafsir02102,2866,800,1386,168,27
653,1286,1551,Tafsir02102,2868,844,1466,212,41
653,1286,1509,Shamela0008473,1910,464,685,180,99
653,1071,1509,Shamela0008473,3140,191,635,273,64
653,690,1138,Shia002382Vols,1184,1336,1513,105,27
653,1138,1484,Shia002382Vols,1185,0,494,243,55
653,1286,1509,MMS00013,817,424,647,182,100
653,1286,1509,MMS00013,1234,568,803,182,94
653,1286,1434,Tafsir07055,579,1439,1586,121,99
653,1286,1509,Tafsir07055,3105,967,1154,136,75
653,1340,1509,Tafsir07055,3107,946,1113,137,98
653,1036,1617,Shamela0023591,4883,99,560,360,75
653,1286,1617,Shamela0023591,4892,932,1264,269,99
653,1195,1509,JK009266,6417,404,804,226,65
653,1286,1509,Shamela0037473BK1,130,1323,1545,181,99
653,1286,1509,Tafsir10098,488,681,902,181,99
653,1065,1509,Shamela0021821,1175,379,892,269,55
653,1286,1509,Tafsir07053,78,1316,1537,181,99
653,1286,1509,Tafsir07053,84,1202,1423,181,99
653,1340,1509,Shia001122Vols,3461,675,1214,86,18
653,1286,1468,Shia002389Vols,1805,1161,1572,143,42
653,1286,1464,JK009362,5232,678,862,145,95
653,1329,1509,Shia001174Vols,1694,439,983,106,23
653,1340,1509,Shia001174Vols,4400,389,926,136,31
653,1286,1509,Rafed0002565Vols,66,634,1317,142,23
653,1357,1509,Rafed0002565Vols,159,1098,1385,118,50
653,1296,1617,JK001420,579,945,1244,167,65
653,1286,1509,JK006478,6329,703,926,182,99
653,1340,1509,PV2024060601,3461,675,1214,86,18
653,1158,1604,Rafed0003943Vols,1075,1279,1648,297,81
653,1286,1509,Shamela0010273,1827,65,288,181,99
653,119,795,Tafsir01006,943,49,897,333,41
653,1071,1434,Sham19Y0014404,914,36,919,243,32
653,1268,1434,Meshkat00057178,2530,821,1442,124,24
653,1036,1617,QuranAnalysis001,140,372,833,361,75
653,202,593,Rafed0001713Vols,1597,120,542,181,43
653,853,1509,Rafed0001713Vols,1598,68,1180,374,37
653,1286,1509,Shia001134,441,189,443,181,87
653,1329,1509,Shamela0006617,231,985,1166,139,95
653,677,1551,Shamela0000041,1643,391,1087,384,45
653,1434,1617,Shamela0000041,1644,339,639,149,61
653,1071,1453,Shamela0023578,2042,1252,1636,225,60
653,1453,1617,Shamela0023578,2043,0,165,134,99
653,1440,1612,Shamela0023578,2044,78,549,139,36
654,52,452,Shia001432Vols,717,459,865,317,98
654,0,269,Shia001432Vols,2495,1305,1573,216,99
654,269,675,Shia001432Vols,2496,0,406,320,99
654,153,388,Shamela0023632,2413,220,455,181,97
654,153,671,JK009268,3214,1053,1571,413,100
654,153,384,Sham19Y0023618,1132,1262,1492,181,98
654,671,1544,Shamela0023628,2442,471,1605,324,28
654,0,280,Shamela0023628,2442,191,471,224,99
654,351,671,Shamela0023628,2446,0,320,257,100
654,52,255,Rafed0003257Vols,3625,1449,1651,164,99
654,255,452,Rafed0003257Vols,3626,0,197,153,98
654,280,384,Sham19Y0020891,3886,1087,1191,82,100
654,153,280,JK000100,474,996,1123,101,100
654,153,607,JK009270,3104,540,994,362,100
654,255,607,ShamAY0034106,208,477,1106,226,43
654,153,452,Meshkat0014420,3145,846,1145,236,100
654,143,641,ShamAY0036821,1422,1080,1578,391,98
654,163,348,JK000081,1191,0,185,145,99
654,135,303,Sham19Y0147312,1357,820,988,118,82
654,280,452,Sham19Y0147312,1359,78,250,135,100
654,280,452,Shamela0011074,20,1219,1421,104,65
654,280,384,Shamela0011074,38,699,803,82,100
654,52,384,Shamela0037458,2644,651,983,266,100
654,384,611,Shamela0037458,2648,1304,1530,182,99
654,384,671,JK000791,1539,179,466,230,100
654,280,384,Shamela0000922,834,799,903,82,100
654,280,671,JK007018,451,995,1387,312,99
654,153,303,JK009396,942,1181,1335,113,88
654,280,671,JK009396,943,838,1229,312,100
654,273,671,Sham19Y0023608,2555,0,398,317,99
654,0,252,JK000381,528,1360,1611,204,99
654,280,398,Meshkat00042488,1092,544,661,87,94
654,725,1058,ShamIbadiyya0000075,572,911,1406,218,51
654,129,312,Shia002356Vols,743,1465,1650,140,94
654,312,671,Shia002356Vols,744,0,358,286,99
654,273,587,Shia002380Vols,499,123,648,249,59
654,153,280,Shamela0008363,232,811,938,101,100
654,153,303,Shamela0008473,3142,1122,1285,111,86
654,280,464,Shamela0008473,3143,581,767,138,94
654,280,384,Shamela0022869,220,409,513,82,100
654,280,444,Shamela0003055,3010,837,1050,98,59
654,280,384,Shamela0003055,3028,798,902,82,100
654,280,452,Shamela0012884,3422,339,663,135,53
654,0,671,Shamela0023591,4883,560,1231,536,99
654,153,671,Shamela0023591,4898,323,841,411,99
654,153,452,JK009266,6425,462,792,223,86
654,153,303,Shamela0021821,1178,1176,1332,113,86
654,187,452,Shamela0021821,1180,522,771,164,79
654,348,671,Shamela0021821,1181,118,424,209,80
654,31,671,Tafsir07053,76,0,634,500,97
654,153,452,Tafsir07053,88,1289,1588,236,100
654,280,671,Tafsir07053,90,569,1549,312,39
654,0,671,JK001110,47,174,845,538,100
654,280,384,JK001420,581,156,260,82,100
654,153,452,JK006478,6334,806,1109,233,96
654,153,280,JK000082,374,1467,1594,100,99
654,102,526,Tafsir08060,348,617,1596,246,29
654,0,187,Rafed0003943Vols,1076,848,1035,152,100
654,190,498,Rafed0003943Vols,1077,0,308,243,99
654,52,452,Shamela0010273,1831,1164,1569,317,98
654,252,384,Shamela0007798,6439,559,779,103,59
654,221,358,Sham19Y0014404,915,1242,1548,108,44
654,228,384,Meshkat00057178,2534,6,193,122,82
654,0,671,QuranAnalysis001,140,833,1504,538,100
654,109,384,Rafed0001713Vols,1602,485,870,213,69
654,348,671,Rafed0001713Vols,1605,131,558,259,75
654,42,384,Shamela0000041,1645,306,850,264,61
654,348,688,Shamela0000041,1646,332,666,264,97
654,0,1027,Shamela0023578,2043,165,1227,684,73
655,218,737,Meshkat00042485,4427,36,301,146,34
655,737,885,Meshkat00042485,4428,562,767,101,59
655,542,1064,ShamIbadiyya0000075,573,860,1656,220,26
655,392,1079,Shia002382Vols,1186,341,1255,216,22
655,508,1064,Tafsir01006,945,222,1158,275,31
656,341,776,ShamIbadiyya0000075,574,869,1495,241,43
656,955,1517,ShamIbadiyya0000075,575,71,923,291,38
656,650,1298,Shia002382Vols,1188,43,915,323,39
656,917,1517,Tafsir01006,947,0,1191,330,32
656,1114,1446,Rafed0001713Vols,1605,1094,1556,118,27
656,0,665,Shamela0000041,1645,1095,1535,144,24
657,252,524,Shia001432Vols,539,1064,1336,222,100
657,767,984,Shia001432Vols,1773,538,741,146,85
657,349,524,Shamela0023632,2417,14,189,143,100
657,633,804,Shamela0023632,2418,1259,1430,139,100
657,804,996,Shamela0023632,2420,1356,1548,154,100
657,767,936,ShamIbadiyya0000193,2646,447,640,136,87
657,767,936,Tafsir09050,2704,1236,1425,136,89
657,272,1005,JK009268,3215,0,733,596,100
657,89,517,Sham19Y0023618,1133,1250,1578,267,76
657,633,824,Sham19Y0023618,1135,1246,1450,151,91
657,804,996,Sham19Y0023618,1136,328,520,154,100
657,312,445,JK000146,91,1258,1391,108,100
657,89,524,Shamela0023628,2446,256,592,273,77
657,524,857,Shamela0023628,2448,1321,1653,270,99
657,252,524,Rafed0003257Vols,3633,1063,1335,222,100
657,524,722,Rafed0003257Vols,3637,605,803,161,100
657,722,996,Rafed0003257Vols,3639,43,317,221,100
657,419,638,JK009270,3111,1285,1504,177,99
657,633,941,JK009270,3114,219,528,247,99
657,349,633,Meshkat0014420,3152,432,716,232,100
657,633,936,Meshkat0014420,3155,1203,1506,245,100
657,734,936,JK006476,1037,1125,1336,163,95
657,243,638,ShamAY0036821,1424,888,1278,307,95
657,633,831,ShamAY0036821,1425,1371,1567,155,96
657,831,1005,ShamAY0036821,1426,0,174,141,100
657,0,302,Meshkat00042485,4439,553,909,155,51
657,500,741,Shamela0012851,166,489,994,182,44
657,561,722,Sham19Y0147312,1363,139,298,125,95
657,633,881,Sham19Y0147312,1363,683,955,171,76
657,406,626,Zaydiyya0000062,1176,230,474,180,88
657,633,874,Zaydiyya0000062,1177,658,905,194,96
657,371,654,Shamela0037458,2651,0,283,224,97
657,696,1028,Shamela0037458,2655,0,335,261,96
657,252,524,JK000791,1540,94,366,222,100
657,524,726,JK000791,1541,1134,1332,161,98
657,669,1005,JK000791,1542,442,868,272,78
657,524,881,Shamela0000922,836,300,1395,197,21
657,252,524,JK007018,452,252,523,220,98
657,633,936,JK007018,453,203,510,245,98
657,252,524,JK009396,944,440,712,222,100
657,633,936,JK009396,946,276,579,245,100
657,252,524,Sham19Y0023608,2559,519,791,222,100
657,524,722,Sham19Y0023608,2563,1092,1290,161,100
657,722,1013,Sham19Y0023608,2566,28,321,227,95
657,349,534,Meshkat00042488,1094,307,944,149,28
657,767,936,Meshkat00042488,1096,806,975,136,100
657,349,633,Shia002356Vols,746,438,722,232,100
657,633,936,Shia002356Vols,747,368,671,244,99
657,459,1005,Shia002380Vols,500,41,907,441,62
657,574,722,Tafsir02102,2881,359,941,121,25
657,89,524,Shamela0008473,3144,709,1227,276,55
657,722,936,Shamela0008473,3149,936,1463,173,40
657,312,593,Shia002382Vols,1191,721,1377,217,41
657,89,601,Shamela0023591,4883,1167,1579,335,80
657,601,996,Shamela0023591,4884,0,395,320,100
657,243,633,Shamela0023591,4905,1128,1515,314,98
657,633,996,Shamela0023591,4911,693,1056,293,100
657,252,524,JK009266,6436,695,967,222,100
657,524,722,JK009266,6445,768,966,161,100
657,722,1010,JK009266,6448,901,1190,231,98
657,89,524,Shamela0021821,1181,1049,1525,305,72
657,741,936,Shamela0021821,1184,1163,1390,158,85
657,89,633,Tafsir07053,76,571,1010,351,79
657,252,524,Tafsir07053,91,1229,1501,222,100
657,445,633,Tafsir07053,94,89,693,153,31
657,767,936,JK009362,5265,1131,1301,136,99
657,89,633,JK001110,47,781,1226,362,81
657,524,896,JK001420,582,539,1168,301,59
657,252,524,JK006478,6351,1094,1368,221,98
657,524,726,JK006478,6361,1283,1486,161,96
657,722,1005,JK006478,6364,651,937,229,98
657,89,574,Rafed0003943Vols,1077,1072,1458,313,79
657,574,722,Rafed0003943Vols,1078,621,769,121,100
657,722,1010,Rafed0003943Vols,1079,101,667,230,50
657,252,542,Shamela0010273,1838,1009,1298,223,94
657,633,996,Shamela0010273,1844,30,393,293,100
657,252,524,Zaydiyya0000075BK1,15,33,305,222,100
657,524,726,Sham19Y0014404,918,584,1278,157,27
657,633,929,Masaha000554Vols,3475,495,799,233,94
657,334,1005,QuranAnalysis001,141,0,671,545,100
657,252,524,Rafed0003537Vols,282,0,272,222,100
657,0,524,Rafed0001713Vols,1606,491,1411,336,45
657,705,936,Rafed0001713Vols,1610,1090,1328,179,93
657,312,510,Tafsir02094,2488,155,334,145,90
657,553,705,Tafsir02094,2491,874,1139,117,54
657,500,767,Shamela0000041,1648,913,1171,204,94
657,93,996,Shamela0023578,2045,670,1557,660,84
657,1386,1586,JK000876,904,675,1187,81,18
658,444,708,JK000865,421,86,411,142,46
658,181,888,Shamela0022769,973,646,1399,287,35
658,469,1061,JK007018,452,1073,1549,129,20
658,1322,1597,ShamIbadiyya0000075,578,39,419,134,38
658,176,561,Shia002380Vols,499,1293,1510,140,41
658,646,1429,Shia002380Vols,500,73,567,257,33
658,188,568,Sham19Y0014404,917,1366,1559,135,43
659,818,950,Shia001432Vols,717,979,1111,103,98
659,44,510,Shia001432Vols,1773,538,707,136,36
659,818,1405,Shia001432Vols,2496,620,964,270,56
659,818,1365,Shia001432Vols,22068,896,1139,180,40
659,749,1025,Shia001432Vols,24157,1234,1517,220,96
659,818,1050,Shamela0023632,2421,991,1223,187,100
659,1050,1166,Shamela0023632,2422,919,1035,93,100
659,1166,1405,Shamela0023632,2423,396,635,196,100
659,27,1405,JK009268,3215,486,1320,668,59
659,121,1405,Sham19Y0023618,1136,328,1115,630,60
659,216,950,Shamela0023628,2449,0,279,222,37
659,849,1405,Shamela0023628,2451,24,846,450,67
659,27,1269,Rafed0003257Vols,3639,79,776,555,55
659,950,1199,Tafsir09083,898,684,1632,198,25
659,862,1135,Sham19Y0020891,3908,910,1400,171,44
659,1018,1166,Sham19Y0020891,3909,1248,1381,105,88
659,121,510,Tafsir09068,775,1180,1579,141,34
659,831,1058,Tafsir09068,776,494,1120,177,34
659,27,510,JK009270,3114,345,523,142,36
659,749,1053,JK009270,3116,905,1206,243,99
659,1050,1351,JK009270,3118,1227,1525,243,99
659,818,1036,ShamAY0034106,210,1059,1467,153,47
659,27,510,Meshkat0014420,3155,1328,1506,142,36
659,749,1107,Meshkat0014420,3158,1068,1426,289,100
659,1107,1405,Meshkat0014420,3161,802,1099,243,99
659,196,1036,JK006476,1038,320,1066,361,43
659,950,1191,JK006476,1039,164,583,181,53
659,190,950,ShamAY0036821,1426,0,305,243,39
659,950,1405,ShamAY0036821,1427,638,1086,360,96
659,44,361,Meshkat00042485,4450,77,457,191,53
659,187,643,Tafsir02104,348,46,304,163,43
659,27,634,Sham19Y0147312,1363,832,1511,231,30
659,818,1050,Sham19Y0147312,1364,704,936,187,100
659,1053,1320,Shamela0022769,976,775,1512,213,35
659,856,993,Tafsir04040,1542,687,824,109,100
659,121,943,Zaydiyya0000062,1178,978,1590,309,38
659,884,1280,Zaydiyya0000062,1179,866,1422,311,68
659,27,643,Shamela0037458,2655,62,309,193,38
659,925,1107,Shamela0037458,2658,0,182,148,100
659,1093,1408,Shamela0037458,2660,67,399,253,93
659,27,643,JK000791,1542,621,868,193,38
659,749,1107,JK000791,1543,1015,1446,289,83
659,23,325,Shamela0021766,2768,479,1107,178,32
659,478,1269,Shamela0000922,837,0,1030,342,32
659,27,1225,JK007018,453,332,1574,533,42
659,27,510,JK009396,946,401,579,142,36
659,749,950,JK009396,946,1286,1487,161,100
659,950,1405,JK009396,947,398,1188,367,57
659,27,634,Sham19Y0023608,2566,64,302,185,38
659,121,510,Sham19Y0023608,2567,916,1505,145,25
659,818,1269,Sham19Y0023608,2568,810,1261,363,100
659,44,517,Meshkat00042488,1096,806,983,140,36
659,849,1107,Meshkat00042488,1097,0,1361,201,18
659,44,496,ShamIbadiyya0000075,578,466,942,232,46
659,881,1262,ShamIbadiyya0000075,579,77,1294,304,30
659,52,550,ShamAY0033108,1146,931,1467,182,30
659,27,510,Shia002356Vols,747,493,671,142,36
659,749,1107,Shia002356Vols,748,673,1031,289,100
659,1003,1405,Shia002356Vols,749,291,755,278,69
659,121,471,ShamAY0034059,3868,743,1415,191,31
659,27,1199,Shia002380Vols,500,604,1524,534,46
659,862,1050,JK001496,1396,14,430,142,42
659,52,517,Tafsir02091,1352,1034,1492,162,29
659,27,510,Shamela0008473,3149,1285,1463,142,36
659,749,950,Shamela0008473,3150,747,948,161,100
659,932,1269,Shamela0008473,3151,440,784,272,97
659,27,534,Shia002382Vols,1192,894,1183,187,41
659,1107,1405,Shia002382Vols,1194,279,927,194,36
659,818,950,ShamAY0036031,95,655,954,105,44
659,881,1107,Shamela0012884,3429,244,629,150,48
659,27,1405,Shamela0023591,4884,157,990,666,59
659,27,950,Shamela0023591,4911,818,1196,300,40
659,950,1405,Shamela0023591,4916,1088,1543,371,100
659,27,643,JK009266,6448,938,1185,193,38
659,749,1050,JK009266,6452,825,1225,240,74
659,1050,1203,JK009266,6454,1394,1544,123,98
659,27,510,Shamela0021821,1184,1200,1390,142,36
659,749,950,Shamela0021821,1185,506,707,161,100
659,950,1269,Shamela0021821,1186,208,527,258,100
659,44,510,JK009362,5265,1131,1301,136,36
659,881,1269,JK001420,583,6,634,268,53
659,27,643,JK006478,6364,689,937,193,38
659,517,1050,JK006478,6367,1025,1494,252,47
659,1050,1269,JK006478,6370,227,445,176,99
659,849,1300,Tafsir08060,350,0,896,354,49
659,27,634,Rafed0003943Vols,1079,137,654,195,29
659,818,1269,Rafed0003943Vols,1079,1133,1583,363,99
659,1269,1461,Rafed0003943Vols,1080,0,460,115,27
659,27,634,Shamela0010273,1844,155,393,185,38
659,749,1464,Shamela0010273,1847,70,706,278,35
659,1050,1269,Shamela0010273,1850,615,834,176,100
659,121,510,Shamela0007798,6455,983,1523,135,25
659,70,478,Tafsir01006,950,0,631,213,36
659,44,849,Sham19Y0014404,919,720,1614,280,29
659,818,1166,Sham19Y0014404,920,65,1475,249,21
659,856,1050,Meshkat00057178,2540,762,972,152,90
659,749,1036,Masaha000554Vols,3477,1330,1623,230,96
659,27,1405,QuranAnalysis001,141,424,1258,668,59
659,27,510,Rafed0001713Vols,1610,1150,1328,142,36
659,44,331,Rafed0001713Vols,1611,1004,1422,168,44
659,749,1548,Rafed0001713Vols,1612,565,1315,330,39
659,1041,1155,Rafed0001713Vols,1613,1499,1612,92,99
659,818,1405,Zaydiyya0000476,526,766,1101,167,30
659,818,1405,Zaydiyya0000476,573,498,833,167,30
659,818,993,Tafsir04056,5345,172,1020,140,20
659,1050,1217,Tafsir04056,5346,426,885,135,36
659,749,1470,Shamela0000041,1650,328,897,291,39
659,1036,1269,Shamela0000041,1651,53,293,188,97
659,27,634,Shamela0023578,2045,1319,1557,185,38
659,824,1405,Shamela0023578,2046,0,581,472,100
659,183,1036,Shamela0023578,2048,765,1574,340,35
660,147,736,Sham19Y0020891,3908,1049,1302,127,25
660,631,1340,JK000865,422,841,1546,252,35
660,1007,1136,Shamela0001466,1934,474,703,90,48
660,144,430,JK000465,2539,409,918,95,20
660,137,722,Meshkat00042488,1097,432,1091,166,24
660,39,1408,ShamIbadiyya0000075,579,0,1294,478,35
660,6,817,Shia002380Vols,500,1005,1404,238,34
660,294,1444,Shia002382Vols,1193,22,1305,433,32
660,452,736,JK000458,2273,877,1440,142,29
660,452,1340,Tafsir01006,951,103,1459,431,37
660,6,137,Rafed0001713Vols,1612,1356,1495,93,83
660,631,1088,Rafed0001713Vols,1613,1028,1612,160,23
660,6,495,JK000876,907,795,1424,178,30
661,640,871,Shamela0006626,11,173,722,174,39
661,1081,1248,Shamela0008381,758,953,1120,139,100
661,321,998,Shia001432Vols,3562,869,1545,551,99
661,998,1248,Shia001432Vols,3563,0,249,204,99
661,479,685,Shia001432Vols,3612,0,206,168,100
661,1393,1519,Shia001432Vols,3678,0,126,104,100
661,7,260,Shia001432Vols,22077,543,708,97,42
661,829,1164,Shia001432Vols,28797,0,326,214,73
661,321,685,Shamela0023632,2424,950,1314,296,100
661,685,852,Shamela0023632,2425,1397,1563,136,99
661,896,1198,Shamela0023632,2427,651,952,245,99
661,1393,1519,Shamela0023632,2430,1421,1547,104,100
661,640,940,Sham19Y0011326,100,1057,1549,236,58
661,482,685,Tafsir03097,1106,0,888,163,22
661,852,1128,Tafsir03097,1107,274,1124,220,31
661,321,537,JK009268,3234,1446,1661,174,99
661,537,1519,JK009268,3235,0,982,808,100
661,321,566,Sham19Y0023618,1137,1392,1636,198,99
661,685,896,Sham19Y0023618,1138,1321,1531,169,98
661,566,685,Sham19Y0023618,1138,0,417,98,28
661,896,1198,Sham19Y0023618,1139,1229,1530,245,99
661,1123,1519,Sham19Y0023618,1141,798,1355,322,69
661,943,1057,Zaydiyya0000413Vols,660,995,1109,91,100
661,0,640,Shamela0023628,2451,726,1165,359,68
661,640,1123,Shamela0023628,2455,662,1143,389,99
661,1198,1519,Shamela0023628,2461,664,1031,268,87
661,640,1198,Hindawi013961474,22,254,864,173,25
661,0,1393,Rafed0003257Vols,3642,383,1573,974,85
661,1393,1519,Rafed0003257Vols,3652,1315,1441,104,100
661,118,492,Sham19Y0020891,3913,1036,1453,212,55
661,985,1198,Sham19Y0020891,3926,68,471,173,52
661,1340,1519,Sham19Y0020891,3930,246,426,117,78
661,321,640,Hindawi019640759,18,1142,1460,258,99
661,492,766,Tafsir09068,779,307,1481,221,23
661,766,1111,Tafsir09068,780,314,1667,276,25
661,321,598,JK010001,1447,546,823,224,100
661,598,796,JK010001,1448,1353,1550,162,99
661,796,1081,JK010001,1449,0,284,231,99
661,321,492,JK010001,3161,116,287,138,100
661,321,492,JK009270,3122,418,589,138,100
661,492,809,JK009270,3124,632,949,259,100
661,809,1164,JK009270,3126,1227,1577,286,98
661,1295,1519,JK009270,3132,483,707,187,100
661,321,530,Meshkat0014420,3165,73,282,169,100
661,530,766,Meshkat0014420,3166,1133,1369,193,100
661,766,985,Meshkat0014420,3168,1223,1441,179,99
661,985,1198,Meshkat0014420,3171,384,596,173,99
661,1198,1519,Meshkat0014420,3173,932,1253,268,100
661,360,685,Shia001137,234,1280,1605,260,98
661,852,1198,ShamAY0036821,1431,0,340,275,97
661,345,492,Shia001171,22,0,147,118,100
661,848,1081,Shamela0029677,820,750,1010,188,89
661,0,260,Meshkat00042485,4457,133,501,173,55
661,1493,1666,Meshkat00042485,4458,230,498,105,49
661,685,940,Shamela0012851,172,253,662,206,61
661,530,727,Sham19Y0147312,1367,1136,1329,139,86
661,118,530,Sham19Y0147312,1367,88,497,223,56
661,985,1295,Sham19Y0147312,1370,176,709,254,57
661,1399,1519,Sham19Y0147312,1371,0,120,99,100
661,321,479,Shamela0004445,203,1383,1540,128,99
661,479,1198,Shamela0004445,204,0,717,586,99
661,640,960,Shamela0004445,206,122,1493,219,19
661,367,640,Sham19Y0014592,1589,1269,1556,210,86
661,640,896,Sham19Y0014592,1590,1111,1510,178,51
661,871,1164,Sham19Y0014592,1591,8,298,216,91
661,1393,1519,Sham19Y0014592,1614,778,904,104,100
661,423,598,Sham19Y0013550,392,524,729,112,68
661,453,727,Zaydiyya0000062,1183,312,597,218,92
661,727,989,Zaydiyya0000062,1185,108,374,208,92
661,698,1081,Sham19Y0132524,2419,376,1179,267,41
661,321,640,Shamela0037458,2663,391,710,259,100
661,647,985,Shamela0037458,2666,0,338,276,100
661,960,1295,Shamela0037458,2669,1069,1493,274,79
661,260,685,JK000791,1546,546,1034,341,85
661,673,896,JK000791,1548,192,415,173,94
661,896,1081,JK000791,1551,621,806,149,100
661,1081,1393,JK000791,1552,815,1127,261,100
661,374,640,Noorlib0038508,60,887,1433,215,48
661,653,896,Noorlib0038508,61,0,573,189,40
661,871,1038,JK007004,204,1113,1356,135,68
661,321,530,Shamela0022712,257,686,863,136,78
661,0,423,Shamela0000922,838,238,785,173,39
661,1198,1484,Shamela0000922,840,472,961,236,57
661,321,598,Tafsir07076,4885,319,596,224,100
661,1074,1248,Tafsir07076,6217,254,424,140,96
661,889,1081,Tafsir07076,8435,24,389,152,51
661,0,896,JK007018,454,204,1198,558,57
661,1198,1519,JK007018,455,1280,1604,268,98
661,880,1198,JK007018,455,6,698,253,44
661,640,896,Shamela0009823,224,587,1340,200,32
661,896,1156,Shamela0009823,225,839,1465,182,35
661,0,487,JK009396,947,1068,1645,237,37
661,487,914,JK009396,948,0,746,335,55
661,896,1081,JK009396,949,138,323,149,100
661,1198,1519,JK009396,950,642,963,268,100
661,321,685,Sham19Y0023608,2574,645,1009,296,100
661,685,985,Sham19Y0023608,2578,668,966,241,98
661,985,1198,Sham19Y0023608,2580,772,985,173,100
661,1198,1399,Sham19Y0023608,2581,1440,1640,169,99
661,1399,1519,Sham19Y0023608,2582,0,120,99,100
661,370,785,Sham19Y0016953Vols,816,1171,1579,333,98
661,785,1081,Sham19Y0016953Vols,817,0,296,240,100
661,685,1041,Meshkat00042488,1101,82,1557,277,23
661,1393,1519,Meshkat00042488,1104,956,1420,104,27
661,321,581,Shia003721Vols,114,1277,1537,210,100
661,586,1198,Shia003721Vols,115,0,612,500,100
661,640,953,Shia003721Vols,117,324,1604,216,20
661,332,598,JK000894,10,214,446,159,71
661,416,1198,Shamela0004473,11108,0,820,638,95
661,815,1393,Shamela0004473,11109,250,1207,369,45
661,315,492,Shamela0004473,11336,230,407,139,97
661,598,1081,Shamela0004473,11870,346,1210,393,55
661,896,1081,Sham19Y0030863,43,1082,1482,149,46
661,1081,1393,Sham19Y0030863,44,295,810,261,60
661,321,883,Hindawi091929150,57,987,1550,457,99
661,883,1295,Hindawi091929150,58,0,414,338,99
661,640,896,Hindawi091929150,151,963,1114,106,50
661,1069,1322,Shamela0012828,5,666,918,205,97
661,940,1081,Sham19Y0145435,148,1129,1399,112,52
661,321,673,Sham19Y0145435,4968,1217,1568,286,99
661,673,1198,Sham19Y0145435,4969,0,523,428,99
661,640,809,Sham19Y0145435,4971,144,751,106,20
661,260,766,Shia002356Vols,750,99,610,378,90
661,766,1198,Shia002356Vols,751,895,1320,346,98
661,1164,1538,Shia002356Vols,753,276,658,288,89
661,0,896,Shia002380Vols,501,96,1113,625,68
661,1140,1519,Shia002380Vols,502,483,1066,299,60
661,152,492,JK001496,1398,487,931,202,50
661,482,685,JK001496,1399,747,1514,158,25
661,1336,1519,JK001496,1405,266,438,137,88
661,640,985,Tafsir02102,1605,150,392,183,63
661,653,802,Tafsir02102,2887,289,780,116,29
661,160,598,Shamela0008473,3154,572,1114,306,66
661,598,896,Shamela0008473,3156,38,336,244,100
661,896,1081,Shamela0008473,3158,264,449,149,100
661,1198,1538,Shamela0008473,3161,86,435,275,94
661,1519,1666,Shia002382Vols,1194,941,1134,97,63
661,0,461,Shia002382Vols,1194,637,1305,284,45
661,620,896,Shia002382Vols,1195,168,594,216,62
661,1277,1612,Shia002382Vols,1199,477,1193,212,34
661,321,598,Tafsir07055,1510,792,1069,224,100
661,598,1081,Tafsir07055,1512,39,520,392,99
661,321,492,Tafsir07055,3249,939,1110,138,100
661,321,1519,Shamela0023591,4921,138,1334,978,99
661,321,678,Shamela0023591,4923,1234,1590,290,99
661,685,1081,Shamela0023591,4929,864,1258,317,98
661,1081,1206,Shamela0023591,4933,1484,1608,104,99
661,1206,1519,Shamela0023591,4934,0,313,261,100
661,213,598,JK009266,6460,66,629,284,61
661,598,766,JK009266,6464,951,1119,138,100
661,766,1081,JK009266,6469,496,809,254,99
661,1081,1248,JK009266,6474,536,701,138,98
661,1393,1519,JK009266,6482,369,495,104,100
661,640,896,Shamela0010283,2397,1183,1562,184,60
661,921,1123,Shamela0010283,2398,0,319,159,61
661,1393,1519,Shamela0010283,2410,0,126,104,100
661,647,1038,Tafsir10098,1305,1063,1541,251,65
661,393,598,Shamela0021821,1189,0,204,166,99
661,530,896,Shamela0021821,1189,1152,1555,298,90
661,871,1081,Shamela0021821,1191,463,731,170,78
661,1198,1519,Shamela0021821,1193,622,943,268,100
661,837,1152,Shamela0012318,242,0,324,136,37
661,943,1081,Rafed0000185Vols,96,478,693,106,60
661,321,1045,Rafed0000185Vols,1031,862,1578,579,98
661,1045,1198,Rafed0000185Vols,1032,0,153,126,100
661,1393,1530,Tafsir10066,1060,1001,1523,106,24
661,321,640,JK009362,5282,591,926,258,94
661,640,809,JK009362,5287,152,323,138,98
661,809,1081,JK009362,5288,990,1289,217,89
661,1393,1552,JK009362,5297,67,241,129,89
661,321,505,JK000367,364,1367,1550,149,99
661,505,685,JK000367,365,0,180,147,100
661,360,685,Shia001148,116,877,1204,260,97
661,691,1081,Shamela0001585,273,614,1130,289,69
661,1123,1484,Shamela0007853,45,437,652,178,59
661,530,685,JK001420,584,201,448,94,46
661,940,1375,JK001420,585,78,621,237,50
661,332,598,Shamela0022653,10,239,470,158,70
661,667,1081,JK000911,60,13,907,296,41
661,809,1131,Shia003986,296,848,1402,254,56
661,367,685,Zaydiyya0000274,178,894,1144,138,43
661,367,685,Zaydiyya0000274,266,17,267,138,43
661,685,940,Sham19Y0023644,260,1054,1642,188,39
661,321,530,JK006478,6375,737,949,168,97
661,492,766,JK006478,6377,981,1376,224,69
661,766,1081,JK006478,6381,539,857,254,98
661,685,1198,Tafsir08060,351,148,1161,369,44
661,321,852,Rafed0003943Vols,1081,1085,1615,432,99
661,1123,1519,Rafed0003943Vols,1083,94,490,330,100
661,321,598,Shamela0010273,1854,0,277,224,100
661,598,1081,Shamela0010273,1856,67,548,389,99
661,653,1198,Shamela0010273,1859,1216,1628,137,23
661,1393,1519,Shamela0010273,1866,476,602,104,100
661,386,598,Zaydiyya0000075BK1,20,627,838,171,99
661,423,685,Shamela0007798,6465,505,1562,213,24
661,0,345,Tafsir01006,952,197,746,240,51
661,985,1164,Shamela0012293,762,1168,1346,144,99
661,321,640,Tafsir06048,720,353,969,258,51
661,1322,1519,Sham19Y0014404,928,15,684,164,29
661,367,586,Meshkat00057178,2544,1316,1601,175,75
661,492,685,Meshkat00057178,2545,269,914,158,29
661,960,1164,Meshkat00057178,2549,187,724,164,37
661,1264,1519,Meshkat00057178,2552,424,878,202,52
661,940,1123,Masaha000554Vols,2711,7,233,108,56
661,321,678,Masaha000554Vols,3484,517,880,277,91
661,0,657,QuranAnalysis001,141,1138,1593,373,69
661,657,1519,QuranAnalysis001,142,0,862,709,100
661,492,1180,Hindawi084602738,151,1193,1570,309,54
661,0,492,Rafed0001713Vols,1615,679,1622,373,47
661,492,685,Rafed0001713Vols,1617,704,897,158,100
661,772,989,Rafed0001713Vols,1619,0,297,170,68
661,985,1393,Rafed0001713Vols,1621,34,442,337,100
661,1336,1519,Rafed0001713Vols,1624,152,489,152,54
661,321,572,Shamela0030868,131,1172,1423,203,100
661,640,1108,Tafsir04056,2652,705,1594,327,44
661,1393,1519,Tafsir04056,3934,716,842,104,100
661,940,1428,Shamela0009065,265,1037,1506,97,16
661,352,640,Shamela0000041,1652,990,1302,234,92
661,640,809,Shamela0000041,1653,1216,1385,138,100
661,896,1123,Shamela0000041,1655,391,735,179,64
661,1271,1519,Shamela0000041,1659,1203,1590,207,64
661,160,1295,Shamela0023578,2050,356,1480,862,90
661,367,766,Shamela0023578,2051,8,551,250,54
661,1264,1519,Shamela0023578,2057,666,938,195,86
662,460,822,Shia001432Vols,3569,25,325,168,53
662,131,746,Meshkat0014420,3166,415,1243,214,25
662,156,589,Meshkat00042485,4459,898,1427,233,43
662,460,756,Meshkat00042485,4460,1114,1599,142,34
662,360,680,Shamela0037458,2665,247,978,167,26
662,259,827,Shamela0021766,2775,0,1343,286,25
662,86,721,ShamIbadiyya0000075,580,518,1287,328,45
662,0,746,Shia002380Vols,501,462,773,229,37
662,290,589,JK001496,1399,583,1105,140,30
662,0,539,Shia002382Vols,1194,1134,1587,230,46
662,360,1168,Tafsir01006,953,66,1270,406,37
662,7,756,Sham19Y0014404,922,35,1016,208,18
662,212,491,Meshkat00057178,2545,24,424,130,41
662,360,680,Rafed0001713Vols,1617,704,1358,164,29
662,218,360,Rafed0001713Vols,1617,36,189,112,90
662,251,702,JK000876,910,5,658,232,38
663,0,741,Masaha001961Vols,160,732,1272,213,28
663,273,712,Meshkat00042485,4467,1062,1515,230,49
663,273,600,Meshkat00042485,4468,347,1078,131,19
663,1273,1384,Kraken220413202218,986,386,513,84,82
663,325,1096,Shamela0037458,2669,580,1378,281,30
663,1268,1384,JK000791,1553,409,541,88,83
663,0,625,Shia002380Vols,501,1043,1604,243,38
663,0,822,Shia002382Vols,1195,523,1336,322,38
663,0,715,Tafsir08060,351,409,870,205,32
663,273,675,Shamela0010273,1858,857,1533,190,30
663,347,834,Sham19Y0014404,925,8,609,194,33
663,273,625,Rafed0001713Vols,1620,890,1399,179,38
664,831,967,Shia001432Vols,3458,345,481,112,100
664,1183,1324,Shia001432Vols,4352,441,581,114,99
664,1080,1242,Shia001432Vols,18798,44,205,133,99
664,831,1406,Shia001432Vols,29000,419,575,117,25
664,627,872,Shamela0023632,2430,1421,1587,132,65
664,1141,1265,Shamela0023632,2436,0,124,98,97
664,1261,1460,Shamela0023632,2437,197,396,161,100
664,831,1631,Sham19Y0011326,65,1123,1499,241,35
664,831,1406,Rafed0000040Vols,1685,488,644,117,25
664,98,1529,JK009268,3235,661,1677,829,70
664,1183,1324,Hindawi028570502Vols,5178,1300,1441,115,100
664,98,894,Sham19Y0023618,1141,1034,1418,314,47
664,894,1460,Sham19Y0023618,1142,685,1249,462,99
664,98,1128,Shamela0023628,2461,664,1326,511,60
664,471,1042,Shamela0023628,2462,5,1226,381,37
664,1128,1261,Shamela0023628,2465,97,230,109,100
664,627,967,Rafed0003257Vols,3652,1315,1577,207,74
664,967,1324,Rafed0003257Vols,3655,59,414,291,99
664,1261,1631,Rafed0003257Vols,3659,507,1103,299,62
664,822,1080,Tafsir09083,905,7,804,213,32
664,668,960,Tafsir09084,1589,26,751,182,28
664,627,967,Sham19Y0020891,3930,300,716,207,51
664,1183,1324,Sham19Y0020891,3934,916,1057,115,100
664,415,967,Tafsir09068,781,1021,1656,246,43
664,1128,1324,Tafsir09068,783,431,1073,160,30
664,1080,1324,JK010001,2957,800,1500,136,24
664,831,967,JK010001,3484,751,887,112,100
664,447,1128,JK009270,3132,483,1004,423,75
664,1128,1366,JK009270,3136,1313,1550,193,99
664,1366,1631,JK009270,3137,0,266,215,99
664,98,831,Meshkat0014420,3173,932,1253,263,43
664,831,1183,Meshkat0014420,3175,430,782,290,100
664,1183,1538,Meshkat0014420,3180,496,851,290,100
664,489,1080,JK006476,1047,897,1428,321,58
664,1128,1324,JK006476,1050,1023,1225,160,97
664,668,1324,ShamAY0036821,1433,6,584,464,86
664,1324,1631,ShamAY0036821,1435,180,480,239,96
664,1183,1324,JK000373,248,587,728,115,100
664,537,815,Meshkat00042485,4474,908,1398,198,49
664,1375,1538,Shamela0001466,1962,1172,1336,134,99
664,633,1192,Sham19Y0147312,1371,0,1036,376,41
664,1146,1538,Sham19Y0147312,1372,533,1535,298,36
664,1058,1324,Shamela0004445,541,608,928,217,82
664,840,1631,Sham19Y0014592,1124,0,382,297,46
664,496,960,Zaydiyya0000062,1189,954,1459,270,55
664,770,1254,Zaydiyya0000062,1190,275,1162,393,53
664,1261,1542,Zaydiyya0000062,1193,370,658,226,94
664,749,1051,Shamela0037458,2673,0,276,222,89
664,1042,1324,Shamela0037458,2675,167,449,232,100
664,1324,1551,Shamela0037458,2679,1232,1461,181,96
664,770,1295,JK000791,1555,782,1620,413,59
664,1287,1538,JK000791,1558,1181,1504,205,77
664,295,1042,Shamela0000922,840,578,1374,306,34
664,1042,1183,Shamela0000922,841,471,896,117,33
664,1204,1501,Shamela0000922,842,136,917,215,33
664,98,831,JK007018,455,1280,1604,263,42
664,831,1324,JK007018,456,613,1205,402,82
664,98,831,JK009396,950,624,963,261,43
664,627,1324,JK009396,951,384,1579,477,47
664,878,1324,Sham19Y0023608,2584,850,1515,345,60
664,657,894,Meshkat00042488,1104,1173,1613,163,43
664,1261,1460,Meshkat00042488,1107,859,1360,161,39
664,1356,1538,Meshkat00042488,1108,734,1197,150,39
664,831,967,Shia003721Vols,53,1040,1176,112,100
664,1058,1287,Shia003721Vols,450,1293,1557,187,85
664,36,496,ShamIbadiyya0000075,582,978,1613,222,35
664,831,1109,ShamIbadiyya0000075,583,994,1509,229,53
664,1287,1582,ShamIbadiyya0000075,584,718,1484,225,36
664,831,967,Shamela0004473,12827,663,799,112,100
664,447,967,ShamAY0033108,1154,625,1614,307,35
664,831,967,Sham19Y0145435,4935,375,511,112,100
664,1058,1324,Sham19Y0145435,5101,964,1267,218,87
664,1183,1317,Kraken210622021811,142,72,285,108,61
664,779,1042,Shia002356Vols,753,1402,1650,196,90
664,1183,1439,Shia002356Vols,754,1390,1643,205,98
664,1042,1183,Shia002356Vols,754,0,137,113,97
664,98,1080,Shia002380Vols,502,606,1365,486,52
664,510,1183,JK001496,1405,266,1165,415,49
664,1183,1324,JK001496,1407,428,571,115,98
664,1183,1324,JK001496,1418,470,613,115,98
664,668,1042,Tafsir02102,2891,641,1513,264,35
664,98,831,Shamela0008473,3161,86,407,263,43
664,383,967,Shamela0008473,3162,0,794,339,45
664,1001,1324,Shamela0008473,3163,0,322,264,99
664,288,1080,Shia002382Vols,1199,334,1567,472,41
664,1080,1324,Tafsir07055,3049,528,1292,150,24
664,831,967,Tafsir07055,3575,1062,1198,112,100
664,98,1161,Shamela0023591,4921,1013,1661,529,60
664,1161,1631,Shamela0023591,4922,0,471,381,99
664,377,1324,Shamela0023591,4934,52,804,610,78
664,1324,1631,Shamela0023591,4945,279,587,248,99
664,902,1324,JK009266,6484,328,823,347,85
664,36,471,JK000458,2284,316,1192,227,30
664,661,931,JK000458,2285,214,953,181,29
664,1058,1219,Hindawi018502737,122,1367,1528,131,98
664,98,831,Shamela0021821,1193,622,943,263,43
664,496,1324,Shamela0021821,1194,5,1181,533,52
664,831,967,JK009362,5297,1270,1407,112,99
664,627,1460,Shamela0007853,45,561,851,226,33
664,872,1128,JK001420,585,1064,1524,200,51
664,1103,1562,JK001420,586,114,1041,236,29
664,905,1324,JK006478,6394,578,1099,326,74
664,1042,1261,Rafed0003943Vols,1083,1455,1672,180,99
664,98,1042,Rafed0003943Vols,1083,169,700,431,55
664,1324,1538,Rafed0003943Vols,1084,779,993,175,100
664,627,967,Shamela0010273,1866,476,738,207,74
664,967,1324,Shamela0010273,1867,1010,1365,291,99
664,770,967,Shamela0007798,6481,741,946,136,80
664,633,1042,Sham19Y0014404,928,420,1316,286,37
664,1080,1261,Sham19Y0014404,930,497,1293,144,22
664,1375,1631,Sham19Y0014404,932,196,1321,200,22
664,1128,1317,Masaha000554Vols,3507,6,519,150,35
664,98,1628,QuranAnalysis001,142,541,1658,909,72
664,1183,1324,Rafed0003489,334,431,572,115,100
664,28,219,Rafed0001713Vols,1623,32,546,134,31
664,510,967,Rafed0001713Vols,1624,152,1300,315,32
664,931,1324,Rafed0001713Vols,1625,326,808,321,80
664,749,1042,Tafsir04042,1447,134,981,224,32
664,831,1406,Tafsir07057,370,6,242,99,20
664,1128,1261,Shamela0000041,1663,244,377,109,100
664,135,1324,Shamela0023578,2057,199,1429,680,54
664,744,1023,Shamela0023578,2058,116,555,205,53
664,1242,1631,Shamela0023578,2060,733,1273,314,72
664,657,1063,JK000876,914,572,1567,277,33
665,0,231,Shia004673Vols,1129,793,1024,187,98
665,60,225,Shia001432Vols,4438,1150,1315,135,100
665,60,225,Shamela0023632,2443,565,730,135,100
665,225,370,Shamela0023632,2444,30,175,120,100
665,0,293,JK009268,3236,103,396,242,100
665,24,293,Sham19Y0023618,1147,1033,1371,222,79
665,1214,1357,Shamela0023628,2463,1041,1205,101,72
665,70,334,Shamela0023628,2482,0,264,217,100
665,0,293,Rafed0003257Vols,3659,1103,1396,242,100
665,449,1195,Tafsir09084,1589,320,1223,333,35
665,46,225,Sham19Y0020891,3941,1174,1380,144,85
665,60,225,JK000100,347,751,916,135,100
665,60,284,Tafsir09068,785,1135,1601,184,47
665,60,293,JK009270,3143,805,1038,192,100
665,225,370,Meshkat0014420,3189,567,712,120,100
665,12,214,JK006476,1057,693,1041,166,58
665,0,293,ShamAY0036821,1435,480,767,234,96
665,123,293,Sham19Y0147312,1374,0,531,141,32
665,60,225,Shamela0004445,571,997,1162,135,100
665,0,225,Sham19Y0014592,1124,382,607,185,100
665,114,326,Zaydiyya0000062,1197,327,542,175,98
665,1067,1393,Shamela0037458,2675,0,241,129,45
665,0,225,Shamela0037458,2684,220,445,185,100
665,225,370,Shamela0037458,2688,191,336,120,100
665,51,334,JK000791,1565,633,916,233,100
665,60,225,Shamela0009702,194,750,915,135,100
665,114,293,Shamela0000922,843,1059,1539,149,37
665,60,225,JK007018,459,738,903,135,100
665,60,250,JK009396,959,108,290,138,89
665,231,370,Sham19Y0023608,2593,232,751,112,26
665,79,293,Meshkat00042488,1110,5,782,174,27
665,60,293,Shia003721Vols,506,1197,1430,192,100
665,225,370,Rafed0003726Vols,970,840,1205,71,22
665,51,225,Shamela0004473,9210,1020,1194,140,96
665,60,225,Sham19Y0145435,5104,1163,1328,135,100
665,60,207,Sham19Y0145435,5118,1375,1521,120,99
665,0,225,Shia002356Vols,755,1264,1488,184,99
665,225,370,Shia002356Vols,756,1310,1455,119,98
665,12,306,Shia002380Vols,504,947,1465,242,56
665,60,225,JK001496,1410,259,424,135,100
665,60,225,Shamela0008473,3180,1167,1332,135,100
665,0,157,Shamela0003055,705,585,742,128,100
665,0,370,Shamela0023591,4922,471,841,305,100
665,0,293,Shamela0023591,4945,587,880,242,100
665,1214,1393,Tafsir10098,962,313,512,71,31
665,51,225,Shamela0021821,1200,370,544,143,100
665,1008,1357,JK000484,6582,413,1118,189,32
665,114,293,JK001420,587,258,519,149,68
665,1008,1275,JK000911,142,1103,1412,115,41
665,114,370,Rafed0003943Vols,1089,866,1122,212,100
665,60,225,Shamela0010273,1883,40,205,135,100
665,60,225,Shamela0007798,6529,174,339,135,100
665,1214,1407,Sham19Y0014404,930,332,547,139,76
665,60,293,Sham19Y0014404,935,65,815,180,29
665,0,370,QuranAnalysis001,143,4,374,305,100
665,1214,1357,Shamela0000041,1661,1087,1222,101,86
665,60,334,Shamela0000041,1683,272,646,225,73
665,0,264,Shamela0023578,2060,1273,1536,217,99
666,844,1399,Shamela0005455,18,0,367,260,56
666,93,800,Tafsir08060,352,619,1009,182,28
667,601,1001,Tafsir09083,909,763,1377,143,23
667,333,965,Meshkat00042485,4498,201,804,275,43
667,601,1474,JK000791,1565,165,846,257,27
667,647,1478,ShamIbadiyya0000075,585,61,906,296,35
667,74,597,Shia002380Vols,504,36,484,218,46
667,623,1474,Shia002380Vols,504,801,1394,297,40
667,116,736,Shia002382Vols,1203,818,1415,288,48
667,921,1338,Shia002382Vols,1205,33,367,181,50
667,306,647,JK000458,2291,907,1529,200,37
667,216,712,Tafsir08060,352,1266,1529,140,33
667,607,965,Shamela0010273,1881,437,928,132,29
667,306,965,Tafsir01006,959,395,1021,280,42
667,965,1365,Tafsir01006,960,98,558,193,47
667,700,1474,Tafsir06048,730,433,1183,243,30
667,965,1365,Sham19Y0014404,935,65,632,160,28
667,306,564,Rafed0001713Vols,1631,528,820,149,59
667,965,1365,Tafsir04056,5367,364,1075,173,26
667,830,1227,JK000876,918,22,833,149,20
668,665,1215,Shia001432Vols,717,1128,1376,184,42
668,523,665,Shia001432Vols,1732,1127,1269,112,100
668,658,889,Shia001432Vols,2321,106,343,181,94
668,1039,1420,Shia001432Vols,2496,978,1363,296,96
668,523,665,Shamela0023632,2445,1288,1430,112,100
668,762,957,Shamela0023632,2448,647,842,159,100
668,1278,1408,Shamela0023632,2451,899,1029,104,100
668,401,1408,JK009268,3268,229,1227,802,99
668,842,1094,Sham19Y0023618,1150,1290,1541,205,99
668,570,842,Sham19Y0023618,1150,110,382,216,100
668,1184,1408,Sham19Y0023618,1152,0,224,179,100
668,407,795,Shamela0023628,2484,0,379,302,97
668,795,1179,Shamela0023628,2488,231,612,300,95
668,1229,1408,Shamela0023628,2491,0,179,143,100
668,401,795,Rafed0003257Vols,3667,313,698,307,97
668,762,1039,Rafed0003257Vols,3672,1002,1343,218,77
668,1039,1408,Rafed0003257Vols,3675,37,406,296,100
668,1165,1359,Tafsir09084,1603,214,1091,142,20
668,1162,1355,Sham19Y0020891,3962,1332,1505,122,79
668,762,912,Zaydiyya0000013,225,1424,1573,121,99
668,570,813,Tafsir09068,787,599,1108,185,45
668,835,1103,Tafsir09068,788,0,874,216,30
668,1162,1408,Tafsir09068,789,8,828,195,29
668,401,665,JK009270,3148,270,523,203,95
668,665,1113,JK009270,3151,934,1385,358,98
668,1103,1408,JK009270,3165,740,1045,244,100
668,523,750,Meshkat0014420,3192,1347,1572,179,99
668,940,1132,Meshkat0014420,3197,0,192,155,100
668,1132,1408,Meshkat0014420,3200,914,1190,221,100
668,670,999,JK006476,1062,16,364,222,71
668,401,697,ShamAY0036821,1436,1230,1506,217,92
668,523,842,Tafsir02104,353,69,1093,250,30
668,702,1039,Sham19Y0147312,1378,745,1439,200,34
668,608,842,Sham19Y0147312,1378,42,245,152,82
668,1039,1318,Sham19Y0147312,1380,195,754,224,49
668,1184,1355,Shia003698,284,0,171,136,100
668,523,665,Shamela0004445,6899,161,303,112,100
668,842,1013,Shamela0012753,122,1302,1473,140,100
668,725,1162,Sham19Y0013550,395,324,842,163,33
668,401,711,Zaydiyya0000062,1198,748,1054,240,93
668,718,882,Zaydiyya0000062,1201,434,603,131,95
668,945,1271,Zaydiyya0000062,1202,0,339,262,94
668,523,665,Shamela0006947,7470,1183,1325,112,100
668,401,665,Shamela0037458,2688,323,578,204,96
668,665,842,Shamela0037458,2691,612,789,141,100
668,889,1103,Shamela0037458,2693,0,214,175,100
668,1103,1327,Shamela0037458,2696,1377,1600,179,99
668,401,681,JK000791,1566,1335,1605,217,96
668,795,1162,JK000791,1570,324,691,299,100
668,1148,1408,JK000791,1573,1267,1534,202,95
668,1162,1408,Shamela0000922,846,863,1308,163,46
668,665,957,JK007018,460,1153,1447,236,98
668,401,665,JK007018,460,319,699,204,65
668,889,1162,JK007018,461,366,657,185,72
668,1132,1332,JK007018,461,1334,1587,160,78
668,401,665,JK009396,960,288,914,200,39
668,665,957,JK009396,961,688,980,236,100
668,957,1162,JK009396,962,798,1261,162,43
668,1162,1408,JK009396,963,915,1161,196,100
668,401,665,Sham19Y0023608,2593,738,993,204,96
668,665,817,Sham19Y0023608,2596,1419,1570,120,99
668,817,1039,Sham19Y0023608,2597,0,222,182,100
668,1162,1408,Sham19Y0023608,2601,1338,1584,196,100
668,1215,1332,Sham19Y0023608,2602,1047,1536,86,22
668,795,1039,Shia002333,85,367,609,197,99
668,513,665,Hindawi036246035,290,688,846,117,94
668,570,718,Meshkat00042488,1111,1259,1407,117,100
668,795,1039,Meshkat00042488,1113,29,775,193,31
668,1162,1322,Meshkat00042488,1114,598,1356,94,15
668,681,966,Shamela0004473,2131,0,289,223,95
668,523,665,Shia002356Vols,757,0,141,111,99
668,620,1103,Shia002356Vols,758,673,1152,360,92
668,1076,1408,Shia002356Vols,760,66,387,245,92
668,1044,1402,Zaydiyya0000037Vols,1856,97,456,287,99
668,401,798,Shia002380Vols,505,183,1139,315,41
668,1162,1318,Shia002380Vols,506,1257,1595,124,46
668,1162,1355,JK001496,1416,1169,1345,122,78
668,523,658,Zaydiyya0000328,628,948,1083,106,100
668,423,665,Shamela0008473,3183,145,560,193,58
668,693,957,Shamela0008473,3189,0,264,214,100
668,1225,1408,Shamela0008473,3201,0,183,146,100
668,65,527,Shia002382Vols,1206,13,505,197,36
668,523,665,JK009265,125,414,556,112,100
668,795,1039,JK009265,219,470,714,199,100
668,401,1165,Shamela0023591,4922,828,1582,608,98
668,1165,1408,Shamela0023591,4923,0,243,194,100
668,401,795,Shamela0023591,4950,396,781,307,97
668,785,977,Shamela0023591,4956,1363,1580,157,87
668,977,1420,Shamela0023591,4957,0,443,348,98
668,423,665,JK009266,6519,1220,1460,192,99
668,957,1162,JK009266,6532,1013,1218,166,100
668,1162,1296,JK009266,6539,1398,1531,106,99
668,484,665,Shamela0021821,1202,45,226,144,100
668,523,957,Shamela0021821,1203,660,1347,347,63
668,1148,1302,Shamela0021821,1206,1388,1532,115,93
668,711,973,Tafsir10066,1070,217,1152,194,25
668,1039,1332,JK001110,85,1238,1530,235,99
668,1278,1408,Shamela0010463,437,354,665,75,26
668,423,665,JK006478,6431,546,788,193,99
668,934,1162,JK006478,6441,1284,1516,185,98
668,1162,1408,JK006478,6447,1030,1279,196,98
668,966,1190,JK006478,9864,513,749,163,86
668,401,795,Rafed0003943Vols,1089,1109,1494,307,97
668,795,1039,Rafed0003943Vols,1090,432,676,199,100
668,912,1278,Rafed0003943Vols,1092,121,626,227,47
668,484,665,Shamela0010273,1886,447,628,144,100
668,1132,1417,Shamela0010273,1895,62,347,222,97
668,523,665,Shamela0012293,1134,153,294,112,99
668,536,788,Sham19Y0014404,936,627,1588,199,25
668,795,1039,Sham19Y0014404,937,312,980,190,35
668,513,665,Meshkat00057178,2565,771,936,120,90
668,1229,1408,Meshkat00057178,2571,1209,1521,138,55
668,665,950,Masaha000554Vols,3522,1294,1589,224,92
668,1132,1402,Masaha000554Vols,3532,1264,1545,210,92
668,401,1408,QuranAnalysis001,143,361,1359,802,99
668,484,665,Rafed0001713Vols,1634,1367,1548,144,100
668,620,795,Rafed0001713Vols,1636,415,682,137,65
668,788,1082,Rafed0001713Vols,1637,1262,1555,235,98
668,1132,1412,Rafed0001713Vols,1640,667,947,222,99
668,484,665,Tafsir04056,47,582,763,144,100
668,1039,1245,Tafsir04056,1382,329,535,166,100
668,523,665,Tafsir04056,5034,574,716,112,100
668,1162,1318,Tafsir04056,5381,246,946,124,22
668,620,842,Shamela0000041,1686,255,512,175,86
668,912,1103,Shamela0000041,1688,32,277,156,77
668,1103,1278,Shamela0000041,1689,192,367,140,100
668,401,1408,Shamela0023578,2084,241,1342,809,91
669,1219,1417,Tafsir09083,912,896,1112,112,64
669,979,1424,Tafsir09084,1599,47,659,241,43
669,458,1216,JK000818,394,409,1017,259,37
669,693,964,Meshkat00042488,1112,75,300,101,47
669,1119,1424,Shamela0008473,3189,820,1461,198,38
670,738,853,JK009268,3275,166,308,50,45
670,371,1346,Zaydiyya0000062,1202,592,1614,247,23
670,292,853,ShamIbadiyya0000075,587,117,625,184,34
671,1318,1566,JK007018,462,820,1297,198,51
671,276,913,JK000818,395,685,1328,224,33
671,1129,1566,Shia002356Vols,761,326,979,240,43
671,1087,1554,Shia002380Vols,507,193,981,265,41
671,1256,1566,Shamela0023591,4962,976,1265,213,86
671,0,1145,Tafsir08060,354,715,1355,289,28
671,276,949,Tafsir01006,964,0,921,246,30
671,1256,1566,Shamela0023578,2093,502,774,210,84
672,42,486,Shia001432Vols,1773,777,1223,349,99
672,513,678,Shia001432Vols,2497,0,161,125,95
672,300,486,Shia001432Vols,28796,24,211,147,99
672,0,374,Shamela0023632,2455,146,520,296,100
672,374,664,Shamela0023632,2458,541,831,228,100
672,0,647,JK009268,3280,849,1496,510,99
672,42,499,Sham19Y0023618,1155,172,646,356,95
672,486,664,Sham19Y0023618,1156,795,973,141,100
672,50,341,Tafsir06051,51,1313,1603,230,99
672,341,486,Tafsir06051,52,0,146,113,99
672,0,522,Shamela0023628,2493,1060,1470,324,78
672,374,678,Shamela0023628,2496,99,399,233,97
672,35,486,Rafed0003257Vols,3687,60,511,351,99
672,479,664,Rafed0003257Vols,3690,166,351,143,97
672,486,657,Zaydiyya0000044,87,1165,1336,135,100
672,42,374,Sham19Y0020891,3973,1161,1493,262,100
672,378,667,Sham19Y0020891,3980,465,791,176,65
672,486,664,Tafsir09068,792,132,728,141,29
672,42,490,JK000362,1466,270,720,349,98
672,42,486,JK010001,3232,376,820,349,99
672,42,664,JK010001,3609,621,1356,489,84
672,35,374,Shamela0009759,284,1044,1383,264,98
672,0,374,JK009270,3170,576,948,295,99
672,374,664,JK009270,3177,1013,1304,228,99
672,0,374,Meshkat0014420,3203,1067,1440,296,99
672,374,664,Meshkat0014420,3208,1105,1395,228,100
672,431,678,JK006476,1070,1184,1436,189,95
672,486,664,Shia001269,24,89,267,141,100
672,0,486,ShamAY0036821,1441,230,714,379,98
672,416,678,ShamAY0036821,1443,546,813,155,71
672,42,486,Shamela0029677,653,261,706,349,99
672,454,664,Shamela0029677,1319,1319,1545,149,79
672,404,664,Shamela0012851,194,661,1198,188,43
672,50,431,Shamela0012541,162,556,1002,282,79
672,42,374,Sham19Y0147312,1384,709,1040,262,99
672,374,664,Sham19Y0147312,1386,115,435,172,66
672,134,374,JK000276,411,0,240,192,100
672,300,486,Tafsir04040,1356,854,1041,147,99
672,42,486,Sham19Y0014592,2481,153,597,349,100
672,42,374,Sham19Y0013550,396,17,349,262,100
672,0,369,Zaydiyya0000062,1206,1028,1397,292,99
672,374,647,Zaydiyya0000062,1209,29,289,203,93
672,42,374,Shamela0037458,2704,238,570,262,100
672,374,678,Shamela0037458,2707,557,857,233,97
672,300,620,JK007078,255,0,630,252,50
672,35,374,JK000791,1577,1150,1506,268,94
672,300,486,Shamela0011363,353,231,418,147,99
672,0,374,Shamela0000922,848,753,1105,273,92
672,378,672,Shamela0000922,850,201,670,137,29
672,544,664,Tafsir07076,1762,1325,1445,96,100
672,45,499,JK007018,463,0,468,351,95
672,479,664,JK007018,463,1124,1311,143,96
672,45,435,Shia004000,9,566,954,304,98
672,42,499,JK009396,965,784,1256,355,95
672,486,664,JK009396,967,223,401,141,100
672,42,378,Sham19Y0023608,2607,1168,1503,265,99
672,404,664,Sham19Y0023608,2610,645,1057,186,56
672,64,374,JK000917,1071,0,310,245,100
672,245,431,JK000381,5307,0,187,147,99
672,42,374,Meshkat00042488,1117,54,386,262,100
672,554,664,Meshkat00042488,1118,785,895,88,100
672,42,490,Shamela0023788,78,258,714,349,97
672,42,486,Shamela0004473,5930,41,486,349,99
672,42,486,Shamela0004473,6229,40,485,349,99
672,185,387,Shamela0004473,8171,0,208,157,94
672,300,486,Shamela0004473,8173,384,571,147,99
672,56,486,Shamela0004473,8227,0,431,338,99
672,42,486,Shamela0004473,12840,524,969,349,99
672,0,374,Shia002356Vols,761,979,1353,296,100
672,479,664,Shia002356Vols,764,0,181,143,97
672,554,664,Shia002380Vols,509,789,899,88,100
672,42,374,JK001496,1421,353,686,262,99
672,395,678,JK001496,1423,0,602,213,45
672,490,678,Zaydiyya0000328,516,0,196,144,92
672,486,664,Zaydiyya0000328,624,1292,1475,141,97
672,42,490,Zaydiyya0000075BK3,1,994,1440,348,98
672,50,490,Shamela0008473,3209,0,441,344,99
672,382,664,Shamela0008473,3214,658,932,192,80
672,300,486,Shamela0008473,3683,138,325,147,99
672,42,486,JK009265,164,1002,1446,348,99
672,50,486,Tafsir07055,3713,950,1405,343,95
672,486,664,Tafsir07055,3714,17,195,141,100
672,0,352,Shamela0012884,3490,1121,1459,254,91
672,382,664,Shamela0012884,3494,382,701,214,85
672,208,678,Shamela0023591,4963,0,466,366,98
672,0,273,Shamela0023591,4966,1264,1536,215,99
672,273,490,Shamela0023591,4967,0,217,168,98
672,395,678,Shamela0023591,4975,444,829,172,55
672,201,486,JK009266,6553,0,286,226,99
672,431,664,JK009266,6559,653,1094,184,52
672,0,496,Shamela0021821,1210,133,718,387,83
672,411,664,Shamela0021821,1212,987,1361,187,63
672,311,678,Tafsir07053,96,0,360,280,96
672,42,382,Tafsir07053,101,934,1269,262,97
672,42,374,JK009362,5357,1121,1458,262,97
672,476,678,JK009362,5365,495,718,154,87
672,295,486,JK001110,48,0,192,151,99
672,42,374,JK001420,591,939,1271,262,100
672,42,400,JK006478,6456,1122,1481,282,98
672,486,664,JK006478,6462,1059,1238,141,99
672,300,486,JK000082,278,764,951,147,99
672,189,664,Rafed0003943Vols,1096,572,1047,376,100
672,42,486,Shamela0010273,1901,297,741,349,100
672,486,664,Shamela0010273,1904,656,834,141,100
672,544,664,Shamela0007798,6574,723,843,96,100
672,42,374,Shamela0012293,1693,48,380,262,100
672,431,678,Tafsir06048,738,331,874,188,44
672,185,374,Sham19Y0014404,941,0,189,151,100
672,382,664,Sham19Y0014404,942,508,1330,221,34
672,80,431,Rafed0003799Vols,1874,0,351,277,100
672,166,374,Meshkat00057178,2577,0,208,166,100
672,534,664,Meshkat00057178,2579,392,536,102,88
672,50,426,Masaha000554Vols,3542,1171,1547,293,98
672,0,678,QuranAnalysis001,144,42,717,529,98
672,42,411,Zaydiyya0000075BK2,22,350,720,291,99
672,19,486,Rafed0001713Vols,1645,589,1080,368,95
672,416,678,Rafed0001713Vols,1647,1116,1463,188,68
672,42,374,JK000122,1131,815,1147,262,100
672,544,664,JK001098,23,167,287,96,100
672,42,416,JK001098,52,1178,1552,295,99
672,486,664,Tafsir04056,2476,1227,1405,141,100
672,166,522,Shamela0000041,1693,0,256,195,69
672,0,496,Shamela0023578,2093,774,1274,388,98
672,352,678,Shamela0023578,2096,911,1305,245,78
672,300,486,JK000094,126,376,563,147,99
673,245,638,Shia001432Vols,18940,757,1451,189,33
673,223,615,Meshkat00042485,4527,651,1346,196,35
673,959,1228,Meshkat00042485,4530,592,1141,173,39
673,121,630,ShamIbadiyya0000075,589,534,1234,238,38
673,959,1489,Shia002380Vols,508,754,1428,288,49
673,951,1286,Tafsir05047,558,135,626,189,46
673,959,1257,Shamela0010273,1902,444,1010,189,39
673,182,615,Tafsir01006,966,78,821,213,35
673,542,1052,Rafed0001713Vols,1646,824,1388,147,24
673,1087,1228,Rafed0001713Vols,1647,389,578,97,63
673,1087,1457,JK000876,926,32,474,178,40
674,768,1517,Shia001432Vols,2497,151,707,431,71
674,894,1265,Shia001432Vols,22211,848,1179,187,57
674,965,1373,Shamela0023632,2461,426,877,306,84
674,768,1517,JK009268,3281,17,767,603,99
674,768,1517,Sham19Y0023618,1157,80,832,603,99
674,982,1517,Shamela0023628,2498,652,1252,433,89
674,1000,1250,Rafed0003257Vols,3694,390,640,197,98
674,894,1203,Sham19Y0020891,3985,0,389,219,67
674,1203,1373,Sham19Y0020891,3988,468,776,139,55
674,961,1237,Tafsir09068,793,0,1192,200,20
674,1209,1373,Tafsir09068,794,0,287,133,56
674,768,1039,JK009270,3179,1212,1482,216,99
674,1067,1373,JK009270,3182,1035,1406,244,81
674,799,1250,ShamAY0034106,216,287,776,174,40
674,768,1039,Shamela0012094,131,1001,1282,198,88
674,768,1203,Meshkat0014420,3211,355,790,347,100
674,1228,1517,Meshkat0014420,3217,0,290,235,99
674,894,1007,JK006476,1072,744,872,86,85
674,1096,1353,JK006476,1074,24,289,188,88
674,768,1253,ShamAY0036821,1443,803,1281,377,97
674,1250,1517,ShamAY0036821,1445,919,1183,212,97
674,1250,1517,ShamAY0036821,1448,342,606,212,97
674,822,1278,Shamela0012851,195,272,1485,347,35
674,822,1096,Sham19Y0147312,1387,535,844,138,46
674,1096,1373,Sham19Y0147312,1389,428,1062,224,43
674,942,1198,Zaydiyya0000062,1211,651,928,201,89
674,1203,1517,Zaydiyya0000062,1212,1159,1478,255,97
674,894,1203,Shamela0037458,2711,738,1047,246,100
674,1259,1517,Shamela0037458,2714,0,259,211,99
674,926,1096,JK000791,1581,0,170,137,100
674,1181,1373,JK000791,1582,0,192,156,100
674,939,1388,Shamela0000922,852,94,880,226,31
674,768,1373,JK007018,464,191,1215,482,58
674,956,1203,Tafsir04039,2525,323,666,172,60
674,768,1007,JK009396,967,870,1109,190,100
674,1007,1373,JK009396,968,712,1078,296,100
674,1078,1250,Sham19Y0023608,2614,1019,1459,137,39
674,768,1007,Sham19Y0016953Vols,1537,909,1148,190,100
674,759,1007,JK000381,4651,1159,1408,194,97
674,768,1010,JK000381,4724,1118,1361,192,99
674,939,1411,JK000818,398,11,1135,361,40
674,1319,1517,Meshkat00042488,1121,323,583,159,76
674,768,1039,Shamela0012034,834,385,659,197,90
674,956,1203,Shamela0022371,236,385,681,126,41
674,768,1250,Shia002356Vols,764,630,1112,384,99
674,1203,1388,Shia002380Vols,510,1269,1517,147,72
674,935,1237,Shia002380Vols,510,291,678,221,68
674,826,1007,JK001496,1424,0,184,145,98
674,894,1203,JK001496,1425,19,418,219,66
674,759,1026,Zaydiyya0000328,534,119,706,171,37
674,887,1007,Hindawi046286097,115,1160,1426,74,36
674,1203,1373,Tafsir02102,2918,1295,1482,139,90
674,1007,1203,Tafsir02102,2918,478,788,157,63
674,768,1007,Shamela0008473,3215,1182,1420,189,99
674,864,1250,Shamela0008473,3217,142,1302,300,32
674,1174,1517,Shamela0008473,3218,519,1476,271,34
674,768,1007,Shamela0003055,3157,190,429,190,100
674,857,1007,Shamela0003055,3330,1039,1177,101,85
674,750,1096,Shamela0012884,3495,329,676,268,96
674,872,1250,Shamela0012884,3497,260,756,213,47
674,768,1517,Shamela0023591,4963,456,1208,603,99
674,768,1250,Shamela0023591,4975,819,1303,385,99
674,1232,1517,Shamela0023591,4982,937,1282,232,82
674,768,1007,JK009266,6562,506,745,190,100
674,1010,1272,JK009266,6568,0,280,207,91
674,1237,1517,JK009266,6571,919,1232,227,89
674,894,1007,Shamela0002386,197,574,686,88,98
674,768,1007,Shamela0021821,1213,673,912,190,100
674,1007,1265,Shamela0021821,1214,1182,1460,204,91
674,1181,1517,Shamela0021821,1215,430,1096,265,48
674,768,1517,Tafsir07053,96,350,1093,584,96
674,768,1010,Tafsir07053,106,1103,1345,192,100
674,1053,1203,Tafsir07053,109,0,473,119,31
674,1242,1517,Tafsir07053,110,213,756,218,48
674,768,1096,JK001110,86,114,442,262,100
674,750,1007,Shamela0011211,34,600,829,157,75
674,768,1039,JK000367,295,368,648,197,88
674,857,1007,Shamela0011082,7,469,607,101,85
674,1096,1250,JK001420,593,1132,1457,123,47
674,759,1007,JK006478,6464,1233,1485,193,96
674,982,1250,JK006478,6468,320,619,202,83
674,768,1373,Rafed0003943Vols,1097,902,1509,486,99
674,1096,1250,Shamela0010273,1909,1281,1435,123,100
674,987,1250,Shamela0007798,6580,256,849,205,43
674,894,1007,Shamela0012293,1903,0,113,89,100
674,982,1203,Tafsir06048,739,5,292,177,76
674,1007,1174,Tafsir04003,2761,250,710,130,35
674,799,1096,Sham19Y0014404,943,429,1434,233,28
674,1203,1383,Sham19Y0014404,944,718,1013,139,57
674,1061,1203,Sham19Y0014404,944,0,171,113,83
674,1007,1362,Meshkat00057178,2581,396,718,189,66
674,1096,1373,Meshkat00057178,2582,392,668,177,74
674,768,1517,QuranAnalysis001,144,707,1457,603,99
674,894,1332,Rafed0001713Vols,1650,215,707,228,52
674,1203,1517,Rafed0001713Vols,1651,609,924,256,99
674,781,1007,Tafsir04056,5396,1023,1499,130,34
674,894,1332,Shamela0000041,1697,253,799,248,50
674,1203,1517,Shamela0000041,1698,973,1288,256,99
674,982,1517,Shamela0023578,2097,0,536,434,99
674,1096,1469,Shamela0023578,2100,152,1155,280,34
675,0,238,Shia001432Vols,24158,348,597,186,93
675,0,234,Shamela0023632,2464,431,664,185,99
675,0,234,JK009268,3281,767,1001,186,100
675,0,234,Sham19Y0023618,1159,51,293,171,88
675,36,238,Shamela0023628,2501,337,537,158,97
675,36,238,Rafed0003257Vols,3699,854,1054,158,97
675,36,234,Masaha003294,104,118,315,158,99
675,0,234,Sham19Y0020891,3992,247,497,174,87
675,63,234,JK000030,264,331,502,137,100
675,0,234,JK009270,3185,545,779,186,100
675,36,238,Meshkat0014420,3219,837,1038,159,98
675,36,234,JK000101,534,792,990,159,100
675,97,234,Shamela0002300,1368,930,1067,110,100
675,0,238,ShamAY0036821,1445,1183,1420,186,98
675,0,238,ShamAY0036821,1448,606,843,186,98
675,63,234,ShamIbadiyya0000129,224,1369,1540,137,100
675,36,175,Shamela0004445,7150,1370,1509,108,97
675,23,238,Shamela0037458,2716,614,828,169,98
675,0,234,JK000791,1584,95,357,183,88
675,81,234,Tafsir07076,7235,0,153,122,100
675,15,234,JK007018,465,396,635,174,91
675,0,234,JK009396,969,797,1087,182,79
675,36,238,Sham19Y0023608,2618,40,240,158,97
675,63,234,Hindawi036246035,294,1376,1547,137,100
675,0,238,Shia002356Vols,766,603,859,185,90
675,63,234,JK001011,63,377,548,137,100
675,41,234,JK001496,1427,769,962,155,100
675,97,234,Shamela0008473,2298,153,290,110,100
675,36,234,Shamela0008473,3221,518,716,159,100
675,36,234,JK009265,358,849,1047,158,99
675,36,170,JK009265,381,569,703,107,100
675,0,238,Shamela0012884,3499,466,701,185,97
675,0,238,Shamela0023591,4963,1208,1444,185,97
675,0,238,Shamela0023591,4982,1282,1518,185,97
675,36,238,JK009266,6575,1269,1470,159,98
675,36,185,Tafsir10098,1346,980,1128,111,94
675,0,234,Shamela0021821,1216,104,389,183,81
675,0,238,Tafsir07053,96,1093,1329,185,97
675,63,234,Tafsir07053,97,1178,1349,137,100
675,41,234,JK009362,5380,36,235,155,96
675,93,238,JK000367,31,0,144,113,97
675,63,234,Shamela0010463,441,896,1067,137,100
675,36,234,JK001420,594,976,1476,147,36
675,15,238,JK006478,6475,813,1110,174,73
675,63,234,JK010127,43,541,711,136,99
675,0,272,Rafed0003943Vols,1098,890,1166,193,85
675,0,238,Shamela0010273,1914,589,932,185,67
675,36,234,Shamela0007798,6587,748,946,159,100
675,588,830,Tafsir01006,968,877,1415,119,28
675,15,238,QuranAnalysis001,145,0,222,175,98
675,36,238,Rafed0001713Vols,1653,10,210,158,97
675,15,238,Shamela0023578,2101,560,805,174,88
676,119,680,Zaydiyya0000062,1212,679,1348,192,26
676,119,685,Rafed0001713Vols,1651,137,799,203,28
676,119,524,JK000876,928,692,1029,152,40
677,830,1101,Shamela0023632,2467,0,282,211,92
677,776,1076,JK009268,3296,364,664,244,100
677,638,1076,Sham19Y0020891,3994,1025,1522,290,68
677,776,1101,Tafsir09068,796,722,1403,249,44
677,776,1076,JK009270,3189,16,316,244,100
677,535,1076,ShamAY0036821,1448,776,1134,288,65
677,776,1076,Shamela0000922,854,459,947,215,54
677,233,968,JK000818,399,36,898,327,40
677,535,1089,JK001496,1428,743,1319,334,66
677,328,574,ShamIbadiyya0000050,4112,684,1345,145,26
677,193,921,Tafsir05047,561,737,1457,319,48
677,896,1076,Shamela0012884,3505,1142,1322,146,100
677,830,1076,Shamela0023591,4964,0,246,200,100
677,483,1076,QuranAnalysis001,145,136,519,310,64
677,370,850,Rafed0001713Vols,1654,266,1059,205,28
677,483,1076,Shamela0023578,2101,719,1102,310,64
677,443,921,Shamela0023578,2103,418,1516,217,23
677,246,581,JK000876,929,1037,1548,157,38
678,816,1049,Shamela0006656,34,365,598,191,100
678,816,1049,Shia001432Vols,7053,811,1044,191,100
678,1049,1374,Shia001432Vols,31001,1222,1480,199,76
678,724,995,Shamela0023632,2470,622,893,221,100
678,995,1275,Shamela0023632,2474,11,291,227,100
678,677,1374,JK009268,3296,646,1314,541,95
678,734,1049,Sham19Y0023618,1161,0,315,259,100
678,1049,1279,Sham19Y0023618,1163,527,763,184,97
678,1049,1275,Shamela0010551,295,306,532,181,100
678,677,995,Shamela0023628,2504,866,1155,235,90
678,973,1173,Shamela0023628,2508,797,1065,165,74
678,1179,1374,Shamela0023628,2510,1363,1557,155,99
678,724,1374,Rafed0003257Vols,3704,200,850,527,100
678,816,1049,Masaha000722Vols,147,786,1019,191,100
678,1049,1279,Sham19Y0020891,4003,474,704,184,100
678,1049,1275,Shamela0023606,276,985,1211,181,100
678,1049,1275,Tafsir09068,798,977,1531,181,40
678,724,1154,JK009270,3191,1138,1567,351,99
678,724,1092,Shamela0005756,6210,13,379,297,98
678,773,1374,Sham19Y0150960,651,589,1206,479,94
678,995,1173,Meshkat0014420,3226,0,178,146,100
678,1163,1374,Meshkat0014420,3230,1300,1512,163,96
678,724,1092,Sham19Y0016584,1465,1055,1423,300,100
678,677,1163,ShamAY0036821,1448,1116,1566,366,92
678,1173,1374,Sham19Y0147312,1398,472,673,160,100
678,724,1092,Sham19Y0018176,717,782,1150,300,100
678,724,1483,Zaydiyya0000062,1217,31,755,523,77
678,713,995,Shamela0006947,20061,1035,1317,224,97
678,724,1225,Shamela0008555,182,1209,1527,225,53
678,881,1173,Shamela0037458,2727,465,757,240,100
678,1173,1374,Shamela0037458,2731,651,852,160,100
678,724,1092,JK000110,429,168,536,300,100
678,724,1049,JK000791,1588,108,433,267,100
678,988,1374,JK000791,1591,262,621,283,91
678,1049,1305,JK007018,467,1134,1393,189,89
678,778,1092,Sham19Y0018103,1366,0,314,257,100
678,1049,1299,JK009396,974,916,1178,195,93
678,724,1049,Sham19Y0023608,2621,704,1029,267,100
678,962,1374,Sham19Y0023608,2623,375,1042,317,58
678,724,924,Shamela0021715,2832,1406,1605,162,99
678,924,1568,Shamela0021715,2833,0,386,294,56
678,816,1049,Shamela0021537,3950,611,844,191,100
678,816,1049,Shamela0004473,5447,1083,1316,191,100
678,816,1049,Shamela0004473,14388,408,641,191,100
678,677,1173,Shia002356Vols,767,837,1303,380,93
678,1173,1299,Shia002356Vols,769,1441,1566,100,99
678,724,916,Shamela0022579,349,378,570,156,100
678,724,1092,PV2024060602,429,168,536,300,100
678,1053,1288,JK001496,1432,120,370,188,94
678,1049,1275,Shamela0008473,3236,0,226,181,100
678,713,1049,MMS00013,159,791,1123,265,96
678,724,1275,Shamela0003055,503,683,1066,263,56
678,677,907,Shamela0012884,3505,1304,1504,163,86
678,1049,1275,Shamela0012884,3526,521,747,181,100
678,677,1374,Shamela0023591,4964,228,896,541,95
678,677,1275,Shamela0023591,4988,508,1077,462,95
678,724,1049,JK009266,6588,10,335,267,100
678,1049,1320,JK009266,6597,1264,1534,217,99
678,773,1212,Zaydiyya0000063,211,1098,1544,359,97
678,683,1049,Shamela0021821,1220,324,684,279,93
678,1042,1275,Shamela0021821,1224,651,884,187,100
678,724,1092,Sham19Y0018106,1324,1023,1391,300,100
678,1057,1275,JK009362,5397,0,218,175,100
678,1092,1275,JK009362,5398,257,440,148,100
678,724,1275,Shamela0011211,14,850,1219,265,57
678,842,1374,Shamela0007853,38,0,428,342,79
678,816,1154,Zaydiyya0000274,275,1250,1587,274,99
678,677,1049,JK006478,6482,1074,1452,283,91
678,1053,1320,JK006478,6488,745,1015,214,98
678,1077,1374,Rafed0003943Vols,1102,0,297,238,100
678,816,1073,JK000360,37,260,511,199,92
678,816,1053,Shamela0010273,1920,758,995,192,99
678,1049,1279,Shamela0010273,1922,709,939,184,100
678,802,1049,Shamela0007798,6602,529,822,203,84
678,724,932,Rafed0003882,39,354,562,169,100
678,724,1092,Sham19Y0013605,1865,521,889,300,100
678,1077,1275,Meshkat00057178,2592,99,659,159,35
678,677,1374,QuranAnalysis001,145,501,1169,541,95
678,724,924,Shamela0010013,91,1363,1562,162,99
678,724,1566,Rafed0001713Vols,1657,363,1344,631,78
678,816,1049,Shamela0000432,430,937,1170,191,100
678,816,1049,Shamela0000432,4460,1246,1479,191,100
678,748,1374,Shamela0023578,2106,816,1478,504,93
679,1144,1499,Shamela0021766,2903,632,1405,193,29
679,0,964,Shamela0021715,2833,386,1606,731,70
679,1174,1347,Shamela0021715,2834,567,699,100,69
679,1109,1494,Shia002382Vols,1227,54,390,164,44
679,1102,1470,Tafsir01006,973,1013,1620,195,36
679,1178,1415,Rafed0001713Vols,1661,290,937,148,28
680,674,1193,Shia001432Vols,31128,207,599,284,66
680,929,1193,Shamela0023632,2478,1288,1552,217,100
680,671,1054,JK009268,3296,1288,1638,289,91
680,1054,1250,JK009268,3297,0,196,158,100
680,671,962,Sham19Y0023618,1164,778,1041,197,81
680,1084,1250,Sham19Y0023618,1166,1338,1504,133,100
680,838,1250,Shamela0023628,2513,205,617,337,100
680,671,1193,Rafed0003257Vols,3704,824,1314,403,93
680,680,929,Sham19Y0020891,4010,830,1061,182,88
680,687,929,Tafsir09068,799,572,1152,174,35
680,929,1250,Tafsir09068,800,208,1501,261,24
680,1003,1193,JK010001,3149,1322,1512,157,100
680,671,914,JK009270,3197,1301,1511,173,86
680,929,1210,JK009270,3200,1353,1633,230,99
680,929,1196,Shamela0005756,6151,187,455,218,99
680,797,929,Meshkat0014420,3231,0,132,110,100
680,1031,1193,Meshkat0014420,3234,0,162,134,100
680,687,992,JK006476,1083,688,1045,212,71
680,1092,1250,JK006476,1085,68,229,125,96
680,671,1196,ShamAY0036821,1451,748,1235,394,91
680,789,929,JK000373,89,1269,1408,113,97
680,16,350,Meshkat00042485,4556,946,1293,148,40
680,729,929,Sham19Y0147312,1399,211,411,165,100
680,929,1193,Sham19Y0018176,709,667,931,217,100
680,893,1245,Zaydiyya0000062,1224,469,906,288,80
680,829,1263,Shamela0037458,2734,952,1393,346,95
680,1003,1196,Masaha001075,613,687,880,159,100
680,929,1193,JK000110,422,664,928,217,100
680,671,929,JK000791,1593,118,386,180,82
680,929,1193,JK000791,1593,1018,1282,217,100
680,838,1084,Shamela0000922,859,742,1251,204,48
680,1084,1250,Shamela0000922,860,751,1224,130,34
680,729,1138,JK007018,468,859,1688,337,49
680,929,1193,Sham19Y0018103,1354,1218,1482,217,100
680,671,929,JK009396,976,678,976,188,75
680,729,929,Sham19Y0023608,2626,130,330,165,100
680,929,1193,Sham19Y0023608,2627,1042,1306,217,100
680,929,1193,Shamela0021715,2795,1222,1486,217,100
680,729,1193,Shamela0011238,16,895,1278,308,81
680,734,929,JK000917,1083,0,195,161,100
680,744,1193,JK000381,6968,0,363,294,79
680,829,1084,Meshkat00042488,1128,178,703,207,47
680,797,929,JK010729,154,1283,1415,110,100
680,671,929,Shia002356Vols,770,49,276,186,87
680,929,1250,Shia002356Vols,771,283,605,261,99
680,929,1193,PV2024060602,422,664,928,217,100
680,929,1193,Sham19Y0016684,669,82,346,217,100
680,671,1230,JK006896,25,496,1028,415,89
680,1054,1193,Shamela0008473,3247,814,953,114,100
680,1003,1193,Tafsir07055,3238,923,1113,157,100
680,829,1230,Shamela0012884,3531,611,1032,318,91
680,671,1196,Shamela0023591,4964,870,1367,403,92
680,671,1084,Shamela0023591,4996,1261,1641,314,92
680,671,971,JK009266,6602,316,556,195,79
680,929,1193,JK009266,6605,94,358,217,100
680,671,929,Shamela0021821,1226,1164,1441,201,87
680,929,1193,Sham19Y0018106,1310,65,329,217,100
680,929,1196,Shamela0008476,834,1374,1641,219,100
680,671,1250,JK001110,86,521,919,320,68
680,653,1084,JK001420,597,940,1598,245,42
680,744,1193,Zaydiyya0000274,284,883,1427,311,64
680,893,1193,JK006478,6494,42,338,227,91
680,671,1084,Rafed0003943Vols,1102,271,652,314,92
680,1084,1250,Rafed0003943Vols,1104,1372,1538,133,100
680,671,1193,Shamela0010273,1924,1035,1525,403,93
680,16,350,Tafsir01006,974,585,952,141,37
680,929,1457,Sham19Y0018567,1184,64,463,274,62
680,929,1193,Sham19Y0013605,1852,155,419,217,100
680,510,975,Sham19Y0014404,953,506,1656,278,28
680,838,1084,Meshkat00057178,2594,412,941,204,46
680,671,1166,QuranAnalysis001,145,1143,1605,381,93
680,119,416,Rafed0001713Vols,1662,793,1187,197,61
680,729,929,Rafed0001713Vols,1663,1377,1577,165,100
680,1020,1196,Rafed0001713Vols,1665,395,807,143,41
680,744,1193,Shamela0000432,430,1010,1449,255,55
680,783,1084,Zaydiyya0000476,186,0,215,176,70
680,729,1084,Zaydiyya0000476,239,1240,1509,219,75
680,797,975,Tafsir04056,5418,523,1143,147,28
680,729,1193,JK006950,1270,1091,1469,306,80
680,671,857,Shamela0000041,1712,431,943,121,29
680,838,1097,Shamela0000041,1713,136,401,210,95
680,783,1193,Shamela0023578,2107,0,410,339,100
680,750,936,Shamela0023578,2111,437,900,154,40
680,16,510,JK000876,935,109,943,246,33
681,207,1176,Shamela0021715,2796,370,1569,563,49
681,15,1275,JK000818,401,627,1570,444,38
681,422,1282,Tafsir01006,976,354,1636,363,31
681,15,406,Shamela0000041,1713,136,1001,149,18
681,15,406,Shamela0023578,2111,802,1469,215,35
681,15,580,JK000876,936,472,1248,268,36
682,0,352,JK000330,1062,1111,1477,286,96
682,28,482,Shia001432Vols,2497,757,1146,307,83
682,28,232,Shia001432Vols,3192,738,942,166,100
682,671,1513,Shia001432Vols,6274,356,1227,355,39
682,32,157,Shia001432Vols,8021,0,125,102,100
682,10,157,Shia001432Vols,10440,1171,1355,120,79
682,117,482,Shia001432Vols,23036,334,445,78,26
682,28,482,Shia001432Vols,24158,776,1057,212,57
682,0,157,Shamela0023632,2484,383,540,128,100
682,157,482,Shamela0023632,2485,263,588,263,100
682,10,307,JK009268,3313,1352,1674,240,91
682,307,482,JK009268,3314,0,175,142,100
682,28,482,Sham19Y0023618,1169,241,695,368,100
682,0,380,Shamela0023628,2515,1236,1615,310,99
682,21,460,Rafed0003257Vols,3730,1240,1678,353,99
682,28,157,Sham19Y0020891,4019,943,1072,105,100
682,352,482,Sham19Y0020891,4023,1276,1406,105,100
682,10,482,Sham19Y0020966,237,122,637,216,43
682,21,157,Tafsir09068,802,1424,1560,107,97
682,0,157,JK009270,3204,1345,1502,128,100
682,143,426,JK009270,3208,546,829,222,97
682,28,216,Meshkat0014420,3241,1432,1619,153,99
682,232,482,Meshkat0014420,3243,477,727,202,100
682,0,200,JK006476,1086,1281,1493,162,93
682,10,232,JK006476,1087,257,790,159,36
682,371,482,JK006476,1088,1397,1511,88,97
682,28,157,Shia001626Vols,462,603,732,105,100
682,0,307,ShamAY0036821,1452,1323,1625,244,97
682,307,482,ShamAY0036821,1453,0,173,140,98
682,28,482,JK000373,26,824,1278,368,100
682,28,482,JK000373,170,978,1279,229,61
682,28,253,JK000373,292,1487,1649,121,66
682,671,1172,Meshkat00042485,4567,235,774,218,40
682,28,180,Meshkat00042485,4569,816,1300,124,31
682,0,157,Sham19Y0147312,1403,1162,1319,128,100
682,352,482,Sham19Y0147312,1405,342,472,105,100
682,28,352,JK000375,109,191,515,263,100
682,330,475,Zaydiyya0000062,1229,414,597,117,78
682,28,157,Shamela0006947,2137,1226,1355,105,100
682,0,157,Masaha000221,41,363,520,128,100
682,0,157,Masaha000221,42,532,726,128,80
682,0,253,Shamela0037458,2741,1390,1640,191,92
682,222,482,JK000791,1598,1040,1323,210,91
682,10,232,JK000791,1598,107,369,181,84
682,28,157,Shamela0026047,24,242,371,105,100
682,28,482,JK007018,470,706,1488,368,58
682,28,352,JK009396,980,335,659,263,100
682,352,482,JK009396,981,573,703,105,100
682,43,352,Sham19Y0023608,2633,0,309,251,100
682,304,482,Sham19Y0023608,2635,423,597,109,72
682,28,412,Shamela0001340,212,1359,1572,119,33
682,28,222,Meshkat00042488,1130,1418,1611,158,99
682,345,482,Meshkat00042488,1132,104,596,111,27
682,157,426,Shamela0022371,237,673,963,107,30
682,0,232,Shia002356Vols,773,201,431,187,99
682,200,482,Shia002356Vols,774,0,292,216,87
682,0,232,Shia002380Vols,516,540,1008,174,44
682,28,253,Shamela0001419,302,1204,1444,183,93
682,95,470,Shamela0001419,405,74,476,98,20
682,95,232,JK001496,1439,0,572,112,23
682,352,482,JK001496,1441,106,236,105,100
682,10,352,Shamela0008473,3254,170,536,278,93
682,345,482,Shamela0008473,3255,1430,1573,110,95
682,28,232,Shia002382Vols,1231,312,827,166,39
682,0,157,Shamela0012884,3540,420,577,128,100
682,21,482,Shamela0023591,5003,0,461,374,100
682,0,247,Shamela0023591,5005,1077,1316,189,93
682,363,482,Shamela0023591,5013,0,119,95,100
682,28,352,JK009266,6617,167,491,263,100
682,352,482,JK009266,6622,198,328,105,100
682,28,247,Shamela0021821,1230,1399,1617,178,99
682,352,482,Shamela0021821,1232,193,323,105,100
682,28,352,Kraken220413194022,3074,1141,1460,231,88
682,28,157,JK009362,5419,246,375,105,100
682,73,352,JK006478,6503,0,283,227,98
682,352,482,JK006478,6507,778,908,105,100
682,0,482,Rafed0003943Vols,1105,223,972,391,64
682,28,232,Shamela0010273,1932,688,892,166,100
682,263,482,Shamela0010273,1934,0,219,177,100
682,0,157,Shamela0007798,6643,1383,1548,114,85
682,671,1592,Tafsir01006,977,235,1307,380,35
682,294,482,Sham19Y0014404,958,479,1176,149,26
682,232,475,Masaha000554Vols,3595,1076,1323,195,97
682,0,482,QuranAnalysis001,146,396,878,391,100
682,10,232,Rafed0001713Vols,1668,377,619,181,91
682,28,157,Tafsir04056,5429,924,1437,103,24
682,28,157,Tafsir02094,2564,1036,1540,66,15
682,28,157,Shamela0009065,270,544,673,105,100
682,28,237,Shamela0000041,1716,929,1138,167,98
682,0,426,Shamela0023578,2113,811,1237,346,100
683,11,520,JK000330,1062,1062,1298,189,45
683,226,450,Shia001432Vols,2497,757,887,105,57
683,226,520,Shia001432Vols,3192,738,890,124,51
683,230,450,Shia001432Vols,8021,0,125,102,56
683,18,450,Shia001432Vols,10440,992,1355,155,32
683,226,520,Shia001432Vols,24158,776,931,124,52
683,226,450,Shamela0023632,2484,411,540,105,57
683,205,520,JK009268,3313,1357,1548,135,49
683,226,520,Shamela0023628,2515,1264,1416,124,51
683,205,520,Rafed0003257Vols,3730,1190,1399,135,47
683,411,1585,Tafsir09083,930,0,1235,429,33
683,226,558,Tafsir09084,1634,45,569,114,23
683,63,450,Sham19Y0020891,4019,840,1072,149,46
683,226,450,Tafsir09068,802,1431,1560,105,57
683,226,450,JK009270,3204,1373,1502,105,57
683,226,520,Meshkat0014420,3241,1432,1584,124,51
683,11,719,JK006476,1087,96,872,216,23
683,226,450,Shia001626Vols,462,603,732,105,57
683,226,520,JK000373,26,824,976,124,51
683,226,520,JK000373,170,978,1130,124,51
683,226,450,JK000373,292,1487,1616,105,57
683,226,558,Meshkat00042485,4569,816,1313,190,45
683,904,1342,Meshkat00042485,4572,436,998,175,34
683,226,450,Sham19Y0147312,1403,1190,1319,105,57
683,936,1529,Shamela0022769,1010,735,1512,211,27
683,226,520,JK000375,109,191,343,124,51
683,226,450,Shamela0006947,2137,1226,1355,105,57
683,226,450,Masaha000221,41,391,520,105,57
683,11,450,Masaha000221,42,483,726,172,44
683,226,520,Shamela0037458,2741,1416,1568,124,51
683,1020,1204,Shamela0037458,2745,129,806,111,20
683,153,520,JK000791,1598,118,317,146,48
683,226,520,JK007018,470,706,858,124,51
683,226,520,JK009396,980,335,487,124,51
683,3,520,Meshkat00042488,1130,1170,1570,206,41
683,497,1194,ShamIbadiyya0000075,599,768,1535,310,40
683,226,520,Shia002356Vols,773,228,379,123,51
683,1024,1316,ShamAY0034059,4015,20,787,175,27
683,11,1169,Shia002380Vols,516,267,1631,403,26
683,226,520,Shamela0001419,302,1204,1371,125,52
683,226,831,Shia002382Vols,1231,312,923,234,35
683,226,450,Shamela0012884,3540,448,577,105,57
683,211,520,Shamela0023591,5003,0,159,130,51
683,226,520,Shamela0023591,5005,1105,1257,124,51
683,936,1342,JK000458,2332,803,1514,166,26
683,45,520,Shamela0021821,1230,1139,1551,188,37
683,226,520,Kraken220413194022,3074,1141,1294,119,50
683,226,450,JK009362,5419,246,375,105,57
683,11,1040,Tafsir08060,359,1009,1549,328,37
683,226,520,Rafed0003943Vols,1105,251,403,124,51
683,226,520,Shamela0010273,1932,688,840,124,51
683,226,450,Shamela0007798,6643,1419,1548,105,57
683,316,785,Tafsir01006,978,41,588,199,37
683,904,1147,Tafsir01006,978,1215,1559,117,43
683,11,463,Sham19Y0014404,956,1214,1647,177,37
683,226,520,QuranAnalysis001,146,424,576,124,51
683,1029,1316,Rafed0001713Vols,1670,0,444,124,30
683,70,450,Tafsir04056,5429,819,1437,150,26
683,226,450,Shamela0009065,270,544,673,105,57
683,11,520,Shamela0000041,1716,601,1081,217,39
683,226,520,Shamela0023578,2113,839,991,124,51
684,500,833,JK000330,130,934,1267,269,100
684,500,833,Shia001432Vols,5448,690,1021,267,99
684,564,1033,Shia001432Vols,10417,146,754,270,45
684,451,1033,Shia001432Vols,22518,733,933,149,31
684,362,833,Shamela0023632,2487,50,521,382,100
684,884,1033,Shamela0023632,2490,0,149,123,100
684,723,984,Tafsir03097,1131,743,1578,211,31
684,211,1033,JK009268,3314,83,846,602,89
684,539,1033,Sham19Y0023618,1175,189,853,387,71
684,598,1033,Shamela0023628,2522,488,1095,351,71
684,633,833,JK009229,1024,285,485,162,99
684,493,1033,Rafed0003257Vols,3736,19,559,435,99
684,500,784,Zaydiyya0000044,107,1334,1617,229,99
684,553,848,Sham19Y0020891,4033,1196,1496,211,83
684,633,791,JK000100,185,1282,1440,129,100
684,723,1033,Tafsir09068,806,31,1104,251,28
684,245,633,JK009270,3210,1183,1508,263,83
684,633,1033,JK009270,3214,974,1374,327,100
684,500,913,Meshkat0014420,3246,6,419,333,100
684,866,1036,JK006476,1092,1234,1410,138,95
684,500,833,Shia001626Vols,461,224,557,269,100
684,500,913,Shamela0002300,820,627,1040,333,100
684,211,1033,ShamAY0036821,1453,82,833,572,85
684,642,1033,ShamAY0036821,1458,0,387,305,95
684,500,833,Shamela0029677,1316,411,744,269,100
684,40,571,Shamela0012851,211,395,1002,252,41
684,833,1033,Sham19Y0147312,1406,1284,1484,164,100
684,633,837,Sham19Y0147312,1406,126,331,163,97
684,500,730,Sham19Y0014592,1350,1291,1520,186,99
684,709,1050,Zaydiyya0000062,1232,234,630,265,81
684,500,913,Shamela0006947,2130,1117,1530,333,100
684,362,535,Shamela0006947,2137,1387,1560,140,100
684,409,913,Masaha000221,43,52,667,403,80
684,500,833,JK000374,160,550,883,269,100
684,107,633,Shamela0037458,2746,853,1348,308,68
684,553,913,Shamela0037458,2751,1060,1499,285,79
684,500,833,JK000087,7,501,834,269,100
684,500,913,JK000791,1600,47,460,333,100
684,500,833,JK000365,2160,702,1035,269,100
684,500,833,Shamela0009770,206,8,341,269,100
684,362,833,JK007018,471,100,840,373,61
684,633,1033,JK007018,472,109,440,206,62
684,500,826,ShamIbadiyya0000514,16,599,925,263,100
684,362,1004,Shamela0037325,1363,943,1162,140,25
684,36,500,JK009396,981,1027,1259,139,33
684,500,837,JK009396,982,311,649,269,98
684,527,1044,JK009396,983,800,1341,281,56
684,402,842,Sham19Y0023608,2637,492,1545,355,41
684,842,1033,Sham19Y0023608,2638,0,191,157,100
684,571,748,Sham19Y0016953Vols,1495,1433,1609,145,99
684,500,833,JK000917,1092,1170,1503,269,100
684,500,833,JK000381,3049,1243,1577,269,99
684,500,842,JK000381,4230,1109,1398,219,80
684,639,1033,JK000818,404,6,994,307,38
684,633,884,Meshkat00042488,1133,725,1598,201,28
684,884,1033,Meshkat00042488,1134,0,582,122,25
684,500,913,Shia002356Vols,775,6,419,333,100
684,564,1033,Tafsir04038,421,324,949,258,42
684,245,543,Shia002380Vols,517,159,506,201,64
684,598,1033,Shia002380Vols,518,7,558,342,76
684,402,984,Shamela0001419,406,1378,1529,100,19
684,553,833,JK001496,1443,451,748,205,84
684,362,535,Tafsir02102,2944,42,213,139,98
684,493,833,Shamela0008473,3258,695,1034,272,99
684,848,1033,Shamela0008473,3262,1055,1240,152,100
684,245,535,Shia002382Vols,1233,446,973,209,46
684,500,1033,Shia002382Vols,1235,384,1203,420,63
684,500,833,ShamIbadiyya0000005,105,1043,1375,268,99
684,451,1033,Shamela0012884,3545,460,1089,460,89
684,211,1033,Shamela0023591,5003,369,1132,602,89
684,500,1033,Shamela0023591,5017,800,1333,433,100
684,481,805,JK009266,6624,1268,1626,261,89
684,805,1033,JK009266,6625,0,228,187,100
684,633,795,Shamela0010283,3249,51,217,130,95
684,833,1033,Tafsir10098,990,197,396,163,99
684,481,833,Shamela0021821,1233,242,599,285,98
684,500,833,Kraken220413194022,882,1195,1528,265,98
684,500,833,Kraken220413194022,2947,922,1252,268,98
684,577,1033,Shia002389Vols,1909,737,1327,262,45
684,500,833,Rafed0000185Vols,361,52,385,269,100
684,500,833,Rafed0000185Vols,365,333,666,269,100
684,500,805,JK009362,5428,1279,1589,246,97
684,451,680,JK001420,599,1090,1438,185,65
684,709,1033,JK001420,600,94,647,214,47
684,500,842,Shamela0009220,1,181,471,219,79
684,723,984,JK009257,616,324,599,210,94
684,362,1033,JK006478,6510,432,1195,470,74
684,633,833,Zaydiyya0000039,174,536,738,163,99
684,723,1033,Rafed0003943Vols,1106,727,1271,253,56
684,500,833,Shamela0010273,1937,1198,1531,269,100
684,730,1033,Shamela0010273,1940,1230,1510,184,66
684,833,1033,Shamela0007798,6662,669,999,164,60
684,623,1033,Sham19Y0014404,960,59,1368,300,27
684,709,953,Meshkat00057178,2607,0,531,172,40
684,211,1033,QuranAnalysis001,146,786,1549,602,89
684,633,791,Shamela0023645,284,1165,1323,129,100
684,473,913,Rafed0001713Vols,1672,250,717,355,93
684,500,833,JK001414,859,878,1212,268,99
684,633,833,Shamela0009065,271,691,892,163,99
684,633,833,Shamela0000041,1721,514,715,163,99
684,696,1033,Shamela0000041,1721,1033,1556,273,64
684,245,718,Shamela0023578,2116,1168,1579,334,86
684,718,1028,Shamela0023578,2117,0,310,253,100
684,623,913,Shamela0023578,2119,937,1434,226,56
685,1144,1537,Meshkat00042485,4580,1066,1505,144,30
685,411,838,JK007044,1316,34,592,180,33
685,501,1444,Tafsir08060,360,792,1408,277,31
685,1015,1537,Tafsir01006,981,111,708,172,28
686,1126,1326,Shia001432Vols,1052,0,200,157,100
686,648,975,Shia001432Vols,2171,1023,1219,147,54
686,1122,1326,Shia001432Vols,2497,1195,1399,160,100
686,907,1326,Shia001432Vols,28965,907,1222,229,69
686,532,1206,Shamela0023632,2490,5,517,400,73
686,514,1326,JK009268,3314,679,1334,509,77
686,838,983,Sham19Y0023618,1175,1454,1598,118,99
686,983,1199,Sham19Y0023618,1176,0,216,170,100
686,514,933,Shamela0023628,2522,928,1190,198,57
686,392,1326,Shamela0023628,2523,115,1426,543,46
686,1016,1143,Shamela0023628,2524,1034,1473,97,28
686,648,1107,Rafed0003257Vols,3744,949,1624,291,46
686,1107,1326,Rafed0003257Vols,3745,0,219,172,100
686,614,933,Shamela0022593,1687,745,1105,175,49
686,462,741,Sham19Y0020891,4035,1287,1495,157,67
686,240,933,Tafsir09068,806,494,1522,254,24
686,911,1269,Tafsir09068,807,75,1466,278,25
686,514,933,JK009270,3214,1207,1469,198,57
686,933,1269,JK009270,3218,629,965,266,100
686,581,1047,Meshkat0014420,3251,668,997,265,69
686,1016,1326,Meshkat0014420,3253,139,919,238,38
686,518,959,JK006476,1092,1238,1533,217,58
686,581,1004,JK006476,1093,107,781,221,35
686,1007,1287,JK006476,1093,1063,1354,220,95
686,514,1326,ShamAY0036821,1453,668,1315,494,75
686,514,1199,ShamAY0036821,1458,222,744,397,71
686,240,422,Meshkat00042485,4581,31,266,140,75
686,477,907,Meshkat00042485,4582,78,633,244,51
686,187,1251,Shamela0012851,213,18,1507,563,41
686,514,959,Sham19Y0147312,1406,1317,1604,220,59
686,975,1199,Sham19Y0147312,1407,672,896,176,100
686,240,1103,Tafsir02067,628,15,1518,401,28
686,712,1117,Zaydiyya0000062,1233,0,342,249,75
686,1047,1326,Zaydiyya0000062,1234,372,888,211,50
686,581,975,Shamela0037458,2753,441,698,209,64
686,975,1138,Shamela0037458,2754,1374,1536,128,99
686,1138,1326,Shamela0037458,2755,0,188,148,100
686,477,975,JK000791,1602,147,531,236,55
686,933,1199,JK000791,1602,1165,1436,201,91
686,1060,1326,JK000791,1603,662,1144,189,47
686,155,661,Shamela0021766,2926,752,1577,268,37
686,661,828,Shamela0021766,2927,0,144,111,78
686,477,1326,JK007018,472,226,1453,524,50
686,609,920,Zaydiyya0000295Vols,1121,429,872,167,37
686,828,1326,JK009396,984,203,1180,386,49
686,648,1199,Sham19Y0023608,2642,83,1129,376,44
686,155,1042,JK000818,404,348,1540,453,41
686,240,975,Meshkat00042488,1134,29,861,246,25
686,1047,1259,Meshkat00042488,1135,529,722,134,81
686,187,970,ShamIbadiyya0000075,601,848,1568,335,39
686,467,1047,Shia002356Vols,776,761,1210,339,70
686,1032,1326,Shia002356Vols,777,277,560,223,96
686,344,1037,Tafsir04038,421,673,1186,260,42
686,335,970,Shia002380Vols,518,344,690,254,49
686,1016,1239,Shia002380Vols,518,1187,1580,150,48
686,462,1055,JK001496,1444,191,1226,326,33
686,348,907,Tafsir02091,1407,963,1544,223,38
686,865,1229,Tafsir02091,1408,8,1237,270,27
686,609,1143,Tafsir02102,2952,156,1570,311,25
686,1143,1326,Tafsir02102,2953,0,561,138,31
686,648,1047,Shamela0008473,3263,597,1043,214,54
686,838,1199,Shamela0008473,3265,333,1177,273,40
686,518,970,Shia002382Vols,1235,1002,1479,234,51
686,155,431,ShamIbadiyya0000050,4146,154,740,170,36
686,838,1326,Shamela0012884,3552,149,614,328,85
686,514,1269,Shamela0023591,5003,965,1562,464,75
686,514,1135,Shamela0023591,5017,1166,1629,359,70
686,838,1199,JK009266,6637,747,1108,288,100
686,838,1047,Shamela0021821,1235,748,957,168,100
686,1016,1199,Shamela0021821,1236,182,448,141,67
686,1047,1192,Tafsir10066,1100,82,596,103,25
686,1029,1326,JK001110,48,358,664,226,94
686,581,1313,JK001420,600,404,1536,361,34
686,948,1199,JK006478,6523,0,252,196,98
686,344,1107,Tafsir08060,361,19,741,317,40
686,335,1122,Rafed0003943Vols,1106,861,1555,372,48
686,838,1326,Rafed0003943Vols,1107,301,1080,204,25
686,514,955,Shamela0010273,1940,1343,1626,217,58
686,975,1209,Shamela0010273,1942,802,1041,177,94
686,155,422,Tafsir01006,981,708,1073,186,62
686,680,907,Tafsir01006,982,0,306,140,56
686,838,1326,Tafsir06048,752,0,1055,367,44
686,155,933,Sham19Y0014404,960,670,1528,292,29
686,838,1199,Sham19Y0014404,961,22,1222,279,29
686,838,1047,Meshkat00057178,2608,30,698,168,31
686,1122,1326,Meshkat00057178,2609,76,979,160,22
686,883,1326,QuranAnalysis001,147,0,443,352,100
686,286,975,Rafed0001713Vols,1675,0,819,357,43
686,907,1203,Rafed0001713Vols,1676,262,770,228,56
686,422,933,Tafsir04042,1493,938,1412,158,29
686,581,1239,Shamela0000041,1722,750,1504,427,61
686,1016,1326,Shamela0000041,1723,581,1228,237,46
686,514,1047,Shamela0023578,2117,148,524,289,66
686,838,1081,Shamela0023578,2120,1038,1575,194,44
686,1081,1326,Shamela0023578,2121,0,245,193,100
686,155,705,JK000876,942,787,1565,244,33
687,837,1349,Shia001432Vols,1052,66,380,238,58
687,837,1236,Shia001432Vols,2497,1265,1466,148,47
687,1236,1530,Shia001432Vols,2498,0,295,232,97
687,1405,1530,Shia001432Vols,8177,984,1110,101,99
687,843,1296,Shamela0023632,2492,304,558,196,54
687,1296,1519,Shamela0023632,2493,368,591,180,100
687,1168,1530,JK009268,3329,3,366,290,99
687,1168,1511,Sham19Y0023618,1177,731,1508,273,43
687,1097,1296,JK001137,54,63,226,120,74
687,843,1296,Shamela0010551,501,49,326,197,55
687,1218,1530,Shamela0023628,2524,0,312,251,99
687,837,1353,Rafed0003257Vols,3745,85,403,238,58
687,1349,1530,Rafed0003257Vols,3748,939,1121,146,99
687,1400,1519,Tafsir09084,1641,1277,1590,95,37
687,1027,1453,Sham19Y0020891,4041,647,1247,245,46
687,1091,1433,JK009270,3221,1062,1381,254,93
687,837,1296,Meshkat0014420,3253,785,1047,196,54
687,1230,1530,Meshkat0014420,3255,1008,1372,212,72
687,1106,1332,JK006476,1094,814,1023,161,89
687,1236,1530,JK006476,1095,397,859,209,56
687,837,1379,ShamAY0036821,1453,1183,1524,259,60
687,1379,1530,ShamAY0036821,1454,0,149,119,97
687,843,1519,ShamAY0036821,1459,838,1310,370,68
687,1027,1400,Shamela0012851,214,0,757,249,40
687,1119,1519,Tafsir02104,363,668,1006,166,49
687,1349,1519,Sham19Y0147312,1409,1205,1375,137,100
687,1168,1349,Sham19Y0147312,1409,554,735,144,100
687,858,1349,Tafsir02067,629,353,955,232,40
687,1296,1469,Sham19Y0013550,399,1217,1341,74,53
687,847,1291,Zaydiyya0000062,1234,770,1020,190,53
687,1168,1511,Zaydiyya0000062,1235,550,1103,272,60
687,1349,1530,Masaha000221,45,592,774,146,99
687,1168,1519,Shamela0037458,2757,811,1162,281,100
687,1132,1530,JK000791,1604,56,849,303,46
687,697,1230,Shamela0021766,2929,42,860,271,39
687,1168,1409,Shamela0000922,865,949,1488,149,31
687,837,1264,JK007018,472,1320,1548,169,50
687,1264,1530,JK007018,473,0,373,215,71
687,1400,1530,Shia003744Vols,250,1239,1370,105,99
687,837,1349,JK009396,984,1046,1361,239,59
687,1349,1530,JK009396,985,135,317,146,99
687,843,1349,Sham19Y0023608,2645,531,838,239,59
687,1300,1519,Sham19Y0023608,2647,592,845,158,78
687,1400,1519,Sham19Y0023608,2648,739,1476,93,15
687,1349,1528,Sham19Y0095660,474,119,298,139,96
687,1088,1474,Meshkat00042488,1136,138,1074,287,38
687,843,1296,Shamela0023788,407,1136,1425,199,54
687,715,1363,ShamIbadiyya0000075,602,568,1532,348,39
687,1168,1296,Shamela0004473,7360,599,727,101,100
687,1400,1519,ShamAY0033108,1193,1141,1566,92,26
687,837,1296,Shia002356Vols,777,426,688,196,54
687,1409,1530,Shia002356Vols,778,0,121,97,98
687,974,1146,ShamAY0034059,4032,1132,1471,113,41
687,78,790,Shia002380Vols,518,837,1541,235,27
687,974,1530,Shia002380Vols,519,29,809,405,62
687,1027,1433,JK001496,1446,691,1301,231,42
687,1400,1530,Tafsir02091,1410,59,531,101,26
687,843,1400,Tafsir02102,2953,436,1216,274,35
687,84,783,Shamela0008473,3265,741,1170,213,35
687,837,1349,Shamela0008473,3266,829,1143,241,59
687,1236,1519,Shamela0008473,3268,27,846,221,33
687,847,1296,Shia002382Vols,1237,0,474,274,63
687,1168,1349,Shamela0012884,3552,1265,1446,144,100
687,1332,1519,Shamela0012884,3553,396,620,150,83
687,1088,1530,Shamela0023591,5004,0,419,334,94
687,843,1519,Shamela0023591,5024,1003,1480,376,69
687,843,1335,JK009266,6641,1183,1476,228,58
687,1349,1523,JK009266,6647,927,1102,137,97
687,843,1349,Shamela0021821,1236,882,1189,239,59
687,1172,1519,Shamela0021821,1237,0,585,277,59
687,1168,1296,JK009362,5446,1272,1400,101,100
687,837,1349,JK001110,48,530,845,239,59
687,937,1433,JK001420,601,0,833,186,24
687,1349,1469,Zaydiyya0000274,293,1390,1510,96,100
687,1349,1469,JK006478,1581,931,1051,96,100
687,1088,1349,JK006478,6529,71,311,187,89
687,1349,1519,JK006478,6532,559,730,137,99
687,843,1296,Rafed0003943Vols,1107,953,1207,196,54
687,1296,1530,Rafed0003943Vols,1108,229,464,189,99
687,843,1296,Shamela0010273,1944,601,855,196,54
687,1349,1530,Shamela0010273,1946,677,859,146,99
687,1088,1296,Shamela0007798,6666,423,872,149,42
687,1236,1433,Shamela0007798,6667,85,332,138,70
687,738,1260,Tafsir01006,983,440,1192,308,47
687,783,1369,Tafsir06048,752,807,1509,285,43
687,1296,1433,Sham19Y0014404,962,1036,1303,110,51
687,843,1296,Sham19Y0014404,962,29,461,219,48
687,1349,1469,Meshkat00057178,541,460,580,96,100
687,843,1296,Meshkat00057178,2609,684,1296,203,33
687,1230,1433,Meshkat00057178,2610,187,715,159,37
687,843,1343,Masaha000554Vols,3608,286,591,230,57
687,837,1530,QuranAnalysis001,147,309,806,385,69
687,783,1335,Rafed0001713Vols,1677,1166,1518,250,54
687,982,1260,Rafed0001713Vols,1678,346,904,210,47
687,1332,1474,Rafed0001713Vols,1678,1354,1539,114,75
687,1369,1519,Tafsir04042,1497,85,829,120,20
687,843,1230,Shamela0037475,157,386,589,143,47
687,1400,1519,Tafsir07057,3656,484,1245,92,15
687,1088,1230,Tafsir02094,2574,1091,1482,94,30
687,843,1433,Shamela0000041,1723,991,1493,312,61
687,1146,1379,Shamela0000041,1724,9,433,173,50
687,1400,1530,Shamela0000041,1724,1095,1243,105,87
687,837,1530,Shamela0023578,2121,111,607,384,69
687,1088,1369,Shamela0023578,2122,106,486,202,63
687,1400,1519,Shamela0023578,2122,995,1122,96,93
688,0,312,Shia001432Vols,2498,295,607,250,100
688,147,312,Shia001432Vols,22630,665,830,136,100
688,0,312,Shamela0023632,2494,218,530,250,100
688,0,312,JK009268,3329,366,678,250,100
688,0,312,Sham19Y0023618,1178,20,557,250,58
688,0,163,Shamela0023628,2524,312,468,119,93
688,0,312,Shamela0023628,2526,169,727,245,55
688,0,312,Rafed0003257Vols,3748,1121,1433,250,100
688,147,312,Tafsir09084,242,1205,1369,135,99
688,909,1281,Tafsir09084,1641,1209,1590,193,48
688,100,319,Sham19Y0020891,4045,670,880,155,85
688,147,312,JK010001,3236,776,941,136,100
688,0,312,JK009270,3226,166,478,250,100
688,66,312,Meshkat0014420,3257,1206,1452,199,100
688,0,312,JK006476,1096,400,750,233,82
688,52,277,Tafsir01005,3981,404,983,181,38
688,0,312,ShamAY0036821,1454,149,456,239,96
688,0,312,ShamAY0036821,1461,998,1305,239,96
688,1134,1492,Shamela0029677,685,479,723,97,28
688,10,312,Shamela0012851,215,181,806,207,38
688,0,327,Sham19Y0147312,1410,767,1108,260,95
688,0,271,Zaydiyya0000062,1236,1283,1555,216,98
688,0,312,Shamela0037458,2760,168,480,250,100
688,5,312,JK000791,1605,861,1235,235,76
688,147,312,Shamela0000922,866,760,925,136,100
688,0,312,JK007018,473,373,687,250,99
688,0,312,JK009396,985,317,629,250,100
688,0,312,Sham19Y0023608,2649,574,886,250,100
688,0,312,Meshkat00042488,1137,406,1038,240,47
688,147,322,Shamela0022371,237,1044,1222,140,96
688,1014,1281,ShamAY0033108,1193,1068,1566,121,25
688,5,247,ShamAY0033108,1194,217,780,174,39
688,0,322,Shia002356Vols,778,121,440,249,96
688,0,312,Shia002380Vols,519,809,1256,249,69
688,66,312,JK001496,1448,309,773,199,53
688,5,247,Tafsir02091,1410,701,1261,173,39
688,147,312,Tafsir02102,334,618,782,135,99
688,968,1293,Tafsir02102,2954,824,1332,113,21
688,147,312,Shamela0008473,657,535,700,136,100
688,1161,1523,Shamela0008473,3269,166,557,167,39
688,30,312,Shamela0008473,3270,354,636,226,100
688,407,1281,Shia002382Vols,1237,614,1295,319,41
688,107,312,Shia002382Vols,1238,16,415,167,51
688,189,312,Tafsir07055,3325,0,123,102,100
688,0,147,Shamela0012884,3554,438,585,114,100
688,0,312,Shamela0023591,5004,419,731,250,100
688,0,316,Shamela0023591,5029,691,1007,250,99
688,0,347,JK009266,6649,907,1270,268,92
688,0,312,Shamela0021821,1238,86,468,238,77
688,147,312,JK001420,601,927,1092,136,100
688,10,327,JK006478,6534,0,338,250,92
688,0,271,Tafsir08060,361,1122,1565,213,60
688,0,312,Rafed0003943Vols,1108,464,1085,250,50
688,0,147,Shamela0010273,1946,859,1006,114,100
688,724,1298,Shamela0010273,1947,188,981,223,31
688,66,316,Shamela0010273,1949,366,609,155,76
688,0,312,Shamela0007798,6671,37,826,220,34
688,576,1281,Tafsir01006,984,0,1041,330,38
688,0,312,Tafsir06048,753,585,1184,248,51
688,0,312,Sham19Y0014404,963,496,1093,241,50
688,66,312,Meshkat00057178,2612,531,1144,199,40
688,45,305,Masaha000554Vols,3612,1069,1340,200,91
688,0,312,QuranAnalysis001,147,806,1118,250,100
688,66,312,Rafed0001713Vols,1680,714,960,199,100
688,147,277,Shamela0009065,274,687,959,107,47
688,0,277,Shamela0000041,1724,1243,1519,221,99
688,0,316,Shamela0023578,2121,607,923,251,99
688,643,1281,Shamela0023578,2122,722,1122,186,31
688,122,312,Shamela0023578,2123,0,358,153,52
689,39,983,Shia001432Vols,2498,305,798,379,50
689,1090,1408,Shia001432Vols,21749,6,324,260,99
689,39,734,Shamela0023632,2494,228,518,216,39
689,983,1165,Shamela0023632,2496,1374,1556,149,100
689,39,1408,JK009268,3329,376,1294,728,65
689,39,983,Sham19Y0023618,1178,30,748,387,43
689,946,1165,Sham19Y0023618,1179,572,843,165,74
689,214,1165,Shamela0023628,2526,405,1100,477,59
689,39,919,Rafed0003257Vols,3748,1131,1559,328,46
689,919,1090,Rafed0003257Vols,3749,0,171,137,100
689,1090,1408,Rafed0003257Vols,3755,353,671,262,100
689,1090,1416,Zaydiyya0000288,596,614,939,263,97
689,943,1090,Sham19Y0020891,4048,616,948,116,43
689,919,1090,Tafsir09068,810,892,1474,134,28
689,39,786,JK009270,3226,176,478,226,37
689,774,1090,JK009270,3229,0,333,251,93
689,1098,1408,JK009270,3231,964,1274,256,100
689,169,943,Meshkat0014420,3257,1206,1601,314,50
689,1039,1408,Meshkat0014420,3261,69,437,303,99
689,39,853,JK006476,1096,410,837,257,36
689,573,1411,ShamAY0036821,1454,365,1066,552,81
689,800,1408,ShamAY0036821,1462,576,1177,485,97
689,39,734,Sham19Y0147312,1410,777,1067,216,39
689,884,1389,Sham19Y0147312,1411,1016,1577,291,55
689,693,1110,Sham19Y0147312,1411,341,746,255,68
689,0,229,Shamela0022769,1017,138,414,117,52
689,39,623,Zaydiyya0000062,1236,1293,1555,194,41
689,1083,1408,Masaha000221,46,748,1072,265,98
689,39,943,Shamela0037458,2760,178,631,348,48
689,978,1408,Shamela0037458,2764,0,430,352,100
689,0,786,JK000791,1605,790,1235,255,38
689,553,983,JK000791,1606,26,441,230,55
689,943,1416,JK000791,1607,363,1282,382,51
689,1090,1408,Zaydiyya0000075BK13,3,1193,1511,262,100
689,573,1093,JK007018,473,595,1465,305,38
689,997,1411,JK007018,474,26,462,290,77
689,39,988,JK009396,985,327,1080,381,39
689,968,1218,JK009396,986,991,1626,191,37
689,39,734,Sham19Y0023608,2649,584,874,216,39
689,792,1090,Sham19Y0023608,2651,939,1237,239,100
689,0,853,Meshkat00042488,1137,333,1519,337,28
689,1090,1408,Shamela0004473,4692,253,571,262,100
689,1090,1408,Shamela0004473,10727,511,829,262,100
689,952,1408,JK010729,87,23,483,294,68
689,826,1090,JK000105,7,34,305,211,97
689,745,1416,Shia002356Vols,779,0,651,513,94
689,1158,1401,Zaydiyya0000037Vols,2668,0,243,199,100
689,169,943,Shia002380Vols,519,875,1492,341,46
689,965,1331,Shia002380Vols,520,329,1050,296,50
689,943,1090,JK001496,1449,1055,1411,116,41
689,826,1090,Tafsir02102,3189,273,554,212,93
689,1090,1408,Shamela0008473,3272,1042,1360,262,100
689,1090,1352,Zaydiyya0000398,136,1405,1665,215,99
689,553,983,Shamela0012884,3555,0,523,236,44
689,39,1408,Shamela0023591,5004,429,1347,728,65
689,39,734,Shamela0023591,5029,701,991,216,39
689,792,1408,Shamela0023591,5031,503,1119,501,100
689,39,734,JK009266,6649,917,1207,216,39
689,1098,1416,JK009266,6657,50,378,260,96
689,1090,1374,Zaydiyya0000063,212,582,866,234,100
689,17,786,Shamela0021821,1238,71,468,246,39
689,526,983,Shamela0021821,1238,800,1370,277,57
689,786,1090,JK001110,48,929,1233,240,98
689,1090,1408,JK001110,86,1149,1467,262,100
689,1090,1408,Zaydiyya0000274,294,1171,1488,262,99
689,1090,1408,Zaydiyya0000074,87,81,398,262,99
689,39,734,Rafed0003943Vols,1108,474,1073,226,30
689,786,1090,Rafed0003943Vols,1109,804,1109,242,99
689,1083,1408,Zaydiyya0000148,130,27,364,266,95
689,1090,1408,Zaydiyya0000148,631,864,1181,262,99
689,1073,1408,Shamela0010273,1952,407,739,267,97
689,884,1039,Shamela0007798,6674,663,1213,110,25
689,1073,1408,Shia001265,48,886,1227,268,95
689,1090,1408,Shia001265,110,860,1178,262,100
689,1073,1408,ShamAY0002038,472,264,600,267,96
689,0,734,Sham19Y0014404,963,426,1081,283,37
689,919,1083,Sham19Y0014404,964,629,1268,125,24
689,39,1181,QuranAnalysis001,147,816,1506,542,58
689,1090,1408,Zaydiyya0000474,4,1017,1334,262,99
689,0,853,Rafed0001713Vols,1680,468,1012,266,35
689,1090,1408,Rafed0001713Vols,1683,80,398,262,100
689,1073,1408,Masaha002880Vols,188,468,809,268,95
689,39,623,Shamela0000041,1724,1253,1514,194,41
689,210,1039,Shamela0000041,1725,377,1183,423,52
689,927,1165,Shamela0000041,1726,720,1369,188,35
689,39,786,Shamela0023578,2121,617,919,226,37
689,573,1430,Shamela0023578,2123,177,1020,610,82
689,169,806,JK000876,946,720,1455,306,43
689,1090,1401,Zaydiyya0000388,37,450,760,256,99
689,1090,1401,Zaydiyya0000388,57,1190,1500,256,99
690,528,952,Meshkat00042485,4597,819,1423,238,45
690,600,937,Zaydiyya0000295Vols,1130,348,992,149,28
690,528,952,Tafsir01006,986,749,1360,238,45
691,1415,1626,Shia001432Vols,467,126,338,172,99
691,1415,1626,Shia001432Vols,539,1351,1563,172,99
691,1415,1553,Shia001432Vols,18609,524,660,110,98
691,1415,1626,Shia001432Vols,20155,1353,1565,172,99
691,1450,1602,Shia001432Vols,20432,639,789,105,86
691,1314,1602,Shamela0023632,2503,365,653,233,100
691,1053,1626,JK009268,3339,0,574,468,99
691,1314,1553,Sham19Y0023618,1184,437,676,193,100
691,780,1126,Hindawi070427368,122,1127,1473,285,100
691,170,859,Shamela0023628,2531,150,910,236,27
691,1091,1484,Shamela0023628,2534,494,887,320,100
691,1507,1626,Shamela0023628,2537,0,120,98,99
691,0,134,Tafsir02100,125,19,157,105,94
691,1079,1415,Rafed0003257Vols,3761,891,1397,270,65
691,0,537,Tafsir09084,1645,827,1397,183,27
691,1268,1426,Sham19Y0020891,4072,65,637,119,25
691,1484,1621,Sham19Y0020891,4074,1379,1515,101,91
691,0,134,JK001492,866,119,252,98,93
691,1243,1415,Tafsir09068,813,813,1270,115,31
691,1415,1610,Tafsir09068,814,579,1485,156,21
691,0,129,JK010001,2429,1346,1479,101,93
691,1364,1553,JK009270,3243,20,209,153,100
691,1364,1626,Meshkat0014420,3271,910,1173,213,99
691,1337,1534,JK006476,1105,74,280,159,95
691,5,134,JK009390,6317,1354,1487,94,81
691,1345,1626,ShamAY0036821,1465,781,1050,217,95
691,1314,1553,Sham19Y0147312,1415,1188,1427,193,100
691,315,705,Shamela0022769,1019,820,1343,199,40
691,0,506,Shamela0037458,2768,940,1530,214,36
691,780,1091,Shamela0037458,2769,1287,1598,256,100
691,1091,1415,Shamela0037458,2773,1259,1583,264,100
691,1415,1626,Shamela0037458,2778,597,809,172,99
691,1408,1602,JK000791,1614,0,194,158,100
691,1415,1553,Hindawi085315384,17,1391,1529,112,100
691,1288,1602,Shamela0000922,871,308,989,183,33
691,1288,1626,JK007018,476,220,750,232,50
691,5,134,Sham19Y0127677,4617,430,564,94,82
691,1369,1519,JK000906,7208,1186,1544,99,32
691,1399,1626,JK009396,991,1064,1286,175,94
691,700,1126,Sham19Y0023608,2659,1224,1624,298,85
691,1415,1602,Sham19Y0023608,2667,412,599,152,100
691,1484,1610,Sham19Y0023608,2668,798,1243,102,28
691,1314,1567,JK000818,408,1026,1576,181,40
691,0,134,Sham19Y0017903,910,165,299,104,97
691,1415,1602,Meshkat00042488,1144,136,938,152,23
691,0,134,JK009141,879,1179,1318,106,95
691,431,859,ShamIbadiyya0000075,605,690,1254,211,39
691,1415,1602,Shamela0004473,5964,134,321,152,100
691,1364,1626,Shamela0004473,9674,48,311,213,99
691,170,661,ShamAY0033108,1197,253,665,178,36
691,1082,1602,Shia002356Vols,782,705,1239,406,92
691,1053,1337,Shamela0010523,3,724,1015,211,89
691,1205,1602,Shamela0010523,4,602,957,243,75
691,0,134,Sham19Y0146127,2838,1253,1386,105,98
691,0,134,JK000475,1946,417,556,105,94
691,0,134,JK000475,2520,1032,1170,105,94
691,1161,1602,Shia002380Vols,521,670,1433,356,57
691,1484,1602,JK001496,1457,1176,1294,96,100
691,1415,1553,EShia0071536,486,1272,1410,112,100
691,780,1126,JK006896,10,1100,1446,285,100
691,1126,1408,Zaydiyya0000328,513,533,808,223,97
691,170,661,Tafsir02091,1413,750,1162,178,36
691,0,134,Shamela0008473,3274,862,995,105,98
691,700,1126,Shamela0008473,3275,1010,1375,301,85
691,1450,1626,Shamela0008473,3287,0,177,143,99
691,1157,1415,JK009265,165,0,258,210,100
691,0,134,Tafsir07055,2515,401,540,105,94
691,0,134,Shamela0012884,3562,790,912,97,89
691,1126,1553,Shamela0012884,3576,425,987,214,38
691,700,1210,Shamela0023591,5035,1092,1579,370,88
691,1210,1626,Shamela0023591,5036,0,417,340,99
691,1345,1626,Shamela0023591,5048,1227,1502,223,97
691,1415,1602,JK009266,6681,732,919,152,100
691,1314,1626,Shamela0021821,1245,967,1595,244,48
691,988,1626,Tafsir07053,112,89,709,500,96
691,1364,1626,Tafsir07053,124,1281,1544,213,99
691,1484,1602,Tafsir07053,126,168,526,96,32
691,0,134,JK000484,5295,788,921,105,98
691,1415,1602,JK009362,5488,787,974,152,100
691,1330,1626,JK001110,49,0,297,241,99
691,1126,1415,Shia001174Vols,261,1211,1500,235,100
691,1415,1626,Shia000181,28,854,1130,172,76
691,1126,1415,JK006478,6557,945,1236,235,99
691,1415,1602,JK006478,6563,1340,1528,152,99
691,780,1131,Rafed0003943Vols,1112,1229,1578,287,99
691,1126,1626,Rafed0003943Vols,1115,267,768,407,99
691,1484,1606,Rafed0003943Vols,1120,369,605,97,50
691,1364,1626,Shamela0010273,1962,138,401,213,99
691,170,603,Tafsir01006,987,1171,1549,199,47
691,1492,1621,Tafsir09065,357,1413,1598,83,56
691,1484,1602,Sham19Y0014404,969,405,782,96,31
691,1314,1484,Meshkat00057178,2624,474,992,137,32
691,1484,1602,Meshkat00057178,2625,0,356,96,33
691,803,1626,QuranAnalysis001,148,239,1063,673,99
691,1415,1626,Rafed0003537Vols,282,284,496,172,99
691,1364,1626,Rafed0001713Vols,1691,178,441,213,99
691,170,846,Shamela0000041,1729,566,1077,233,32
691,1300,1484,Shamela0000041,1734,909,1222,146,57
691,1484,1602,Shamela0000041,1735,1194,1312,96,100
691,780,1131,Shamela0023578,2127,210,559,287,99
691,1126,1626,Shamela0023578,2131,563,1064,407,99
692,128,306,Meshkat00042485,4603,917,1184,74,26
692,750,955,Meshkat00042485,4607,1290,1510,130,64
692,983,1182,Meshkat00042485,4608,57,423,131,43
692,1274,1393,JK000298,4489,585,708,92,94
692,1274,1393,Shamela0037458,2774,575,702,94,92
692,1274,1393,Sham19Y0023608,1348,120,247,93,92
692,1274,1393,JK000465,2653,800,927,93,92
692,1084,1393,Shamela0010273,1958,194,595,160,44
692,1274,1393,Shamela0007798,6686,1362,1488,94,93
692,750,1326,Tafsir01006,989,446,1427,313,37
692,665,1182,Rafed0001713Vols,1688,157,1609,304,25
692,1274,1406,Shamela0009065,382,269,421,98,81
693,951,1522,Shia001432Vols,20188,379,1061,257,39
693,1144,1352,Shamela0021766,2955,644,1152,136,32
693,583,741,Shamela0023578,2133,369,558,99,59
693,855,1358,JK000876,953,350,1160,229,35
694,361,615,JK000330,267,619,874,200,99
694,361,962,Shia001432Vols,3458,496,1096,478,99
694,361,635,Shamela0023632,2505,1053,1327,216,100
694,635,959,Shamela0023632,2506,555,879,262,100
694,805,1028,Tafsir03097,1143,45,620,180,38
694,133,959,JK009268,3339,549,1253,565,85
694,133,635,Sham19Y0023618,1185,746,1126,303,75
694,635,959,Sham19Y0023618,1186,851,1175,262,100
694,133,927,Shamela0023628,2537,95,767,540,84
694,927,1084,Shamela0023628,2539,705,855,112,90
694,425,959,Rafed0003257Vols,3765,0,534,428,100
694,817,1047,Shamela0022593,1707,0,1090,179,20
694,472,611,Sham19Y0020891,2131,1161,1300,109,100
694,361,611,Sham19Y0020891,4077,1165,1415,197,100
694,733,959,Sham19Y0020891,4079,0,226,182,100
694,441,571,JK010001,910,350,480,104,100
694,435,571,JK010001,3018,1122,1258,105,97
694,133,571,JK009270,3245,932,1246,253,71
694,563,927,JK009270,3251,772,1132,289,98
694,927,1058,JK009270,3253,631,762,104,100
694,133,704,Meshkat0014420,3274,745,1595,394,56
694,704,959,Meshkat0014420,3275,0,255,205,100
694,513,733,JK006476,1107,819,1445,169,33
694,287,662,JK006476,1107,0,342,246,79
694,692,933,JK006476,1108,0,250,194,96
694,361,959,ShamAY0036821,1466,255,850,473,98
694,0,366,Meshkat00042485,4617,13,482,209,54
694,472,909,Tafsir02104,366,707,1113,206,49
694,287,553,Sham19Y0147312,1417,1296,1565,168,69
694,553,882,Sham19Y0147312,1418,0,644,264,51
694,882,1058,Sham19Y0147312,1419,138,314,141,100
694,361,1084,Shamela0004445,146,311,984,500,86
694,611,805,Shamela0004445,156,1126,1407,157,69
694,441,843,Sham19Y0013550,401,1359,1605,139,40
694,306,798,Zaydiyya0000062,1248,57,545,363,88
694,805,1052,Zaydiyya0000062,1250,432,684,198,96
694,441,810,Shamela0037458,2783,639,1008,292,99
694,805,1084,Shamela0037458,2785,1204,1476,211,94
694,233,1084,JK000791,1616,53,1009,640,81
694,361,581,JK007018,476,1306,1526,173,97
694,581,1084,JK007018,477,0,905,391,53
694,643,882,Zaydiyya0000075BK22,27,748,985,191,98
694,472,615,JK000906,3247,427,571,111,98
694,361,611,JK009396,992,1112,1362,197,100
694,611,959,JK009396,993,127,475,281,100
694,361,781,Sham19Y0023608,2669,1200,1619,334,99
694,781,959,Sham19Y0023608,2670,0,178,144,100
694,635,882,Sham19Y0023608,2672,484,1205,198,33
694,882,1084,Sham19Y0023608,2673,378,1081,149,26
694,395,611,Shamela0009637,5,0,216,170,100
694,441,611,Shamela0009637,12,221,391,134,100
694,1129,1295,Shamela0009637,12,675,1482,120,18
694,328,615,Meshkat00042488,1145,275,613,213,76
694,553,805,Meshkat00042488,1145,840,1317,199,52
694,361,603,Shia003721Vols,53,1212,1452,190,99
694,603,959,Shia003721Vols,54,0,356,287,100
694,611,805,Shia003721Vols,65,1207,1479,157,71
694,133,563,ShamIbadiyya0000075,607,797,1463,260,42
694,571,1052,ShamIbadiyya0000075,608,46,991,382,50
694,361,615,Shamela0012034,10,454,709,200,99
694,361,611,Shamela0012034,384,1000,1250,197,100
694,133,1084,Shamela0004473,9674,286,916,342,38
694,441,571,Shamela0004473,12825,26,156,104,100
694,361,927,Sham19Y0145435,4935,551,1116,452,99
694,611,805,Sham19Y0145435,4946,223,494,157,71
694,483,611,Shia002356Vols,784,0,128,101,100
694,611,969,Shia002356Vols,784,644,1001,283,98
694,133,611,Shamela0010523,5,1139,1495,284,74
694,539,959,Shamela0010523,6,551,1070,312,74
694,238,1084,Shia002380Vols,522,0,1237,636,62
694,611,930,JK001496,1459,1219,1537,258,99
694,361,611,JK001496,1459,0,253,196,96
694,648,1058,JK001496,1461,1073,1573,225,49
694,361,611,Tafsir02102,2964,881,1302,196,58
694,704,1084,Tafsir02102,2966,335,1465,291,32
694,361,611,Shamela0008473,3289,751,1001,197,100
694,592,959,Shamela0008473,3290,73,499,296,86
694,1058,1531,Shia002382Vols,1244,743,1165,245,57
694,133,563,Shia002382Vols,1244,532,1049,288,61
694,710,1084,Shia002382Vols,1245,5,874,279,40
694,643,805,Shamela0029988,146,185,348,128,97
694,441,571,Tafsir07055,965,285,415,104,100
694,435,571,Tafsir07055,3109,669,805,105,97
694,133,670,Tafsir05047,576,568,1565,358,42
694,133,927,Shamela0012884,3578,231,1260,532,57
694,133,1084,Shamela0023591,5036,392,1214,648,85
694,430,959,Shamela0023591,5052,0,529,424,100
694,421,611,JK009266,6686,0,190,150,100
694,611,853,JK009266,6688,1297,1538,195,99
694,233,611,Shamela0021821,1247,992,1534,273,63
694,493,959,Shamela0021821,1248,369,1040,367,68
694,441,571,Hindawi030353837,264,396,526,104,100
694,361,611,JK009362,5498,6,265,197,95
694,635,959,JK001420,604,556,818,130,37
694,361,611,JK006478,6566,1173,1426,196,96
694,611,959,JK006478,6569,983,1332,281,99
694,133,635,Rafed0003943Vols,1115,743,1123,303,75
694,625,1047,Rafed0003943Vols,1120,973,1646,337,62
694,361,959,Shamela0010273,1965,893,1491,478,100
694,435,571,Shamela0007798,6697,851,987,105,97
694,611,805,Shamela0007798,6698,0,194,157,100
694,733,959,Shamela0007798,6699,380,936,119,23
694,361,615,JK000805,4,327,582,200,99
694,1129,1295,JK000805,11,669,1422,121,20
694,441,611,JK000805,11,227,397,134,100
694,0,411,Tafsir01006,992,21,794,264,42
694,571,839,Tafsir06048,759,20,523,212,52
694,361,697,Sham19Y0014404,970,569,1568,261,32
694,918,1295,Sham19Y0014404,972,0,684,175,29
694,361,571,Meshkat00057178,2626,985,1220,166,88
694,635,805,Meshkat00057178,2627,555,725,138,100
694,298,607,Masaha000554Vols,3640,178,500,212,82
694,611,882,Masaha000554Vols,3641,1305,1577,215,96
694,677,853,Masaha000554Vols,3642,1187,1585,141,43
694,133,817,QuranAnalysis001,148,1038,1599,451,82
694,817,1084,QuranAnalysis001,149,0,260,201,94
694,133,662,Rafed0001713Vols,1693,627,1545,398,53
694,662,1466,Rafed0001713Vols,1694,0,1078,479,52
694,1117,1531,Tafsir04042,1512,816,1375,218,45
694,441,571,Tafsir07057,1980,159,289,104,100
694,125,585,Shamela0000041,1736,1216,1553,267,72
694,526,1058,Shamela0000041,1737,588,1266,423,77
694,810,1084,Shamela0000041,1738,0,816,204,31
694,133,656,Shamela0023578,2131,1039,1443,309,73
694,387,585,Shamela0023578,2134,1260,1533,156,71
694,615,1084,Shamela0023578,2135,257,780,365,85
694,909,1058,Shamela0023578,2136,119,419,118,49
694,1129,1528,JK000876,954,806,1552,240,38
695,550,1042,Shia001432Vols,3458,855,1120,193,47
695,702,925,Shia001432Vols,22152,775,1029,104,38
695,550,1026,Shamela0023632,2506,641,879,187,48
695,550,1026,JK009268,3339,1015,1253,187,48
695,550,1026,Rafed0003257Vols,3765,296,534,187,48
695,565,1026,Sham19Y0020891,4079,6,226,177,47
695,550,1026,Meshkat0014420,3275,17,255,187,48
695,550,1026,ShamAY0036821,1466,614,850,181,46
695,220,609,Meshkat00042485,3403,782,1276,172,41
695,550,1026,Shamela0004445,146,671,909,187,48
695,1014,1521,Shamela0022769,1025,321,897,241,43
695,1053,1515,Zaydiyya0000062,1251,7,657,226,35
695,702,1485,Shamela0037458,2785,1204,1555,284,44
695,550,1521,JK000791,1616,653,1126,377,47
695,550,1521,JK007018,477,314,1022,383,40
695,572,925,Zaydiyya0000295Vols,1056,20,646,147,24
695,1078,1223,JK000906,7133,101,443,93,34
695,550,1026,JK009396,993,237,475,187,48
695,631,1026,Sham19Y0023608,2670,0,178,144,45
695,616,1521,JK000818,410,355,1320,393,40
695,550,1026,Shia003721Vols,54,118,356,187,48
695,565,1515,ShamIbadiyya0000075,608,468,1308,410,41
695,550,1026,Shia002356Vols,784,754,991,186,47
695,820,1521,Shia002356Vols,785,300,843,280,45
695,550,1026,Shamela0010523,6,832,1070,187,48
695,474,1521,Shia002380Vols,522,653,1363,435,48
695,550,1501,Tafsir02102,2966,383,1571,430,36
695,883,1521,Shia002382Vols,1245,460,1000,266,45
695,550,1521,Shamela0023591,5036,858,1331,377,47
695,550,1026,Shamela0023591,5052,291,529,187,48
695,550,1026,Shamela0021821,1248,802,1040,187,48
695,550,1026,JK006478,6569,1093,1332,185,47
695,550,1208,Rafed0003943Vols,1120,1069,1613,231,31
695,550,1026,Shamela0010273,1965,1253,1491,187,48
695,957,1104,Shamela0010273,1968,1314,1429,65,49
695,616,1026,Shamela0007798,6699,413,936,127,21
695,220,609,Tafsir01006,671,34,516,150,35
695,45,976,Tafsir01006,993,0,1540,406,27
695,976,1417,Tafsir01006,994,0,492,222,46
695,390,793,Sham19Y0014404,971,763,1206,180,44
695,728,1521,QuranAnalysis001,149,0,377,304,47
695,368,609,Rafed0001713Vols,1129,462,832,122,40
695,550,1026,Rafed0001713Vols,1694,59,297,187,48
695,957,1485,Rafed0001713Vols,1696,1106,1580,238,45
695,1134,1417,Rafed0001713Vols,1697,362,851,182,46
695,1184,1437,Tafsir04042,1513,1341,1545,126,55
695,550,1208,Shamela0000041,1737,929,1221,231,43
695,728,1521,Shamela0000041,1738,7,933,366,39
695,576,1521,Shamela0023578,2135,453,897,359,46
695,893,1521,Shamela0023578,2136,93,597,262,46
695,918,1178,JK000876,956,363,888,126,30
696,325,585,JK000330,218,279,539,212,99
696,0,497,Shia001432Vols,3503,827,1322,399,98
696,494,694,Shia001432Vols,3960,49,253,166,97
696,494,630,Shia001432Vols,22873,353,490,114,99
696,39,242,Shamela0023632,2508,746,949,163,100
696,242,411,Shamela0023632,2509,1419,1587,139,99
696,446,658,Shamela0023632,2510,895,1200,167,64
696,113,557,Tafsir03097,1144,172,1434,343,33
696,0,715,JK009268,3354,914,1628,586,99
696,0,356,Sham19Y0023618,1187,1101,1386,219,76
696,242,658,Sham19Y0023618,1188,774,1191,345,99
696,0,494,Shamela0023628,2539,972,1466,402,100
696,113,411,Shamela0023628,2540,857,1608,239,39
696,411,753,Shamela0023628,2541,47,519,282,72
696,0,356,Rafed0003257Vols,3768,927,1278,274,94
696,242,381,Rafed0003257Vols,3770,1216,1642,114,32
696,381,775,Rafed0003257Vols,3771,0,396,316,96
696,411,630,Shamela0022593,1710,704,1402,172,29
696,411,738,Tafsir09083,947,418,1489,260,29
696,11,390,Tafsir09084,1655,670,1548,250,33
696,39,218,Sham19Y0020891,4085,1310,1489,144,100
696,325,494,Sham19Y0020891,4089,875,1524,137,26
696,325,715,Tafsir09068,818,338,1291,283,36
696,39,218,JK000362,1303,32,211,144,100
696,592,989,JK010001,3018,230,467,179,55
696,102,269,JK009270,3256,469,661,130,85
696,277,494,JK009270,3257,0,217,177,99
696,494,658,JK009270,3259,443,607,137,99
696,0,325,Meshkat0014420,3278,1124,1449,265,100
696,325,710,Meshkat0014420,3281,787,1177,308,96
696,304,536,JK006476,1110,1316,1578,188,87
696,83,328,JK006476,1110,60,326,195,90
696,406,753,JK006476,1111,387,1281,225,28
696,0,753,ShamAY0036821,1470,17,762,600,97
696,1438,1610,Meshkat00042485,4627,1222,1445,138,77
696,304,611,Shamela0012851,224,332,1085,246,39
696,411,742,Tafsir02104,367,582,932,135,33
696,113,269,Sham19Y0147312,1423,357,513,124,100
696,262,585,Sham19Y0147312,1424,380,703,265,99
696,585,753,Sham19Y0147312,1425,790,1175,91,29
696,0,325,Shamela0004445,172,1001,1326,265,100
696,65,218,Shamela0004445,176,0,153,123,100
696,1040,1576,Shamela0022769,1025,1044,1533,205,38
696,310,504,Zaydiyya0000062,1252,1174,1581,153,46
696,551,747,Zaydiyya0000062,1253,1121,1389,160,70
696,90,390,Shamela0037458,2788,122,422,243,100
696,390,753,Shamela0037458,2790,762,1125,299,99
696,0,452,JK000791,1616,1126,1577,366,99
696,438,753,JK000791,1620,1000,1637,244,45
696,242,494,Shamela0000922,873,1050,1427,182,58
696,0,328,JK007018,477,1022,1353,265,98
696,325,758,JK007018,478,128,935,345,51
696,0,189,JK009396,993,1387,1575,153,99
696,189,325,JK009396,994,0,136,112,100
696,325,669,JK009396,994,808,1627,282,41
696,0,325,Sham19Y0023608,2673,1198,1523,265,100
696,325,494,Sham19Y0023608,2676,160,329,137,100
696,529,694,Sham19Y0023608,2677,0,166,139,99
696,269,494,Shamela0001340,216,298,434,100,53
696,113,694,JK000818,411,164,1599,440,37
696,116,504,Meshkat00042488,1148,0,1375,294,26
696,393,758,Meshkat00042488,1149,92,1299,279,27
696,0,325,Shia003721Vols,82,247,572,265,100
696,39,242,Shia003721Vols,86,1203,1407,163,99
696,218,687,ShamIbadiyya0000075,609,341,1552,380,37
696,269,494,Shamela0004473,9674,1101,1326,185,100
696,304,585,ShamAY0033108,1207,410,1287,220,30
696,0,269,Shia002356Vols,785,843,1111,216,99
696,269,753,Shia002356Vols,786,697,1177,397,99
696,494,658,Shamela0012027,441,85,249,138,100
696,137,747,Shia002380Vols,523,6,888,486,67
696,494,630,Shamela0001419,294,1421,1557,113,99
696,269,494,Shamela0001419,415,164,313,100,53
696,39,218,JK001496,1463,117,297,144,99
696,116,325,JK001496,1464,95,637,149,33
696,304,585,Tafsir02091,1424,467,1352,220,30
696,0,658,Tafsir02102,2967,21,1331,529,49
696,0,356,Shamela0008473,3291,623,991,279,91
696,325,504,Shamela0008473,3292,426,616,141,92
696,457,694,Shamela0008473,3292,1249,1513,197,89
696,1322,1610,Shia002382Vols,1245,1171,1479,171,59
696,304,738,Shia002382Vols,1246,238,1036,352,53
696,592,922,Tafsir07055,3108,1319,1513,149,54
696,90,719,Tafsir05047,578,10,1540,494,39
696,0,390,Shamela0012884,3579,779,1464,313,56
696,390,753,Shamela0012884,3580,271,1105,298,43
696,0,225,Shamela0023591,5036,1331,1555,181,99
696,225,753,Shamela0023591,5037,0,529,437,99
696,0,325,Shamela0023591,5054,392,717,265,100
696,338,753,Shamela0023591,5060,0,416,343,99
696,0,356,JK009266,6692,1101,1467,289,96
696,325,504,JK009266,6702,1145,1335,141,92
696,473,694,JK009266,6704,1101,1373,184,80
696,0,390,Shamela0021821,1249,501,891,317,100
696,411,694,Shamela0021821,1251,374,725,218,74
696,304,457,Tafsir10066,1116,250,700,124,34
696,494,694,Tafsir10066,1117,309,1291,155,18
696,0,218,JK009362,5506,796,1014,176,100
696,242,494,JK001420,605,989,1452,111,24
696,494,753,JK001420,606,276,698,136,36
696,0,189,JK006478,6573,1355,1544,153,98
696,189,338,JK006478,6574,0,166,122,89
696,310,494,JK006478,6577,866,1052,142,94
696,0,694,Rafed0003943Vols,1121,147,842,570,99
696,0,356,Shamela0010273,1969,523,920,286,88
696,1286,1610,Shamela0010273,1971,52,575,191,41
696,325,494,Shamela0010273,1972,640,809,137,100
696,494,694,Shamela0010273,1973,1320,1521,168,99
696,113,269,Shamela0007798,6703,173,660,124,32
696,1336,1610,Tafsir01006,995,387,777,168,52
696,0,681,Tafsir06048,760,149,1594,531,44
696,102,504,Sham19Y0014404,973,101,1102,211,23
696,438,753,Sham19Y0014404,974,173,960,255,39
696,0,165,Meshkat00057178,2629,922,1564,94,16
696,96,356,Meshkat00057178,2630,0,793,204,31
696,310,494,Meshkat00057178,2630,1171,1490,149,57
696,377,764,Meshkat00057178,2631,34,1248,303,30
696,0,753,QuranAnalysis001,149,377,1130,616,99
696,0,356,Rafed0001713Vols,1697,37,392,289,99
696,1336,1610,Rafed0001713Vols,1698,1109,1551,169,48
696,325,504,Rafed0001713Vols,1699,766,945,142,98
696,473,694,Rafed0001713Vols,1700,152,382,185,96
696,494,658,Shamela0030868,68,696,869,137,94
696,102,356,Tafsir04042,1514,1048,1655,201,41
696,90,218,Tafsir07057,3682,1303,1431,102,100
696,457,864,Tafsir04056,5476,562,1074,107,16
696,494,630,Tafsir04056,5479,1137,1688,114,24
696,39,203,Tafsir02094,2601,1064,1577,132,31
696,325,585,Tafsir02094,2603,30,569,170,36
696,0,246,Shamela0000041,1738,933,1180,198,99
696,137,494,Shamela0000041,1739,537,957,285,83
696,411,753,Shamela0000041,1740,344,890,281,62
696,0,494,Shamela0023578,2136,597,1213,400,79
696,113,585,Shamela0023578,2137,332,1622,370,35
696,585,753,Shamela0023578,2138,0,168,140,100
696,1468,1606,JK000876,958,40,274,102,55
697,376,989,JK000330,218,279,539,212,42
697,1520,1673,Shamela0023632,2513,533,687,124,99
697,376,1270,JK009268,3354,1239,1628,318,43
697,1456,1673,JK009268,3355,38,256,176,99
697,376,1155,Sham19Y0023618,1188,857,1191,275,42
697,1456,1673,Sham19Y0023618,1190,342,560,176,99
697,1249,1673,Shamela0023628,2541,460,737,224,64
697,1243,1673,Rafed0003257Vols,3773,448,918,243,57
697,662,1338,Tafsir09083,947,418,1542,353,36
697,376,1270,Tafsir09068,818,338,1291,302,26
697,376,1218,Meshkat0014420,3281,787,1156,303,43
697,376,1265,ShamAY0036821,1470,337,718,299,41
697,1249,1673,ShamAY0036821,1470,702,975,213,61
697,169,754,Meshkat00042485,4629,218,1048,300,40
697,796,1029,Meshkat00042485,4630,740,1300,173,36
697,376,989,Sham19Y0147312,1424,443,703,211,42
697,1520,1673,Sham19Y0014592,915,1230,1384,124,99
697,1456,1658,Shamela0037458,2793,1347,1548,163,99
697,1456,1673,JK000791,1621,1229,1447,176,99
697,1365,1673,JK007018,478,1255,1574,199,76
697,1456,1673,JK009396,996,40,258,176,99
697,407,881,Sham19Y0023608,2676,790,1589,164,22
697,1295,1655,Sham19Y0023608,2678,1203,1639,207,54
697,0,1017,ShamIbadiyya0000075,609,393,1194,399,43
697,376,1274,Shia002356Vols,786,753,1144,316,42
697,1456,1673,Shia002356Vols,788,0,218,175,98
697,72,1391,Shia002380Vols,523,134,931,487,43
697,72,1155,Tafsir02102,2967,444,1331,412,36
697,1456,1673,Shamela0008473,3294,997,1215,176,99
697,276,1414,Shia002382Vols,1246,238,1154,521,50
697,13,1218,Tafsir05047,578,380,1491,460,36
697,1249,1673,Shamela0023591,5037,470,747,224,64
697,376,1274,Shamela0023591,5037,100,495,322,43
697,1249,1673,Shamela0023591,5060,357,634,224,64
697,389,1274,Shamela0023591,5060,0,382,312,42
697,1464,1673,JK009266,6708,92,302,170,99
697,1464,1673,Shamela0021821,1252,518,728,170,99
697,1456,1673,JK001110,87,266,484,176,99
697,1449,1673,JK006478,6582,393,618,178,96
697,376,1218,Rafed0003943Vols,1121,472,842,305,43
697,1456,1673,Shamela0010273,1976,1152,1370,176,99
697,0,532,Tafsir01006,995,777,1573,292,41
697,376,1274,QuranAnalysis001,149,702,1096,320,43
697,1249,1673,QuranAnalysis001,149,1071,1348,224,64
697,196,754,Rafed0001713Vols,1699,401,1550,312,31
697,570,1334,Shamela0000041,1740,263,1497,308,25
697,1249,1673,Shamela0023578,2138,109,386,224,64
698,28,209,JK000062,33,555,736,146,99
698,175,827,Shia001432Vols,2498,872,1531,512,95
698,827,999,Shia001432Vols,2499,0,172,140,100
698,28,209,Shia001432Vols,11969,1187,1368,147,100
698,28,209,Shia001432Vols,21681,935,1116,147,100
698,410,714,Shia001432Vols,22630,839,967,94,37
698,28,213,Shamela0023632,2515,178,363,148,98
698,209,378,Shamela0023632,2516,1064,1235,132,97
698,375,537,Shamela0023632,2518,438,600,132,100
698,485,714,Shamela0023632,2520,86,450,182,61
698,714,891,Shamela0023632,2521,512,689,144,100
698,295,571,Tafsir03097,1147,544,1417,205,29
698,28,591,JK009268,3363,1041,1603,453,99
698,591,999,JK009268,3364,0,408,334,100
698,0,169,Sham19Y0023618,1190,560,729,136,100
698,169,410,Sham19Y0023618,1192,785,1026,193,100
698,361,943,Sham19Y0023618,1193,453,1030,449,93
698,485,714,Zaydiyya0000413Vols,1647,942,1175,186,97
698,209,460,Zaydiyya0000413Vols,1678,225,487,200,94
698,0,169,Shamela0023628,2541,737,906,136,100
698,169,714,Shamela0023628,2543,968,1513,441,100
698,645,999,Shamela0023628,2545,1044,1502,289,77
698,28,270,Rafed0003257Vols,3776,454,696,196,100
698,233,999,Rafed0003257Vols,3778,133,986,621,89
698,28,209,Sham19Y0020891,4097,378,559,147,100
698,209,339,Sham19Y0020891,4100,958,1092,96,91
698,331,485,Sham19Y0020891,4101,1049,1203,126,100
698,485,623,Sham19Y0020891,4103,1099,1237,111,100
698,490,714,Sham19Y0020891,4110,0,428,121,36
698,760,1136,Sham19Y0020891,4111,83,937,211,30
698,270,588,Tafsir09068,821,76,1291,255,26
698,760,999,Tafsir09068,823,232,1107,194,27
698,537,714,JK000362,626,248,425,144,100
698,88,485,JK009270,3268,137,530,307,94
698,485,760,JK009270,3271,0,275,223,100
698,760,999,JK009270,3274,312,551,195,100
698,0,209,Meshkat0014420,3287,703,912,169,100
698,209,410,Meshkat0014420,3289,539,740,160,100
698,410,623,Meshkat0014420,3291,559,772,173,100
698,623,891,Meshkat0014420,3293,761,1029,219,100
698,148,331,JK006476,1114,1154,1346,146,95
698,300,485,JK006476,1115,864,1090,142,77
698,485,687,JK006476,1116,746,956,163,95
698,485,603,JK000101,118,1389,1506,94,99
698,114,270,Shamela0002300,2171,707,863,127,100
698,15,550,ShamAY0036821,1471,956,1506,415,92
698,485,999,ShamAY0036821,1472,748,1252,404,97
698,270,835,JK000081,713,850,1414,457,99
698,28,209,Sham19Y0132973,778,704,885,147,100
698,28,209,Sham19Y0147312,1428,387,568,147,100
698,169,331,Sham19Y0147312,1429,289,541,121,60
698,273,485,Sham19Y0147312,1429,877,1217,169,61
698,485,698,Sham19Y0147312,1431,1346,1558,173,99
698,698,891,Sham19Y0147312,1432,0,193,157,100
698,28,209,Sham19Y0014592,223,289,470,147,100
698,760,999,Sham19Y0014592,2180,1200,1474,195,87
698,485,707,Zaydiyya0000062,1258,1199,1425,180,97
698,270,835,Shamela0006947,12218,452,1016,457,99
698,375,571,Shamela0006947,18651,1315,1511,159,100
698,18,209,Sham19Y0122096,733,628,819,148,94
698,0,169,Shamela0037458,2794,16,185,136,100
698,169,485,Shamela0037458,2798,1198,1514,255,100
698,485,651,Shamela0037458,2802,1496,1661,134,99
698,651,835,Shamela0037458,2803,0,184,151,100
698,835,999,Shamela0037458,2806,460,624,133,100
698,28,209,Zaydiyya0000355,71,250,431,147,100
698,28,183,Zaydiyya0000355,126,1382,1536,126,99
698,15,209,JK000791,1623,511,737,157,85
698,209,485,JK000791,1624,87,363,222,100
698,485,809,JK000791,1626,310,1031,253,42
698,789,1136,JK000791,1627,406,781,194,49
698,213,485,Shamela0000922,876,352,1200,165,23
698,435,999,Shamela0000922,877,7,886,273,32
698,0,485,JK007018,479,545,1384,381,55
698,485,891,JK007018,480,717,1123,326,98
698,28,209,Shia003744Vols,253,922,1103,147,100
698,209,490,JK009396,997,910,1191,223,98
698,28,209,JK009396,997,48,229,147,100
698,485,623,JK009396,998,1497,1634,111,99
698,623,891,JK009396,999,0,268,219,100
698,485,623,Sham19Y0023608,1497,758,896,111,100
698,28,209,Sham19Y0023608,2682,1108,1289,147,100
698,270,999,Sham19Y0023608,2685,574,1303,591,100
698,28,209,JK000917,1108,632,813,147,100
698,270,603,JK000818,413,279,1242,237,31
698,28,209,Meshkat00042488,1151,525,964,144,40
698,233,460,Meshkat00042488,1152,40,1184,169,18
698,485,714,Meshkat00042488,1153,368,1541,178,18
698,28,209,ShamAY0000055,155,385,566,147,100
698,28,218,Masaha002310,71,1286,1476,149,97
698,28,209,Shamela0021537,1939,797,978,147,100
698,28,209,Shamela0021537,4409,593,774,147,100
698,28,209,Shamela0004473,8015,747,928,147,100
698,7,209,Shamela0004473,9087,650,849,154,94
698,4,209,Shamela0004473,10723,362,567,149,88
698,169,460,Shamela0022371,238,1308,1518,124,49
698,28,223,Shia001544Vols,1698,242,431,148,93
698,127,485,Shia002356Vols,789,0,351,282,98
698,469,999,Shia002356Vols,790,913,1446,420,97
698,28,209,Shamela0012746,2,545,726,146,99
698,714,999,Tafsir04038,427,707,938,125,44
698,424,884,Shia002380Vols,525,0,1548,375,29
698,331,485,JK001496,1469,1353,1507,123,98
698,485,623,JK001496,1470,1209,1349,111,98
698,835,1136,JK001496,1473,354,716,168,53
698,485,623,Shamela0008363,70,11,149,111,100
698,28,209,Shamela0008473,3297,855,1036,147,100
698,169,485,Shamela0008473,3299,364,807,255,71
698,324,460,Shamela0008473,3300,318,866,105,23
698,485,891,Shamela0008473,3301,435,841,330,100
698,694,884,Shia002382Vols,1250,584,1444,153,21
698,503,891,Tafsir05047,581,44,1272,274,27
698,835,1002,ShamAY0036031,96,1014,1181,133,98
698,0,270,Shamela0012884,3586,183,464,218,96
698,460,891,Shamela0012884,3590,817,1331,350,83
698,0,873,Shamela0023591,5037,747,1619,706,99
698,873,999,Shamela0023591,5038,0,126,103,100
698,4,410,Shamela0023591,5065,1099,1506,316,96
698,485,999,Shamela0023591,5071,525,1039,418,100
698,28,209,JK009266,6712,308,489,147,100
698,209,410,JK009266,6714,1324,1524,160,99
698,424,760,JK009266,6718,0,336,274,100
698,283,485,Tafsir10098,1014,0,202,163,100
698,28,209,Shamela0021821,1253,972,1153,147,100
698,186,485,Shamela0021821,1254,1094,1378,229,94
698,485,891,Shamela0021821,1256,15,420,329,99
698,0,835,Zaydiyya0000075BK25,21,63,433,280,40
698,28,209,JK000071,482,438,619,147,100
698,260,472,Tafsir10066,1121,849,1382,157,36
698,331,891,JK009362,5531,347,951,173,23
698,485,623,JK009362,5535,1273,1412,111,99
698,0,209,JK001110,87,484,693,169,100
698,143,490,JK001420,607,600,1008,169,48
698,331,931,Shamela0022653,34,0,158,119,24
698,623,835,Sham19Y0038093,189,752,964,174,100
698,331,931,JK000895,7,9,167,119,24
698,194,410,JK006478,6588,91,307,169,96
698,375,660,JK006478,6590,1025,1518,228,56
698,751,891,JK006478,6594,0,142,114,97
698,561,714,JK000082,430,0,152,124,99
698,31,209,Tafsir05045,155,1014,1192,145,100
698,209,472,Tafsir08060,365,771,1398,208,41
698,0,478,Rafed0003943Vols,1123,1046,1523,385,99
698,478,623,Rafed0003943Vols,1124,0,145,117,100
698,623,793,Rafed0003943Vols,1126,1444,1613,139,99
698,793,999,Rafed0003943Vols,1127,0,206,168,100
698,28,270,Shamela0010273,1980,706,948,196,100
698,270,485,Shamela0010273,1983,821,1036,173,100
698,485,839,Shamela0010273,1985,716,1070,286,99
698,809,999,Shamela0010273,1989,1473,1658,138,90
698,4,209,Sham19Y0014328,716,165,372,155,92
698,7,194,Zaydiyya0000075BK1,38,1410,1600,142,91
698,31,331,Shamela0007798,6720,82,220,98,41
698,28,209,Shamela0012293,1893,138,319,147,100
698,175,485,Sham19Y0014404,976,67,1115,189,21
698,518,777,Sham19Y0014404,977,0,768,177,28
698,571,714,Meshkat00057178,2638,1004,1399,117,36
698,485,827,Masaha000554Vols,3660,755,1103,268,93
698,835,992,Masaha000554Vols,3665,1374,1532,123,95
698,31,460,JK000447,540,458,1132,161,23
698,0,260,QuranAnalysis001,149,1348,1607,210,99
698,260,999,QuranAnalysis001,150,0,739,599,100
698,0,209,Rafed0001713Vols,1703,1285,1494,169,100
698,183,623,Rafed0001713Vols,1705,494,938,346,97
698,611,835,Rafed0001713Vols,1708,325,542,178,96
698,789,1136,Rafed0001713Vols,1709,975,1410,198,49
698,588,714,Tafsir04056,1330,374,500,104,100
698,270,435,Tafsir04056,5487,1112,1352,67,27
698,295,537,Tafsir04056,5488,84,1353,165,16
698,717,891,Tafsir02094,2616,134,698,139,30
698,4,537,Shamela0009065,278,64,1547,326,27
698,186,375,Shamela0000041,1743,0,189,151,100
698,375,571,Shamela0000041,1744,53,249,159,100
698,571,835,Shamela0000041,1745,312,576,216,100
698,835,999,Shamela0000041,1746,28,192,133,100
698,7,835,Shamela0023578,2140,123,982,659,94
698,603,999,Shamela0023578,2143,57,841,324,50
699,1161,1576,Shia001432Vols,2583,1215,1499,149,39
699,295,827,Shamela0023628,2543,0,646,208,34
699,790,1576,Meshkat00042485,4638,568,1638,350,35
699,259,907,JK000791,1623,133,722,203,28
699,79,937,JK000818,412,744,1506,265,29
699,1103,1533,ShamIbadiyya0000075,612,284,773,230,50
699,507,872,Shia002380Vols,524,115,390,173,52
699,1006,1527,Shia002380Vols,524,703,1251,226,41
699,295,996,Tafsir02102,2969,558,1339,287,34
699,50,872,Shia002382Vols,1247,59,1102,352,33
699,1291,1573,Shia002382Vols,1249,21,299,116,41
699,79,684,Tafsir01006,998,679,1471,278,36
699,729,1576,Tafsir01006,999,0,1067,383,39
699,882,1527,JK000876,961,672,1541,262,31
700,814,1496,Shia001432Vols,2498,1212,1465,197,35
700,50,241,Sham19Y0023618,1193,414,559,82,55
700,814,1496,Sham19Y0023618,1193,593,847,198,36
700,814,1496,Rafed0003257Vols,3778,493,747,198,36
700,814,1496,JK009270,3271,21,275,198,36
700,814,1496,ShamAY0036821,1472,769,1019,192,35
700,814,1496,JK000081,713,1086,1339,197,35
700,814,1496,Shamela0006947,12218,688,941,197,35
700,814,1496,JK000791,1626,331,993,209,26
700,814,1496,Sham19Y0023608,2685,810,1064,198,36
700,814,1496,Shia002356Vols,790,953,1207,198,36
700,160,1496,Shia002380Vols,525,0,1120,461,34
700,814,1496,Shamela0008473,3301,456,710,198,36
700,0,931,Shia002382Vols,1249,499,1586,365,33
700,814,1496,Shamela0012884,3590,947,1200,197,35
700,814,1496,Shamela0023591,5037,1253,1507,198,36
700,814,1496,Shamela0023591,5071,546,800,198,36
700,814,1496,JK009266,6718,82,336,198,36
700,814,1496,Shamela0021821,1256,36,289,197,35
700,814,1496,Shamela0010273,1985,737,991,198,36
700,814,1496,QuranAnalysis001,150,246,500,198,36
700,814,1496,Shamela0023578,2140,653,907,198,36
700,627,940,Shamela0023578,2142,1255,1551,138,43
701,918,1366,Shia001432Vols,540,43,370,254,70
701,1012,1400,Shia001432Vols,1774,415,803,307,98
701,860,1539,Shia001432Vols,2499,172,852,542,99
701,860,1067,Shamela0023632,2522,1365,1571,169,99
701,1366,1539,Shamela0023632,2524,957,1130,138,100
701,975,1124,Tafsir03097,1150,92,604,116,27
701,860,1397,JK009268,3364,408,945,432,99
701,635,1147,Sham19Y0023618,1195,801,1344,285,56
701,1088,1501,Sham19Y0023618,1196,211,789,316,69
701,1147,1410,JK000382,893,1304,1566,210,99
701,933,1339,Shamela0023628,2546,0,406,326,100
701,1235,1539,Shamela0023628,2547,850,1356,237,59
701,948,1204,Shamela0023628,2547,3,658,197,37
701,860,1397,Rafed0003257Vols,3784,639,1176,434,100
701,1012,1154,Tafsir09084,1665,244,431,109,71
701,933,1154,Sham19Y0020891,4113,1280,1575,149,62
701,1040,1432,Sham19Y0020891,4115,1184,1495,118,30
701,1366,1539,Sham19Y0020891,4117,890,1063,138,100
701,918,1278,JK009270,3276,1115,1475,291,100
701,1278,1539,JK009270,3279,144,405,207,100
701,860,1012,Meshkat0014420,3295,1130,1282,125,100
701,1005,1366,Meshkat0014420,3297,597,957,286,99
701,1366,1539,Meshkat0014420,3299,1273,1446,138,100
701,52,544,JK000865,449,160,760,227,40
701,855,1211,Tafsir01005,4020,283,1380,250,28
701,860,1539,ShamAY0036821,1473,275,941,529,97
701,860,1539,ShamAY0036821,1474,533,1199,529,97
701,860,1211,Shamela0012851,231,671,1529,273,39
701,860,1147,Sham19Y0147312,1432,872,1159,234,100
701,1366,1539,Sham19Y0147312,1433,610,783,138,100
701,860,1272,Tafsir02067,639,468,1450,319,40
701,902,1204,Zaydiyya0000062,1262,805,1405,231,47
701,1147,1539,Shamela0006947,4485,303,694,311,99
701,860,1040,Shamela0037458,2806,624,804,147,100
701,1012,1366,Shamela0037458,2808,664,1109,281,79
701,1366,1539,Shamela0037458,2810,262,435,138,100
701,860,1051,JK000791,1627,1363,1553,155,98
701,1278,1539,JK000791,1629,0,407,187,58
701,1314,1543,JK000365,710,0,230,180,97
701,860,1147,JK007018,481,118,405,231,98
701,1147,1539,JK007018,481,699,1306,311,64
701,860,1147,JK009396,1000,568,855,232,99
701,1281,1539,JK009396,1001,0,258,205,100
701,860,1012,Sham19Y0023608,2692,452,604,125,100
701,1012,1147,Sham19Y0023608,2693,1082,1217,109,100
701,1147,1397,Sham19Y0023608,2694,1098,1348,200,100
701,1366,1539,Sham19Y0023608,2696,1080,1499,138,41
701,1147,1506,JK000381,107,973,1332,280,98
701,162,1147,JK000818,414,523,1598,364,30
701,918,1147,Meshkat00042488,1155,801,1402,181,37
701,918,1177,ShamIbadiyya0000075,614,747,1364,196,39
701,1147,1397,Shamela0004473,1361,697,947,200,100
701,1012,1150,Shamela0004473,8236,45,180,109,97
701,855,1012,Shamela0004473,10323,847,1005,126,97
701,1005,1211,Shamela0004473,10567,858,1063,163,98
701,855,1295,Shamela0004473,11391,1110,1550,353,98
701,458,1114,ShamAY0033108,1214,486,1628,298,27
701,860,1169,Shia002356Vols,792,1308,1613,248,98
701,1169,1405,Shia002356Vols,793,0,235,184,97
701,1012,1397,Shamela0010523,8,1214,1599,309,100
701,860,1012,Shamela0010523,8,247,399,125,100
701,1196,1539,ShamAY0033586,74,645,990,259,95
701,860,1278,Shia002380Vols,526,639,1568,320,42
701,902,1366,JK001496,1474,677,1426,332,55
701,1366,1539,JK001496,1475,657,831,138,99
701,458,1067,Tafsir02091,1431,560,1628,260,25
701,918,1301,Tafsir02102,2975,423,1425,298,37
701,1366,1539,Tafsir02102,2976,357,796,138,39
701,860,1147,Shamela0008473,3305,1087,1373,231,98
701,1012,1324,Shamela0008473,3307,795,1540,247,41
701,860,1196,Shia002382Vols,1251,700,1476,261,41
701,860,1211,Tafsir05047,582,218,943,277,47
701,860,1147,Shamela0012884,3592,203,489,234,99
701,1147,1539,Shamela0012884,3593,348,744,309,97
701,860,1539,Shamela0023591,5076,663,1342,546,100
701,860,1139,Shamela0023591,5077,1348,1626,227,99
701,1139,1557,Shamela0023591,5078,0,425,333,98
701,860,1012,JK009266,6722,1343,1495,125,100
701,992,1147,JK009266,6724,964,1156,122,78
701,1147,1397,JK009266,6725,241,491,200,100
701,860,1150,Shamela0021821,1257,574,861,232,98
701,1005,1150,Tafsir10066,1125,176,551,109,36
701,849,1539,JK001110,49,378,1069,549,98
701,1147,1506,JK000376,11,106,465,280,98
701,1160,1397,JK006478,6597,3,240,190,100
701,860,1397,Rafed0003943Vols,1127,206,743,434,100
701,860,1147,Shamela0010273,1991,1130,1417,234,100
701,361,608,Shamela0010273,1991,157,631,123,30
701,1147,1397,Shamela0010273,1993,291,541,200,100
701,1005,1150,Shamela0007798,6732,121,685,105,23
701,1366,1539,Shamela0007798,6734,1291,1464,138,100
701,270,1012,Sham19Y0014404,978,350,919,193,23
701,918,1147,Meshkat00057178,2641,267,935,186,34
701,860,1539,QuranAnalysis001,150,739,1418,546,100
701,438,1012,Rafed0001713Vols,1710,478,943,194,32
701,1012,1400,Rafed0001713Vols,1711,144,932,265,39
701,942,1147,Tafsir04056,5498,605,1176,122,24
701,860,1012,Shamela0000041,1746,192,344,125,100
701,860,1214,Shamela0000041,1746,1032,1595,278,60
701,1264,1539,Shamela0000041,1747,920,1364,214,61
701,860,1539,Shamela0023578,2143,841,1520,546,100
701,639,1264,Shamela0023578,2144,597,1406,374,51
702,107,741,Shia001432Vols,2499,190,508,226,43
702,107,496,Shamela0023632,2522,1383,1571,124,38
702,182,607,Tafsir09050,2836,325,876,188,36
702,107,658,Sham19Y0023618,1195,1075,1344,189,41
702,173,741,Shamela0023628,2546,0,263,213,46
702,224,741,Shamela0023628,2547,10,652,213,37
702,107,741,Rafed0003257Vols,3784,657,975,227,43
702,144,741,JK009270,3276,1100,1393,224,46
702,26,701,Tafsir01005,4020,350,1268,252,30
702,1129,1321,Meshkat00042485,4651,4,251,147,73
702,107,658,Sham19Y0147312,1432,890,1159,189,41
702,872,1445,ShamIbadiyya0000075,615,192,1025,351,51
702,107,741,Shamela0004473,11391,1134,1452,227,43
702,26,945,Shia002380Vols,526,759,1574,408,46
702,986,1568,Shia002380Vols,527,9,676,293,48
702,26,838,Shia002382Vols,1251,821,1598,367,44
702,872,1568,Shia002382Vols,1252,0,852,361,46
702,26,798,Tafsir05047,582,260,943,291,41
702,107,658,Shamela0012884,3592,220,489,189,41
702,107,741,Shamela0023591,5076,681,999,227,43
702,107,650,Shamela0023591,5077,1366,1626,182,40
702,107,741,Rafed0003943Vols,1127,224,542,227,43
702,107,658,Shamela0010273,1991,1148,1417,189,41
702,872,1530,Tafsir01006,1003,140,1220,407,47
702,107,741,QuranAnalysis001,150,757,1075,227,43
702,299,658,Rafed0001713Vols,1711,16,279,172,56
702,997,1402,Rafed0001713Vols,1712,337,1473,285,31
702,107,741,Shamela0023578,2143,859,1177,227,43
702,107,838,Shamela0023578,2144,822,1306,250,40
702,144,658,JK000876,964,880,1576,238,38
703,466,995,Shia001432Vols,2321,763,1290,427,99
703,66,262,Shia001432Vols,2499,852,1048,153,98
703,995,1213,Shia001432Vols,29536,128,346,174,100
703,995,1213,Shia001432Vols,29542,299,517,174,100
703,995,1213,Shia001432Vols,32586,811,1029,174,100
703,66,262,Shamela0023632,2525,791,987,152,98
703,466,725,Shamela0023632,2528,493,751,201,95
703,709,879,Shamela0023632,2529,782,952,140,100
703,1043,1213,Shamela0023632,2531,1366,1536,134,100
703,605,879,ShamIbadiyya0000193,2782,951,1174,169,72
703,995,1213,Sham19Y0148529,274,1113,1331,174,100
703,605,879,Tafsir09050,2843,1129,1366,173,74
703,66,236,JK009268,3372,1416,1585,135,99
703,236,1216,JK009268,3373,0,977,790,99
703,66,258,Sham19Y0023618,1197,553,745,152,100
703,221,557,Sham19Y0023618,1198,700,1065,256,86
703,557,1213,Sham19Y0023618,1200,597,1579,526,66
703,66,207,Shamela0023628,2547,1356,1496,112,99
703,207,430,Shamela0023628,2548,0,223,178,100
703,430,978,Shamela0023628,2550,1030,1575,443,99
703,430,709,Shamela0023628,2551,17,742,228,38
703,975,1213,Shamela0023628,2552,695,999,190,78
703,66,258,Rafed0003257Vols,3794,1023,1215,152,100
703,227,879,Rafed0003257Vols,3796,332,1032,530,92
703,856,1213,Rafed0003257Vols,3801,1248,1605,277,95
703,644,879,Masaha001978Vols,109,1134,1372,189,96
703,686,879,Sham19Y0020891,4125,644,838,150,93
703,709,995,Sham19Y0020891,4126,796,1132,146,54
703,995,1213,Sham19Y0020891,4127,1095,1313,174,100
703,599,995,Tafsir09068,828,265,1662,317,27
703,66,382,JK009270,3281,1000,1316,248,99
703,377,557,JK009270,3284,709,889,148,100
703,557,835,JK009270,3285,1123,1401,228,100
703,835,952,JK009270,3287,741,858,94,100
703,952,1213,JK009270,3289,81,342,208,100
703,599,965,ShamAY0034106,223,970,1399,225,63
703,557,883,Shamela0000140,1098,281,1254,262,32
703,99,282,Meshkat0014420,3301,861,1481,131,26
703,296,709,Meshkat0014420,3304,429,1081,337,63
703,633,995,Meshkat0014420,3306,978,1496,268,60
703,995,1216,Meshkat0014420,3309,339,557,174,98
703,801,1036,JK006476,1124,1374,1628,190,91
703,66,675,ShamAY0036821,1473,941,1540,478,97
703,682,1213,ShamAY0036821,1474,6,533,421,98
703,66,557,ShamAY0036821,1475,500,982,386,98
703,557,1213,ShamAY0036821,1476,486,1137,518,97
703,466,801,Shamela0029677,1966,115,594,221,49
703,66,377,Sham19Y0147312,1433,783,1494,247,43
703,322,557,Sham19Y0147312,1434,687,932,164,82
703,605,879,Sham19Y0147312,1435,268,547,179,78
703,1213,1534,Shamela0022769,1035,754,1024,138,50
703,661,1089,Zaydiyya0000062,1268,960,1409,304,75
703,66,236,Shamela0037458,2810,435,605,135,100
703,221,605,Shamela0037458,2812,785,1216,308,88
703,599,879,Shamela0037458,2817,601,881,230,100
703,895,1216,Shamela0037458,2819,0,321,254,99
703,1003,1213,Masaha001075,131,0,210,167,100
703,709,879,JK000087,467,865,1035,140,100
703,66,258,JK000791,1629,1034,1226,152,100
703,258,557,JK000791,1630,1142,1441,243,100
703,557,812,JK000791,1631,1320,1574,209,99
703,839,1213,JK000791,1633,1130,1504,281,92
703,377,557,Rafed0003669Vols,842,192,372,148,100
703,495,1050,Shamela0012014,157,0,304,215,46
703,599,1142,Shamela0000922,880,118,1599,307,25
703,644,835,Tafsir07076,1490,348,539,157,100
703,66,258,JK007018,481,1306,1498,152,100
703,377,879,JK007018,482,599,1355,411,66
703,879,1213,JK007018,483,38,533,263,66
703,66,258,JK009396,1001,743,935,152,100
703,377,883,JK009396,1002,514,1548,408,48
703,66,377,Sham19Y0023608,2698,7,318,247,100
703,377,879,Sham19Y0023608,2701,859,1360,411,99
703,709,1036,Sham19Y0023608,2704,534,1625,261,29
703,1036,1213,Sham19Y0023608,2705,0,177,140,100
703,709,952,Meshkat00042488,1160,762,1527,195,31
703,709,883,Shamela0021537,1798,511,686,143,99
703,60,258,JK000105,645,916,1117,155,97
703,644,879,Shia004487,15,696,931,193,100
703,66,382,Shia002356Vols,794,107,421,248,98
703,326,605,Shia002356Vols,795,1149,1541,222,69
703,605,835,Shia002356Vols,796,0,230,189,100
703,956,1213,Shia002356Vols,797,0,256,204,99
703,66,377,Shamela0010523,10,737,1048,247,100
703,377,698,Shamela0010523,11,1297,1617,263,99
703,698,1213,Shamela0010523,12,0,515,415,100
703,638,1213,Tafsir04038,429,581,1227,284,47
703,417,927,Shia002380Vols,528,753,1668,404,53
703,952,1213,Shia002380Vols,529,138,841,208,37
703,995,1213,JK000179,757,419,637,174,100
703,557,709,JK001496,1479,411,566,124,98
703,995,1213,JK001496,1481,129,349,174,99
703,377,731,JK006896,3,1272,1625,289,99
703,605,870,Zaydiyya0000328,640,661,1010,217,75
703,508,644,Tafsir02102,2978,833,1157,111,41
703,709,995,Tafsir02102,2979,299,746,225,62
703,66,258,Shamela0008473,3311,995,1187,152,100
703,377,557,Shamela0008473,3315,623,803,148,100
703,682,879,Shamela0008473,3319,483,680,162,100
703,644,1096,Shamela0008473,3320,291,1242,365,47
703,722,879,Shamela0008473,5031,0,157,130,100
703,621,1021,Shia002382Vols,1255,43,981,309,40
703,430,758,JK009265,358,1069,1399,268,99
703,686,983,Shamela0012884,3601,1119,1537,175,43
703,66,289,Shamela0023591,5076,1342,1564,176,99
703,289,1219,Shamela0023591,5077,0,928,746,99
703,66,565,Shamela0023591,5081,119,618,396,98
703,557,1213,Shamela0023591,5085,154,808,526,99
703,362,599,JK009266,6732,565,819,194,93
703,599,879,JK009266,6735,1222,1502,230,100
703,879,1213,JK009266,6739,132,466,266,100
703,66,258,Shamela0021821,1259,388,580,152,100
703,362,557,Shamela0021821,1260,939,1143,160,95
703,557,748,Shamela0021821,1261,1013,1624,154,30
703,362,557,JK009362,5567,616,861,160,79
703,682,879,JK009362,5570,608,812,162,96
703,995,1213,JK001110,49,1081,1299,174,100
703,709,879,Sham19Y0145210,397,302,546,140,69
703,599,1050,JK001420,609,332,1090,258,37
703,995,1213,JK007013,68,1201,1419,174,100
703,709,879,JK009257,635,585,756,138,98
703,599,879,JK006478,6607,332,613,230,99
703,784,1096,JK006478,6610,211,878,248,45
703,599,995,Rafed0003943Vols,1131,1038,1592,318,70
703,395,599,Rafed0003943Vols,1131,0,204,168,100
703,995,1213,Rafed0003943Vols,1132,273,491,174,100
703,66,377,Shamela0010273,1996,948,1259,247,100
703,377,599,Shamela0010273,2000,421,643,182,100
703,599,995,Shamela0010273,2002,573,967,318,98
703,995,1213,Shamela0010273,2005,402,620,174,100
703,599,839,JK000966,155,740,987,194,95
703,258,599,Zaydiyya0000075BK28,7,428,769,277,100
703,377,576,Sham19Y0018567,373,1023,1637,118,21
703,698,879,Sham19Y0014404,983,82,743,146,26
703,430,644,Meshkat00057178,2647,873,1527,176,32
703,709,995,Meshkat00057178,2649,59,1136,232,26
703,523,1136,JK000447,544,505,1277,200,30
703,197,1213,QuranAnalysis001,151,0,1016,821,100
703,158,389,Rafed0001713Vols,1714,210,441,176,96
703,377,717,Rafed0001713Vols,1715,1210,1559,275,96
703,698,952,Rafed0001713Vols,1717,1382,1634,201,97
703,952,1213,Rafed0001713Vols,1718,0,261,208,100
703,995,1213,Shia001288,13,1209,1423,171,98
703,995,1213,Shia001288,71,109,324,172,98
703,709,879,Tafsir04056,5513,194,1119,140,18
703,599,879,Tafsir04056,6390,552,832,230,100
703,66,430,Shamela0000041,1748,644,1242,290,60
703,430,709,Shamela0000041,1750,688,967,229,100
703,644,879,Shamela0000041,1751,776,1205,190,54
703,1043,1213,Shamela0000041,1753,647,817,134,100
703,1003,1204,Shia001237Vols,3846,542,743,159,100
703,236,879,Shamela0023578,2146,206,891,522,93
703,835,1107,Shamela0023578,2149,1335,1620,196,80
704,1255,1463,Tafsir09084,1670,1276,1471,118,65
704,369,749,Shamela0000140,1096,496,1271,209,32
704,934,1394,Shamela0000140,1097,3,664,289,51
704,211,749,ShamIbadiyya0000075,616,50,788,219,29
704,28,407,Shia002380Vols,527,1124,1473,155,39
704,337,692,JK001496,1477,759,1585,131,17
704,217,1115,Tafsir08060,367,126,571,219,28
704,28,421,Rafed0001713Vols,1714,506,1490,198,22
705,166,1112,Shia001432Vols,2321,779,1175,320,41
705,782,1133,Shamela0023632,2529,786,975,144,47
705,782,1112,Tafsir09050,2843,1200,1366,137,50
705,166,1112,JK009268,3373,246,643,321,41
705,272,1112,Sham19Y0023618,1200,314,1246,339,32
705,166,1112,Shamela0023628,2550,1082,1478,320,41
705,29,695,Shamela0023628,2551,17,759,343,47
705,166,1112,Rafed0003257Vols,3796,636,1032,320,41
705,565,1112,Masaha001978Vols,109,1134,1372,186,41
705,166,612,Tafsir09083,959,324,1119,255,38
705,311,681,Sham19Y0020891,4124,817,1097,198,63
705,782,1112,Sham19Y0020891,4125,672,838,137,50
705,433,870,JK009270,3285,1123,1367,195,54
705,29,212,Shamela0000140,1097,664,872,145,82
705,356,1362,Shamela0000140,1098,148,1594,611,47
705,1446,1588,Shamela0000140,1099,344,493,109,89
705,545,1112,Meshkat0014420,3306,978,1380,185,33
705,782,1112,ShamAY0036821,1474,37,203,136,49
705,433,1112,ShamAY0036821,1476,486,807,254,45
705,722,1041,Meshkat00042485,4657,1211,1669,215,55
705,1319,1577,Meshkat00042485,4658,777,1333,139,29
705,272,559,Shamela0001466,2075,1029,1557,184,43
705,782,1112,Sham19Y0147312,1435,381,547,137,50
705,281,1112,Shamela0037458,2817,421,881,321,46
705,782,1112,JK000087,467,869,1035,137,50
705,334,870,JK000791,1631,1221,1564,265,60
705,350,620,Shamela0021766,2986,11,595,189,38
705,166,1112,JK007018,482,708,1355,321,33
705,433,1112,JK009396,1002,1092,1544,260,39
705,166,1112,Sham19Y0023608,2701,964,1360,320,41
705,502,870,Meshkat00042488,1160,253,854,214,43
705,491,1557,ShamIbadiyya0000075,617,474,1550,387,31
705,769,1112,Shamela0021537,1798,497,681,142,49
705,556,1112,Shia004487,15,687,931,192,42
705,782,1112,Shamela0010523,12,15,181,137,50
705,116,1379,Shia002380Vols,528,826,1668,459,40
705,311,762,JK001496,1479,278,977,258,40
705,497,1103,Zaydiyya0000328,640,661,1010,214,38
705,612,1112,Tafsir02102,2979,168,598,191,37
705,272,612,Shamela0008473,3318,678,974,184,55
705,782,1112,Shamela0008473,3319,514,680,137,50
705,791,1112,Shamela0008473,5031,0,157,130,48
705,540,1577,Shia002382Vols,1255,48,955,387,37
705,166,827,JK009265,358,1122,1399,220,40
705,782,1112,Tafsir05047,585,1089,1463,150,40
705,311,695,Tafsir05047,585,148,714,203,38
705,166,1112,Shamela0023591,5077,193,589,320,41
705,362,1112,Shamela0023591,5085,8,475,314,46
705,491,1112,JK009266,6735,1222,1502,225,44
705,249,817,Shamela0021821,1261,798,1624,243,27
705,782,1112,JK009362,5570,639,812,136,50
705,491,1112,JK006478,6607,332,613,225,44
705,491,1112,Shamela0010273,2002,573,852,224,44
705,722,1412,Tafsir01006,1006,763,1611,362,45
705,249,695,Sham19Y0014404,982,665,1544,273,36
705,1362,1588,Sham19Y0014404,983,1335,1604,101,39
705,166,1112,QuranAnalysis001,151,285,682,321,41
705,722,1112,Rafed0001713Vols,1717,1313,1563,170,49
705,769,1419,Rafed0001713Vols,1718,317,1418,346,35
705,491,1112,Tafsir04056,6390,552,832,225,44
705,433,695,Shamela0000041,1751,88,443,157,51
705,565,1112,Shamela0000041,1751,776,1205,187,34
705,166,1112,Shamela0023578,2146,495,891,320,41
705,532,870,Shamela0023578,2149,3,564,204,44
706,904,1385,JK009268,3382,1200,1707,364,85
706,853,1284,Sham19Y0023618,1202,300,740,304,78
706,758,1284,Shamela0023628,2553,307,1124,366,51
706,59,319,Tafsir09084,1673,1304,1584,178,80
706,636,1236,Tafsir09068,829,799,1616,255,34
706,1045,1548,Sham19Y0150960,652,830,1323,399,97
706,0,496,Shamela0000140,1099,493,690,147,36
706,962,1284,Meshkat0014420,3311,1128,1461,265,96
706,558,1008,JK000865,453,23,573,192,38
706,67,351,JK009390,211,534,870,187,61
706,904,1432,ShamAY0036821,1477,1096,1569,381,88
706,985,1284,Zaydiyya0000075BK18,3,1163,1462,246,100
706,67,351,JK000022,1703,200,563,205,70
706,962,1397,Shamela0037458,2822,140,575,359,100
706,645,1284,JK000791,1635,172,762,315,51
706,772,1045,Shamela0000922,881,205,377,105,44
706,67,351,JK000127,121,1065,1439,205,67
706,138,380,JK000906,7204,0,339,176,65
706,34,465,Sham19Y0023608,2706,211,737,262,55
706,351,593,Meshkat00042488,1161,636,1015,103,29
706,962,1284,Shia002356Vols,798,313,635,264,99
706,904,1548,Shamela0010523,15,891,1495,478,90
706,645,1160,Tafsir04038,429,1086,1566,246,46
706,59,593,Shamela0008473,3321,335,1006,321,56
706,59,351,JK006474,1946,302,653,213,75
706,59,330,Shamela0012884,3602,90,418,199,76
706,1088,1548,Shamela0023591,5090,0,461,377,99
706,351,593,JK000458,2391,806,1564,128,20
706,67,351,Shamela0010463,603,672,1036,205,69
706,1246,1548,Rafed0003943Vols,1134,0,303,248,99
706,351,690,Shamela0010273,2005,719,1537,169,26
706,658,1548,QuranAnalysis001,151,907,1589,550,75
706,359,687,Rafed0001713Vols,1719,710,1555,195,28
706,699,841,Rafed0001713Vols,1720,3,317,83,33
706,67,351,Shamela0095735,924,81,454,202,67
706,67,351,Shamela0021809,176,595,933,187,62
706,59,344,Tafsir04056,5518,939,1286,211,76
706,962,1548,Shamela0023578,2153,932,1519,483,99
706,478,772,JK000876,970,554,899,166,52
707,0,200,Shamela0023632,2541,980,1181,162,99
707,0,200,JK009268,3383,164,364,161,99
707,0,200,Sham19Y0023618,1205,905,1106,162,99
707,0,200,Shamela0010551,365,205,405,162,100
707,0,200,Shamela0010551,501,1196,1396,162,100
707,703,866,Meshkat00042485,4665,1289,1570,116,49
707,0,200,Shamela0037458,2834,230,430,162,100
707,0,200,JK009396,1007,1094,1294,161,99
707,12,200,Sham19Y0023608,2714,0,189,152,99
707,0,212,Shamela0008473,3335,0,204,164,95
707,0,219,Shamela0023591,5090,461,673,171,95
707,0,200,Shamela0021821,1269,1048,1248,161,99
707,0,200,Zaydiyya0000274,370,496,696,161,99
707,0,200,Shamela0010273,2015,781,982,162,99
707,0,200,JK000189BK1,2144,531,731,161,99
707,17,200,QuranAnalysis001,152,0,183,148,100
707,64,729,Shamela0023578,2154,0,788,264,30
708,676,1332,Shia002380Vols,530,907,1225,222,41
708,0,360,Tafsir02102,3002,901,1311,259,71
709,161,509,JK000330,1090,1320,1596,217,76
709,31,620,Shia001432Vols,6661,946,1533,476,99
709,620,797,Shia001432Vols,6662,0,182,138,94
709,900,1530,Shia001432Vols,6665,513,1297,277,35
709,311,630,Shamela0023632,2549,1072,1390,258,99
709,237,389,Tafsir03097,1158,1227,1424,124,77
709,31,797,JK009268,3415,377,1147,614,98
709,311,708,Sham19Y0023618,1207,1091,1467,283,87
709,161,428,Shamela0023628,2572,1288,1551,218,98
709,428,797,Shamela0023628,2573,0,373,291,97
709,34,630,Rafed0003257Vols,3825,182,777,478,98
709,237,475,Tafsir09068,834,648,1140,193,48
709,545,782,Tafsir09068,835,71,694,187,37
709,161,465,JK009270,3309,1210,1513,249,99
709,545,735,JK009270,3312,1173,1363,154,100
709,31,475,Meshkat0014420,3328,207,651,359,100
709,475,782,Meshkat0014420,3333,95,402,248,100
709,545,797,JK006476,1137,274,546,199,90
709,31,714,Shia001626Vols,362,861,1543,552,99
709,31,782,ShamAY0036821,1483,166,910,599,98
709,311,782,Shamela0029677,1890,264,401,103,26
709,63,545,Sham19Y0147312,1443,750,1349,360,74
709,509,797,Sham19Y0147312,1444,589,874,206,88
709,592,782,Sham19Y0018176,1798,639,1185,154,34
709,232,741,Zaydiyya0000062,1284,522,1039,410,96
709,31,868,Shamela0010517,93,0,954,642,83
709,161,633,Shamela0037458,2838,704,1178,384,99
709,31,804,JK000791,1642,479,1286,622,95
709,389,592,Sham19Y0009800,820,746,949,164,100
709,31,797,Sham19Y0009800,823,592,1357,609,97
709,161,777,AOCP2023090622,49,0,616,499,99
709,311,693,JK007018,486,1151,1533,308,99
709,161,750,JK009396,1011,492,1430,470,61
709,31,797,Sham19Y0023608,2717,104,869,609,97
709,31,735,Sham19Y0095660,792,0,484,373,66
709,545,782,ShamIbadiyya0000441,95,386,853,184,49
709,556,735,Meshkat00042488,1170,662,1001,142,51
709,5,906,Shia002356Vols,801,641,1539,657,84
709,133,797,Shamela0010523,19,0,669,534,98
709,428,804,Shia002380Vols,532,145,783,255,48
709,166,389,Shamela0012884,3643,0,222,182,99
709,465,782,Shamela0012884,3644,758,1297,219,48
709,31,772,Shamela0023591,5106,860,1595,595,99
709,180,389,JK009266,6781,341,576,151,79
709,31,782,Shamela0010283,3382,597,1342,602,99
709,237,389,Tafsir10066,1138,1214,1520,124,49
709,31,797,JK006895,11,732,1502,614,98
709,317,735,Rafed0003943Vols,1135,225,672,299,79
709,166,735,Zaydiyya0000148,256,160,579,307,66
709,311,572,Shamela0010273,2021,1314,1573,211,99
709,31,639,Shia004456Vols,712,58,667,490,99
709,1121,1530,Tafsir01006,1012,13,869,186,23
709,475,735,Hindawi020604026,348,511,771,210,100
709,31,326,Shia001555Vols,478,1199,1493,238,99
709,326,639,Shia001555Vols,479,0,314,252,98
709,232,384,Sham19Y0014404,993,215,575,124,42
709,545,725,Sham19Y0014404,994,38,369,142,53
709,31,797,QuranAnalysis001,152,183,954,614,98
709,31,518,ShamIbadiyya0000215,22,782,1557,389,62
709,545,804,Rafed0001713Vols,1731,25,297,206,93
709,177,389,Tafsir04042,1545,300,705,147,41
709,311,804,Shamela0009065,297,79,621,141,24
709,389,735,Shamela0009065,298,1059,1462,280,85
709,237,389,Shamela0000041,1773,993,1145,124,100
709,389,735,Shamela0000041,1774,303,649,280,100
709,290,804,Shamela0023578,2165,0,510,413,99
709,161,408,Shamela0023578,2173,804,1111,190,74
709,457,782,Shamela0023578,2174,0,512,259,62
710,1174,1564,Shia001432Vols,6662,0,256,209,65
710,417,1564,Shia001432Vols,6666,0,1307,540,42
710,1240,1564,Tafsir03097,1160,90,357,163,57
710,1017,1564,JK009268,3415,875,1221,277,62
710,1184,1564,Sham19Y0023618,1208,614,859,200,64
710,1017,1564,Shamela0023628,2573,102,447,276,61
710,1184,1564,Rafed0003257Vols,3841,278,524,197,63
710,1353,1564,Sham19Y0020891,4162,697,975,139,60
710,1353,1564,JK009270,3313,1400,1539,114,64
710,1017,1400,Meshkat0014420,3333,150,402,199,64
710,1017,1274,Shia001626Vols,362,1360,1543,147,70
710,1274,1564,Shia001626Vols,363,0,162,133,55
710,1017,1400,ShamAY0036821,1483,660,910,197,63
710,560,815,Meshkat00042485,4683,466,907,131,35
710,619,815,Shamela0001466,2102,530,1041,127,31
710,1078,1564,Sham19Y0147312,1444,629,948,254,63
710,1268,1564,Zaydiyya0000062,1286,1308,1563,145,51
710,1017,1400,Shamela0010517,93,499,751,199,64
710,1184,1564,Shamela0037458,2842,654,900,201,64
710,1017,1400,JK000791,1642,977,1229,199,64
710,702,1184,Shamela0026047,125,198,501,146,30
710,1017,1564,Sham19Y0009800,823,1086,1431,276,61
710,1017,1395,AOCP2023090622,49,369,616,193,63
710,1017,1253,JK007018,486,1370,1533,131,68
710,1253,1564,JK007018,487,0,274,149,54
710,1017,1303,JK009396,1011,1201,1406,164,70
710,1017,1564,Sham19Y0023608,2717,598,943,276,61
710,1038,1303,Meshkat00042488,1170,634,1001,169,51
710,560,1245,ShamIbadiyya0000075,620,776,1539,278,33
710,1245,1564,ShamIbadiyya0000075,621,0,244,163,60
710,1184,1564,ShamAY0033108,1231,686,1402,209,34
710,1017,1400,Shia002356Vols,801,1162,1414,199,64
710,1017,1564,Shamela0010523,19,397,743,277,62
710,397,1303,Shia002380Vols,532,0,687,357,42
710,1268,1548,JK001496,1495,1148,1551,153,45
710,1184,1564,Tafsir02091,1456,145,858,208,34
710,1221,1564,Tafsir02102,3015,1061,1561,211,50
710,290,1303,Shia002382Vols,1267,49,1169,465,41
710,1017,1390,Shamela0023591,5106,1354,1595,191,63
710,1353,1564,JK009266,6786,709,848,114,64
710,1017,1400,Shamela0010283,3382,1091,1342,198,64
710,1078,1564,Shamela0021821,1278,783,1548,262,38
710,1184,1564,JK001110,87,734,980,201,64
710,1043,1564,JK001420,613,78,281,104,22
710,1017,1564,JK006895,11,1230,1576,277,62
710,1184,1564,Shamela0009789,335,531,847,164,40
710,1017,1303,Rafed0003943Vols,1135,467,672,164,70
710,1017,1303,Zaydiyya0000148,256,378,579,136,58
710,619,815,Shamela0010273,2022,901,1505,133,28
710,594,815,Tafsir01006,1013,112,486,122,38
710,1017,1303,Hindawi020604026,348,566,771,164,70
710,1032,1303,Sham19Y0014404,994,38,379,177,57
710,1017,1564,QuranAnalysis001,152,682,1028,277,62
710,450,815,Rafed0001713Vols,1730,295,913,178,35
710,1245,1564,Tafsir07057,3734,842,1447,162,30
710,1236,1564,Tafsir02094,2664,806,1456,156,25
710,1017,1303,Shamela0009065,298,1257,1462,164,70
710,1017,1303,Shamela0000041,1774,444,649,164,70
710,1017,1400,Shamela0023578,2165,239,490,198,64
711,0,550,Shia001432Vols,6662,256,807,454,99
711,550,849,Shia001432Vols,6666,1213,1529,160,52
711,958,1572,Shia001432Vols,6667,137,698,236,34
711,0,428,JK009268,3415,1221,1649,350,99
711,35,1480,Shamela0023628,2575,283,1426,553,38
711,0,435,Meshkat0014420,3335,595,1030,357,100
711,0,375,Shia001626Vols,363,162,538,308,99
711,0,550,ShamAY0036821,1484,833,1374,444,97
711,609,1070,Meshkat00042485,4686,66,774,248,37
711,0,319,Sham19Y0147312,1444,948,1267,261,100
711,47,701,Zaydiyya0000062,1287,0,562,146,19
711,154,435,Shamela0037458,2844,0,281,233,100
711,953,1474,Shamela0021766,3055,316,1063,214,29
711,132,550,Sham19Y0009800,824,0,417,350,99
711,0,435,JK007018,487,274,831,357,78
711,0,435,JK009396,1013,46,846,353,53
711,238,550,Sham19Y0095660,792,495,807,263,100
711,941,1471,Shamela0021715,7320,825,1341,222,40
711,950,1572,Meshkat00042488,1171,988,1569,228,34
711,550,1567,ShamIbadiyya0000075,621,140,1379,444,33
711,0,435,Shia002356Vols,803,682,1117,356,99
711,0,550,Shamela0010523,21,179,729,456,100
711,0,749,Shamela0023591,5112,74,909,553,76
711,238,594,JK009362,5621,188,820,203,34
711,15,550,JK006895,12,0,399,323,72
711,0,435,Rafed0003943Vols,1136,659,1152,315,78
711,558,1557,Tafsir01006,1014,135,1525,434,30
711,950,1572,Sham19Y0014404,995,556,1030,273,49
711,0,580,QuranAnalysis001,152,1028,1608,477,99
711,550,924,Rafed0001713Vols,1732,158,710,192,37
711,950,1293,Rafed0001713Vols,1732,1331,1613,108,30
711,238,553,Rafed0001713Vols,1733,417,731,262,99
711,0,816,Shamela0023578,2174,658,1454,581,80
711,1393,1512,JK000876,979,1283,1395,74,78
711,550,1093,JK000876,979,57,779,289,47
712,936,1242,Shia001432Vols,23844,1003,1309,244,99
712,942,1155,Shamela0023632,2556,104,317,172,100
712,942,1133,JK009325,1805,428,620,152,98
712,936,1583,JK009268,3428,988,1634,522,99
712,905,1155,Sham19Y0023618,1211,350,583,188,93
712,1039,1323,Shamela0023628,2578,0,284,229,100
712,942,1242,Rafed0003257Vols,3849,564,864,242,100
712,1020,1155,Rafed0003257Vols,3851,696,1324,108,21
712,905,1155,JK009270,3319,687,918,186,92
712,1059,1242,Shamela0005756,13932,0,183,147,100
712,950,1485,Sham19Y0150960,653,233,726,377,86
712,905,1242,Meshkat0014420,3341,0,319,256,94
712,942,1155,Zaydiyya0000085,23,60,271,171,99
712,956,1242,Sham19Y0016584,4169,0,286,231,100
712,1106,1242,JK006476,1141,536,675,110,97
712,950,1618,ShamAY0036821,1485,208,873,537,98
712,942,1242,Shamela0037361,133,1266,1482,156,64
712,905,1327,Sham19Y0147312,1445,1076,1492,323,91
712,942,1367,Sham19Y0018176,2267,668,1193,320,71
712,909,1190,Zaydiyya0000062,1291,119,392,203,86
712,905,1323,Shamela0037458,2848,540,941,324,95
712,942,1395,JK000110,1680,183,729,329,71
712,942,1155,ShamAY0032184,92,863,1076,172,100
712,538,1242,JK000791,1648,71,635,339,51
712,989,1245,Shamela0000922,888,1009,1240,135,61
712,933,1242,Sham19Y0009800,801,1123,1430,245,98
712,737,1242,JK007018,488,45,443,276,68
712,942,1113,Sham19Y0018103,3696,1312,1482,138,99
712,1113,1395,Sham19Y0018103,3697,0,374,191,59
712,936,1242,JK009396,1014,1237,1543,244,99
712,942,1242,Sham19Y0023608,2731,1158,1458,242,100
712,942,1395,Shamela0021715,9322,411,975,323,66
712,905,1316,ShamIbadiyya0000075,622,307,859,317,70
712,457,687,Shamela0004473,1596,586,808,135,61
712,942,1618,Shamela0004473,1741,405,1081,549,100
712,905,1242,Shia002356Vols,804,490,811,257,94
712,942,1323,Shamela0010523,23,372,753,308,100
712,936,1155,Hindawi079072819,22,1361,1580,174,98
712,942,1133,Shamela0000767,688,441,638,154,96
712,942,1395,PV2024060602,1680,183,729,329,71
712,942,1155,Sham19Y0014827,546,1150,1362,172,99
712,942,1242,Shamela0008473,3364,798,1098,242,100
712,1094,1242,Shamela0008473,3371,310,537,119,65
712,942,1242,Shamela0012884,3654,600,899,240,99
712,942,1618,Shamela0023591,5117,838,1514,549,100
712,950,1242,JK009266,6794,690,982,236,100
712,507,791,JK009266,6794,0,240,101,35
712,942,1133,Shamela0010283,1256,480,671,154,100
712,933,1466,Zaydiyya0000063,213,665,1126,350,78
712,909,1242,Shamela0021821,1282,492,808,254,93
712,942,1242,Sham19Y0018106,3782,1091,1391,242,100
712,942,1155,JK009362,5625,837,1051,172,98
712,942,1242,Zaydiyya0000274,391,72,371,242,99
712,933,1242,JK006478,6710,1031,1347,245,95
712,184,1207,Tafsir08060,370,681,1579,431,41
712,905,1242,Rafed0003943Vols,1137,212,532,258,94
712,936,1242,Hindawi068305130,74,1042,1349,245,99
712,942,1242,Shamela0010273,2030,931,1231,242,100
712,909,1046,Shamela0007798,6814,71,234,112,84
712,942,1133,Zaydiyya0000135,28,1073,1235,117,74
712,942,1155,Shamela0012293,954,179,392,172,100
712,1020,1211,Tafsir06048,781,240,610,151,51
712,942,1133,Sham19Y0018567,1362,585,776,154,100
712,942,1242,Sham19Y0013605,4405,1173,1473,242,100
712,1059,1225,Sham19Y0014404,997,0,394,133,42
712,950,1235,Masaha000554Vols,3734,1225,1514,229,97
712,1002,1618,QuranAnalysis001,153,0,616,500,100
712,962,1133,Shamela0010013,91,98,269,138,100
712,942,1242,Rafed0001713Vols,1735,643,943,242,100
712,942,1124,Shamela0000432,6142,891,1558,146,26
712,198,828,Shamela0023578,2177,4,711,225,26
712,909,1124,Shamela0023578,2177,1384,1608,160,84
712,1124,1618,Shamela0023578,2178,0,494,402,100
713,218,557,Shamela0023632,2565,326,665,278,100
713,0,557,JK009268,3429,50,608,458,99
713,118,557,Sham19Y0023618,1215,355,794,361,100
713,189,483,Shamela0023628,2587,79,384,223,90
713,218,557,Rafed0003257Vols,3869,13,352,278,100
713,972,1195,Tafsir09084,1703,769,1110,121,41
713,218,483,Sham19Y0020891,4190,1245,1509,216,99
713,213,483,Shamela0009759,298,419,689,218,98
713,118,483,JK009270,3331,848,1213,300,100
713,272,557,Meshkat0014420,3353,145,430,234,100
713,557,1401,JK000865,458,108,1113,347,35
713,159,557,ShamAY0036821,1487,0,394,314,96
713,631,840,Meshkat00042485,4691,649,1207,140,29
713,557,728,JK011730,1451,567,776,140,81
713,118,557,Sham19Y0147312,1447,329,768,361,100
713,213,483,Sham19Y0013550,407,618,888,219,99
713,118,495,Shamela0037458,2864,188,561,301,97
713,0,557,JK000791,1652,107,689,403,78
713,849,1024,Shamela0021766,3062,718,1082,121,41
713,118,483,Shamela0000922,889,872,1357,300,75
713,14,560,JK007018,490,130,661,383,81
713,118,557,JK009396,1021,822,1261,361,100
713,118,557,Sham19Y0023608,2738,264,703,361,100
713,218,483,JK000917,1158,879,1144,217,100
713,167,483,Meshkat00042488,1176,1146,1599,258,69
713,118,557,Shia002356Vols,807,700,1140,361,99
713,0,557,Shamela0010523,24,456,1013,458,100
713,640,1598,Shia002380Vols,534,90,933,393,41
713,218,483,Sham19Y0014827,555,547,812,217,100
713,972,1195,Shamela0008473,3371,310,702,120,34
713,86,557,Shamela0008473,3382,896,1366,367,91
713,755,1598,Shia002382Vols,1270,620,1312,353,45
713,118,557,Shamela0023591,5126,661,1100,361,100
713,194,483,JK009266,6814,597,890,224,93
713,118,528,Shamela0021821,1285,1150,1559,337,99
713,218,483,JK001420,614,666,931,217,100
713,557,1149,Tafsir08060,370,1124,1579,239,42
713,189,557,Rafed0003943Vols,1139,1108,1470,285,93
713,218,571,Shamela0010273,2039,659,1023,285,95
713,631,1265,Tafsir01006,1016,178,1359,337,31
713,862,1598,Sham19Y0014404,997,0,803,275,30
713,218,483,Sham19Y0014404,1001,1011,1276,217,100
713,167,483,Meshkat00057178,2680,69,419,248,87
713,0,557,QuranAnalysis001,153,631,1188,458,100
713,782,1009,Rafed0001713Vols,1736,879,1237,141,47
713,177,401,Rafed0001713Vols,1742,1207,1535,177,65
713,208,580,JK000122,377,737,1040,235,77
713,189,587,JK000122,458,259,593,245,75
713,208,483,JK000122,461,445,720,219,97
713,218,483,JK000122,462,1090,1355,217,100
713,248,483,JK000122,463,0,235,192,100
713,218,483,JK000122,730,779,1044,217,100
713,202,483,JK000122,1087,897,1179,219,95
713,167,483,Shamela0000041,1788,974,1327,247,85
713,849,1153,Shamela0023578,2180,597,982,170,47
713,118,577,Shamela0023578,2184,173,626,367,97
714,660,1457,Shia002380Vols,535,671,1346,301,38
714,837,1465,Shia002382Vols,1273,680,1291,267,41
715,19,266,Meshkat00042485,4701,402,738,159,58
715,955,1165,Zaydiyya0000062,1301,1071,1492,103,31
715,134,758,ShamIbadiyya0000075,623,815,1546,222,27
715,667,1302,Tafsir08060,372,123,642,238,38
715,19,418,Tafsir01006,1019,436,1109,210,37
716,267,601,Shamela0023632,2574,756,1090,265,100
716,0,626,JK009268,3450,248,894,496,95
716,267,601,Sham19Y0023618,1220,900,1234,265,100
716,161,601,Shamela0023628,2595,722,1162,352,100
716,74,339,Rafed0003257Vols,3877,1093,1409,214,83
716,193,460,JK009270,3338,0,267,219,100
716,92,601,Meshkat0014420,3363,576,1085,407,100
716,0,339,ShamAY0036821,1488,486,822,268,98
716,0,339,JK000373,314,368,707,273,100
716,0,339,Masaha000221,50,374,755,265,85
716,0,453,Shamela0010523,24,1170,1622,366,99
716,0,339,Shamela0023591,5132,591,930,273,100
716,0,626,Tafsir07053,127,544,1182,481,93
716,92,473,JK001110,87,1231,1611,309,99
716,0,626,Rafed0003943Vols,1140,342,988,496,95
716,0,275,QuranAnalysis001,153,1345,1619,222,99
716,275,626,QuranAnalysis001,154,0,371,274,92
716,0,610,Shamela0023596,114,179,786,485,99
716,0,346,Rafed0001713Vols,1746,1108,1456,277,98
716,329,601,Rafed0001713Vols,1754,449,721,215,100
716,881,1136,Shamela0000041,1793,565,1028,112,29
717,109,922,Shia001432Vols,870,333,1241,271,28
717,1023,1222,EShia0071807,991,802,1266,145,38
717,1018,1444,Shamela0023628,2594,243,1147,260,34
717,1023,1245,Meshkat0014420,3362,557,930,155,49
717,1023,1245,Tafsir01005,4131,903,1451,151,34
717,1018,1551,Shamela0001466,2129,117,1239,342,36
717,109,641,ShamIbadiyya0000075,625,577,1009,194,39
717,261,617,ShamAY0034059,4188,1119,1543,150,37
717,1402,1551,JK001496,1513,784,946,101,71
717,1018,1355,Shamela0021821,1290,969,1388,165,43
717,109,612,Shia001542Vols,306,436,750,143,32
717,1120,1501,Shamela0000041,1797,138,853,191,28
717,1018,1355,Shamela0023578,2202,457,1414,237,30
718,942,1222,Shia001432Vols,2017,718,1143,182,53
718,698,929,Shia001432Vols,21685,1229,1435,132,60
718,684,1001,Meshkat00042485,4725,877,1648,222,35
718,1007,1160,Meshkat00042485,4726,16,287,96,44
718,1088,1541,Shamela0021766,3113,78,717,129,21
718,446,1200,Shia002380Vols,538,273,787,298,41
718,1032,1444,Shia002382Vols,1279,5,282,141,43
718,833,1222,Tafsir01006,1025,0,809,257,39
718,929,1351,Sham19Y0014404,1006,1155,1493,140,36
718,956,1222,Rafed0001713Vols,1754,954,1552,168,35
718,725,1200,Rafed0001713Vols,1754,18,580,214,36
719,983,1303,ShamAY0037152,829,567,887,260,100
719,469,983,Shia001432Vols,540,382,894,406,99
719,983,1256,Shia001432Vols,2499,1247,1519,222,99
719,1006,1303,Shia001432Vols,7094,460,763,221,90
719,1168,1303,Shia001432Vols,10170,0,134,108,99
719,615,847,Shia001432Vols,18609,666,896,183,99
719,469,983,Shia001432Vols,19834,738,989,187,46
719,1041,1303,Shia001432Vols,21884,710,972,213,100
719,1041,1238,JK000370,30,1362,1558,160,99
719,469,622,Shamela0023632,2577,590,743,123,100
719,551,847,Shamela0023632,2578,471,769,201,85
719,847,1303,Shamela0023632,2580,14,470,365,100
719,1126,1303,Shamela0000894,798,467,644,143,100
719,1041,1303,Shamela0000894,4156,112,374,213,100
719,1126,1303,Shamela0000894,4735,873,1050,143,100
719,615,793,Rafed0000040Vols,370,577,755,140,100
719,374,1116,JK009268,3450,810,1495,544,92
719,1116,1303,JK009268,3451,0,187,152,100
719,469,730,Sham19Y0023618,1221,1271,1531,208,99
719,928,1303,Sham19Y0023618,1223,0,375,302,100
719,615,847,Zaydiyya0000144,24,954,1181,177,95
719,469,739,JK001137,54,1343,1618,215,97
719,694,847,EShia0071807,1607,1275,1428,122,100
719,469,983,Shamela0023628,2598,641,1155,407,100
719,1025,1303,Shamela0023628,2601,0,278,226,100
719,374,615,Rafed0003257Vols,3883,553,832,152,69
719,608,1041,Rafed0003257Vols,3884,476,909,338,99
719,1041,1303,Rafed0003257Vols,3886,273,535,213,100
719,469,694,Sham19Y0020891,4220,1182,1614,180,52
719,694,847,Sham19Y0020891,4221,917,1070,122,100
719,983,1126,Sham19Y0020891,4226,936,1079,117,100
719,1126,1303,Shamela0023606,33,579,756,143,100
719,1126,1303,ShamAY0034809,652,969,1146,143,100
719,374,736,JK009270,3342,1142,1447,242,84
719,847,1303,JK009270,3347,830,1286,365,100
719,469,1012,Meshkat0014420,3369,987,1529,431,99
719,960,1303,Meshkat0014420,3374,194,593,247,76
719,1041,1282,Sham19Y0017581,338,800,1041,196,100
719,1126,1303,Sham19Y0018608,78,1123,1300,143,100
719,358,747,JK006476,1156,627,909,188,61
719,925,1145,JK006476,1159,93,330,166,88
719,942,1164,Tafsir01005,4158,579,990,175,53
719,1041,1303,Shia001269,38,139,401,212,99
719,469,827,ShamAY0036821,1491,1153,1503,276,97
719,1041,1303,ShamAY0036821,1493,1076,1337,212,99
719,1126,1303,JK000081,40,800,977,143,100
719,942,1220,Shamela0012851,262,803,1321,224,53
719,1126,1303,Shamela0012851,263,40,217,143,100
719,498,1060,Tafsir02104,381,358,1079,297,49
719,469,630,Sham19Y0147312,1458,561,734,129,93
719,615,847,Sham19Y0147312,1459,41,273,184,100
719,839,1303,Sham19Y0147312,1460,408,872,367,98
719,140,872,Tafsir02067,655,376,1456,333,32
719,1041,1269,Shia001368,379,856,1510,185,34
719,469,793,Sham19Y0013550,408,304,892,230,48
719,527,803,Zaydiyya0000062,1305,1282,1590,196,79
719,774,978,Zaydiyya0000062,1306,790,1016,157,87
719,960,1178,Zaydiyya0000062,1307,1123,1413,176,74
719,615,847,Shamela0006947,7596,443,675,184,100
719,1006,1303,Masaha000221,51,507,798,226,94
719,374,793,Shamela0037458,2885,612,975,287,86
719,793,1185,Shamela0037458,2891,610,1002,314,100
719,374,630,JK000791,1661,1261,1533,142,66
719,527,847,JK000791,1662,641,932,206,76
719,983,1189,JK000791,1663,1292,1497,168,99
719,608,847,AOCP20251104087,32,660,899,185,96
719,983,1126,Shamela0026047,276,1015,1316,113,46
719,1158,1303,Shamela0026047,277,0,145,117,100
719,374,793,Shamela0000922,895,337,1082,254,40
719,603,765,Tafsir07076,5203,456,611,121,95
719,615,765,Tafsir07076,5490,527,677,117,100
719,615,765,Tafsir07076,9508,756,1171,96,30
719,469,972,JK007018,494,409,1465,398,47
719,886,1303,JK007018,495,415,813,242,64
719,615,793,Rafed0003591Vols,294,1371,1549,140,100
719,1049,1303,Shamela0037325,2641,0,254,206,100
719,1041,1303,Shamela0037325,2646,98,360,213,100
719,1041,1303,Shamela0037325,2665,62,324,213,100
719,469,847,JK009396,1031,121,900,298,48
719,847,1060,JK009396,1032,1057,1268,159,95
719,895,1303,JK009396,1033,0,476,228,46
719,615,853,Sham19Y0023608,1370,1289,1523,136,59
719,140,615,Sham19Y0023608,2748,432,976,211,37
719,566,803,Sham19Y0023608,2749,1179,1659,185,48
719,1006,1303,Sham19Y0023608,2752,56,467,241,72
719,1126,1303,Sham19Y0095660,1060,4,181,143,100
719,615,847,JK000381,556,1321,1553,184,100
719,1041,1303,JK000381,1874,1135,1397,213,100
719,1041,1303,JK000381,1890,1166,1428,213,100
719,1041,1224,JK000381,2014,875,1058,148,99
719,1041,1303,JK000381,5744,947,1209,213,100
719,3,1060,JK000818,426,0,1485,553,40
719,469,649,Meshkat00042488,1182,1311,1490,144,99
719,649,803,Meshkat00042488,1183,0,159,118,94
719,793,983,Meshkat00042488,1184,15,366,149,54
719,942,1126,Meshkat00042488,1184,1111,1498,145,46
719,0,598,ShamIbadiyya0000075,629,89,572,195,34
719,1126,1303,JK001305,115,1079,1256,143,100
719,983,1303,Shamela0004473,2564,987,1555,260,56
719,615,793,Shamela0004473,7360,11,189,140,100
719,983,1185,Zaydiyya0000367,264,1051,1251,165,99
719,983,1185,Zaydiyya0000367,347,1103,1305,165,100
719,1126,1303,JK000010,1,619,796,143,100
719,1126,1303,JK000105,1011,217,394,143,100
719,615,833,Shia002356Vols,812,1285,1501,171,99
719,374,615,Shia002356Vols,812,30,213,144,75
719,833,1041,Shia002356Vols,813,0,208,164,100
719,1041,1303,Shia002356Vols,814,18,280,213,100
719,374,573,Shamela0010523,25,109,252,112,71
719,469,1303,Shamela0010523,29,410,1244,667,100
719,1131,1303,JK000235,41,373,548,138,97
719,469,942,Shia002380Vols,539,254,1470,373,38
719,942,1185,Shia002380Vols,540,0,406,196,59
719,469,847,JK001496,1516,393,1002,292,60
719,1126,1303,Tafsir02102,1785,678,855,143,100
719,551,765,Tafsir02102,3079,69,642,170,37
719,860,1020,Tafsir02102,3080,15,316,116,49
719,591,847,Shamela0008473,3407,1063,1331,194,89
719,865,1303,Shamela0008473,3409,109,855,344,57
719,809,1164,Shia002382Vols,1282,98,937,277,41
719,1126,1303,Shamela0003055,2838,271,448,143,100
719,1126,1303,Shamela0003055,3036,518,695,143,100
719,641,847,Shamela0012884,3694,0,206,164,100
719,963,1303,Shamela0012884,3695,0,573,271,57
719,469,1041,Shamela0023591,5146,825,1397,454,100
719,1041,1303,Shamela0023591,5152,527,789,213,100
719,374,630,JK009266,6844,152,437,152,56
719,615,847,JK009266,6848,532,764,184,100
719,1006,1303,JK009266,6856,98,466,240,80
719,1152,1303,Shamela0010283,1369,489,666,122,85
719,641,847,Shamela0021821,1294,0,206,164,100
719,798,1041,Shamela0021821,1295,106,319,166,86
719,942,1303,Shamela0021821,1295,742,1250,291,71
719,374,865,Tafsir07053,127,1100,1524,332,85
719,573,793,Tafsir07053,134,90,546,174,47
719,1126,1303,Shamela0001417,240,490,674,143,96
719,1126,1303,LAL2013020402,24,1119,1293,140,98
719,615,847,Kraken220413194022,371,112,342,181,97
719,1041,1282,Kraken220413194022,2727,535,777,193,97
719,374,827,Rafed0003793Vols,933,1264,1549,194,50
719,573,793,JK009362,5679,390,932,175,40
719,1012,1303,JK009362,5685,444,773,220,83
719,451,1006,JK001110,50,207,765,416,93
719,1126,1303,ShamAY0034556,20,1169,1346,143,100
719,476,853,Kraken22021802055301,39,0,371,290,96
719,469,765,JK001420,617,700,1340,210,41
719,582,847,Sham19Y0038093,220,1049,1352,199,82
719,983,1178,Zaydiyya0000074,28,266,461,159,100
719,694,1164,Tafsir08060,374,0,622,275,50
719,374,630,Rafed0003943Vols,1140,904,1105,153,75
719,608,1140,Rafed0003943Vols,1150,835,1364,412,97
719,1126,1303,Rafed0003943Vols,1151,1346,1523,143,100
719,469,615,Shamela0010273,2052,1293,1439,118,100
719,615,860,Shamela0010273,2054,36,281,187,96
719,1041,1259,Shamela0010273,2058,1452,1669,177,99
719,615,847,Shamela0007798,6870,944,1176,184,100
719,1126,1303,Sham19Y0018567,1240,993,1170,143,100
719,1126,1303,Shamela0008571,6,667,844,143,100
719,140,598,Sham19Y0014404,1007,1008,1492,180,36
719,492,798,Sham19Y0014404,1008,101,558,227,62
719,757,983,Sham19Y0014404,1009,175,533,157,55
719,603,793,Rafed0003799Vols,1901,477,665,142,91
719,469,615,Meshkat00057178,2694,1487,1649,103,78
719,615,803,Meshkat00057178,2695,0,195,145,94
719,983,1126,Meshkat00057178,2697,89,438,117,40
719,608,978,Masaha000554Vols,3774,712,1082,281,96
719,374,1303,QuranAnalysis001,154,287,1160,696,93
719,1126,1303,Shamela0005446,215,784,961,143,100
719,603,803,Rafed0003537Vols,257,544,766,147,80
719,1126,1303,Shamela0009182,572,864,1041,143,100
719,551,1041,Rafed0001713Vols,1756,0,490,389,100
719,960,1310,Rafed0001713Vols,1759,168,645,277,72
719,1173,1303,JK000122,102,0,130,105,100
719,615,765,Shamela0000432,4203,813,963,117,100
719,641,793,Tafsir04042,1574,1117,1579,119,32
719,1060,1303,Tafsir04042,1576,961,1423,197,52
719,1126,1303,JK010568,241,455,632,143,100
719,615,847,JK001414,360,30,262,184,100
719,1041,1282,JK001414,1304,604,846,194,98
719,1041,1282,JK001414,2692,547,789,194,98
719,641,770,Tafsir07057,3768,295,524,84,48
719,578,793,Tafsir04056,5573,780,1344,150,32
719,1041,1303,JK006950,48,1167,1429,213,100
719,469,798,Shamela0000041,1801,505,832,257,98
719,901,1145,Shamela0000041,1803,0,243,186,95
719,1178,1303,Shamela0000041,1804,0,125,101,100
719,374,847,Shamela0023578,2206,1048,1465,331,88
719,374,657,Shamela0023578,2208,804,1342,177,37
719,798,1303,Shamela0023578,2209,905,1405,377,93
719,872,1246,Shamela0023578,2210,703,1511,296,45
720,180,722,Shamela0023628,2599,18,686,209,31
720,307,558,Tafsir09083,984,45,336,124,47
720,189,461,Sham19Y0020891,4220,1243,1614,135,36
720,763,989,Meshkat0014420,3372,866,1185,113,45
720,1076,1479,Meshkat0014420,3373,268,799,163,34
720,395,1021,Shamela0022769,1065,20,737,240,35
720,228,1089,Tafsir02067,655,745,1461,300,33
720,0,512,Zaydiyya0000062,1305,752,1520,212,28
720,1083,1479,Shamela0021766,3116,267,918,176,31
720,189,512,JK009396,1031,182,783,151,25
720,189,553,JK000818,426,414,841,205,51
720,6,668,Meshkat00042488,1183,219,1090,303,39
720,1083,1479,ShamAY0033108,1246,940,1298,153,39
720,189,958,Shia002380Vols,539,355,1127,292,32
720,189,512,JK001496,1516,455,883,166,38
720,1083,1479,Tafsir02091,1478,452,809,153,39
720,1065,1479,Shamela0008473,3409,109,413,169,46
720,189,814,Shia002382Vols,1281,303,736,218,38
720,939,1522,Shia002382Vols,1282,0,729,246,37
720,715,1207,Tafsir08060,374,9,405,253,59
720,302,473,Shamela0010273,2054,32,452,108,31
720,1083,1207,Shamela0010273,2057,707,948,79,40
720,239,553,Tafsir06048,789,0,313,181,65
720,189,553,Sham19Y0014404,1008,146,899,230,38
720,395,553,Rafed0001713Vols,1757,420,928,101,24
720,430,1479,Shamela0023578,2209,0,1143,378,30
720,6,803,JK000876,992,335,1482,333,32
721,833,1575,Shia001432Vols,2500,3,494,374,60
721,624,1119,Shia001432Vols,7094,695,1013,258,63
721,624,1253,Shia001432Vols,21884,904,1355,363,70
721,870,1244,Shamela0023632,2581,972,1346,306,100
721,1230,1575,Shamela0023632,2583,113,458,277,97
721,862,1575,JK009268,3470,115,828,582,99
721,870,1244,Sham19Y0023618,1223,1207,1580,268,83
721,1230,1575,Sham19Y0023618,1224,1299,1643,277,97
721,624,1455,Shamela0023628,2601,210,863,534,78
721,1211,1597,Rafed0003257Vols,3890,559,978,307,86
721,952,1119,Tafsir09068,845,1091,1381,134,56
721,1026,1455,Meshkat0014420,3377,543,972,351,100
721,1052,1627,ShamAY0036821,1494,0,587,441,91
721,1244,1575,Sham19Y0147312,1461,1237,1568,274,100
721,1119,1511,Shamela0037458,2899,659,1051,323,100
721,624,1230,JK007018,495,745,1558,348,42
721,1177,1575,JK009396,1034,716,1205,329,81
721,624,1244,Sham19Y0023608,2752,399,841,361,71
721,870,1211,Sham19Y0122173,611,234,970,202,32
721,321,1237,ShamIbadiyya0000075,631,85,1104,444,44
721,1070,1455,Shia002356Vols,815,0,384,313,99
721,870,1575,Shamela0010523,31,249,954,580,100
721,97,1248,Shia002380Vols,540,203,1625,557,38
721,691,812,JK001496,1519,1397,1510,62,62
721,870,1098,Tafsir02102,3081,7,660,182,34
721,27,712,Shia002382Vols,1282,729,1395,280,40
721,1165,1584,Shamela0012884,3697,263,645,298,86
721,624,1588,Shamela0023591,5152,721,1508,635,80
721,870,1083,JK009266,6858,1342,1554,175,99
721,691,1244,JK006478,6797,927,1548,371,72
721,27,1355,Tafsir08060,374,443,1605,453,32
721,1119,1562,Rafed0003943Vols,1152,1176,1618,365,99
721,27,712,Sham19Y0014404,1010,288,1000,257,34
721,624,1226,QuranAnalysis001,154,1092,1515,346,70
721,1226,1575,QuranAnalysis001,155,0,349,289,100
721,589,812,Rafed0001713Vols,1760,1217,1541,125,47
721,240,480,Rafed0001713Vols,1760,242,691,128,33
721,1237,1584,Rafed0001713Vols,1762,0,347,283,98
721,624,1253,JK000122,102,62,516,362,70
721,624,1149,Shamela0000041,1804,57,424,275,62
721,1083,1498,Shamela0000041,1805,397,799,323,94
721,996,1455,Shamela0023578,2210,0,459,376,100
721,644,1070,Shamela0023578,2211,78,454,218,50
722,241,624,Meshkat00042485,4740,845,1239,209,56
722,1235,1577,Meshkat00042485,4744,743,873,88,30
722,15,178,Shamela0001466,2145,54,927,103,15
722,71,352,Shamela0022769,1067,1022,1585,144,28
722,33,1597,ShamIbadiyya0000075,631,524,1646,569,38
722,33,835,Shia002380Vols,540,777,1622,324,33
722,882,1583,Shia002380Vols,541,0,331,221,37
722,33,850,Shia002382Vols,1283,818,1530,353,44
722,878,1577,Shia002382Vols,1284,311,698,222,37
722,83,727,Tafsir01006,1029,819,1597,310,41
722,940,1577,Tafsir01006,1030,298,1370,269,27
722,297,850,Rafed0001713Vols,1762,726,1526,305,40
722,33,305,Shamela0000041,1804,1001,1478,153,38
723,332,719,Zaydiyya0000054,374,1103,1492,306,95
723,332,726,Shamela0008381,4215,625,1094,306,79
723,332,726,Shamela0008381,6440,638,1108,311,81
723,332,833,Shia001432Vols,32517,745,1247,407,99
723,307,601,Shamela0023632,2584,816,1144,234,87
723,578,833,Shamela0023632,2586,241,487,196,94
723,833,1224,Shamela0023632,2587,197,588,315,100
723,307,1145,JK009268,3470,809,1640,676,99
723,326,657,Sham19Y0023618,1225,538,865,245,89
723,833,1084,Sham19Y0023618,1226,1318,1568,201,99
723,574,833,Sham19Y0023618,1226,0,296,212,87
723,307,601,Shamela0023628,2605,677,965,235,97
723,578,1254,Shamela0023628,2607,656,1376,528,90
723,319,833,Rafed0003257Vols,3896,838,1352,415,98
723,833,1224,Rafed0003257Vols,3898,781,1172,315,100
723,253,601,Sham19Y0020891,4242,56,397,241,86
723,833,1057,Sham19Y0020891,4249,1385,1608,179,99
723,1057,1224,Sham19Y0020891,4250,0,167,136,100
723,332,601,Shamela0009759,301,255,527,219,98
723,797,1224,Shamela0009759,303,616,1138,341,81
723,307,833,JK009270,3356,933,1451,423,98
723,996,1224,JK009270,3361,0,228,185,100
723,470,1185,Sham19Y0150960,654,0,608,473,82
723,307,833,Meshkat0014420,3382,266,785,423,98
723,833,1224,Meshkat0014420,3386,298,689,315,100
723,505,726,JK006476,1164,734,950,165,88
723,332,601,Shia001269,37,43,312,219,100
723,340,644,ShamAY0036821,1497,1293,1593,243,97
723,644,1224,ShamAY0036821,1498,0,569,450,96
723,332,640,JK000451,38,753,1083,252,93
723,833,1121,Shia000233,942,84,372,231,100
723,332,707,Sham19Y0147312,1462,1034,1408,306,99
723,764,1244,Sham19Y0147312,1464,306,813,355,84
723,307,596,Zaydiyya0000062,1312,1032,1315,229,96
723,578,828,Zaydiyya0000062,1314,268,533,193,88
723,890,1244,Zaydiyya0000062,1316,0,361,282,96
723,307,601,Shamela0037458,2903,1300,1588,235,97
723,623,841,Shamela0037458,2908,0,219,172,95
723,809,1224,Shamela0037458,2909,846,1291,330,92
723,326,833,JK000791,1667,492,999,411,99
723,833,1224,JK000791,1669,1082,1473,315,100
723,833,1114,Shamela0026047,306,1255,1535,225,99
723,332,606,Shamela0000922,898,442,716,220,98
723,772,1260,Shamela0000922,899,0,773,361,57
723,346,833,Sham19Y0009800,802,0,487,398,100
723,833,1121,Tafsir07076,1695,597,885,231,100
723,332,833,JK007018,496,841,1343,403,98
723,940,1227,JK007018,498,8,295,230,99
723,326,833,JK009396,1035,614,1121,411,99
723,828,1224,JK009396,1037,1174,1576,317,97
723,332,833,Sham19Y0023608,2759,461,962,409,100
723,833,1224,Sham19Y0023608,2763,264,655,315,100
723,823,1080,Zaydiyya0000027,47,247,501,199,96
723,332,601,JK000917,1171,969,1238,219,100
723,833,1232,JK000917,1176,213,618,315,96
723,559,707,Shamela0001340,220,123,271,121,100
723,833,1121,ShamIbadiyya0000441,70,452,892,230,65
723,253,657,Meshkat00042488,1188,29,447,265,75
723,564,833,Meshkat00042488,1189,404,1176,206,32
723,817,1224,Meshkat00042488,1190,156,571,320,96
723,564,707,JK000162,49,722,872,117,95
723,332,823,Shia003636Vols,614,792,1203,333,82
723,381,748,ShamIbadiyya0000075,632,347,974,296,58
723,841,1156,ShamIbadiyya0000075,633,212,821,247,50
723,505,707,Shamela0004473,8329,0,202,165,100
723,307,833,Shia002356Vols,816,630,1150,421,97
723,809,1161,Shia002356Vols,817,1272,1630,270,90
723,307,1019,Shamela0010523,31,935,1640,574,99
723,1019,1244,Shamela0010523,32,0,231,177,94
723,833,1121,Shia000317Vols,12919,316,604,231,100
723,332,601,Sham19Y0014827,557,728,996,219,99
723,833,1211,Sham19Y0014827,559,1164,1541,304,99
723,559,707,Shamela0001419,419,769,930,121,91
723,833,1224,JK001496,1526,442,837,315,98
723,833,1224,AOCP20251104085,4,961,1356,313,98
723,171,644,Shamela0008473,3418,1117,1608,301,66
723,644,860,Shamela0008473,3419,0,219,156,88
723,716,1149,Shamela0008473,3422,1062,1530,307,78
723,332,601,Shia002758,16,1133,1402,219,100
723,332,707,Shamela0012884,3699,191,565,306,99
723,879,1244,Shamela0012884,3705,0,415,295,87
723,332,1012,Shamela0023591,5159,904,1583,552,99
723,1012,1224,Shamela0023591,5160,0,212,172,100
723,307,823,JK009266,6870,1071,1580,404,95
723,817,1224,JK009266,6878,530,947,328,97
723,332,1185,Zaydiyya0000063,214,288,1092,646,93
723,307,833,Shamela0021821,1299,187,716,427,98
723,797,1057,Shamela0021821,1300,1287,1596,208,83
723,1057,1224,Shamela0021821,1301,0,167,136,100
723,564,707,Shamela0001417,28,1028,1178,117,95
723,833,1121,JK000484,4651,843,1131,231,100
723,253,681,JK009362,5704,1162,1591,295,83
723,833,1224,JK009362,5711,1158,1550,315,99
723,860,1224,JK009362,5712,0,365,294,99
723,501,707,Sham19Y0014601,6123,1042,1363,168,64
723,833,1080,Shamela0023023BK2,1178,201,448,198,100
723,716,1173,JK001420,620,381,852,301,73
723,833,1080,Zaydiyya0000344,18,515,762,198,100
723,332,601,Zaydiyya0000274,416,570,838,219,99
723,809,1224,Zaydiyya0000274,419,390,800,322,96
723,564,707,JK001295,609,536,686,117,95
723,326,707,JK006478,6803,1227,1615,307,96
723,833,1224,JK006478,6813,101,496,315,98
723,313,833,Rafed0003943Vols,1153,0,514,420,98
723,928,1224,Rafed0003943Vols,1154,0,296,240,100
723,332,707,Shamela0010273,2068,39,414,306,100
723,1004,1224,Shamela0010273,2072,0,220,178,100
723,332,596,Zaydiyya0000219,91,622,885,215,99
723,332,657,Shamela0007798,6881,98,423,240,88
723,833,1224,Shamela0007798,6889,325,716,315,100
723,362,610,Zaydiyya0000373Vols,541,216,460,194,96
723,71,601,Sham19Y0014404,1013,42,486,280,62
723,601,1111,Sham19Y0014404,1014,448,1600,407,43
723,1111,1224,Sham19Y0014404,1015,0,113,92,100
723,191,657,Meshkat00057178,2700,1182,1661,288,65
723,833,1224,Meshkat00057178,2703,749,1140,315,100
723,340,828,Masaha000554Vols,3792,752,1234,380,95
723,833,1217,Masaha000554Vols,3798,73,448,295,96
723,332,606,JK009286,601,314,588,220,98
723,307,1244,QuranAnalysis001,155,330,1267,752,98
723,833,1121,Shamela0023596,116,647,935,231,100
723,332,833,Rafed0001713Vols,1765,410,911,409,100
723,991,1244,Rafed0001713Vols,1768,0,255,197,95
723,833,1224,JK000122,330,265,656,315,100
723,332,601,JK000122,643,436,705,219,100
723,833,1224,JK000122,1116,900,1291,315,100
723,332,707,Shamela0000432,5670,398,773,302,98
723,332,651,Zaydiyya0000361,952,1112,1423,224,85
723,833,1080,Shia001615Vols,101,78,325,198,100
723,71,657,Shamela0000041,1808,435,826,293,60
723,702,1224,Shamela0000041,1810,74,596,419,99
723,833,1121,Shia000394Vols,226,911,1199,231,100
723,856,1080,Zaydiyya0000207,17,965,1189,178,99
723,307,1244,Shamela0023578,2213,337,1274,752,98
724,649,1135,JK009268,3470,1060,1275,167,42
724,0,504,Meshkat00042485,4748,801,1529,279,42
724,523,848,Meshkat00042485,4749,1410,1607,147,53
724,1023,1459,Meshkat00042485,4751,161,772,230,43
724,22,1084,ShamIbadiyya0000075,632,463,974,300,33
724,1041,1620,Shia002356Vols,817,926,1521,265,44
724,649,1135,Shamela0010523,31,1186,1401,167,42
724,317,1150,Shia002380Vols,542,138,1057,376,44
724,872,1150,Shia002382Vols,1287,1170,1393,163,67
724,649,1135,Shamela0023591,5159,1136,1351,167,42
724,789,1242,JK000458,2453,824,1329,208,45
724,44,908,Sham19Y0014601,6123,584,1363,269,29
724,0,523,Tafsir08060,375,401,740,165,37
724,649,1135,Rafed0003943Vols,1153,245,460,167,42
724,169,1448,Tafsir01006,1032,51,1653,619,39
724,628,1620,Sham19Y0014404,1014,513,1541,515,50
724,649,1135,QuranAnalysis001,155,581,796,167,42
724,312,867,Rafed0001713Vols,1766,797,1418,205,31
724,859,1242,Rafed0001713Vols,1767,166,957,204,30
724,1289,1560,Rafed0001713Vols,1767,1348,1625,195,84
724,649,1135,Shamela0023578,2213,588,803,167,42
724,706,1135,Shamela0023578,2215,1026,1373,181,44
725,1115,1431,Sham19Y0020891,4253,1142,1540,137,38
725,1090,1431,Zaydiyya0000062,1318,137,615,160,39
725,1115,1431,JK001496,1528,509,909,137,39
725,131,591,Tafsir02102,3086,862,1467,189,30
725,1090,1337,Shamela0010273,2073,835,1095,111,50
725,1129,1551,Sham19Y0014404,1016,0,268,142,37
725,1296,1551,JK000876,1001,52,351,133,46
726,222,441,ShamAY0037152,708,708,1092,180,57
726,181,588,Shia001432Vols,5428,1131,1527,310,92
726,222,441,Shamela0023632,2590,244,463,180,100
726,441,695,Shamela0023632,2591,417,671,205,100
726,222,441,Zaydiyya0000015,848,536,750,176,97
726,171,695,JK009268,3471,40,552,417,97
726,190,734,Sham19Y0023618,1229,584,1122,418,92
726,280,800,Shamela0023628,2611,0,410,314,72
726,284,700,Rafed0003257Vols,3901,0,417,334,98
726,197,441,Sham19Y0020891,4255,514,771,201,94
726,171,441,Shamela0009759,306,0,337,212,76
726,222,700,JK009270,3364,585,1063,387,99
726,222,441,Shamela0005756,9057,980,1259,180,78
726,222,588,Sham19Y0150960,654,620,986,296,98
726,25,171,Shamela0000140,1389,577,769,119,75
726,222,563,Meshkat0014420,3390,1183,1523,280,99
726,563,695,Meshkat0014420,3391,0,132,105,100
726,222,505,JK006476,1169,747,1024,220,94
726,481,695,JK006476,1170,440,656,171,98
726,222,709,ShamAY0036821,1499,542,1057,386,91
726,222,737,Shamela0029677,1972,573,942,234,54
726,171,642,Sham19Y0147312,1464,748,1553,374,55
726,222,441,Shamela0004445,1641,1317,1535,180,99
726,441,700,Shamela0004445,1642,0,260,206,98
726,171,436,Zaydiyya0000062,1316,295,549,208,95
726,436,690,Zaydiyya0000062,1320,265,520,203,98
726,171,734,Shamela0037458,2915,429,1119,450,80
726,406,695,JK000791,1672,887,1197,220,88
726,222,441,JK000791,1672,177,396,180,100
726,222,441,JK009336,323,885,1105,180,99
726,222,671,Shamela0023833,608,695,1565,366,51
726,222,441,Shamela0000922,900,498,717,180,100
726,222,588,Sham19Y0009800,764,417,783,300,100
726,222,695,JK009313,1791,138,604,346,89
726,222,588,Shamela0009770,402,476,1045,300,64
726,406,695,JK007018,500,55,353,211,88
726,441,695,JK009396,1041,904,1158,205,100
726,261,695,Sham19Y0023608,2767,0,434,352,100
726,261,441,Zaydiyya0000027,33,844,1024,147,100
726,222,876,Shamela0021715,4734,62,478,210,38
726,222,441,JK000917,1182,1179,1398,180,100
726,117,568,JK000818,429,777,1501,325,52
726,176,441,Meshkat00042488,1191,1073,1412,209,75
726,222,588,ShamAY0000055,264,867,1233,300,100
726,248,695,Rafed0003726Vols,1015,61,525,216,53
726,171,441,Shia002356Vols,818,24,281,211,95
726,312,695,Shia002356Vols,819,807,1273,256,65
726,171,695,Shamela0010523,32,166,678,417,97
726,222,441,JK001496,1529,246,467,180,99
726,210,441,JK000041,5,746,975,183,96
726,139,441,Tafsir02102,3089,913,1405,236,57
726,222,486,Tafsir05047,605,843,1285,213,58
726,222,588,Shamela0012884,3711,357,721,300,99
726,222,441,Masaha002028Vols,1248,1308,1527,180,100
726,426,695,Masaha002028Vols,1249,178,666,210,53
726,315,700,Shamela0023591,5166,0,384,309,98
726,222,677,JK009266,6883,1057,1511,371,99
726,222,709,Shamela0010283,3519,822,1352,391,90
726,222,605,Zaydiyya0000063,214,1096,1480,286,87
726,176,431,Shamela0021821,1303,325,642,202,77
726,222,441,JK000484,6001,681,900,180,100
726,222,444,Rafed0000185Vols,15,1350,1571,180,98
726,377,588,Rafed0000185Vols,675,0,211,171,100
726,222,441,Sham19Y0133367,168,1275,1495,180,99
726,222,695,Zaydiyya0000274,423,315,788,385,100
726,222,800,JK006478,6818,696,1283,413,85
726,222,800,Rafed0003943Vols,1154,889,1333,356,75
726,222,441,Shamela0010273,2075,1183,1402,180,100
726,486,700,Shamela0010273,2078,0,214,168,98
726,222,441,Zaydiyya0000075BK1,39,262,480,179,99
726,222,441,Zaydiyya0000075BK1,40,284,502,179,99
726,222,441,Shamela0007798,6899,713,932,180,100
726,222,441,JK000264,2011,91,316,180,97
726,222,441,Sham19Y0018567,647,808,1027,180,100
726,171,431,Sham19Y0014404,1016,401,689,209,88
726,117,431,Meshkat00057178,2706,229,628,226,68
726,222,690,Masaha000554Vols,3804,77,548,376,97
726,171,614,QuranAnalysis001,155,1202,1632,352,97
726,197,800,Rafed0001713Vols,1770,140,615,275,50
726,441,695,Rafed0001713Vols,1771,593,847,205,100
726,171,431,Shamela0000041,1813,1025,1273,204,95
726,312,592,Shamela0000041,1814,560,895,228,83
726,1275,1531,Shamela0000041,1814,1073,1254,94,41
726,171,583,Shamela0023578,2213,1209,1608,328,96
726,583,695,Shamela0023578,2214,0,112,89,100
726,210,441,JK000094,612,363,592,183,96
727,543,1227,Shia001432Vols,2500,508,1193,552,99
727,543,1024,Shia001432Vols,28462,593,885,217,55
727,472,801,Shamela0023632,2592,765,1078,238,90
727,801,1002,Shamela0023632,2593,1200,1399,162,99
727,1002,1227,Shamela0023632,2594,922,1147,182,100
727,543,1227,JK009268,3485,874,1558,553,99
727,801,1002,Sham19Y0023618,1230,1318,1522,162,96
727,472,801,Sham19Y0023618,1230,515,859,244,88
727,948,1227,Sham19Y0023618,1231,713,1068,213,74
727,687,1221,Hindawi070427368,20,77,611,433,100
727,472,687,Shamela0023628,2612,1213,1536,165,63
727,687,1170,Shamela0023628,2613,722,1203,389,99
727,389,801,Rafed0003257Vols,3909,735,1132,267,78
727,801,1221,Rafed0003257Vols,3913,308,727,338,98
727,801,990,JK010001,480,1318,1507,151,97
727,543,801,JK010001,859,1012,1270,208,100
727,543,801,JK009270,3368,1058,1316,208,100
727,847,1170,JK009270,3374,0,323,261,99
727,520,939,Meshkat0014420,3394,205,635,340,97
727,939,1125,Meshkat0014420,3396,1386,1571,149,99
727,596,932,JK006476,1171,383,919,269,62
727,127,411,Meshkat00042485,4760,1144,1553,152,37
727,472,883,Sham19Y0147312,1466,1245,1621,304,91
727,1088,1227,Sham19Y0147312,1468,1149,1288,112,100
727,1002,1221,Shamela0004445,3044,525,744,177,100
727,687,883,Sham19Y0013550,412,775,1070,156,65
727,472,1353,Zaydiyya0000062,1321,1092,1579,313,41
727,801,1096,Zaydiyya0000062,1323,213,506,235,95
727,520,958,Shamela0037458,2920,650,1084,345,97
727,939,1227,Shamela0037458,2924,898,1186,233,100
727,467,786,JK000791,1673,1300,1586,229,87
727,708,1002,JK000791,1674,809,1269,219,58
727,927,1221,JK000791,1675,572,927,220,72
727,1002,1227,Shamela0023833,178,967,1192,182,100
727,472,801,JK007018,500,1001,1357,241,83
727,801,1227,JK007018,501,219,842,342,67
727,520,801,JK009396,1042,1177,1485,227,91
727,801,1002,JK009396,1043,1072,1273,164,100
727,1009,1227,JK009396,1044,0,218,175,99
727,801,1002,Sham19Y0023608,1870,139,338,162,99
727,801,1002,Sham19Y0023608,2774,988,1187,162,99
727,1002,1227,Sham19Y0023608,2776,1286,1511,182,100
727,801,1002,Sham19Y0023608,4211,507,706,162,99
727,877,1221,Sham19Y0095660,1608,0,344,280,100
727,51,596,Meshkat00042488,1193,287,1379,255,25
727,56,575,ShamIbadiyya0000075,634,852,1267,234,45
727,520,1449,Shia002356Vols,821,221,1262,655,73
727,472,1227,Shamela0010523,35,650,1375,566,92
727,801,1130,Tafsir04038,444,810,1433,184,34
727,56,687,Shia002380Vols,545,389,1150,342,45
727,1002,1227,Shamela0008473,2899,957,1182,181,99
727,801,1002,Shamela0008473,3433,64,264,163,99
727,1002,1227,Shamela0008473,3434,702,927,182,100
727,56,299,ShamIbadiyya0000050,4359,565,1428,150,21
727,801,990,Tafsir07055,512,961,1150,151,97
727,543,734,Tafsir07055,913,1350,1540,154,99
727,520,806,Shamela0003055,2429,965,1251,227,98
727,520,1175,Shamela0012884,3716,872,1522,527,98
727,472,1227,Shamela0023591,5171,372,1123,583,95
727,229,687,JK009266,6890,33,725,227,34
727,801,1082,JK009266,6894,1237,1517,228,98
727,1082,1221,JK009266,6895,0,139,112,100
727,942,1227,Shamela0021821,1306,835,1189,229,79
727,1002,1227,Shamela0012935,91,1231,1459,181,97
727,801,1017,Rafed0000185Vols,222,960,1191,165,87
727,566,1130,JK001420,621,322,1003,237,37
727,770,1221,JK006478,6832,149,610,346,92
727,472,833,Rafed0003943Vols,1155,1287,1612,263,90
727,833,1002,Rafed0003943Vols,1156,0,167,137,98
727,1002,1227,Rafed0003943Vols,1157,43,269,181,98
727,152,416,Shamela0010273,2079,344,979,155,29
727,472,687,Shamela0010273,2080,633,1076,167,46
727,801,1221,Shamela0010273,2083,930,1348,339,99
727,127,472,Tafsir01006,1035,1074,1643,186,34
727,33,543,Tafsir04003,2888,690,1527,209,28
727,56,472,Sham19Y0014404,1017,314,870,186,33
727,596,883,Sham19Y0014404,1018,565,1291,223,38
727,377,1227,QuranAnalysis001,156,28,776,602,87
727,1009,1221,Rafed0003489,332,174,387,170,98
727,654,913,Rafed0001713Vols,1774,1369,1621,194,91
727,1002,1227,Rafed0001713Vols,1776,625,851,181,98
727,56,266,Tafsir04042,1585,854,1258,118,33
727,1002,1221,Tafsir04056,2278,49,268,176,99
727,687,1002,Shamela0000041,1816,109,423,255,99
727,1029,1227,Shamela0000041,1817,0,198,160,100
727,460,1227,Shamela0023578,2221,238,983,585,94
727,596,1170,Shamela0023578,2222,0,1147,454,49
728,1339,1539,JK000791,1676,277,691,144,43
728,989,1376,Zaydiyya0000295Vols,941,324,1017,162,24
728,185,1025,JK000818,430,680,1488,357,43
728,902,1431,ShamAY0033108,1255,498,1319,206,26
728,994,1532,Shia002380Vols,546,730,1278,257,46
728,902,1431,Tafsir02091,1488,460,1285,206,26
728,417,1019,Tafsir05047,607,202,808,253,39
728,1118,1539,JK009266,6899,297,1011,210,34
728,444,1500,Tafsir08060,377,7,1020,405,37
728,980,1373,Sham19Y0014404,1019,1099,1591,150,32
728,1339,1515,Sham19Y0014404,1020,20,221,131,80
728,1118,1373,Rafed0001713Vols,1777,155,618,133,32
729,278,550,Shia001432Vols,1899,59,331,220,100
729,0,207,Shia001432Vols,2321,1349,1555,167,99
729,0,165,Shamela0023632,2596,723,888,135,100
729,278,550,Shamela0023632,2598,1285,1557,220,100
729,0,936,JK009268,3486,93,943,587,77
729,0,165,Sham19Y0023618,1231,1166,1331,135,100
729,165,470,Sham19Y0023618,1232,273,576,243,99
729,0,758,Shamela0023628,2615,203,928,369,48
729,266,666,Shamela0023628,2617,568,1101,322,74
729,0,168,Rafed0003257Vols,3917,1430,1597,137,99
729,168,666,Rafed0003257Vols,3918,0,496,402,99
729,301,453,Rafed0003257Vols,3923,55,886,121,18
729,278,465,Zaydiyya0000044,105,642,829,151,100
729,278,470,Shamela0007625,7,946,1137,155,99
729,0,165,Sham19Y0020891,4275,102,267,135,100
729,266,470,Sham19Y0020891,4280,1242,1446,159,96
729,362,470,JK010001,1712,427,535,87,100
729,1286,1400,JK010001,2725,103,284,85,60
729,278,430,JK010001,2962,1148,1300,122,100
729,0,168,JK009270,3378,1203,1368,135,98
729,165,470,JK009270,3384,262,567,245,100
729,470,666,JK009270,3389,362,558,161,100
729,0,278,Meshkat0014420,3399,785,1063,225,100
729,278,666,Meshkat0014420,3401,1173,1561,316,100
729,128,355,JK006476,1175,16,253,183,95
729,505,660,JK006476,1176,744,902,127,98
729,1286,1400,Shamela0006879,44,1202,1379,85,62
729,362,470,Shamela0036543,2290,444,552,87,100
729,278,519,JK000912,201,760,1295,75,13
729,278,666,ShamAY0036821,1503,1115,1503,314,99
729,960,1471,Meshkat00042485,4772,522,1304,170,24
729,102,344,Shamela0012851,274,864,1524,194,36
729,107,470,Tafsir02104,387,85,735,239,44
729,278,442,Sham19Y0151010,78,1383,1546,132,99
729,0,165,Sham19Y0147312,1469,498,663,135,100
729,319,470,Sham19Y0147312,1470,1284,1446,108,83
729,470,666,Sham19Y0147312,1472,424,620,161,100
729,278,470,Sham19Y0013550,413,457,666,155,91
729,228,465,Zaydiyya0000062,1327,632,872,191,98
729,470,660,Zaydiyya0000062,1329,110,301,156,98
729,16,278,Shamela0037458,2928,468,730,208,96
729,1289,1400,Shamela0037458,2929,0,178,83,60
729,278,582,Shamela0037458,2931,1211,1514,246,99
729,278,550,JK000087,526,396,668,220,100
729,0,165,JK000791,1676,691,856,135,100
729,119,278,JK000791,1677,872,1031,128,100
729,247,666,JK000791,1678,12,431,326,94
729,278,550,Shamela0026047,346,264,536,220,100
729,22,228,Shamela0000922,902,846,1331,167,42
729,168,470,Shamela0000922,903,0,317,155,56
729,0,165,JK007018,501,939,1104,135,100
729,165,550,JK007018,502,368,963,309,64
729,0,165,JK009396,1044,316,481,135,100
729,278,550,JK009396,1046,51,323,220,100
729,0,278,Sham19Y0023608,2777,16,292,223,99
729,0,168,Sham19Y0023608,2780,1315,1483,135,98
729,278,550,Sham19Y0023608,2782,295,567,220,100
729,470,666,Sham19Y0023608,2783,357,1009,160,29
729,1286,1538,JK000465,2807,24,697,142,24
729,660,943,Meshkat00042488,1196,520,809,109,38
729,119,470,Meshkat00042488,1197,458,1323,275,39
729,368,666,Meshkat00042488,1198,314,1283,239,30
729,0,228,Masaha004568Vols,278,278,438,120,65
729,278,550,Shamela0012034,179,778,1050,220,100
729,362,550,Shamela0022371,240,150,449,152,62
729,0,666,Shia002356Vols,823,204,871,541,99
729,0,492,Shamela0010523,37,1090,1581,398,99
729,492,666,Shamela0010523,38,0,174,143,100
729,0,418,Tafsir04038,445,1048,1496,213,47
729,128,643,Shia002380Vols,547,0,940,413,54
729,278,550,JK001226,121,793,1065,220,100
729,0,165,JK001496,1536,626,791,135,100
729,165,362,Tafsir02102,3097,1066,1398,158,59
729,0,140,Shamela0008473,2596,1360,1499,114,99
729,0,165,Shamela0008473,3434,1025,1190,135,100
729,1286,1406,Shamela0008473,3436,447,663,86,51
729,278,550,Shamela0008473,3439,568,840,220,100
729,403,550,JK009265,212,0,147,120,100
729,278,550,JK009265,275,1242,1514,220,99
729,4,278,JK009265,345,102,373,211,95
729,0,128,JK009265,358,1435,1562,103,98
729,1286,1422,JK006474,2090,1115,1308,90,60
729,362,470,Tafsir07055,1778,1355,1463,87,100
729,278,430,Tafsir07055,3054,735,887,122,100
729,266,550,Shamela0012884,3723,917,1211,228,95
729,362,474,Shamela0012884,3724,487,618,87,83
729,0,278,Shamela0023591,5171,1221,1497,223,99
729,278,666,Shamela0023591,5183,1169,1557,316,100
729,0,165,JK009266,6899,1011,1176,135,100
729,278,666,JK009266,6906,173,561,316,100
729,278,470,Shamela0002386,124,677,861,122,78
729,278,492,Shamela0002386,373,1353,1591,173,89
729,0,165,Shamela0021821,1306,1287,1452,135,100
729,278,550,Shamela0021821,1309,301,573,220,100
729,278,492,Shamela0007597,246,1194,1425,171,91
729,278,492,Shamela0007663,138,27,271,173,87
729,278,492,JK000116,516,1279,1517,173,89
729,278,485,JK009362,7660,1394,1600,167,99
729,470,666,Shamela0010463,469,246,442,161,100
729,8,165,Shamela0009292,189,0,157,129,100
729,228,470,JK001420,622,212,826,179,36
729,0,159,JK006478,6836,1390,1548,130,99
729,258,666,JK006478,6846,1075,1487,319,95
729,0,666,Rafed0003943Vols,1157,367,1031,539,99
729,0,278,Shamela0010273,2086,1205,1481,223,99
729,165,554,Shamela0010273,2090,338,953,304,61
729,278,470,Shamela0007798,6917,263,961,155,27
729,1116,1475,Tafsir01006,1039,109,458,130,38
729,102,344,Tafsir06048,800,375,995,192,38
729,119,470,Sham19Y0014404,1021,231,1381,242,25
729,418,666,Sham19Y0014404,1022,142,849,204,35
729,165,470,Meshkat00057178,2714,144,1359,244,25
729,375,550,Meshkat00057178,2715,82,710,131,25
729,0,271,Masaha000554Vols,3825,981,1255,214,96
729,278,544,Masaha000554Vols,3829,603,871,212,97
729,418,550,Masaha000554Vols,3830,30,316,105,44
729,0,666,QuranAnalysis001,156,874,1540,541,100
729,0,271,Rafed0001713Vols,1777,1265,1534,218,99
729,278,550,Rafed0001713Vols,1780,43,315,220,100
729,0,368,Tafsir04042,1590,43,990,264,34
729,278,470,Tafsir04056,2177,313,505,155,100
729,332,470,Tafsir04056,5622,937,1410,70,16
729,1286,1538,Tafsir04056,5628,0,397,135,39
729,943,1400,Shamela0000041,1818,1067,1401,131,29
729,68,228,Shamela0000041,1819,285,445,130,100
729,119,550,Shamela0000041,1819,858,1412,348,77
729,0,666,Shamela0023578,2224,876,1540,539,99
729,119,278,Shamela0023578,2226,60,247,126,83
730,10,160,Tafsir09083,997,1207,1542,92,32
730,1182,1450,Tafsir09084,1746,290,640,108,30
730,10,1155,Tafsir02102,3097,592,1492,295,23
730,660,1240,Shamela0012884,3723,705,1080,168,28
730,122,580,Shamela0012884,3723,6,239,127,31
730,61,1035,Sham19Y0014404,1021,197,776,250,28
730,199,1035,Meshkat00057178,2714,219,962,237,26
730,0,275,Rafed0001713Vols,1779,156,685,159,35
731,858,1416,Shia001432Vols,1899,348,907,457,99
731,962,1210,Shamela0023632,2602,842,1090,206,100
731,1210,1476,Shamela0023632,2605,1182,1448,215,100
731,1476,1652,Shamela0023632,2607,1209,1386,145,99
731,858,1195,JK009268,3497,1321,1657,278,99
731,1195,1652,JK009268,3498,0,458,373,99
731,1343,1652,Sham19Y0023618,1236,35,345,242,95
731,319,1070,Shamela0023628,2617,927,1313,315,51
731,1070,1365,Shamela0023628,2620,78,373,242,100
731,1365,1652,Shamela0023628,2622,991,1279,235,99
731,858,1210,Rafed0003257Vols,3925,79,432,291,99
731,1476,1652,Rafed0003257Vols,3931,1192,1370,145,98
731,1476,1652,Sham19Y0020891,4307,1044,1221,145,99
731,1210,1481,JK000362,1033,647,918,219,100
731,319,1023,JK009270,3389,384,723,277,47
731,1023,1416,JK009270,3393,446,833,315,97
731,1416,1652,JK009270,3397,311,548,194,99
731,858,1210,Meshkat0014420,3405,90,442,291,100
731,1416,1652,Meshkat0014420,3410,681,918,194,99
731,922,1121,ShamAY0036821,1504,0,197,158,96
731,962,1652,ShamAY0036821,1506,938,1615,550,96
731,208,645,Meshkat00042485,4782,260,841,181,29
731,1402,1605,Sham19Y0147312,1476,5,212,162,95
731,858,1289,Shamela0037458,2936,358,782,345,97
731,1243,1560,Shamela0037458,2941,849,1165,244,95
731,782,1111,JK000791,1680,789,1076,227,81
731,1453,1652,JK000791,1684,1117,1315,162,98
731,849,1111,JK007018,503,760,1024,211,97
731,1365,1652,JK007018,505,16,438,234,67
731,1310,1605,ShamAY0038316,87,0,375,238,77
731,1416,1605,ShamAY0038316,127,1119,1308,155,100
731,913,1111,JK009396,1048,0,198,163,100
731,1476,1652,JK009396,1051,269,446,145,99
731,858,1111,Sham19Y0023608,2787,1271,1524,208,100
731,1476,1652,Sham19Y0023608,2794,170,347,145,99
731,1210,1605,JK000381,894,895,1370,318,82
731,1416,1605,JK000381,2681,309,498,155,100
731,858,1416,Shia002356Vols,826,47,600,453,99
731,1398,1652,Shia002356Vols,828,478,738,203,95
731,858,1476,Shamela0010523,40,442,1060,506,100
731,1365,1652,Shamela0010523,42,493,795,206,83
731,418,782,ShamAY0034059,4257,428,1069,175,30
731,21,1070,Shia002380Vols,547,585,1676,460,36
731,962,1136,Tafsir02102,3099,957,1500,144,32
731,858,1116,Shamela0008473,3441,1102,1360,209,98
731,1070,1365,Shamela0008473,3446,1229,1524,242,100
731,1402,1652,Shamela0008473,3451,343,597,200,96
731,21,885,Shia002382Vols,1297,779,1658,386,39
731,1111,1370,JK009265,211,1223,1482,210,99
731,1210,1476,Shamela0012884,3731,547,813,215,100
731,863,1111,Shamela0023591,5184,0,248,204,100
731,1111,1652,Shamela0023591,5194,571,1113,443,99
731,713,1111,JK009266,6915,108,624,258,56
731,782,1111,Shamela0021821,1310,1320,1615,226,83
731,1422,1652,Shamela0021821,1313,923,1275,181,63
731,858,1111,JK006478,6855,516,768,208,99
731,1271,1652,Tafsir08060,379,169,1048,299,41
731,319,1023,Rafed0003943Vols,1157,857,1197,276,47
731,1023,1219,Rafed0003943Vols,1158,1481,1676,162,99
731,1070,1652,Rafed0003943Vols,1159,615,1493,345,40
731,858,1111,Shamela0010273,2095,1264,1517,208,100
731,1476,1652,Shamela0010273,2105,1423,1600,145,99
731,418,831,Tafsir01006,1041,871,1623,263,40
731,1210,1476,Shamela0012293,4862,684,947,213,98
731,1416,1652,Masaha000554Vols,3846,0,240,190,95
731,895,1652,QuranAnalysis001,157,0,758,621,99
731,21,418,Rafed0001713Vols,1781,869,1356,174,36
731,418,846,Rafed0001713Vols,1782,162,933,237,36
731,1070,1365,Rafed0001713Vols,1785,84,379,242,100
731,1436,1652,Rafed0001713Vols,1788,412,661,168,79
731,945,1210,Tafsir04056,320,0,380,220,69
731,858,1210,Tafsir04056,2449,134,551,253,65
731,1377,1652,Shamela0000041,1826,785,1120,221,80
731,858,1652,Shamela0023578,2228,772,1567,651,99
732,812,1103,Meshkat00042485,4787,1160,1588,164,44
732,830,1163,ShamIbadiyya0000438,1188,440,936,186,44
732,11,545,ShamIbadiyya0000075,638,1005,1503,227,39
732,11,949,Tafsir02102,3099,560,1377,287,27
732,991,1191,JK000458,2478,1086,1367,125,53
732,11,521,Tafsir08060,378,849,1237,183,42
732,11,527,Sham19Y0014404,1023,154,724,223,36
732,830,1173,ShamAY0035035,8951,903,1417,193,44
732,11,415,Shamela0000041,1822,163,670,191,39
733,240,712,Meshkat00042485,4793,270,890,222,38
733,27,340,Sham19Y0023608,2791,568,1073,133,25
733,439,1094,JK000818,434,39,490,212,35
733,16,210,Shamela0008473,3449,940,1311,87,25
733,376,1094,Tafsir08060,379,208,657,237,35
733,27,240,Shamela0023578,2230,832,960,85,50
734,606,773,JK000330,1059,987,1154,139,100
734,858,1044,Shia001432Vols,761,658,844,148,99
734,497,858,Shia001432Vols,3192,1208,1570,299,99
734,303,799,Shamela0023632,2608,899,1482,293,61
734,773,1114,Shamela0023632,2610,816,1157,273,100
734,406,1114,JK009268,3498,443,1086,521,90
734,295,1130,Sham19Y0023618,1237,765,1606,596,83
734,477,733,JK000440,33,1198,1459,202,93
734,497,773,JK000382,126,1164,1440,230,100
734,406,778,Shamela0023628,2622,1264,1570,254,81
734,694,927,Shamela0023628,2624,1046,1630,171,34
734,927,1114,Shamela0023628,2625,0,187,149,100
734,406,778,Rafed0003257Vols,3931,1355,1661,254,81
734,858,1114,Rafed0003257Vols,3938,363,620,202,98
734,284,667,Tafsir09083,1004,51,625,231,48
734,659,998,Sham19Y0020966,253,13,552,248,55
734,606,773,JK010001,3013,1414,1574,115,82
734,606,773,JK009270,3402,158,326,139,99
734,858,1114,JK009270,3404,0,256,204,100
734,406,858,Meshkat0014420,3410,903,1290,317,84
734,858,1062,Meshkat0014420,3414,1326,1529,163,99
734,719,992,JK006476,1182,1291,1575,219,95
734,491,1082,ShamAY0036821,1508,996,1583,470,96
734,858,1044,Sham19Y0147312,1477,1402,1587,149,99
734,606,858,Sham19Y0147312,1477,431,683,208,100
734,606,998,Tafsir02067,668,123,1095,319,40
734,513,858,Zaydiyya0000062,1337,297,627,236,81
734,858,1114,Zaydiyya0000062,1338,1280,1536,199,97
734,564,738,Shamela0037458,2945,0,173,145,99
734,733,1119,Shamela0037458,2948,733,1119,307,99
734,406,773,JK000791,1685,521,863,258,84
734,755,1119,JK000791,1686,1136,1509,281,93
734,497,733,Shamela0000922,908,74,891,197,28
734,497,858,JK007018,505,808,1173,299,98
734,805,1114,JK007018,506,7,326,227,88
734,497,688,JK009396,1051,1451,1641,160,99
734,773,1114,JK009396,1052,958,1424,268,72
734,688,858,JK009396,1052,0,170,139,100
734,548,858,Sham19Y0023608,2797,0,310,257,100
734,858,1130,Sham19Y0023608,2799,1180,1448,205,94
734,386,773,Meshkat00042488,1203,800,1590,264,40
734,773,913,Meshkat00042488,1204,1031,1171,113,100
734,502,913,Rafed0003726Vols,1032,507,950,217,55
734,497,733,Rafed0003726Vols,1051,490,726,197,100
734,295,659,ShamAY0033108,1265,169,896,212,31
734,773,1007,ShamAY0033108,1267,79,644,178,39
734,406,858,Shia002356Vols,828,723,1107,313,83
734,858,1114,Shia002356Vols,830,494,749,203,99
734,406,913,Shamela0010523,42,780,1222,361,86
734,858,1114,Shamela0010523,44,203,459,204,100
734,320,827,Shia002380Vols,549,339,1502,315,30
734,834,1098,Shia002380Vols,550,0,547,211,48
734,497,688,JK001496,1549,923,1535,160,31
734,15,659,Tafsir02091,1498,356,1404,268,26
734,406,957,Tafsir02102,3102,340,1603,392,36
734,112,858,Shamela0008473,3452,754,1381,422,68
734,773,1114,Shamela0008473,3455,431,1223,273,43
734,0,760,Shia002382Vols,1300,778,1603,339,38
734,606,773,Tafsir07055,3104,1122,1284,116,85
734,406,712,Tafsir05047,612,489,797,201,64
734,406,733,Shamela0012884,3738,185,485,222,81
734,712,998,Shamela0012884,3741,338,635,230,95
734,527,1114,Shamela0023591,5201,0,587,478,100
734,606,773,JK009266,6933,1188,1356,139,99
734,773,998,JK009266,6936,61,286,181,100
734,295,858,Shamela0021821,1314,834,1382,377,78
734,773,1114,Shamela0021821,1315,1007,1565,272,60
734,497,773,JK001420,624,1017,1327,230,89
734,738,998,JK001420,625,45,748,184,32
734,858,1114,JK006478,6877,505,765,203,98
734,362,760,Tafsir08060,379,973,1585,239,42
734,406,659,Rafed0003943Vols,1159,1478,1665,156,73
734,659,1114,Rafed0003943Vols,1160,0,971,366,46
734,606,858,Shamela0010273,2109,190,442,208,100
734,858,1114,Shamela0010273,2112,282,538,204,100
734,345,773,Sham19Y0014404,1026,229,1497,224,20
734,773,973,Sham19Y0014404,1027,8,784,161,25
734,497,688,Meshkat00057178,2723,519,1004,160,39
734,707,858,Meshkat00057178,2724,658,1164,121,29
734,406,1114,QuranAnalysis001,157,743,1386,521,90
734,288,773,Rafed0001713Vols,1790,401,819,316,75
734,773,998,Rafed0001713Vols,1791,1355,1581,179,98
734,694,858,Tafsir04056,5648,120,490,127,41
734,0,744,Shamela0000041,1827,458,1045,289,40
734,712,1044,Shamela0000041,1828,592,967,267,88
734,497,1114,Shamela0023578,2234,4,621,503,100
735,139,510,Meshkat00042485,4801,753,1126,147,36
735,589,1042,ShamIbadiyya0000075,640,705,1212,199,42
735,46,665,Tafsir08060,379,1228,1589,165,31
735,589,831,Shamela0023578,2241,1371,1568,99,44
736,381,928,Shia001432Vols,540,908,1348,336,76
736,750,1312,Shia001432Vols,2501,175,535,272,60
736,381,541,Shia001432Vols,18084,474,630,125,97
736,541,717,Shia001432Vols,18609,904,1080,143,99
736,381,541,Shamela0023632,2611,971,1131,128,100
736,541,790,Shamela0023632,2612,994,1243,203,100
736,750,1084,Shamela0023632,2614,429,786,246,86
736,1084,1312,Shamela0023632,2617,303,530,182,98
736,541,717,Shia000812Vols,85,495,671,144,100
736,151,717,JK009268,3498,1024,1422,321,70
736,717,862,JK009268,3522,1485,1629,117,99
736,862,1312,JK009268,3523,0,450,361,100
736,251,790,Sham19Y0023618,1238,644,1170,353,70
736,767,1104,Sham19Y0023618,1239,557,922,256,88
736,381,541,JK001137,56,605,765,128,100
736,1078,1238,JK001137,57,54,217,124,93
736,151,609,Shamela0023628,2625,125,415,232,63
736,1312,1521,Shamela0023628,2626,90,271,125,69
736,609,878,Shamela0023628,2627,1268,1536,219,99
736,878,1084,Shamela0023628,2628,0,206,162,99
736,1084,1312,Shamela0023628,2630,162,389,182,98
736,475,997,Rafed0003257Vols,3942,0,522,423,100
736,997,1312,Rafed0003257Vols,3947,232,546,249,98
736,481,873,Tafsir09068,856,424,1184,221,35
736,1084,1232,JK010001,569,1438,1585,119,99
736,581,717,JK010001,2455,213,349,112,100
736,665,790,JK010001,3748,1402,1527,102,100
736,481,717,JK009270,3410,273,509,192,99
736,691,1032,JK009270,3413,200,611,273,82
736,1026,1312,JK009270,3417,478,764,229,100
736,251,717,Meshkat0014420,3415,17,388,299,79
736,717,1312,Meshkat0014420,3420,11,606,478,100
736,869,1192,JK006476,1187,166,667,249,62
736,381,1084,ShamAY0036821,1510,832,1526,555,98
736,1090,1319,ShamAY0036821,1511,8,235,179,97
736,481,790,Sham19Y0147312,1479,38,347,252,100
736,1032,1149,Sham19Y0147312,1481,0,117,92,100
736,381,1149,Sham19Y0013550,416,414,855,178,26
736,381,609,Zaydiyya0000062,1340,696,924,182,98
736,609,869,Zaydiyya0000062,1342,1207,1465,210,98
736,869,1099,Zaydiyya0000062,1345,1021,1246,175,96
736,381,717,Shamela0006947,6532,688,1336,272,51
736,665,790,Shamela0006947,15322,549,674,102,100
736,354,545,Shamela0037458,2951,1427,1617,139,91
736,545,721,Shamela0037458,2952,0,176,142,98
736,733,1084,Shamela0037458,2957,0,351,280,100
736,1039,1312,Shamela0037458,2962,335,600,191,87
736,494,790,JK000791,1688,0,296,242,100
736,691,997,JK000791,1689,1019,1541,240,57
736,983,1312,JK000791,1691,610,939,255,94
736,665,784,Shamela0000922,910,1260,1548,76,32
736,850,1232,Shamela0000922,911,589,1048,177,41
736,541,717,JK007018,506,1238,1413,143,99
736,381,541,JK007018,506,569,728,127,99
736,707,928,JK007018,507,602,822,173,96
736,928,1312,JK007018,508,55,437,303,98
736,1084,1238,Shamela0011285,2,44,198,124,100
736,381,541,JK009396,1053,297,457,128,100
736,541,717,JK009396,1053,1337,1513,144,100
736,717,928,JK009396,1055,35,246,170,100
736,928,1312,JK009396,1056,377,761,308,100
736,381,928,Sham19Y0023608,2802,487,1034,442,100
736,750,869,Sham19Y0023608,2805,1005,1620,97,19
736,928,1312,Sham19Y0023608,2806,878,1261,304,98
736,481,609,JK000917,1187,545,979,104,29
736,372,562,Shamela0001340,109,1193,1384,147,95
736,717,885,Meshkat00042488,1208,283,713,125,36
736,1055,1312,Meshkat00042488,1209,855,1489,191,37
736,381,928,Shamela0004473,6229,737,1182,340,76
736,381,928,Shamela0004473,10256,794,1245,337,76
736,1084,1238,Shamela0004473,15182,1083,1236,123,99
736,1084,1238,Shamela0004473,15422,219,373,124,100
736,151,717,Shia002356Vols,830,688,1083,318,69
736,707,1312,Shia002356Vols,832,802,1429,481,94
736,151,1001,Shamela0010523,44,397,1075,546,79
736,997,1312,Shamela0010523,47,825,1140,253,100
736,541,717,Noorlib0015842,41,1236,1367,98,68
736,381,541,Shamela0001419,204,1217,1377,128,100
736,381,581,Shamela0001419,205,1262,1509,129,60
736,145,541,Shamela0008473,3456,606,999,184,41
736,490,717,Shamela0008473,3457,753,1000,162,73
736,717,928,Shamela0008473,3459,1149,1360,170,100
736,913,1312,Shamela0008473,3461,726,1124,319,99
736,21,310,Shia002382Vols,1305,63,556,142,33
736,665,790,JK006474,2127,1056,1438,102,32
736,581,717,Tafsir07055,2540,937,1073,112,100
736,665,790,Tafsir07055,3855,1123,1248,102,100
736,392,541,Shamela0012884,3743,0,148,119,99
736,581,790,Shamela0012884,3745,555,780,127,69
736,971,1216,Shamela0012884,3748,660,1447,168,25
736,381,951,Shamela0023591,5207,1058,1627,460,99
736,951,1332,Shamela0023591,5208,0,378,286,93
736,381,665,JK009266,6940,699,983,228,99
736,665,790,JK009266,6944,306,431,102,100
736,928,1149,JK009266,6948,1067,1288,175,100
736,1078,1238,Shamela0002386,396,520,680,125,96
736,127,541,Shamela0021821,1316,1003,1252,184,55
736,541,717,Shamela0021821,1317,898,1074,144,100
736,683,928,Shamela0021821,1318,492,806,195,77
736,913,1312,Shamela0021821,1319,337,760,319,93
736,381,696,Tafsir07053,136,1286,1594,249,97
736,696,1312,Tafsir07053,137,0,608,485,98
736,1078,1238,JK000116,542,1072,1232,125,96
736,541,691,JK009362,5786,1459,1613,122,95
736,381,928,JK001110,50,1044,1478,337,76
736,1107,1312,JK001110,51,0,205,167,100
736,481,928,Shamela0007853,10,208,472,210,58
736,481,829,JK001420,625,858,1571,221,36
736,829,1238,JK001420,626,0,776,257,38
736,541,717,JK009257,663,815,1460,125,22
736,381,665,JK006478,6881,554,836,227,98
736,665,790,JK006478,6897,561,686,102,100
736,928,1149,JK006478,6901,246,467,175,100
736,381,1094,Rafed0003943Vols,1161,859,1573,565,98
736,403,523,Rafed0003943Vols,1163,607,1096,95,24
736,1084,1312,Rafed0003943Vols,1166,910,1137,182,98
736,381,717,Shamela0010273,2114,637,973,272,100
736,1084,1312,Shamela0010273,2121,1244,1471,182,98
736,750,869,Shamela0007798,6949,54,403,97,34
736,1078,1238,Shamela0007798,6954,868,1425,104,22
736,21,310,Tafsir01006,1048,325,819,138,32
736,437,609,Sham19Y0014404,1028,801,1075,118,50
736,750,878,Sham19Y0014404,1030,798,1044,100,50
736,918,1238,Sham19Y0014404,1031,108,1234,230,24
736,1078,1238,Meshkat00057178,2731,1032,1468,125,35
736,381,711,Masaha000554Vols,3863,559,893,260,95
736,717,991,Masaha000554Vols,3869,802,1082,217,96
736,151,618,QuranAnalysis001,157,1324,1622,239,63
736,618,1312,QuranAnalysis001,158,0,694,560,100
736,481,603,Zaydiyya0000075BK2,15,1415,1536,99,99
736,603,928,Zaydiyya0000075BK2,16,0,263,203,74
736,381,717,Rafed0001713Vols,1794,254,590,272,100
736,928,1149,Rafed0001713Vols,1799,1023,1244,174,99
736,581,717,Zaydiyya0000076BK5,37,1121,1257,112,100
736,1084,1232,Zaydiyya0000476,483,613,761,119,100
736,1084,1232,Zaydiyya0000476,487,514,662,119,100
736,381,665,Zaydiyya0000476,503,56,436,189,61
736,428,609,Tafsir04056,5655,115,641,111,25
736,1078,1238,JK000090,37,835,995,125,96
736,127,541,Shamela0000041,1829,549,790,184,55
736,913,1099,Shamela0000041,1833,1404,1589,147,99
736,717,928,Shamela0000041,1833,159,370,170,100
736,151,790,Shamela0023578,2234,559,1030,380,73
736,750,1312,Shamela0023578,2244,146,798,444,84
737,1274,1451,Meshkat00042485,4815,270,582,133,51
737,1117,1266,Shamela0001466,2196,738,969,106,55
737,1117,1508,Shamela0021766,3183,185,1417,266,26
737,1274,1560,Shia002380Vols,551,947,1388,188,49
737,331,641,Shia002380Vols,551,190,532,168,48
737,1274,1560,Shia002382Vols,1307,157,629,190,48
737,1274,1548,Tafsir01006,1051,42,564,189,43
737,1121,1377,Shamela0000041,1832,727,1178,160,42
737,1137,1410,Shamela0023578,2243,1122,1580,161,40
738,540,992,Shamela0023628,2629,529,1246,192,30
738,540,719,Shamela0005756,12392,10,245,139,74
738,520,1016,Meshkat00042485,4819,140,694,178,32
738,785,942,Zaydiyya0000062,1346,0,348,107,38
738,878,1199,JK000791,1691,503,1143,147,27
738,797,1162,Shia002380Vols,552,752,1146,158,41
738,770,1243,JK001496,1558,37,877,215,29
738,797,1151,Tafsir02102,3107,44,370,147,50
738,692,1199,Tafsir05047,615,0,745,247,40
738,683,1148,JK009266,6948,726,1223,160,27
738,585,1148,JK006478,6901,26,402,204,42
738,770,1196,Tafsir08060,381,419,656,124,35
738,540,719,Shamela0010273,2120,80,430,125,42
738,1025,1255,Shamela0010273,2121,190,637,136,38
738,1025,1178,Meshkat00057178,2731,277,546,84,36
738,321,1148,Rafed0001713Vols,1799,74,1179,312,28
738,540,1148,Shamela0000041,1833,1064,1575,212,34
739,725,933,Shia001432Vols,21681,1377,1584,172,99
739,933,1517,Shia001432Vols,21682,0,583,475,99
739,725,1517,Shia001432Vols,24234,273,641,302,45
739,738,1486,Shia001432Vols,30300,967,1617,499,78
739,738,1121,Shia001432Vols,30397,64,394,260,82
739,603,798,Shamela0023632,2618,1200,1395,159,100
739,1206,1433,Shamela0023632,2625,1170,1397,186,100
739,1419,1574,Shamela0023632,2627,883,1047,121,90
739,725,1517,Shia001340,396,272,639,300,45
739,750,1329,JK009325,3,0,438,333,68
739,367,1574,JK009268,3523,367,1421,853,86
739,970,1308,Sham19Y0023618,1244,622,960,273,100
739,1301,1517,Sham19Y0023618,1245,998,1214,179,100
739,725,905,Hindawi070427368,122,1489,1668,149,99
739,905,1433,Hindawi070427368,123,0,528,429,100
739,382,830,Shamela0023628,2630,315,616,247,67
739,830,1574,Shamela0023628,2632,420,1165,605,99
739,1206,1469,Shamela0023628,2634,1256,1518,216,99
739,725,1132,AOCP20251104143,131,1242,1650,327,98
739,725,1077,Rafed0003257Vols,3951,1295,1646,287,99
739,1077,1580,Rafed0003257Vols,3952,0,505,407,98
739,1250,1574,Tafsir09068,860,0,951,248,32
739,662,919,JK009270,3421,185,444,206,96
739,912,1312,JK009270,3424,716,1114,315,97
739,1301,1574,JK009270,3430,469,742,224,100
739,725,1273,Sham19Y0150960,654,1055,1596,434,97
739,603,912,Meshkat0014420,3423,1077,1386,253,100
739,912,1250,Meshkat0014420,3426,929,1267,272,100
739,1244,1445,Meshkat0014420,3429,1350,1550,162,97
739,1445,1574,Meshkat0014420,3430,0,129,105,100
739,595,1115,ShamAY0036821,1512,1076,1589,414,97
739,1115,1574,ShamAY0036821,1513,0,454,361,96
739,0,121,Meshkat00042485,4820,1384,1525,97,85
739,725,1071,AOCP20251104134,36,487,886,277,85
739,1121,1433,Zaydiyya0000062,1352,691,1002,252,98
739,1433,1580,Zaydiyya0000062,1354,741,889,113,94
739,662,970,Shamela0037458,2976,1030,1338,252,100
739,970,1308,Shamela0037458,2981,318,656,273,100
739,1301,1574,Shamela0037458,2985,681,954,224,100
739,765,923,Masaha001075,233,879,1052,129,90
739,711,970,JK000791,1693,92,366,211,93
739,1200,1433,JK000791,1697,454,687,188,98
739,1411,1574,JK000791,1699,660,825,132,95
739,725,912,Tafsir07076,2618,118,305,155,100
739,725,970,Tafsir07076,5761,460,705,202,100
739,725,1077,Tafsir07076,8339,573,1019,287,78
739,725,1517,Shia000806Vols,305,285,1077,645,99
739,777,970,JK007018,509,0,193,159,100
739,1433,1574,JK007018,511,666,808,115,99
739,725,1301,Hindawi027513138,52,16,592,469,100
739,725,970,JK009396,1057,1352,1596,202,99
739,1433,1574,JK009396,1062,1102,1243,115,100
739,662,1574,Sham19Y0023608,2812,131,1043,713,95
739,478,798,Meshkat00042488,1210,1040,1361,209,70
739,750,1338,Shamela0021537,1002,0,934,469,61
739,415,1206,Shia002356Vols,834,404,1286,553,72
739,1206,1580,Shia002356Vols,836,603,977,298,96
739,367,1067,Shamela0010523,47,1057,1603,439,77
739,1067,1574,Shamela0010523,48,0,507,414,100
739,725,1200,Zaydiyya0000328,583,643,1117,385,99
739,725,1206,Zaydiyya0000328,625,69,549,391,99
739,725,994,Shamela0008473,3465,1145,1412,207,94
739,1433,1574,Shamela0008473,3479,417,558,115,100
739,694,970,Shamela0012884,3751,1038,1311,216,95
739,744,1574,Shamela0023591,5221,0,831,677,99
739,770,970,JK009266,6957,0,200,165,100
739,1433,1574,JK009266,6967,902,1043,115,100
739,725,1574,AOCP20251104124,9,183,1105,670,88
739,858,1301,Zaydiyya0000063,215,0,443,358,100
739,725,912,Tafsir10098,1076,254,441,155,100
739,694,970,Shamela0021821,1321,459,764,213,85
739,1433,1574,Shamela0021821,1326,681,822,115,100
739,725,1003,JK009362,3628,844,1123,228,99
739,725,1574,JK001110,88,331,1180,693,100
739,1433,1574,JK001420,628,926,1174,115,56
739,719,970,JK006478,6908,884,1139,207,98
739,603,986,Rafed0003943Vols,1167,1256,1638,313,99
739,986,1598,Rafed0003943Vols,1168,0,626,498,97
739,634,970,Shamela0010273,2126,484,1004,257,60
739,1250,1574,Shamela0010273,2130,1198,1523,266,99
739,152,634,Tafsir01006,1053,129,993,305,43
739,1411,1574,Sham19Y0014404,1035,603,1207,133,26
739,798,970,Meshkat00057178,2734,418,890,141,36
739,367,1503,QuranAnalysis001,158,611,1593,796,85
739,964,1517,Zaydiyya0000474,88,95,648,447,99
739,738,1517,Shia001367,54,532,1213,527,79
739,738,1517,Shia001367,102,891,1583,527,78
739,331,725,Rafed0001713Vols,1802,203,798,268,53
739,675,970,Rafed0001713Vols,1803,399,727,220,81
739,1411,1574,Rafed0001713Vols,1808,540,746,134,79
739,725,905,Zaydiyya0000476,484,245,425,149,100
739,725,905,Zaydiyya0000476,488,121,301,149,100
739,1411,1592,Tafsir04056,5671,439,1122,135,23
739,798,977,Shamela0000041,1836,1231,1421,144,92
739,1411,1574,Shamela0000041,1842,281,462,122,82
739,382,1406,Shamela0023578,2244,724,1600,714,85
739,1406,1585,Shamela0023578,2245,0,178,142,96
740,177,549,Shia001432Vols,27514,701,1372,189,33
740,64,549,JK009268,3529,136,968,165,22
740,549,942,Shamela0000140,1259,768,1236,297,75
740,177,549,Meshkat00042485,4824,446,871,193,52
740,143,336,Shamela0021766,3187,567,726,116,72
740,6,812,ShamIbadiyya0000075,647,286,1124,358,44
740,195,818,Shia002356Vols,835,36,707,203,29
740,53,568,JK000458,2502,0,938,262,33
740,64,336,Shamela0010273,2125,1200,1500,171,65
740,6,441,Tafsir01006,1053,1035,1593,206,41
740,447,1087,Tafsir01006,1054,27,880,278,32
740,6,429,Rafed0001713Vols,1802,1058,1621,219,45
740,375,1007,JK000876,1023,96,1069,252,30
741,1282,1575,Tafsir01006,1056,1057,1415,136,42
741,683,1164,Tafsir01006,1056,16,654,239,39
741,230,810,Sham19Y0014404,1034,850,1614,235,31
742,724,904,ShamAY0037152,278,1074,1256,145,98
742,697,1000,Shia001432Vols,2501,548,853,243,99
742,674,1026,Shamela0023632,2629,208,559,280,99
742,437,1026,JK009268,3538,623,1196,364,70
742,697,1026,Sham19Y0023618,1248,74,700,226,45
742,697,904,Zaydiyya0000413Vols,4005,185,392,167,100
742,710,1272,Shamela0023628,2638,258,742,277,54
742,566,1026,Rafed0003257Vols,3960,1107,1510,311,82
742,724,963,Shamela0001388,49,12,366,112,31
742,729,1004,Tafsir09068,861,100,906,200,31
742,697,867,JK009270,3434,38,208,137,100
742,867,1026,JK009270,3439,129,288,127,100
742,674,1026,Meshkat0014420,3433,356,719,283,96
742,813,963,Tafsir01005,4265,91,374,120,53
742,566,701,Meshkat00042485,4839,1453,1576,95,84
742,1077,1469,Meshkat00042485,4840,826,1255,194,50
742,724,963,Shamela0012851,291,516,1102,179,38
742,831,1026,Tafsir02104,393,459,891,156,45
742,757,918,Sham19Y0147312,1489,214,375,128,98
742,674,1124,Zaydiyya0000062,1355,975,1401,249,60
742,674,1050,Shamela0037458,2990,45,432,286,91
742,566,1026,JK000791,1700,927,1411,331,80
742,724,1168,Tafsir07076,3138,1025,1152,93,26
742,566,933,JK007018,511,1239,1578,242,76
742,566,1061,JK009396,1063,892,1444,350,72
742,701,1026,Sham19Y0023608,2820,0,324,258,99
742,566,1168,Meshkat00042488,1215,981,1546,107,13
742,827,963,Meshkat00042488,1216,505,1082,89,18
742,1087,1284,ShamIbadiyya0000075,650,781,1117,145,50
742,813,963,ShamAY0033108,1277,101,422,115,45
742,437,1248,Shia002356Vols,838,62,1486,468,39
742,697,1026,Shamela0010523,51,891,1220,264,100
742,0,1280,Shia002380Vols,555,622,1123,286,26
742,813,1026,Tafsir02102,3119,942,1491,170,38
742,674,1186,Shamela0008473,3480,466,1166,340,58
742,437,1280,Shia002382Vols,1315,401,1300,262,23
742,789,963,JK006474,2166,922,1395,136,35
742,683,1272,Shamela0012884,3768,627,1159,346,64
742,566,1026,Shamela0023591,5234,984,1382,299,81
742,683,1026,Shamela0023591,5237,456,798,265,96
742,566,813,JK009266,6969,1144,1482,188,67
742,678,1050,Shamela0021821,1327,1022,1400,277,91
742,674,963,Rafed0003793Vols,953,1105,1371,149,55
742,0,757,JK001420,628,955,1557,205,28
742,717,1026,JK006478,6922,1173,1452,191,76
742,674,904,Rafed0003943Vols,1172,1333,1563,184,99
742,566,895,Shamela0010273,2133,854,1599,245,40
742,566,1179,Tafsir01006,1057,1045,1578,168,22
742,97,475,Tafsir01006,1057,110,501,159,41
742,724,969,Tafsir06048,812,340,884,187,43
742,697,1026,QuranAnalysis001,159,82,411,264,100
742,674,1026,Rafed0001713Vols,1812,554,905,280,99
742,813,1026,Shamela0000041,1844,1321,1534,170,100
742,775,1030,Shamela0023578,2260,0,254,201,98
742,813,958,JK000876,1028,671,1173,104,26
743,903,1305,Shamela0006626,73,380,968,300,63
743,994,1252,Shamela0008381,2824,1088,1346,210,100
743,517,1371,Shia001432Vols,3960,267,1121,686,99
743,721,1159,Shia001432Vols,4028,802,1466,317,59
743,593,866,Shamela0023632,2632,0,273,221,100
743,866,1207,Shamela0023632,2634,824,1165,276,100
743,18,918,JK009268,3538,1000,1596,477,65
743,918,1371,JK009268,3539,0,453,363,99
743,561,715,Shia004552Vols,74,400,556,116,88
743,395,886,Sham19Y0023618,1248,1042,1612,343,75
743,935,1221,Sham19Y0023618,1249,1217,1565,232,81
743,998,1211,EShia0071807,95,0,213,172,99
743,994,1207,JK000146,10,335,582,164,80
743,399,998,Shamela0023628,2639,270,876,429,84
743,994,1192,Shamela0023628,2641,1393,1590,161,99
743,526,994,Rafed0003257Vols,3964,0,468,377,100
743,1047,1371,Rafed0003257Vols,3971,0,324,259,99
743,994,1367,ShamAY0035562,6,284,657,301,100
743,535,640,Tafsir09084,1768,1420,1524,84,99
743,675,839,Sham19Y0020891,4388,1399,1562,133,99
743,994,1207,JK000362,1531,853,1103,164,78
743,683,1371,JK000362,1827,76,764,554,99
743,994,1207,JK000362,1872,892,1123,164,85
743,517,754,JK010001,1461,910,1147,191,100
743,994,1367,JK010001,1567,725,1098,301,100
743,557,827,JK009270,3442,1144,1414,217,100
743,827,1094,JK009270,3446,734,1001,216,100
743,1094,1371,JK009270,3449,347,624,221,99
743,517,897,Meshkat0014420,3436,496,876,306,100
743,897,1275,Meshkat0014420,3440,61,439,306,100
743,459,783,JK006476,1197,449,1084,212,42
743,229,561,Meshkat00042485,4843,503,1190,207,37
743,351,742,Tafsir02104,393,780,1551,176,27
743,733,994,Sham19Y0147312,1492,1225,1499,208,93
743,994,1371,Sham19Y0147312,1493,929,1306,302,99
743,517,866,Shamela0004445,362,268,617,281,100
743,994,1207,Shamela0004445,363,173,386,173,100
743,1122,1367,Shamela0004445,364,306,1010,197,34
743,994,1305,JK010081,202,1149,1459,250,99
743,316,675,Zaydiyya0000062,1357,31,293,187,62
743,665,897,Zaydiyya0000062,1359,1172,1421,185,91
743,897,1122,Zaydiyya0000062,1362,199,424,180,97
743,1094,1367,Zaydiyya0000062,1363,1035,1310,217,97
743,459,870,Shamela0037458,2993,53,569,312,75
743,849,1163,Shamela0037458,2996,373,725,250,88
743,1159,1344,Shamela0037458,2998,1376,1560,148,99
743,239,994,JK000791,1702,308,1159,494,68
743,994,1207,JK000791,1705,320,533,173,100
743,715,1163,Noorlib0038508,108,81,1519,326,28
743,242,542,Shamela0021766,3206,263,964,144,25
743,994,1207,JK000365,386,1085,1322,169,87
743,783,954,JK000365,459,311,482,138,100
743,517,827,Shamela0000922,917,401,1365,235,30
743,715,866,Tafsir07076,2905,748,1021,122,55
743,577,779,Tafsir07076,4666,322,524,163,100
743,994,1266,JK010427,7,1303,1575,220,98
743,517,994,JK007018,512,813,1295,384,98
743,994,1371,JK007018,513,1022,1402,301,98
743,557,994,JK009396,1065,0,437,352,100
743,994,1270,JK009396,1066,1302,1577,224,99
743,513,994,Sham19Y0023608,2823,315,796,385,99
743,994,1305,Sham19Y0023608,2826,1223,1534,251,100
743,994,1305,Sham19Y0120922,286,844,1155,251,100
743,715,1367,JK000381,3536,802,1272,372,70
743,517,1192,JK000381,5003,552,1205,511,91
743,517,679,Shamela0001340,202,566,729,129,99
743,577,715,Meshkat00042488,1217,926,1447,105,25
743,1126,1305,Meshkat00042488,1220,0,827,144,21
743,517,866,Shia003721Vols,273,540,889,281,100
743,903,1207,Shia003721Vols,274,96,605,246,59
743,1122,1371,Shia003721Vols,275,501,1182,197,35
743,994,1305,Shamela0023788,235,1201,1512,251,100
743,1069,1316,Shamela0023788,566,120,364,190,95
743,994,1181,JK000162,687,103,290,152,100
743,517,998,Shamela0021537,379,1031,1579,369,83
743,998,1207,Shamela0021537,380,0,209,170,100
743,508,675,Shamela0004473,5665,275,445,131,97
743,721,1122,Shamela0004473,6097,138,958,299,45
743,715,1020,Shamela0004473,9706,182,553,240,80
743,1004,1207,Shamela0004473,10913,598,821,161,88
743,348,646,ShamAY0033108,1277,809,1490,184,34
743,727,1335,Sham19Y0145435,1132,82,741,318,54
743,721,1321,Sham19Y0145435,1133,481,1491,394,48
743,517,866,Sham19Y0145435,5060,392,741,281,100
743,994,1207,Sham19Y0145435,5061,128,341,173,100
743,1122,1367,Sham19Y0145435,5062,220,902,197,35
743,316,1004,Shia002356Vols,839,465,1247,476,72
743,959,1371,Shia002356Vols,841,355,809,322,86
743,18,844,Shamela0010523,51,1025,1546,419,63
743,849,1371,Shamela0010523,54,636,1157,364,87
743,721,1261,Tafsir04038,451,372,1003,290,47
743,18,897,Shia002380Vols,556,7,1323,535,44
743,517,675,Shamela0001419,378,1002,1160,126,100
743,698,994,JK001496,1574,0,296,239,100
743,348,646,Tafsir02091,1511,649,1331,182,33
743,517,954,Tafsir02102,3120,96,1238,349,38
743,478,994,Shamela0008473,3482,38,541,391,94
743,994,1207,Shamela0008473,3483,1275,1487,172,99
743,28,690,Shia002382Vols,1316,541,1491,370,41
743,727,1335,MMS00013,2732,370,1027,314,53
743,577,792,Shamela0029988,199,986,1112,62,30
743,517,754,Tafsir07055,1524,1065,1302,191,100
743,994,1367,Tafsir07055,1633,182,555,301,100
743,535,779,Tafsir05047,619,1020,1497,194,50
743,517,1226,Shamela0012884,3769,797,1504,571,99
743,783,954,JK000378,132,18,189,138,100
743,229,668,Shamela0023591,5234,1269,1532,209,59
743,668,1371,Shamela0023591,5235,0,703,566,99
743,229,783,Shamela0023591,5237,685,1064,300,67
743,779,1296,Shamela0023591,5244,1072,1588,416,99
743,577,779,JK009266,6975,217,419,163,100
743,779,994,JK009266,6977,5,220,173,100
743,1082,1305,JK009266,6981,0,223,180,100
743,567,675,Shamela0096337,206,0,108,86,100
743,517,675,Shamela0096337,279,997,1146,116,92
743,783,1305,Shamela0010283,2457,640,1282,415,80
743,577,679,Tafsir10098,1083,375,701,81,31
743,371,994,Shamela0021821,1329,4,661,441,82
743,994,1207,Shamela0021821,1331,59,271,172,99
743,584,897,Rafed0003793Vols,955,258,480,94,27
743,982,1252,Shamela0022653,109,358,629,207,89
743,733,954,JK000911,112,1001,1226,155,82
743,577,715,JK009257,672,1055,1333,111,49
743,959,1252,JK006478,6932,1218,1540,233,86
743,982,1252,JK000902,6,1139,1420,212,92
743,577,715,ShamAY0037056,3,986,1127,110,96
743,517,779,Rafed0003943Vols,1174,433,695,211,100
743,624,897,Rafed0003943Vols,1175,232,918,161,26
743,994,1371,Rafed0003943Vols,1176,667,1044,302,99
743,271,783,Shamela0010273,2137,747,1361,282,53
743,779,923,Shamela0010273,2139,1456,1599,116,99
743,923,1261,Shamela0010273,2140,0,339,270,98
743,1024,1252,Shamela0007798,7000,1164,1402,175,89
743,97,535,Tafsir01006,1058,600,1482,260,35
743,994,1252,Sham19Y0020642,298,12,270,210,100
743,0,557,Sham19Y0014404,1037,114,759,173,25
743,577,715,Meshkat00057178,2744,804,1395,111,23
743,715,954,Meshkat00057178,2745,376,1347,191,24
743,1011,1207,Meshkat00057178,2747,289,1110,96,13
743,18,1371,QuranAnalysis001,159,216,1265,842,77
743,994,1305,JK001019,136,1096,1407,251,100
743,567,675,Rafed0001713Vols,1815,0,108,86,100
743,675,994,Rafed0001713Vols,1816,697,1016,258,100
743,994,1207,Rafed0001713Vols,1819,325,538,173,100
743,675,1207,Zaydiyya0000476,328,777,1192,247,52
743,675,1207,Zaydiyya0000476,399,932,1347,247,52
743,727,1335,Shamela0009783BK1,307,69,714,312,53
743,721,1335,Shamela0009783BK1,308,453,1472,404,48
743,395,779,Shamela0000041,1845,638,1141,249,56
743,994,1305,Shamela0000041,1848,337,643,237,94
743,395,1495,Shamela0023578,2263,0,1249,802,78
744,596,1185,JK000818,440,889,1547,225,31
744,596,1101,Shia002380Vols,556,992,1339,233,55
744,64,458,Shia002380Vols,556,645,992,193,55
744,64,365,Shia002382Vols,1316,1259,1539,143,53
744,596,1061,Shia002382Vols,1317,108,466,229,58
744,745,1237,Shamela0021821,1330,106,935,246,33
744,596,1121,Tafsir08060,383,320,648,211,46
745,152,659,Shamela0022769,1104,221,1142,204,26
745,383,662,Shamela0021766,3211,677,995,105,40
745,142,648,JK000818,441,243,873,184,33
745,142,648,Tafsir05047,620,648,1224,190,36
745,142,648,Tafsir08060,383,775,1115,190,47
745,142,338,Shamela0010273,2141,1039,1514,124,33
745,1299,1488,Tafsir01006,1062,813,1217,115,34
745,1326,1488,Sham19Y0014404,1040,53,328,111,48
745,142,648,Shamela0023578,2266,0,560,192,34
745,216,648,JK000876,1032,157,1062,190,27
746,5,579,Shia001432Vols,3960,1074,1597,422,89
746,579,817,Shia001432Vols,3961,0,238,193,100
746,5,235,Shamela0023632,2636,784,964,142,75
746,235,514,Shamela0023632,2637,969,1248,227,99
746,514,817,Shamela0023632,2638,574,877,246,100
746,5,817,JK009268,3539,406,1168,615,92
746,131,817,Sham19Y0023618,1251,313,1232,556,74
746,553,763,Sham19Y0023618,1252,165,375,172,100
746,5,397,Shamela0023628,2642,132,474,273,85
746,291,817,Shamela0023628,2644,234,932,427,75
746,5,817,Rafed0003257Vols,3971,277,1040,614,92
746,14,235,Tafsir09084,1771,392,878,140,36
746,64,174,Sham19Y0020891,4405,1451,1560,89,99
746,5,612,JK000362,1827,717,1274,449,90
746,98,235,JK010001,1577,258,395,111,100
746,131,397,JK009270,3451,1271,1536,216,99
746,514,817,JK009270,3454,646,949,246,100
746,5,283,Meshkat0014420,3443,1295,1522,181,79
746,546,817,Meshkat0014420,3447,0,271,221,100
746,644,817,JK006476,1203,1018,1197,142,96
746,98,235,Shamela0011566,57,1378,1515,111,100
746,19,424,Shamela0012851,294,624,1537,288,38
746,424,817,Shamela0012851,295,16,1032,288,33
746,131,729,Sham19Y0147312,1494,199,797,489,100
746,5,817,Shamela0004445,374,645,1418,615,91
746,64,180,Zaydiyya0000062,1365,1182,1515,94,34
746,180,330,Zaydiyya0000062,1366,0,150,121,98
746,330,597,Zaydiyya0000062,1367,500,768,217,99
746,573,712,Zaydiyya0000062,1368,1373,1547,113,78
746,23,291,Shamela0037458,2999,0,216,176,80
746,291,597,Shamela0037458,3002,503,809,250,100
746,559,707,Shamela0037458,3003,1423,1602,106,69
746,707,817,Shamela0037458,3004,0,110,89,100
746,191,612,JK000791,1706,0,421,344,100
746,612,817,JK000791,1706,963,1168,166,100
746,14,457,Noorlib0038508,109,511,1402,316,43
746,23,258,Shamela0021766,3212,785,1370,180,36
746,14,424,Shamela0000922,919,894,1557,179,28
746,559,817,Shamela0000922,920,877,1394,172,39
746,5,235,JK007018,513,1352,1535,142,74
746,235,817,JK007018,514,456,1043,474,99
746,5,235,JK009396,1067,54,234,142,75
746,235,735,JK009396,1067,1089,1588,409,99
746,5,247,Sham19Y0023608,2828,1279,1470,144,72
746,235,817,Sham19Y0023608,2830,943,1525,473,99
746,113,573,Meshkat00042488,1221,102,1511,361,31
746,443,817,Meshkat00042488,1222,0,1019,298,36
746,5,817,Shia003721Vols,285,314,1072,612,92
746,174,530,Rafed0003726Vols,1053,243,755,125,21
746,573,817,ShamAY0033108,1282,117,662,196,44
746,5,735,Sham19Y0145435,5070,916,1595,550,91
746,5,424,Shia002356Vols,841,762,1129,294,85
746,424,640,Shia002356Vols,842,1356,1570,174,99
746,640,817,Shia002356Vols,843,0,174,141,97
746,5,330,Shamela0010523,54,1110,1385,220,82
746,330,767,Shamela0010523,56,1170,1606,356,99
746,530,817,Tafsir04038,453,150,552,219,67
746,14,763,Shia002380Vols,558,255,1564,566,52
746,98,247,Shamela0001419,239,1158,1307,121,100
746,174,346,JK001496,1580,537,1107,131,28
746,612,817,JK001496,1582,800,1065,166,77
746,98,230,Tafsir02091,1515,26,448,107,31
746,573,817,Tafsir02091,1516,25,522,183,43
746,5,500,Tafsir02102,3125,848,1538,356,58
746,500,817,Tafsir02102,3126,0,1027,254,30
746,5,235,Shamela0008473,3485,635,815,142,75
746,174,616,Shamela0008473,3486,54,772,358,61
746,612,817,Shamela0008473,3488,95,300,166,100
746,573,817,Shia002382Vols,1320,70,639,195,42
746,330,579,Tafsir05047,621,1066,1582,193,46
746,23,359,Tafsir05047,621,235,1004,220,35
746,573,817,Tafsir05047,622,30,448,198,58
746,5,817,Shamela0012884,3770,98,861,615,92
746,5,817,Shamela0023591,5235,656,1418,614,92
746,64,853,Shamela0023591,5253,719,1528,624,95
746,5,225,JK009266,6983,1306,1475,134,73
746,424,629,JK009266,6986,60,263,157,88
746,636,817,JK009266,6988,0,181,148,100
746,5,247,Shamela0010283,2458,652,847,148,74
746,573,729,Shamela0010283,2460,0,185,128,84
746,5,235,Shamela0021821,1331,1264,1444,142,75
746,235,817,Shamela0021821,1332,147,989,474,69
746,98,616,Shamela0000405,5,845,1470,172,25
746,530,817,Shia002389Vols,2070,611,1003,217,68
746,174,424,Tafsir10066,1198,481,938,200,53
746,174,346,JK009362,5858,57,549,137,34
746,496,729,JK009362,5860,1219,1543,187,70
746,174,612,Shia001174Vols,334,1114,1466,206,46
746,98,817,JK001420,630,767,1090,133,22
746,264,612,JK006478,6940,1032,1547,225,54
746,597,789,JK006478,6942,1357,1571,152,87
746,5,632,Rafed0003943Vols,1176,997,1574,463,90
746,64,235,Shamela0010273,2144,622,1070,139,38
746,235,514,Shamela0010273,2145,541,820,227,99
746,258,821,Shamela0010273,2146,988,1549,308,53
746,514,682,Shamela0007798,7005,6,174,136,100
746,102,553,Shamela0012293,989,968,1400,156,30
746,185,817,Tafsir06048,815,0,1376,485,41
746,14,215,Sham19Y0014404,1040,556,937,97,25
746,14,291,Meshkat00057178,2749,254,818,183,36
746,330,755,Meshkat00057178,2750,0,1616,316,23
746,424,808,Masaha000554Vols,3924,111,506,304,92
746,14,215,JK000447,585,1019,1269,124,62
746,5,384,QuranAnalysis001,159,1218,1546,263,84
746,384,817,QuranAnalysis001,160,0,433,353,100
746,98,221,Masaha004846,16,1436,1559,100,98
746,5,424,Rafed0001713Vols,1820,954,1324,295,86
746,359,789,Rafed0001713Vols,1822,1054,1578,326,76
746,116,817,Tafsir04042,1623,536,1382,558,81
746,98,235,Tafsir04056,3035,30,167,111,100
746,612,827,Tafsir04056,5697,373,1292,169,22
746,640,821,Tafsir02094,2779,220,692,146,37
746,5,538,Shamela0000041,1849,331,811,349,76
746,19,457,Shamela0023578,2266,1148,1560,313,88
746,98,566,Shamela0023578,2267,848,1637,380,58
746,566,817,Shamela0023578,2268,0,262,204,95
747,371,1380,Shia001432Vols,3961,0,723,589,71
747,580,1231,Shia001432Vols,4008,286,1002,301,46
747,127,810,Shamela0023632,2638,574,877,243,43
747,858,1182,Shamela0023632,2639,1117,1439,247,92
747,28,1336,JK009268,3539,808,1609,649,60
747,28,1260,Sham19Y0023618,1251,639,1597,588,48
747,28,1160,Shamela0023628,2644,572,1198,508,54
747,1110,1380,Shamela0023628,2646,1173,1552,219,71
747,28,810,Rafed0003257Vols,3971,680,1040,288,45
747,752,1380,Rafed0003257Vols,3981,725,1317,425,81
747,894,1026,Sham19Y0020891,4413,1086,1218,109,100
747,1094,1279,Sham19Y0020891,4417,168,403,147,76
747,1094,1317,JK010001,31,588,811,182,99
747,855,1252,JK010001,1621,617,991,305,93
747,894,1182,JK010001,1624,194,537,237,83
747,127,810,JK009270,3454,646,949,243,43
747,894,1067,JK009270,3457,0,173,143,100
747,1067,1199,JK009270,3459,1458,1589,108,98
747,365,810,Meshkat0014420,3447,27,271,197,54
747,894,1036,Meshkat0014420,3448,1434,1575,118,99
747,1036,1380,Meshkat0014420,3449,0,344,280,99
747,894,1252,JK001020,117,486,700,163,55
747,661,841,Meshkat00042485,4861,3,263,97,48
747,127,925,Shamela0012851,295,563,1244,299,34
747,661,1094,Sham19Y0147312,1494,1331,1619,234,66
747,1110,1380,Sham19Y0147312,1496,0,270,218,99
747,894,1380,Shamela0004445,394,176,662,398,99
747,1110,1380,JK000375,110,243,513,218,99
747,937,1182,Zaydiyya0000062,1370,511,756,199,97
747,644,1067,Shamela0037458,3004,5,283,226,65
747,1062,1362,Shamela0037458,3007,1309,1617,244,96
747,404,960,JK000791,1706,963,1587,227,31
747,960,1094,JK000791,1707,0,134,112,100
747,661,1317,Noorlib0038508,111,124,1164,334,35
747,28,1094,JK007018,514,678,1244,450,51
747,1094,1380,JK007018,515,625,909,230,98
747,902,1026,Tafsir04039,160,912,1113,93,57
747,887,1094,JK009396,1068,468,677,170,98
747,1094,1380,JK009396,1069,750,1036,232,99
747,28,810,Sham19Y0023608,2830,1165,1525,288,45
747,748,1380,Sham19Y0023608,2834,658,1391,458,75
747,1067,1252,Meshkat00042488,1223,606,1178,132,26
747,894,1380,Shia003721Vols,304,472,957,397,99
747,1094,1302,Shamela0004473,13793,1345,1552,169,99
747,894,1380,Sham19Y0145435,5079,720,1206,398,99
747,432,1380,Shia002356Vols,843,0,657,534,68
747,28,713,Shamela0010523,56,1297,1603,246,43
747,752,1380,Shamela0010523,57,0,536,439,85
747,580,1182,Tafsir04038,453,394,1209,295,40
747,28,713,Shia002380Vols,558,937,1564,318,48
747,894,1026,JK001496,1583,419,552,109,99
747,1026,1380,JK001496,1584,740,1544,288,43
747,365,937,Tafsir02102,3126,484,1291,294,40
747,692,1094,Shamela0008473,3488,968,1465,257,57
747,1094,1380,Shamela0008473,3490,1198,1484,232,99
747,365,819,Shia002382Vols,1320,70,642,268,52
747,1094,1317,Tafsir07055,32,401,624,182,99
747,855,1252,Tafsir07055,1687,631,1005,305,93
747,894,1182,Tafsir07055,1690,194,537,237,83
747,342,967,Tafsir05047,622,6,569,290,45
747,793,1182,Shamela0012884,3773,499,864,257,80
747,28,1082,Shamela0023591,5235,1058,1605,443,51
747,1082,1380,Shamela0023591,5236,0,298,243,100
747,28,810,Shamela0023591,5253,1112,1472,288,45
747,797,1380,Shamela0023591,5257,541,1195,432,80
747,789,1207,JK009266,6989,164,615,282,67
747,1039,1317,Tafsir10098,525,0,278,228,99
747,404,1094,Shamela0021821,1332,784,1468,346,47
747,1094,1380,Shamela0021821,1333,1368,1654,232,99
747,1110,1380,Kraken220413194022,3075,1224,1496,214,95
747,1110,1317,JK009362,5867,39,246,169,100
747,894,1199,JK006478,6944,402,722,247,92
747,661,967,Tafsir08060,383,1338,1569,147,55
747,661,1156,Rafed0003943Vols,1177,1154,1504,286,70
747,1156,1380,Rafed0003943Vols,1178,328,552,181,100
747,127,810,Shamela0010273,2146,1241,1544,243,43
747,858,1202,Shamela0010273,2148,379,682,195,64
747,1094,1380,Shamela0010273,2150,241,527,233,100
747,1094,1299,ShamAY0036039,106,66,271,167,99
747,275,841,Tafsir01006,1064,160,1010,320,43
747,894,1317,Sham19Y0020642,306,508,931,348,99
747,696,1026,Meshkat00057178,2751,212,993,177,27
747,28,1380,QuranAnalysis001,160,73,919,685,61
747,28,774,Rafed0001713Vols,1822,1247,1578,266,43
747,0,365,Rafed0001713Vols,1823,156,1173,244,29
747,748,1553,Rafed0001713Vols,1824,1046,1571,256,33
747,1026,1380,Rafed0001713Vols,1826,19,373,290,100
747,28,949,Tafsir04042,1623,1022,1527,332,43
747,1110,1317,Tafsir07057,102,1353,1560,168,99
747,855,1317,Tafsir07057,3497,744,1201,359,90
747,1067,1252,Shamela0000041,1851,1249,1434,151,99
747,28,1380,Shamela0023578,2267,0,846,686,62
747,365,949,Shamela0023578,2268,7,332,256,54
748,1266,1510,Shia001432Vols,761,945,1189,199,100
748,1266,1637,Shia001432Vols,3563,263,635,302,99
748,1481,1635,Shia001432Vols,21822,1138,1292,124,100
748,1266,1510,Shamela0023632,2643,63,307,199,100
748,1359,1637,JK009268,3553,0,279,227,99
748,1266,1635,Sham19Y0023618,1252,1161,1530,300,100
748,1266,1436,Zaydiyya0000413Vols,679,209,379,135,98
748,1243,1637,Shamela0010551,480,381,778,308,95
748,766,1324,Shamela0023628,2646,1347,1609,214,46
748,1324,1596,Shamela0023628,2647,0,272,222,100
748,1224,1610,Rafed0003257Vols,3983,1157,1592,302,83
748,1432,1635,Shamela0007567,31,31,234,165,100
748,1398,1635,Sham19Y0020891,4420,695,932,193,100
748,1289,1510,JK010001,1447,300,521,180,100
748,1266,1510,JK009270,3462,1301,1544,199,99
748,1257,1432,Zaydiyya0000329,19,1339,1510,137,96
748,1281,1432,Shamela0007669,718,749,907,112,86
748,1266,1637,Meshkat0014420,3452,722,1094,302,99
748,1266,1510,Shamela0036543,13,843,1087,199,100
748,1266,1635,JK000081,1193,402,770,299,99
748,819,1398,Shamela0012851,297,167,1173,302,33
748,1266,1635,Sham19Y0147312,1496,1126,1495,300,100
748,1289,1531,Zaydiyya0000062,1373,19,288,193,87
748,1318,1510,Shamela0006947,19683,842,1034,157,100
748,1356,1574,Shamela0037458,3011,255,492,174,88
748,1266,1432,JK007078,295,352,518,135,100
748,1371,1635,JK000791,1709,0,264,215,100
748,1281,1510,Tafsir07076,4310,484,721,187,96
748,1266,1432,Tafsir07076,4666,39,205,135,100
748,1389,1635,Tafsir07076,4885,0,268,139,64
748,1266,1635,JK007018,516,15,385,298,98
748,766,1510,JK009396,1069,831,1280,366,60
748,1266,1635,Sham19Y0023608,2839,764,1133,300,100
748,1296,1596,JK000381,4938,262,488,176,72
748,1436,1635,JK000381,8303,683,882,162,100
748,1266,1432,Shamela0001340,205,880,1046,135,100
748,1038,1554,Meshkat00042488,1224,74,1595,342,26
748,1266,1637,Shia003721Vols,115,633,1004,302,99
748,1308,1432,JK001032,36,790,914,101,100
748,1266,1596,Shamela0023788,379,656,986,269,100
748,1380,1531,JK000162,24,0,151,124,100
748,1266,1432,Shamela0021537,647,1071,1237,135,100
748,1266,1432,Shamela0004473,1943,1106,1272,135,100
748,1432,1635,Shamela0004473,5661,222,425,165,100
748,1308,1510,Shamela0004473,6084,813,1011,162,98
748,1266,1635,Shamela0004473,11618,666,1035,300,100
748,1352,1635,Sham19Y0030863,42,667,1104,230,64
748,1266,1637,Sham19Y0145435,4969,556,928,302,99
748,177,623,Shia002356Vols,844,0,454,160,29
748,1011,1637,Shia002356Vols,844,556,1136,351,60
748,1266,1637,Shamela0010523,60,12,384,302,99
748,177,1413,Shia002380Vols,559,473,1624,624,48
748,1266,1432,Shamela0001419,391,280,446,135,100
748,504,1257,JK001496,1584,1043,1544,282,41
748,1173,1510,Shamela0008473,3493,785,1089,239,86
748,461,1198,Shia002382Vols,1322,234,887,381,51
748,1266,1510,Tafsir07055,1510,151,767,199,39
748,1102,1494,Tafsir05047,623,202,820,274,51
748,1266,1637,Shamela0012884,3785,746,1357,302,60
748,1318,1510,Hindawi069071351,40,1085,1277,157,100
748,766,1637,Shamela0023591,5236,93,670,469,66
748,1266,1637,Shamela0023591,5263,390,762,302,99
748,709,1257,JK009266,6994,109,431,213,43
748,1266,1510,JK009266,6996,50,294,199,100
748,1432,1635,Tafsir10098,1090,148,493,163,58
748,631,1635,Shamela0021821,1334,39,1554,600,45
748,1266,1432,Shamela0007597,201,222,388,135,100
748,1436,1637,JK000071,309,795,997,164,99
748,1266,1510,JK009362,5868,1003,1254,198,96
748,1266,1637,JK000367,365,191,563,302,99
748,1436,1635,Zaydiyya0000075BK9,3,321,520,162,100
748,1289,1432,Shamela0037537,71,451,594,116,100
748,1281,1432,JK000967,3,382,540,112,86
748,1266,1444,JK009257,675,182,361,137,94
748,1432,1637,Shia001625,36,1027,1233,167,99
748,1266,1510,JK006478,6950,991,1237,198,97
748,766,1481,Rafed0003943Vols,1178,347,767,343,58
748,1266,1610,Shamela0010273,2152,1267,1610,280,99
748,1481,1635,Shamela0007798,7018,741,1076,118,44
748,1038,1501,Tafsir06048,817,110,884,302,45
748,1404,1635,Rafed0003799Vols,646,1006,1350,188,67
748,1266,1432,Hindawi093849638,11,834,1000,135,100
748,766,1637,QuranAnalysis001,160,714,1291,469,66
748,1444,1635,Shamela0005446,962,191,380,152,98
748,1224,1635,Rafed0001713Vols,1827,881,1303,331,96
748,1277,1554,Tafsir04042,1625,603,1373,218,34
748,1436,1637,Zaydiyya0000076BK5,40,677,879,164,99
748,1472,1635,Zaydiyya0000476,679,933,1098,127,95
748,1472,1635,Zaydiyya0000476,685,893,1058,127,95
748,1432,1637,Tafsir04056,2321,288,494,167,99
748,1296,1432,Tafsir04056,2588,714,850,111,100
748,1292,1432,Tafsir04056,2590,458,614,114,89
748,1289,1432,Tafsir04056,2611,841,984,116,100
748,1436,1635,JK006950,2604,1023,1222,162,100
748,1038,1398,Shamela0000041,1852,895,1155,211,72
748,1148,1554,Shamela0000041,1853,57,811,299,48
748,1038,1637,Shamela0023578,2270,309,1009,423,72
748,236,656,JK000876,1037,433,1239,225,31
749,208,497,Shia001432Vols,761,1204,1491,233,99
749,115,560,Shia001432Vols,1899,921,1365,358,99
749,0,269,Shia001432Vols,3563,635,879,131,58
749,208,432,Shia001432Vols,21539,87,273,125,68
749,208,409,Shia001432Vols,21559,415,1086,164,29
749,0,194,Shia001432Vols,28966,845,1037,151,97
749,0,187,Shia001432Vols,29357,556,744,149,99
749,0,136,Shamela0023632,2644,409,545,110,100
749,85,336,Shamela0023632,2645,852,1136,185,80
749,336,560,Shamela0023632,2646,737,961,179,100
749,0,598,JK009268,3553,279,868,457,95
749,0,598,Sham19Y0023618,1254,99,688,457,95
749,292,432,JK000382,551,507,647,115,100
749,292,432,JK000382,829,323,465,115,98
749,208,432,EShia0071807,158,218,442,183,100
749,0,497,Shamela0010551,480,778,1275,401,100
749,0,497,Shamela0023628,2649,123,620,401,100
749,0,560,Rafed0003257Vols,3984,28,588,451,100
749,208,450,Tafsir09084,1778,251,1070,195,29
749,745,1257,Sham19Y0020891,4420,490,1238,216,29
749,0,187,Sham19Y0020891,4424,1292,1479,149,100
749,187,336,Sham19Y0020891,4431,792,941,123,100
749,317,560,Sham19Y0020891,4432,852,1126,190,86
749,0,187,Sham19Y0132974,71,470,657,149,100
749,0,136,JK009270,3466,358,494,110,100
749,136,450,JK009270,3468,1103,1417,254,100
749,140,432,ShamAY0034106,233,341,680,167,54
749,0,485,Meshkat0014420,3452,1094,1578,391,99
749,208,409,Noorlib18399BK2,36,1139,1731,164,33
749,292,432,Shamela0097927,19,882,1022,115,100
749,58,329,JK006476,1210,443,765,218,83
749,336,497,Shamela0029677,1884,1387,1548,129,100
749,534,780,Meshkat00042485,4866,714,1069,153,51
749,757,1071,Meshkat00042485,4867,1170,1519,199,63
749,336,464,Meshkat00042485,4877,365,771,103,31
749,0,182,Sham19Y0147312,1497,1353,1534,145,99
749,140,560,Sham19Y0147312,1498,879,1300,315,92
749,115,560,Sham19Y0014592,1479,310,1045,358,60
749,119,359,Zaydiyya0000062,1376,35,277,180,87
749,359,560,Zaydiyya0000062,1377,1145,1343,159,98
749,19,229,Shamela0037458,3014,0,210,170,100
749,208,565,Shamela0037458,3018,430,789,276,95
749,0,187,JK000791,1710,602,789,149,100
749,187,560,JK000791,1711,331,704,302,100
749,534,1008,Shamela0021766,3217,12,914,278,36
749,208,432,JK000127,78,1053,1277,183,100
749,0,187,JK007018,516,479,666,147,98
749,187,534,JK007018,516,1166,1516,280,97
749,0,187,JK009396,1072,324,511,149,100
749,187,560,JK009396,1073,196,569,302,100
749,0,187,Sham19Y0023608,2842,494,681,149,100
749,187,560,Sham19Y0023608,2844,1159,1532,302,100
749,292,497,JK000381,1913,700,905,166,100
749,0,187,Shamela0004473,5664,1329,1516,149,100
749,0,464,Shia002356Vols,844,1136,1597,373,99
749,0,560,Shamela0010523,60,384,944,451,100
749,161,520,Tafsir04038,455,59,801,189,29
749,187,432,Shia002380Vols,561,706,1255,201,44
749,991,1257,JK001496,1587,182,382,94,36
749,0,187,JK001496,1588,849,1037,149,99
749,317,560,JK001496,1590,1169,1445,190,86
749,187,336,JK001496,1590,301,450,123,100
749,0,187,Shamela0008473,3495,877,1064,149,100
749,161,560,Shamela0008473,3498,444,835,310,96
749,560,1127,Shia002382Vols,1324,257,715,267,54
749,292,565,JK009265,359,48,325,214,94
749,168,409,Shamela0012884,3788,251,745,190,47
749,409,560,Shamela0012884,3789,1275,1426,120,100
749,0,560,Shamela0023591,5236,670,1230,451,100
749,0,591,Shamela0023591,5263,762,1357,459,95
749,187,409,JK000371,167,676,898,182,100
749,0,187,JK009266,7002,625,812,149,100
749,187,560,JK009266,7006,65,438,302,100
749,317,534,Zaydiyya0000217,42,435,652,174,100
749,0,187,Shamela0021821,1336,401,588,149,100
749,136,423,Shamela0021821,1336,1097,1541,232,64
749,208,432,Shia001122Vols,558,388,573,125,68
749,208,432,Shia002389Vols,2076,491,671,127,69
749,187,336,JK009362,5881,1248,1397,123,100
749,336,497,JK009362,5883,1187,1348,129,100
749,0,182,AOCP20251117016Vols,327,798,982,142,96
749,0,187,JK001110,51,498,685,149,100
749,0,194,JK000367,365,563,755,151,97
749,208,436,Shamela0010463,46,165,393,184,99
749,0,136,Shia001625,36,1233,1369,110,100
749,161,488,Zaydiyya0000074,5,421,746,234,89
749,0,187,JK006478,6957,1187,1374,149,98
749,177,308,JK006478,6963,1398,1525,100,93
749,308,560,JK006478,6964,0,252,203,100
749,161,336,JK010127,29,650,824,127,87
749,208,432,PV2024060601,558,388,573,125,68
749,0,560,Rafed0003943Vols,1179,967,1527,451,100
749,187,323,Shamela0010273,2159,1425,1560,112,99
749,323,560,Shamela0010273,2160,0,237,190,100
749,161,336,Shamela0007798,7021,865,1088,143,78
749,534,1071,Tafsir01006,1066,583,1345,335,50
749,336,464,Tafsir01006,1069,405,807,100,30
749,187,365,Meshkat00057178,2758,419,854,144,40
749,0,329,QuranAnalysis001,160,1291,1619,266,99
749,329,598,QuranAnalysis001,161,0,260,191,89
749,741,1053,Rafed0001713Vols,1828,386,1016,224,42
749,0,187,Rafed0001713Vols,1830,934,1121,149,100
749,187,534,Rafed0001713Vols,1832,1205,1551,281,99
749,208,432,Shamela0095735,881,146,370,183,100
749,187,336,Zaydiyya0000476,350,848,1386,123,27
749,187,336,Zaydiyya0000476,421,997,1535,123,27
749,0,359,Zaydiyya0000476,679,1144,1633,291,73
749,359,560,Zaydiyya0000476,680,0,201,160,100
749,0,396,Zaydiyya0000476,685,1104,1630,320,74
749,396,560,Zaydiyya0000476,686,0,164,131,100
749,0,136,Tafsir04056,2321,494,630,110,100
749,0,187,Tafsir04056,2594,347,534,149,100
749,187,336,Tafsir04056,5710,510,1104,123,25
749,58,359,Shamela0000041,1855,157,482,244,92
749,317,512,Shamela0000041,1855,1288,1596,156,62
749,0,136,Shamela0023578,2270,1009,1145,110,100
749,50,553,Shamela0023578,2274,891,1530,401,77
751,1251,1413,JK000330,217,645,807,130,100
751,1251,1615,Shia001432Vols,3458,1107,1471,291,99
751,1413,1536,Shia001432Vols,22957,1150,1280,98,93
751,1251,1615,Shamela0023632,2647,393,758,291,99
751,1251,1413,Rafed0002679Vols,373,940,1102,129,99
751,979,1615,JK009268,3553,743,1204,364,71
751,979,1304,Sham19Y0023618,1254,563,712,117,45
751,1304,1615,Sham19Y0023618,1255,727,1039,249,99
751,1251,1413,Shamela0010551,407,176,338,130,100
751,1187,1615,Shamela0023628,2651,0,413,330,95
751,1235,1615,Rafed0003257Vols,3992,1209,1596,296,95
751,1242,1550,Tafsir09084,1779,427,1328,223,30
751,1251,1413,Sham19Y0020891,4435,33,195,129,99
751,979,1322,JK009270,3470,766,933,131,48
751,1322,1595,JK009270,3472,479,749,217,98
751,1329,1615,Meshkat0014420,3459,0,286,230,99
751,1312,1615,ShamAY0036821,1524,0,301,241,98
751,1251,1615,Shamela0012851,300,152,1028,281,40
751,35,1053,Tafsir02104,396,658,1495,269,27
751,1251,1413,Sham19Y0147312,1499,568,730,130,100
751,1413,1615,Sham19Y0147312,1500,80,282,162,99
751,1419,1550,Shamela0004445,153,1337,1467,105,99
751,1273,1529,Zaydiyya0000062,1379,79,334,206,99
751,1377,1615,JK007040,1047,0,263,192,89
751,1187,1615,Shamela0037458,3020,1044,1570,333,79
751,1251,1595,JK000791,1712,790,1523,274,46
751,1428,1615,Tafsir02011,1216,247,744,146,36
751,1251,1595,Shamela0000922,923,331,804,103,25
751,1251,1615,JK007018,517,565,1039,289,76
751,1419,1529,Noorlib0031306,29,388,505,89,94
751,1381,1615,JK009396,1074,0,510,186,45
751,1413,1550,Sham19Y0023608,1881,596,733,110,100
751,1251,1615,Sham19Y0023608,2847,589,954,291,99
751,1228,1550,Shamela0009637,10,478,817,250,92
751,1413,1550,Shamela0009637,11,237,374,110,100
751,532,1273,JK000818,446,21,659,223,29
751,1251,1615,Shia003721Vols,54,383,748,291,99
751,1419,1550,Shia003721Vols,62,814,945,105,100
751,979,1435,ShamIbadiyya0000075,657,268,1124,249,32
751,1251,1605,Sham19Y0145435,4935,1155,1507,283,99
751,1413,1550,Sham19Y0145435,4943,529,666,110,100
751,1251,1615,Shia002356Vols,847,460,823,289,98
751,1273,1615,Shamela0010523,63,908,1251,274,99
751,979,1506,Shia002380Vols,562,119,1022,306,37
751,1251,1413,JK001496,1591,1312,1474,130,100
751,811,1444,Tafsir02102,3132,661,1528,314,40
751,1484,1615,Tafsir02102,3133,712,895,103,69
751,1187,1413,Shamela0008473,3499,998,1208,169,92
751,1251,1615,Shamela0012884,3790,406,770,292,99
751,1251,1615,Shamela0023591,5275,50,415,291,99
751,1251,1467,Shamela0023591,5277,1387,1602,173,99
751,1467,1615,Shamela0023591,5278,0,149,118,99
751,1213,1615,JK009266,7008,937,1399,314,82
751,979,1413,Shamela0021821,1338,60,453,199,48
751,1304,1550,Shamela0021821,1338,799,1257,170,47
751,1251,1413,JK009362,5887,637,799,129,99
751,1413,1556,JK009362,5890,385,541,115,91
751,1251,1452,Sham19Y0147597,153,1333,1533,162,99
751,1452,1615,Sham19Y0147597,154,0,163,130,98
751,1209,1615,JK006478,6966,399,890,318,79
751,1273,1506,Rafed0003943Vols,1180,0,233,186,99
751,1506,1615,Rafed0003943Vols,1182,1150,1260,87,99
751,1251,1615,Shamela0010273,2163,464,829,291,99
751,1187,1506,Shamela0007798,7024,178,1373,241,25
751,1251,1550,JK000805,9,730,1029,240,100
751,1187,1615,Tafsir06048,819,488,1249,325,52
751,979,1304,Sham19Y0014404,1047,978,1498,153,31
751,1413,1529,Meshkat00057178,1331,97,216,94,97
751,1444,1595,Meshkat00057178,2760,263,413,120,99
751,979,1615,QuranAnalysis001,161,135,596,364,71
751,1342,1615,Rafed0001713Vols,1835,0,274,218,99
751,1251,1615,Hindawi017506357,98,1152,1517,292,99
751,1251,1405,Shamela0037475,149,474,629,123,99
751,1477,1615,Tafsir04056,5716,597,1191,105,22
751,979,1405,Shamela0000041,1856,1029,1563,212,38
751,1405,1599,Shamela0000041,1857,0,197,156,98
751,979,1615,Shamela0023578,2276,264,789,376,69
751,1342,1615,Shamela0023578,2277,0,931,218,29
752,0,237,Shamela0023632,2647,758,1030,159,70
752,0,168,JK009268,3553,1204,1372,136,100
752,0,441,Sham19Y0023618,1255,1039,1345,240,68
752,0,441,Shamela0023628,2651,413,719,240,68
752,0,168,Rafed0003257Vols,3993,0,168,136,100
752,168,620,Tafsir09083,1029,333,1062,219,33
752,0,441,JK009270,3474,913,1219,241,68
752,0,168,Meshkat0014420,3459,286,454,136,100
752,260,593,Meshkat00042485,4879,0,404,208,59
752,1134,1516,Meshkat00042485,4880,408,769,188,51
752,105,738,Shamela0012851,300,46,731,260,38
752,0,168,Sham19Y0147312,1500,282,450,136,100
752,0,168,Zaydiyya0000062,1380,1007,1175,136,100
752,0,441,Shamela0037458,3023,497,803,241,68
752,0,168,JK000791,1713,822,990,136,100
752,247,553,Shamela0021766,3223,981,1568,180,38
752,0,371,JK007018,517,1039,1479,201,45
752,0,168,JK009396,1074,510,678,136,100
752,0,168,Sham19Y0023608,2847,954,1122,136,100
752,1085,1536,JK000818,447,4,511,212,43
752,0,146,Meshkat00042488,1229,463,609,116,98
752,0,168,Shia003721Vols,54,748,916,136,100
752,0,168,Sham19Y0145435,4936,11,179,136,100
752,0,409,Shia002356Vols,847,823,1257,206,47
752,0,441,Shamela0010523,63,1251,1557,241,68
752,120,829,Shia002380Vols,562,255,1033,331,45
752,1030,1536,Shia002380Vols,562,1068,1521,211,42
752,0,168,JK001496,1593,862,1030,136,100
752,728,1372,Tafsir02091,1523,1083,1552,187,30
752,23,441,Tafsir02102,3133,1163,1518,228,60
752,120,461,Shamela0008473,3499,998,1208,168,61
752,0,168,Shamela0008473,3500,1146,1314,136,100
752,0,441,Shamela0008473,3501,73,709,241,39
752,120,508,Shia002382Vols,1327,866,1533,231,42
752,1030,1536,Shia002382Vols,1328,339,863,233,43
752,0,168,Shamela0012884,3790,770,938,136,100
752,0,441,Shamela0023591,5275,415,721,240,68
752,0,187,Shamela0023591,5278,149,323,141,93
752,0,168,Shamela0021821,1339,284,452,136,100
752,0,181,JK006478,6966,890,1089,146,90
752,0,387,Rafed0003943Vols,1182,1260,1530,213,68
752,0,168,Shamela0010273,2163,829,997,136,100
752,1114,1536,Shamela0010273,2165,548,1158,224,43
752,1134,1536,Tafsir01006,1071,79,457,199,53
752,0,441,QuranAnalysis001,161,596,902,241,68
752,0,593,Rafed0001713Vols,1835,274,1159,365,47
752,0,441,Shamela0000041,1857,1041,1347,241,68
752,0,181,Shamela0023578,2276,789,970,146,100
752,1030,1444,Shamela0023578,2277,596,1020,182,37
752,1134,1536,JK000876,1044,834,1546,205,32
753,60,209,Shia001432Vols,3503,1393,1541,119,99
753,209,548,Shia001432Vols,3504,0,340,277,99
753,60,526,Shamela0023632,2648,1138,1603,377,99
753,60,468,JK009268,3561,1289,1696,331,99
753,198,747,Sham19Y0023618,1256,402,892,389,87
753,12,251,Shamela0023628,2651,533,772,192,99
753,12,213,Shamela0023628,2652,1032,1284,160,79
753,251,747,Shamela0023628,2653,218,655,345,86
753,12,508,Rafed0003257Vols,3995,1124,1626,401,98
753,60,295,Sham19Y0020891,4440,1326,1561,190,99
753,379,548,Sham19Y0020891,4442,1268,1438,134,98
753,12,256,JK009270,3474,1033,1277,195,99
753,251,676,JK009270,3477,1035,1401,289,84
753,60,548,Meshkat0014420,3461,1036,1524,396,100
753,12,747,ShamAY0036821,1524,419,1089,531,89
753,275,452,Shamela0012851,301,1181,1456,142,63
753,60,302,Sham19Y0147312,1500,1349,1590,197,99
753,302,548,Sham19Y0147312,1501,0,246,199,100
753,251,390,Shamela0004445,176,1186,1334,115,93
753,275,500,Sham19Y0014592,1547,187,604,183,53
753,12,275,Zaydiyya0000062,1381,721,1082,212,71
753,275,522,Zaydiyya0000062,1382,1042,1285,190,94
753,198,384,Shamela0006947,12742,456,642,154,100
753,12,295,Shamela0037458,3023,617,900,230,100
753,275,747,Shamela0037458,3025,871,1332,326,77
753,60,359,JK000791,1713,1337,1635,244,99
753,355,630,JK000791,1714,1336,1627,179,66
753,198,747,JK007018,518,0,1070,388,42
753,60,384,JK009396,1074,1128,1452,264,100
753,384,747,JK009396,1075,1162,1466,236,81
753,60,581,Sham19Y0023608,2851,65,593,402,94
753,53,355,Sham19Y0016953Vols,1540,941,1066,93,38
753,60,548,Shamela0012286,3742,1059,1547,396,100
753,34,224,Meshkat00042488,1229,1279,1469,151,99
753,69,452,Meshkat00042488,1230,17,1342,283,25
753,65,548,Shia003721Vols,82,626,1110,392,99
753,251,468,Shia003721Vols,87,994,1478,175,44
753,60,696,Shamela0021537,376,121,779,338,50
753,198,384,Shamela0021537,647,622,808,154,100
753,198,460,Sham19Y0145435,1010,41,328,198,84
753,60,548,Shia002356Vols,848,1023,1508,392,99
753,12,209,Shamela0010523,63,1371,1567,158,99
753,209,700,Shamela0010523,64,0,490,328,74
753,53,747,Shia002380Vols,563,0,1257,495,46
753,295,541,JK001496,1594,938,1617,199,36
753,60,295,JK001496,1594,65,301,191,99
753,198,384,JK006920,33,208,394,154,100
753,4,213,Tafsir02102,3133,1302,1533,164,87
753,275,504,Tafsir02102,3134,665,1252,186,39
753,12,384,Shamela0008473,3501,523,895,303,100
753,251,548,Shamela0008473,3502,1115,1573,242,64
753,12,213,Shia002382Vols,1328,876,1100,159,88
753,60,217,Tafsir05047,625,1233,1475,125,64
753,198,429,Hindawi096809026,272,832,1062,189,99
753,60,548,Shamela0012884,3791,961,1448,395,99
753,12,747,Shamela0023591,5275,535,1211,537,90
753,60,548,Shamela0023591,5281,531,1019,395,99
753,60,557,JK009266,7012,15,523,403,97
753,198,429,JK010491,56,1262,1503,185,93
753,60,384,Shamela0021821,1339,952,1276,264,100
753,295,747,Shamela0021821,1341,275,824,307,62
753,384,548,JK009362,5900,538,703,132,99
753,78,485,Shia001174Vols,4620,659,838,95,25
753,198,452,JK001420,632,935,1331,141,44
753,53,557,JK006478,6969,269,794,406,94
753,163,747,Rafed0003943Vols,1183,0,525,416,88
753,198,384,Hindawi068305130,162,1278,1464,154,100
753,60,738,Shamela0010273,2166,463,1226,506,80
753,251,468,Shamela0007798,7030,774,1402,177,34
753,1297,1566,Tafsir01006,1072,12,335,138,47
753,198,429,Shamela0004363,70,687,923,186,96
753,198,436,Shamela0026350,339,416,659,188,94
753,46,452,Tafsir06048,820,250,1246,317,39
753,12,224,Sham19Y0014404,1049,435,897,168,45
753,224,429,Meshkat00057178,2761,1239,1529,169,70
753,282,548,Meshkat00057178,2762,0,562,212,46
753,12,747,QuranAnalysis001,161,716,1392,539,90
753,12,759,Rafed0001713Vols,1837,243,1054,579,85
753,34,213,Tafsir04042,1631,0,179,143,100
753,198,460,Shamela0009783BK1,160,747,1036,197,83
753,12,224,Shamela0000041,1857,1161,1373,170,100
753,12,452,Shamela0000041,1858,36,1008,354,44
753,60,534,Shamela0023578,2277,1130,1603,383,99
753,12,213,Shamela0023578,2278,51,317,160,75
753,244,456,Shamela0023578,2278,1167,1595,169,48
753,1160,1586,JK000876,1045,818,1407,153,29
754,307,952,Shia001432Vols,3528,661,1284,471,89
754,307,881,Shamela0023632,2650,803,1372,459,98
754,212,1011,JK009268,3562,0,787,625,96
754,396,871,Sham19Y0023618,1257,132,603,350,86
754,161,733,Shamela0023628,2653,419,941,420,91
754,584,1011,Shamela0023628,2654,875,1547,334,61
754,300,714,Rafed0003257Vols,3998,1196,1609,329,98
754,0,517,Sham19Y0020891,4443,1008,1549,212,36
754,527,1243,Sham19Y0020891,4444,660,993,205,34
754,376,684,JK009270,3479,1243,1550,249,99
754,693,964,JK009270,3482,281,555,211,95
754,307,871,Meshkat0014420,3464,518,1082,456,100
754,161,907,ShamAY0036821,1524,856,1550,551,91
754,31,473,Meshkat00042485,4882,604,1266,256,47
754,644,808,Shamela0012851,303,0,771,132,21
754,5,1444,Sham19Y0147312,1502,11,1187,600,42
754,307,871,Shamela0004445,186,603,1167,456,100
754,447,617,Shamela0004445,188,125,331,140,82
754,161,628,Shamela0037458,3025,1096,1514,334,88
754,617,871,Shamela0037458,3028,965,1219,204,100
754,435,617,JK000791,1715,634,815,142,95
754,560,1011,JK000791,1716,227,714,333,82
754,623,960,Shamela0021766,4120,666,1156,203,51
754,307,771,Shamela0026047,443,1042,1505,374,99
754,617,986,JK007018,519,125,657,286,67
754,447,617,JK009396,1076,76,247,140,99
754,307,871,Sham19Y0023608,2854,407,971,455,99
754,447,617,Sham19Y0023608,2855,709,1327,140,27
754,509,733,Meshkat00042488,1232,243,830,181,38
754,307,871,Shia003721Vols,97,377,936,453,99
754,447,635,Shia003721Vols,99,473,713,144,71
754,300,617,Shamela0021537,376,683,1000,255,99
754,447,617,Shamela0021537,647,860,1030,140,100
754,447,871,Shamela0004473,661,627,1051,344,100
754,0,871,Shia002356Vols,849,778,1556,503,63
754,447,727,Shamela0010523,67,1344,1623,226,99
754,54,635,Shia002380Vols,563,892,1578,365,62
754,644,940,Shia002380Vols,564,117,711,229,48
754,431,617,Shamela0001419,424,423,610,144,93
754,0,1243,JK001496,1595,390,1312,443,36
754,617,771,JK001496,1596,1078,1336,122,59
754,48,476,Tafsir02102,3134,1089,1465,247,72
754,473,1011,Tafsir02102,3135,141,1092,422,55
754,447,617,Shamela0008473,3505,442,613,140,99
754,560,871,Shamela0008473,3506,555,929,251,83
754,51,706,Shia002382Vols,1329,457,1353,424,56
754,533,801,Tafsir05047,627,42,616,213,45
754,307,871,Shamela0012884,3793,542,1104,454,99
754,161,801,Shamela0023591,5275,975,1564,477,91
754,293,871,Shamela0023591,5284,954,1532,458,98
754,1037,1203,Shamela0023591,5285,5,434,100,28
754,307,1229,JK009266,7014,788,1562,535,70
754,383,697,Shamela0010283,2371,874,1205,253,94
754,396,617,Tafsir10098,1096,932,1478,180,40
754,435,617,Shamela0021821,1341,1354,1535,143,94
754,517,1011,Shamela0021821,1342,401,1016,360,69
754,300,1071,JK006478,6971,771,1496,510,78
754,161,1011,Rafed0003943Vols,1183,289,1091,636,92
754,307,635,Shamela0010273,2168,1250,1577,265,99
754,635,1254,Shamela0010273,2169,0,682,368,58
754,644,771,Shamela0007798,7037,725,852,100,100
754,31,504,Tafsir01006,1072,290,1080,278,43
754,912,1539,Tafsir01006,1072,833,1497,317,48
754,447,737,Tafsir06048,821,374,1152,231,36
754,540,864,Sham19Y0014404,1051,218,1550,194,17
754,665,794,Meshkat00057178,2764,0,129,104,100
754,617,864,Masaha000554Vols,3962,648,911,196,92
754,161,610,QuranAnalysis001,161,1156,1554,324,88
754,610,1011,QuranAnalysis001,162,0,403,314,97
754,161,1203,Rafed0001713Vols,1839,392,1431,770,86
754,610,733,Shamela0000041,1860,0,123,97,100
754,161,1031,Shamela0023578,2279,268,1116,660,91
754,540,1011,Shamela0023578,2280,614,1516,371,51
755,617,1122,Shia001432Vols,3678,140,642,389,96
755,617,1188,Shamela0023632,2652,587,1177,410,83
755,150,1093,JK009268,3562,418,1121,566,74
755,617,873,Sham19Y0023618,1257,1312,1567,203,99
755,873,1146,Sham19Y0023618,1258,0,286,214,92
755,8,786,Shamela0023628,2654,909,1573,366,54
755,786,1235,Shamela0023628,2655,0,448,345,94
755,507,1093,Rafed0003257Vols,4001,1052,1628,441,89
755,739,882,Rafed0003257Vols,4003,694,1194,109,27
755,838,1093,Sham19Y0020891,4450,226,733,207,50
755,809,993,Hindawi019640759,50,0,184,149,100
755,708,1238,JK009270,3484,432,893,249,51
755,739,1093,Meshkat0014420,3467,0,353,287,99
755,660,1235,ShamAY0036821,1525,0,563,439,94
755,8,305,Meshkat00042485,4885,373,663,144,50
755,595,993,Shamela0012851,304,358,1415,320,37
755,617,1093,Sham19Y0147312,1503,17,492,384,99
755,554,1049,Shamela0004445,252,1078,1590,366,86
755,844,1030,Sham19Y0014592,1614,1379,1631,152,73
755,759,993,Zaydiyya0000062,1386,516,745,183,95
755,591,1215,Shamela0037458,3030,23,778,421,61
755,759,926,JK000791,1716,1373,1539,134,99
755,926,1093,JK000791,1717,0,167,137,100
755,150,1235,JK007018,519,152,1156,659,65
755,24,323,Zaydiyya0000295Vols,919,1018,1550,131,28
755,591,1235,JK009396,1077,663,1306,503,96
755,554,1093,Sham19Y0023608,2857,25,659,433,84
755,8,396,JK000818,448,1202,1552,168,46
755,554,1093,Shia003721Vols,164,945,1472,404,93
755,554,1093,Sham19Y0145435,4958,236,771,402,90
755,305,1299,Shia002356Vols,850,690,1462,470,50
755,367,1235,Shamela0010523,68,6,761,595,84
755,150,1159,Shia002380Vols,564,117,1392,663,60
755,886,1093,JK001496,1598,747,955,169,99
755,0,838,Tafsir02102,3135,378,1171,440,54
755,759,1093,Shamela0008473,3508,23,357,271,100
755,0,342,Shia002382Vols,1329,1045,1462,189,56
755,301,1030,Shia002382Vols,1330,77,1285,513,51
755,617,1093,Shamela0012884,3795,978,1452,382,99
755,554,1235,Shamela0023591,5276,7,687,530,96
755,610,1093,Shamela0023591,5287,895,1378,387,99
755,500,1115,JK009266,7017,107,711,461,88
755,314,1093,Shamela0021821,1343,0,523,309,45
755,838,1030,JK009362,5908,992,1183,157,99
755,610,1017,JK006478,6973,1120,1528,326,98
755,150,1235,Rafed0003943Vols,1183,722,1565,662,75
755,617,1299,Shamela0010273,2171,303,975,448,72
755,838,976,Shamela0007798,7040,17,459,112,31
755,8,591,Tafsir01006,1073,88,843,319,47
755,57,610,Sham19Y0014404,1051,523,1550,259,28
755,150,1235,QuranAnalysis001,162,34,878,664,75
755,301,460,Rafed0001713Vols,1841,42,541,119,30
755,507,1106,Rafed0001713Vols,1841,926,1550,457,90
755,130,976,Shamela0000041,1860,877,1525,486,69
755,482,1235,Shamela0000041,1861,0,959,550,68
755,150,856,Shamela0023578,2280,1054,1612,387,63
755,856,1261,Shamela0023578,2281,0,406,320,96
756,758,1302,Shia001432Vols,3883,855,1399,438,99
756,758,1302,Shamela0023632,2653,516,1060,437,99
756,751,1298,JK009268,3566,241,788,440,99
756,758,1344,Sham19Y0023618,1258,529,1107,459,94
756,695,1355,Shamela0023628,2655,244,953,474,79
756,800,1298,Shamela0023628,2656,226,1099,402,56
756,695,1315,Rafed0003257Vols,4005,144,803,495,93
756,1070,1235,Rafed0003257Vols,4007,762,1509,132,22
756,1043,1235,Tafsir09084,1786,404,1109,140,25
756,758,1173,JK010001,816,1147,1561,338,99
756,899,1258,JK009270,3488,10,355,280,95
756,758,1298,Meshkat0014420,3469,494,1034,438,100
756,958,1298,Meshkat0014420,3471,482,1548,275,31
756,695,1298,ShamAY0036821,1525,362,960,480,98
756,673,958,Meshkat00042485,4890,520,1186,217,39
756,958,1213,Meshkat00042485,4891,935,1527,208,43
756,695,1235,Shamela0012851,305,169,1478,433,40
756,758,1298,Sham19Y0147312,1503,771,1311,438,100
756,758,1298,Shamela0004445,263,923,1463,438,100
756,1043,1377,Shamela0004445,271,974,1303,162,47
756,762,1054,Zaydiyya0000062,1388,1205,1597,204,57
756,1092,1298,Zaydiyya0000062,1389,1271,1481,163,96
756,695,1315,Shamela0037458,3031,787,1450,361,58
756,1043,1298,Shamela0037458,3033,1286,1541,204,100
756,1035,1298,JK000791,1718,1062,1317,204,96
756,1002,1184,Shamela0021766,3232,1068,1505,145,40
756,768,1217,Shamela0021766,4121,612,955,276,74
756,695,1043,JK007018,519,953,1304,278,97
756,1035,1302,JK007018,520,43,302,204,95
756,695,1043,JK009396,1077,1102,1450,284,100
756,1043,1298,JK009396,1078,741,996,204,100
756,758,1320,Sham19Y0023608,2861,241,813,446,96
756,940,1302,JK000818,450,354,1253,254,35
756,810,1184,Meshkat00042488,1235,36,1448,277,23
756,758,1245,Shia003721Vols,175,1038,1524,395,99
756,1043,1377,Shia003721Vols,183,813,1211,201,59
756,934,1291,ShamIbadiyya0000075,661,225,847,289,56
756,758,1291,Sham19Y0145435,5006,534,1067,432,100
756,1043,1377,Sham19Y0145435,5014,219,616,201,59
756,758,1315,Shia002356Vols,851,641,1189,436,96
756,695,1298,Shamela0010523,68,557,1160,488,100
756,695,987,Shia002380Vols,564,1196,1555,234,79
756,987,1298,Shia002380Vols,565,0,591,251,52
756,899,1114,Shamela0001419,424,57,371,178,68
756,784,1009,Tafsir02091,1528,1182,1629,182,49
756,784,1131,Tafsir02102,3138,846,1575,280,46
756,1043,1298,Shamela0008473,3510,775,1030,204,100
756,871,1298,Shia002382Vols,1331,0,1064,342,39
756,818,1235,MMS00013,2653,0,528,253,51
756,758,1272,Tafsir07055,869,222,736,417,100
756,993,1207,Tafsir05047,629,0,402,174,53
756,983,1213,AOCP202502141169Vols,1802,763,1385,180,35
756,758,1298,Shamela0012884,3796,800,1340,438,99
756,695,1298,Shamela0023591,5276,483,1086,487,99
756,758,993,Shamela0023591,5289,1337,1571,191,99
756,993,1302,Shamela0023591,5290,0,309,246,99
756,758,1344,JK009266,7019,793,1368,458,94
756,758,1184,Shamela0010283,2441,730,1156,346,99
756,899,1298,Shamela0021821,1344,392,791,325,100
756,1009,1184,JK009362,5913,718,916,129,80
756,751,1265,JK006478,6975,1062,1577,413,98
756,899,1298,Rafed0003943Vols,1184,0,399,325,100
756,758,1344,Shamela0010273,2173,60,645,459,93
756,905,1160,Shamela0007798,7042,27,716,206,36
756,958,1302,Tafsir01006,1075,179,981,274,42
756,695,1235,Tafsir06048,823,633,1553,429,57
756,949,1213,Tafsir04003,2950,545,1277,205,34
756,899,1151,Meshkat00057178,2766,1095,1580,204,51
756,695,1298,QuranAnalysis001,162,674,1277,488,100
756,762,1235,JK000916,8665,711,1246,254,46
756,546,1344,Rafed0001713Vols,1843,394,1220,551,73
756,1043,1298,Rafed0001713Vols,1845,253,1221,173,22
756,425,1173,Tafsir04042,1634,139,1587,405,30
756,1049,1160,Tafsir07057,3872,888,999,89,100
756,695,1360,Shamela0000041,1861,755,1314,375,68
756,0,252,Shamela0000041,1861,485,693,120,54
756,762,1298,Shamela0000041,1862,104,887,415,63
756,425,1315,Shamela0023578,2281,717,1461,548,73
756,0,252,Shamela0023578,2281,505,709,124,58
756,762,1221,Shamela0023578,2282,4,896,361,49
757,1320,1630,ShamAY0037152,278,1281,1593,253,99
757,1296,1630,Shia001432Vols,2501,867,1201,272,99
757,0,1049,Shia001432Vols,3883,907,1381,370,43
757,1296,1572,Shia001432Vols,5560,205,482,224,99
757,1296,1507,Shia001432Vols,28462,1110,1322,171,99
757,0,1049,Shamela0023632,2653,568,1042,369,43
757,1296,1507,Shamela0023632,2655,43,254,171,100
757,1507,1630,Shamela0023632,2657,117,241,102,99
757,0,1630,JK009268,3566,300,1124,662,49
757,0,1049,Sham19Y0023618,1258,581,1055,369,43
757,1296,1507,Sham19Y0023618,1259,449,660,171,100
757,0,1049,Shamela0023628,2655,359,894,341,37
757,54,1630,Shamela0023628,2656,444,1434,626,44
757,0,1049,Rafed0003257Vols,4005,293,767,369,43
757,1005,1630,Rafed0003257Vols,4008,9,430,321,63
757,1448,1621,Tafsir09084,1788,1025,1567,141,31
757,525,716,Sham19Y0020891,4456,626,874,108,50
757,681,1049,Sham19Y0020891,4457,162,477,104,25
757,1448,1630,Sham19Y0020891,4462,587,770,150,99
757,0,758,JK010001,816,1199,1561,291,47
757,89,824,JK009270,3488,10,324,254,42
757,1296,1507,JK009270,3491,366,578,171,99
757,1507,1630,JK009270,3496,989,1113,102,99
757,0,1049,Meshkat0014420,3469,546,1020,370,43
757,675,1049,Meshkat0014420,3471,874,1534,167,31
757,1296,1621,Meshkat0014420,3472,388,713,264,100
757,0,1630,ShamAY0036821,1525,475,1300,641,48
757,182,828,Meshkat00042485,4891,935,1531,328,51
757,935,1286,Meshkat00042485,4892,52,243,148,51
757,0,1409,Sham19Y0147312,1503,823,1424,478,41
757,1404,1630,Sham19Y0147312,1504,966,1193,185,99
757,0,1049,Shamela0004445,263,975,1449,370,43
757,377,769,Shamela0004445,271,974,1115,113,35
757,1296,1572,Sham19Y0013550,419,742,1568,157,23
757,1349,1599,Zaydiyya0000062,1391,437,692,202,97
757,1296,1507,Shamela0006947,16497,1124,1335,171,100
757,377,1378,Shamela0037458,3033,1286,1622,271,33
757,1367,1630,Shamela0037458,3037,197,456,208,96
757,377,1049,JK000791,1718,1062,1303,183,33
757,1296,1507,JK000791,1719,272,484,171,99
757,1476,1630,JK000791,1720,814,1035,127,69
757,139,814,Shamela0021766,3232,730,1610,335,40
757,935,1320,Shamela0021766,3233,128,391,170,53
757,0,842,Shamela0021766,4121,658,972,242,35
757,18,426,Tafsir02011,1221,85,802,259,41
757,377,1630,JK007018,520,43,970,467,38
757,377,1378,JK009396,1078,741,1298,261,26
757,1383,1630,JK009396,1079,50,601,198,44
757,0,1049,Sham19Y0023608,2861,293,767,369,43
757,659,824,Sham19Y0023608,2863,6,640,96,18
757,1296,1630,Sham19Y0023608,2864,112,447,273,99
757,0,1135,JK000818,450,66,1242,431,35
757,0,1015,Shia003721Vols,175,1090,1524,348,42
757,377,818,Shia003721Vols,183,813,1010,133,37
757,675,1349,ShamIbadiyya0000075,661,493,1104,299,44
757,0,1049,Sham19Y0145435,5006,586,1060,370,43
757,377,824,Sham19Y0145435,5014,219,422,138,38
757,0,1049,Shia002356Vols,851,690,1161,366,43
757,1296,1630,Shia002356Vols,852,923,1257,271,98
757,0,1630,Shamela0010523,68,672,1495,662,49
757,261,1630,Shia002380Vols,565,6,1220,578,39
757,89,426,Shamela0001419,424,57,349,159,47
757,681,1049,JK001496,1601,332,670,89,21
757,1448,1630,JK001496,1603,932,1117,150,98
757,0,426,Tafsir02102,3138,872,1504,287,50
757,343,1049,Shamela0008473,3510,707,1016,199,33
757,61,1367,Shia002382Vols,1331,0,1206,571,40
757,1259,1630,Shia002382Vols,1332,206,865,215,34
757,0,1042,Tafsir07055,869,274,736,370,43
757,0,1049,Shamela0012884,3796,852,1326,370,43
757,919,1630,Shamela0012884,3799,5,826,356,44
757,0,1630,Shamela0023591,5276,598,1421,661,49
757,261,1049,Shamela0023591,5290,0,291,225,35
757,1296,1630,Shamela0023591,5293,609,944,273,99
757,0,1049,JK009266,7019,845,1319,370,43
757,1404,1630,JK009266,7028,444,672,185,99
757,0,769,Shamela0010283,2441,782,1156,299,47
757,18,719,JK000458,2543,137,1097,362,40
757,89,1049,Shamela0021821,1344,392,777,300,38
757,1349,1507,Shamela0021821,1345,377,651,128,57
757,332,769,JK009362,5913,685,916,132,33
757,1467,1630,JK009362,5921,174,354,135,90
757,0,1035,JK006478,6975,1122,1577,360,42
757,1404,1599,JK006478,6984,639,837,158,97
757,89,1630,Rafed0003943Vols,1184,0,734,591,47
757,0,1063,Shamela0010273,2173,112,605,374,43
757,1296,1580,Shamela0010273,2175,1338,1621,231,99
757,130,735,Shamela0007798,7042,223,716,199,32
757,1383,1572,Shamela0007798,7047,976,1165,153,100
757,124,1278,Tafsir01006,1075,38,1060,528,45
757,0,824,Tafsir06048,823,866,1531,335,42
757,167,1020,Tafsir04003,2950,537,1535,312,30
757,745,1340,Sham19Y0014404,1054,862,1615,218,26
757,182,735,Sham19Y0014404,1054,99,670,240,36
757,89,726,Meshkat00057178,2766,1095,1580,220,33
757,0,1589,QuranAnalysis001,162,789,1569,627,48
757,0,1049,Rafed0001713Vols,1843,681,1155,369,43
757,254,520,Rafed0001713Vols,1844,1243,1544,162,58
757,681,1539,Rafed0001713Vols,1845,632,1569,363,36
757,795,1049,Tafsir04042,1635,118,434,101,37
757,383,735,Tafsir07057,3872,888,999,89,31
757,1448,1599,Tafsir04056,2567,15,166,123,100
757,1296,1536,Shamela0000041,1863,92,378,179,71
757,0,1049,Shamela0023578,2281,956,1430,369,43
757,54,824,Shamela0023578,2282,411,888,270,39
757,983,1630,Shamela0023578,2283,169,617,341,64
758,515,688,Zaydiyya0000054,387,648,821,141,100
758,9,311,ShamAY0037152,279,0,302,245,100
758,0,393,Shia001432Vols,2501,1201,1548,276,86
758,255,426,Shia001432Vols,5237,353,524,140,100
758,0,140,Shamela0023632,2657,241,381,113,100
758,140,343,Shamela0023632,2658,458,661,165,100
758,412,589,Shamela0023632,2660,0,177,142,98
758,0,479,JK009268,3566,1124,1602,388,99
758,479,701,JK009268,3567,0,217,179,97
758,0,367,Sham19Y0023618,1260,707,1563,298,42
758,349,585,Sham19Y0023618,1261,721,1258,180,40
758,0,172,Shamela0023628,2656,1434,1605,139,99
758,277,696,Shamela0023628,2661,233,652,342,100
758,0,212,Rafed0003257Vols,4008,430,642,172,100
758,189,426,Rafed0003257Vols,4014,82,593,193,46
758,419,682,Rafed0003257Vols,4018,1282,1544,211,98
758,140,635,Tafsir09084,1795,26,339,232,56
758,559,696,Sham19Y0020891,4483,315,452,113,100
758,506,696,Shamela0023789,1379,208,398,156,100
758,0,166,JK009270,3496,1113,1280,134,99
758,140,405,JK009270,3499,384,641,203,94
758,396,696,JK009270,3502,821,1119,241,98
758,120,393,ShamAY0034106,234,720,1271,155,33
758,0,212,Meshkat0014420,3475,1039,1251,172,100
758,212,426,Meshkat0014420,3477,1002,1216,174,100
758,426,701,Meshkat0014420,3480,818,1088,221,98
758,506,696,Sham19Y0016584,4119,1008,1198,156,100
758,0,289,ShamAY0036821,1525,1300,1586,232,98
758,289,608,ShamAY0036821,1526,0,317,256,98
758,426,635,JK000373,22,834,1043,171,100
758,992,1260,Meshkat00042485,4894,565,904,166,53
758,419,660,Sham19Y0147312,1506,1357,1597,193,97
758,60,426,Sham19Y0147312,1506,0,366,297,100
758,255,426,Shamela0004445,1067,55,226,140,100
758,506,696,Sham19Y0018176,2242,1274,1464,156,100
758,0,203,Zaydiyya0000062,1393,1418,1617,157,95
758,255,469,Zaydiyya0000062,1395,503,719,164,93
758,426,696,Zaydiyya0000062,1397,1048,1318,218,98
758,16,386,Shamela0037458,3039,1112,1537,299,87
758,377,696,Shamela0037458,3042,505,834,261,96
758,506,696,JK000110,1659,1238,1428,156,100
758,0,140,JK000791,1720,1035,1175,113,100
758,9,426,JK000791,1721,89,1102,309,37
758,255,426,Sham19Y0009800,339,1163,1334,140,100
758,0,409,JK007018,520,970,1577,331,66
758,377,696,JK007018,521,408,754,247,87
758,506,696,Sham19Y0018103,3654,914,1104,156,100
758,0,426,JK009396,1079,601,1394,339,52
758,367,701,JK009396,1080,527,929,259,79
758,0,212,Sham19Y0023608,2864,447,659,172,100
758,212,426,Sham19Y0023608,2869,860,1074,174,100
758,426,696,Sham19Y0023608,2872,73,343,221,100
758,506,696,Shamela0021715,9217,331,521,156,100
758,506,696,JK000917,1205,759,949,156,100
758,426,629,JK000381,3474,1519,1721,166,99
758,9,189,Meshkat00042488,1238,740,1379,120,22
758,506,701,Shamela0004473,4648,1078,1268,156,97
758,0,212,Shia002356Vols,852,1257,1468,171,99
758,140,696,Shia002356Vols,854,470,1045,414,87
758,97,696,Shamela0010523,69,0,599,488,100
758,140,506,Shia002380Vols,566,31,953,297,39
758,506,696,PV2024060602,1659,1238,1428,156,100
758,506,696,Sham19Y0016684,1857,1274,1464,156,100
758,0,140,Shamela0008473,3515,73,213,113,100
758,86,212,Shamela0008473,3516,770,1071,102,41
758,212,426,Shamela0008473,3517,664,878,174,100
758,426,696,Shamela0008473,3525,663,933,221,100
758,140,617,Shamela0008473,3529,299,579,216,55
758,0,255,Shamela0012884,3799,826,1081,206,100
758,506,696,Shamela0012884,3812,171,361,156,100
758,0,153,Shamela0023591,5276,1421,1573,123,99
758,153,696,Shamela0023591,5277,0,543,444,100
758,0,140,Shamela0023591,5293,944,1084,113,100
758,140,696,Shamela0023591,5302,75,631,454,100
758,255,426,JK009266,7037,23,194,140,100
758,485,701,JK009266,7041,353,590,166,86
758,506,701,Shamela0010283,614,219,414,157,98
758,0,140,Shamela0021821,1346,42,182,113,100
758,189,426,Shamela0021821,1347,59,360,193,78
758,405,696,Shamela0021821,1348,1177,1530,238,82
758,255,426,Shamela0007597,376,605,776,140,100
758,506,696,Sham19Y0021505,252,161,351,156,100
758,506,696,Sham19Y0018106,3745,393,583,156,100
758,506,696,Shamela0009066,2,263,453,156,100
758,212,578,JK001110,88,1222,1587,297,99
758,426,696,Shamela0021499,74,1252,1522,221,100
758,542,701,JK000385,91,0,159,126,97
758,255,426,JK006478,6988,242,414,140,99
758,485,696,JK006478,6991,1360,1578,165,92
758,506,696,Sham19Y0013252,8961,104,294,156,100
758,189,448,Rafed0003943Vols,1185,1369,1607,179,84
758,9,255,Rafed0003943Vols,1185,325,846,198,47
758,0,140,Shamela0010273,2179,918,1058,113,100
758,255,426,Shamela0010273,2182,533,704,140,100
758,485,696,Shamela0010273,2185,0,211,174,100
758,506,696,Shamela0007798,7064,674,864,156,100
758,506,696,ShamAY0007299,4417,1181,1371,156,100
758,506,696,Sham19Y0013605,4355,969,1159,156,100
758,277,440,Meshkat00057178,2772,765,1305,123,28
758,0,696,QuranAnalysis001,163,42,738,567,100
758,506,701,JK000028,109,671,883,156,90
758,979,1260,Rafed0001713Vols,1846,1114,1545,161,43
758,0,140,Rafed0001713Vols,1847,1096,1236,113,100
758,86,426,Rafed0001713Vols,1848,766,1211,264,73
758,457,696,Rafed0001713Vols,1853,680,909,178,90
758,506,696,Shamela0000432,6100,701,891,156,100
758,0,255,Shamela0000041,1864,134,389,206,100
758,277,426,Shamela0000041,1868,287,436,121,100
758,559,696,Shamela0000041,1870,8,145,113,100
758,0,426,Shamela0023578,2283,617,1043,346,100
758,405,696,Shamela0023578,2288,1040,1373,238,87
759,0,1219,Tafsir08060,386,304,930,332,30
759,1254,1619,Sham19Y0014404,1057,7,490,183,41
759,613,1467,Shamela0000041,1864,650,1570,386,41
759,626,1060,Shamela0023578,2285,476,873,196,44
760,0,449,JK009268,3566,1456,1581,102,27
760,0,591,Shamela0023628,2661,288,447,128,26
760,1009,1117,Shamela0023628,2662,802,1239,79,23
760,0,591,ShamAY0036821,1526,43,200,126,26
760,93,591,Shamela0037458,3042,431,629,112,25
760,11,1491,JK000818,452,277,1356,334,22
760,0,591,Shia002356Vols,854,683,841,126,26
760,0,591,Shamela0010523,69,235,394,128,26
760,0,873,Shia002380Vols,566,664,1017,224,31
760,0,591,Shamela0023591,5277,179,338,128,26
760,0,591,Shamela0023591,5302,267,426,128,26
760,0,591,JK001110,88,1342,1501,128,26
760,0,440,Rafed0003943Vols,1185,1492,1607,94,26
760,0,591,QuranAnalysis001,163,374,533,128,26
760,0,116,Shamela0000041,1868,342,641,56,21
760,411,1124,Shamela0000041,1869,0,1273,259,22
760,1072,1619,Shamela0023578,2290,296,645,101,16
761,888,1094,JK009159,103,328,506,114,66
761,888,1418,Shia001432Vols,3961,735,1266,424,99
761,617,853,Shamela0023632,2662,459,695,194,100
761,853,1074,Shamela0023632,2663,548,769,177,100
761,1074,1305,Shamela0023632,2666,95,326,181,100
761,279,561,ShamIbadiyya0000193,2943,338,712,198,66
761,436,561,Shamela0000894,135,97,221,100,99
761,853,1074,Shamela0000894,5712,280,502,177,99
761,279,561,Tafsir09050,3010,1007,1381,198,66
761,561,1418,JK009268,3577,507,1421,669,88
761,561,871,Sham19Y0023618,1263,784,1094,214,80
761,1074,1209,Sham19Y0023618,1264,1373,1507,105,99
761,874,1074,Sham19Y0023618,1264,0,200,160,100
761,1209,1418,Sham19Y0023618,1265,0,209,170,100
761,1214,1418,Shamela0010551,513,901,1105,166,100
761,561,680,Shamela0023628,2665,1312,1532,79,42
761,680,1168,Shamela0023628,2666,0,813,394,60
761,1084,1418,Shamela0023628,2668,18,598,266,57
761,888,1179,Shamela0011258,94,55,346,231,100
761,561,888,Rafed0003257Vols,4023,77,391,245,88
761,745,1266,Rafed0003257Vols,4024,272,1610,414,38
761,345,561,JK009241,353,0,214,167,94
761,920,1084,Shamela0003580,75,349,696,121,43
761,800,920,Tafsir09083,1044,601,1083,95,24
761,286,689,Tafsir09084,1796,307,764,259,71
761,525,800,Shamela0001388,50,818,1553,129,19
761,561,748,Sham19Y0020891,4485,1311,1495,134,86
761,1039,1214,Sham19Y0020891,4497,638,1147,137,34
761,310,561,JK001492,696,392,636,189,92
761,1214,1389,JK010001,1194,648,824,142,99
761,853,1055,JK010001,1455,1337,1537,160,98
761,1039,1305,JK010001,1460,20,286,207,97
761,1214,1418,JK010001,3063,234,439,166,99
761,1214,1418,JK010001,3491,689,894,166,99
761,279,566,Shamela0012528,89,1119,1394,209,90
761,640,800,JK009270,3508,336,496,132,100
761,800,937,JK009270,3511,1488,1624,110,99
761,937,1175,JK009270,3512,0,235,181,94
761,1168,1418,JK009270,3516,939,1189,201,100
761,1074,1214,Meshkat0014420,1094,1263,1402,109,99
761,617,969,Meshkat0014420,3483,30,393,287,96
761,969,1418,Meshkat0014420,3485,417,864,357,99
761,279,757,JK006476,1227,77,556,255,55
761,745,920,JK006476,1227,1433,1613,133,89
761,286,561,JK000830,6,1150,1444,211,89
761,1074,1305,JK000373,182,213,439,177,97
761,800,920,Shamela0012851,311,105,478,92,31
761,980,1179,Shamela0012851,311,1143,1493,150,52
761,1257,1378,Shamela0012851,312,573,968,100,30
761,640,1051,Tafsir02104,401,882,1540,201,32
761,689,969,Sham19Y0147312,1508,876,1286,228,68
761,1051,1214,Sham19Y0147312,1510,208,391,125,86
761,1128,1282,Shamela0022769,1133,865,1418,115,27
761,969,1214,Sham19Y0013550,420,956,1345,172,56
761,561,853,Zaydiyya0000062,1400,0,260,204,80
761,800,1039,Zaydiyya0000062,1401,41,421,187,60
761,1039,1305,Zaydiyya0000062,1403,385,651,209,100
761,1254,1418,Zaydiyya0000062,1404,723,1221,135,32
761,310,561,JK009137,2709,834,1164,158,55
761,561,891,Shamela0037458,3050,467,863,252,77
761,888,1186,Shamela0037458,3052,1263,1560,236,99
761,1204,1418,Shamela0037458,3057,483,697,167,95
761,561,1039,JK000791,1724,469,925,359,91
761,1039,1204,JK000791,1725,1372,1536,129,99
761,1204,1418,JK000791,1726,0,214,174,100
761,1128,1254,Noorlib0038508,101,938,1134,97,64
761,165,647,Shamela0021766,3248,633,1591,300,38
761,888,1168,Shamela0023775,568,719,854,99,45
761,561,888,JK007018,522,73,363,235,86
761,853,1418,JK007018,522,889,1505,444,89
761,310,561,Sham19Y0127677,2864,1126,1428,158,59
761,969,1168,Shamela0037325,913,230,429,158,100
761,310,561,Shamela0012062,74,527,902,171,55
761,286,561,JK000906,7783,581,957,194,65
761,617,888,JK009396,1081,873,1166,222,92
761,871,1168,JK009396,1082,860,1214,233,83
761,1214,1349,JK009396,1086,736,871,108,100
761,940,1418,Sham19Y0023608,2878,0,478,383,100
761,1039,1214,Sham19Y0023608,2880,195,753,129,29
761,888,1105,JK000381,1415,1226,1442,174,99
761,1084,1254,Shamela0001340,225,1076,1344,128,61
761,800,969,Meshkat00042488,1243,242,810,136,29
761,1009,1214,Meshkat00042488,1244,726,1163,157,45
761,1179,1340,Meshkat00042488,1245,252,904,125,24
761,910,1094,Shia003721Vols,269,0,445,134,38
761,745,1310,ShamIbadiyya0000075,664,284,1341,441,52
761,640,1421,Rafed0003726Vols,1067,0,695,358,50
761,1074,1305,Shamela0004473,4642,500,731,181,100
761,888,1214,Shamela0022371,242,908,1228,162,49
761,275,561,Shamela0026510,28,929,1300,164,54
761,1186,1360,Shamela0009086,148,81,923,139,20
761,617,1172,Shia002356Vols,856,905,1458,444,99
761,1143,1266,Shia002356Vols,858,1399,1521,95,99
761,640,1094,Shamela0010523,76,1135,1588,368,99
761,1094,1214,Shamela0010523,77,0,120,93,100
761,1168,1418,Shamela0010523,79,219,469,201,100
761,310,561,Sham19Y0146127,2829,202,509,158,59
761,525,1179,Tafsir04038,457,1147,1535,158,24
761,525,1009,Shia002380Vols,567,818,1521,376,63
761,1005,1418,Shia002380Vols,568,16,842,323,48
761,1084,1227,Shamela0001419,424,933,1076,104,94
761,1074,1305,Shamela0008473,2905,772,1003,181,100
761,340,888,Shamela0008473,3532,0,558,413,84
761,888,1418,Shamela0008473,3533,189,719,424,100
761,561,906,Shia002382Vols,1337,970,1617,260,48
761,956,1214,Shia002382Vols,1338,262,924,195,37
761,310,561,JK006474,2250,613,857,192,95
761,1214,1389,Tafsir07055,1253,848,1023,142,100
761,853,1074,Tafsir07055,1519,6,225,175,98
761,1030,1254,Tafsir07055,1523,179,396,167,94
761,1214,1418,Tafsir07055,3153,352,556,166,100
761,1214,1418,Tafsir07055,3582,951,1155,166,100
761,988,1199,Tafsir05047,634,518,1002,158,41
761,310,874,Shamela0012884,3818,731,1539,408,61
761,745,1074,Shamela0012884,3819,265,817,207,44
761,985,1428,Shamela0012884,3820,710,1128,321,91
761,561,1418,Shamela0023591,5310,65,901,657,95
761,640,962,Shamela0023591,5312,1263,1584,262,99
761,962,1418,Shamela0023591,5313,0,456,365,100
761,561,745,JK009266,7044,1111,1357,136,65
761,853,1084,JK009266,7050,265,494,177,96
761,993,1418,JK009266,7055,389,822,295,81
761,525,888,Tafsir10098,1105,860,1289,261,68
761,626,888,Shamela0021821,1351,665,924,205,95
761,853,1418,Shamela0021821,1352,59,692,440,87
761,275,561,JK000484,5279,653,1026,176,55
761,643,920,JK009362,6051,496,856,69,15
761,525,888,JK001110,89,82,406,245,82
761,286,561,Shamela0001515,263,1074,1375,208,86
761,988,1418,JK001420,636,22,809,321,50
761,853,1074,JK006478,6998,105,327,173,95
761,1074,1418,JK006478,7001,1066,1413,275,98
761,617,853,Rafed0003943Vols,1188,547,783,194,100
761,844,1047,Rafed0003943Vols,1188,1419,1602,145,88
761,1074,1220,Rafed0003943Vols,1189,1400,1545,114,99
761,1220,1418,Rafed0003943Vols,1190,0,198,161,100
761,561,853,Shamela0010273,2188,985,1488,224,53
761,888,1214,Shamela0010273,2191,1106,1432,258,100
761,1214,1418,Shamela0010273,2194,1051,1255,166,100
761,279,566,Shamela0001000,713,170,466,152,60
761,1214,1389,Shamela0007798,6001,503,678,142,100
761,748,1039,Shamela0007798,7071,575,1019,202,51
761,999,1220,Shamela0007798,7074,719,1018,160,67
761,745,940,Tafsir01006,1079,677,1397,152,26
761,980,1214,Tafsir06048,828,736,1149,175,52
761,689,969,Sham19Y0014404,1059,485,1344,217,31
761,1143,1305,Sham19Y0014404,1061,0,362,124,43
761,738,969,Meshkat00057178,2777,152,594,140,37
761,1214,1418,Meshkat00057178,2780,325,961,166,32
761,633,888,Masaha000554Vols,3999,480,736,199,95
761,888,1418,Masaha000554Vols,4003,491,1015,410,96
761,525,956,JK000447,595,253,1067,217,32
761,525,1418,QuranAnalysis001,163,702,1525,662,91
761,319,561,Shamela0001438,4770,0,298,151,58
761,640,1168,Sham19Y0020879,373,402,654,198,46
761,310,561,JK000916,17369,870,1177,158,59
761,745,969,Zaydiyya0000473,94,1215,1439,181,100
761,617,853,Rafed0001713Vols,1855,626,862,194,100
761,781,1418,Rafed0001713Vols,1857,48,775,502,86
761,1039,1175,Tafsir04042,1645,670,1185,95,23
761,969,1168,JK006833,199,37,236,158,100
761,1214,1409,Tafsir07057,3285,1374,1568,158,99
761,264,572,Tafsir07057,3886,212,535,224,84
761,310,561,Shamela0021554,100,811,1160,171,60
761,920,1084,Shamela0009856,151,810,1149,120,43
761,888,1349,Shamela0009065,323,113,518,137,31
761,156,853,Shamela0000041,1873,15,365,253,44
761,674,1039,Shamela0000041,1873,545,1060,297,70
761,1015,1214,Shamela0000041,1875,467,827,157,55
761,1147,1418,Shamela0000041,1876,661,1055,205,65
761,617,895,Shamela0023578,2292,1005,1307,225,91
761,680,1418,Shamela0023578,2293,155,1114,593,76
761,1039,1214,Shamela0023578,2296,7,709,137,24
762,712,1214,Shamela0023628,2667,6,550,181,33
762,422,774,Zaydiyya0000062,1401,621,1375,170,26
762,0,957,JK000818,453,257,1243,350,34
762,294,978,Meshkat00042488,1243,242,1361,248,25
762,1214,1509,Shia002356Vols,858,862,1173,108,31
762,82,438,Shia002382Vols,1337,1239,1600,201,59
762,182,957,Tafsir08060,387,204,780,296,44
762,144,438,Tafsir01006,1079,661,1078,182,50
762,1231,1509,Tafsir01006,1080,924,1357,147,39
762,182,719,Sham19Y0014404,1059,681,1500,223,30
762,846,1509,Sham19Y0014404,1060,328,1321,213,22
762,1204,1509,Rafed0001713Vols,1859,507,1169,175,31
762,0,840,Shamela0000041,1873,507,1470,331,34
762,604,1040,Shamela0023578,2293,1121,1490,155,38
762,82,422,Shamela0023578,2293,188,560,191,52
762,182,821,JK000876,1059,166,1119,340,42
763,761,1466,Shamela0023628,2668,394,751,290,50
763,890,1466,Sham19Y0147312,1511,595,1132,275,45
763,1312,1466,Sham19Y0014592,997,829,984,126,99
763,806,1466,Zaydiyya0000062,1404,447,1374,290,30
763,761,1396,Shamela0037458,3057,493,781,235,45
763,128,1132,Meshkat00042488,1245,0,913,210,17
763,13,317,ShamIbadiyya0000075,664,1028,1227,118,46
763,1312,1466,ShamAY0000055,192,1101,1256,126,99
763,907,1466,Shia002356Vols,859,431,1264,210,26
763,761,1466,Shamela0010523,79,265,624,292,50
763,755,1466,Shia002380Vols,568,420,1141,301,37
763,887,1466,Tafsir02102,3150,368,1261,331,43
763,761,1466,Shamela0023591,5310,697,1054,290,50
763,761,1466,JK001420,636,605,962,290,50
763,135,1066,Sham19Y0014404,1061,0,846,218,21
763,761,1301,Meshkat00057178,2780,428,961,183,30
763,761,1373,QuranAnalysis001,163,1321,1585,216,43
763,1113,1466,Rafed0001713Vols,1861,343,1085,239,37
763,767,1466,Shamela0023578,2297,413,1077,325,45
764,548,739,Shia001432Vols,762,0,191,154,100
764,24,311,Shia001432Vols,4373,349,636,234,100
764,302,944,Shia001432Vols,4389,653,1294,511,99
764,0,790,Shia001432Vols,19834,1051,1490,324,51
764,76,367,Shia001432Vols,20004,692,888,147,62
764,482,739,Shia001432Vols,30303,196,453,207,100
764,482,739,Shia001432Vols,30344,1201,1459,205,98
764,482,739,Shia001432Vols,30402,355,612,207,100
764,76,293,Shamela0023632,2670,1328,1544,176,99
764,311,534,Shamela0023632,2672,141,364,177,100
764,534,837,Shamela0023632,2674,498,801,243,99
764,0,902,JK009268,3583,630,1532,726,99
764,113,628,Sham19Y0023618,1267,0,515,416,100
764,628,944,Sham19Y0023618,1268,935,1251,254,100
764,739,874,Shamela0010551,350,726,861,108,100
764,24,251,Shamela0023628,2671,1367,1593,184,99
764,482,832,Shamela0023628,2677,943,1293,282,100
764,0,317,Rafed0003257Vols,4029,476,793,253,98
764,311,482,Rafed0003257Vols,4032,1439,1609,136,99
764,482,832,Rafed0003257Vols,4033,0,351,282,99
764,534,739,Sham19Y0020891,4528,578,783,166,100
764,0,311,Hindawi019640759,35,974,1287,253,99
764,311,628,Hindawi019640759,36,797,1116,254,99
764,0,261,JK009270,3518,1325,1584,210,98
764,311,628,JK009270,3525,202,518,254,99
764,621,955,JK009270,3527,606,942,258,95
764,24,348,Sham19Y0150960,1049,1113,1420,239,90
764,103,421,ShamAY0034106,236,260,706,171,47
764,51,331,Meshkat0014420,3489,0,276,219,96
764,193,739,Meshkat0014420,3491,778,1342,377,80
764,739,944,Meshkat0014420,3495,706,910,165,99
764,534,739,Sham19Y0147312,1515,515,720,166,100
764,739,944,Sham19Y0147312,1516,886,1469,144,29
764,482,739,Shamela0004445,44,401,658,207,100
764,0,246,Shamela0004445,528,1286,1593,199,79
764,311,435,Shamela0004445,530,1385,1508,100,99
764,435,944,Shamela0004445,531,0,509,408,100
764,482,678,Masaha001023,114,274,470,159,100
764,24,311,Zaydiyya0000062,1407,983,1270,232,98
764,534,739,JK000374,86,283,488,166,100
764,311,712,Shamela0007292,78,369,948,306,66
764,421,573,Hindawi049164181,185,999,1151,120,100
764,0,181,Shamela0037458,3060,1037,1218,147,100
764,181,421,Shamela0037458,3065,238,478,195,100
764,367,628,Shamela0037458,3068,1061,1327,197,92
764,621,874,Shamela0037458,3071,1081,1338,203,98
764,84,311,JK000791,1728,0,228,185,99
764,251,739,JK000791,1730,574,1100,362,86
764,648,944,JK000791,1733,657,1073,206,62
764,317,944,Hindawi063827241,90,0,627,503,100
764,24,367,Shamela0000922,932,461,1530,278,32
764,76,311,Tafsir07076,5015,727,960,190,99
764,134,704,Tafsir07076,8551,735,1386,271,47
764,311,534,Shamela0023775,47,1296,1473,121,68
764,76,246,Shamela0023775,511,282,452,137,100
764,76,210,Shamela0023775,514,1257,1391,103,96
764,311,704,Shamela0023775,537,624,1438,316,48
764,0,311,JK007018,524,293,604,253,100
764,231,704,JK007018,525,307,1140,335,47
764,628,944,JK007018,526,380,804,203,58
764,323,916,JK010763,48,873,1466,335,55
764,440,704,Hindawi095926405Vols,497,712,975,211,99
764,0,311,JK009396,1089,17,329,253,99
764,328,739,JK009396,1091,557,1192,327,64
764,739,944,JK009396,1093,940,1145,165,100
764,76,311,Sham19Y0023608,2884,150,528,191,62
764,311,739,Sham19Y0023608,2885,197,625,343,100
764,716,855,Sham19Y0023608,2887,1451,1580,98,88
764,534,739,Shamela0011238,2,279,484,166,100
764,534,739,JK000381,6958,968,1173,166,100
764,421,628,ShamIbadiyya0000259,116,937,1144,165,100
764,311,520,ShamIbadiyya0000259,122,1159,1376,166,95
764,0,311,Shia003721Vols,438,583,950,253,84
764,311,944,Shia003721Vols,440,687,1320,508,99
764,482,739,JK000162,24,287,544,207,100
764,0,323,ShamAY0000055,192,1256,1578,263,99
764,323,704,ShamAY0000055,193,0,381,306,100
764,440,969,Shamela0012034,573,133,992,411,59
764,311,486,Shamela0004473,536,965,1140,138,99
764,76,202,Shamela0004473,4818,657,783,102,100
764,76,257,Shamela0004473,5100,819,1000,146,100
764,0,311,Shamela0004473,8311,528,1184,253,47
764,311,739,Shamela0004473,8312,35,801,343,55
764,732,944,Shamela0004473,8313,7,217,167,98
764,0,311,Hindawi018175075,309,947,1258,253,100
764,743,944,Sham19Y0145435,1197,501,837,139,51
764,311,944,Sham19Y0145435,5094,6,639,508,100
764,0,311,Shia002356Vols,859,1264,1574,252,99
764,242,739,Shia002356Vols,861,929,1522,376,78
764,709,944,Shia002356Vols,863,765,1023,178,85
764,0,421,Shamela0010523,79,624,1045,342,100
764,367,944,Shamela0010523,81,918,1495,464,100
764,445,739,Shia002380Vols,570,805,1518,234,41
764,202,632,Tafsir02102,3151,371,921,345,77
764,0,311,Shamela0008473,3536,168,480,253,99
764,89,278,Shamela0008473,3538,672,1121,153,42
764,367,739,Shamela0008473,3541,526,949,298,87
764,739,974,Shamela0008473,3543,1020,1255,173,92
764,445,837,Shia002382Vols,1343,0,1175,307,32
764,355,944,MMS00013,506,0,589,473,99
764,311,944,MMS00013,945,423,1090,507,94
764,486,739,Masaha001072,166,72,325,204,100
764,76,278,Hindawi014685395,53,237,439,163,100
764,317,944,JK006474,2305,595,1110,182,26
764,421,678,Shamela0003055,532,926,1183,206,100
764,76,311,Shamela0012884,3825,337,572,191,100
764,278,944,Shamela0012884,3826,32,735,535,94
764,398,944,Shamela0012884,3842,362,762,184,33
764,0,181,Masaha002064Vols,255,23,204,147,100
764,0,491,Shamela0023591,5310,1054,1544,396,99
764,491,944,Shamela0023591,5311,0,453,365,100
764,0,311,Shamela0023591,5324,1004,1315,253,100
764,311,662,Shamela0023591,5331,1222,1572,281,99
764,662,832,Shamela0023591,5332,0,170,137,100
764,0,311,JK009266,7059,1021,1331,252,99
764,311,709,JK009266,7069,5,402,318,99
764,704,874,JK009266,7079,1266,1434,134,98
764,421,944,Shamela0037473BK1,119,203,949,328,47
764,76,207,Shamela0010283,2595,1361,1491,105,99
764,311,774,Shamela0010283,2606,365,955,266,49
764,24,311,Shia003749,399,760,1048,234,99
764,684,944,Tafsir10098,1113,382,1083,195,34
764,0,220,Shamela0021821,1354,1305,1523,177,98
764,421,739,Shamela0021821,1360,1089,1406,253,99
764,704,969,Shamela0021821,1362,813,1078,179,76
764,311,482,Rafed0003793Vols,964,536,707,136,100
764,421,739,JK009362,5969,819,1138,254,99
764,421,678,Shamela0011211,24,682,938,205,99
764,0,202,JK001420,636,962,1165,164,99
764,367,720,JK001420,637,424,947,191,37
764,426,832,Shamela0037473BK2,77,323,666,231,63
764,534,732,AOCP20251104081,589,886,1081,152,95
764,76,317,Shia001625,54,1142,1383,191,97
764,0,311,JK006478,7003,500,810,253,98
764,286,628,JK006478,7008,583,1009,275,79
764,628,832,JK006478,7011,882,1089,164,98
764,0,311,Rafed0003943Vols,1190,930,1241,253,100
764,278,837,Rafed0003943Vols,1194,256,882,441,87
764,24,311,Shamela0010273,2199,503,790,234,100
764,311,739,Shamela0010273,2203,142,570,343,100
764,716,944,Shamela0010273,2208,630,856,170,93
764,24,367,Tafsir06048,829,763,1339,275,58
764,534,860,Tafsir06048,831,70,1025,251,32
764,103,573,JK009237,4039,719,1009,207,55
764,76,348,Rafed0003799Vols,1701,397,732,220,80
764,51,311,Masaha000554Vols,4019,0,252,205,96
764,311,614,Masaha000554Vols,4023,1275,1573,240,98
764,614,739,Masaha000554Vols,4024,0,123,97,97
764,0,482,Rafed0003630Vols,1275,17,407,161,38
764,0,944,QuranAnalysis001,164,94,1038,761,100
764,65,202,Rafed0003489,337,1265,1402,102,92
764,482,739,Shia001367,56,575,832,207,100
764,604,739,Shia001367,105,0,135,108,100
764,0,311,Rafed0001713Vols,1861,1085,1396,253,100
764,311,739,Rafed0001713Vols,1866,985,1413,343,100
764,643,944,Rafed0001713Vols,1871,287,1025,232,39
764,76,311,Tafsir04056,2339,885,1120,190,99
764,76,628,Tafsir04056,2502,1146,1507,249,55
764,534,739,JK006950,1261,529,734,166,100
764,504,739,Shamela0009065,324,1128,1363,189,100
764,743,916,Shamela0009783BK1,376,1181,1488,116,46
764,0,472,Shamela0023578,2297,1077,1548,381,99
764,472,1310,Shamela0023578,2298,0,694,401,49
764,709,855,Shamela0023578,2309,1374,1560,116,77
765,901,1549,Shia002380Vols,570,258,1103,259,28
765,428,1373,Tafsir08060,388,228,733,274,34
765,594,1183,Tafsir01006,1084,6,714,217,29
765,660,762,Rafed0001713Vols,1867,8,146,50,49
766,1312,1443,Masaha001961Vols,495,1360,1491,105,100
766,302,669,Meshkat00042485,4934,883,1242,223,64
766,1312,1443,Shamela0021766,3268,239,369,104,99
766,829,1044,Shamela0021766,3269,812,1098,102,37
766,173,509,JK000818,456,159,515,129,36
766,1312,1443,JK000818,456,623,753,104,99
766,444,946,Shia002380Vols,571,19,527,233,43
766,0,852,Shia002382Vols,1343,317,1524,368,31
766,1312,1561,Sham19Y0023644,570,117,334,121,61
766,1312,1526,Shamela0010273,2208,1289,1498,120,71
766,1312,1443,Sham19Y0014404,1068,406,536,104,99
766,547,678,Rafed0001713Vols,1872,143,269,87,76
766,1312,1443,Hindawi027908393,51,1283,1414,104,98
766,1312,1443,Shamela0000041,1887,657,787,104,99
767,469,712,Shia001382,21,0,223,169,88
767,455,813,JK000330,988,1139,1497,282,100
767,3,293,Shia001432Vols,4389,1266,1544,213,89
767,293,1079,Shia001432Vols,4390,0,785,625,99
767,3,246,Shia001432Vols,4391,799,1091,174,72
767,330,1079,Shia001432Vols,4392,0,895,399,52
767,469,642,Shia001432Vols,19622,604,795,120,76
767,246,451,Shamela0023632,2678,620,825,168,100
767,451,754,Shamela0023632,2679,697,1001,238,99
767,754,1079,Shamela0023632,2682,335,660,259,100
767,451,754,Rafed0000040Vols,943,1270,1573,238,100
767,44,233,Tafsir03097,1173,525,1078,152,33
767,851,1014,Tafsir03097,1175,993,1262,130,60
767,3,1079,JK009268,3584,14,1078,839,97
767,3,293,Sham19Y0023618,1268,1223,1502,213,89
767,293,886,Sham19Y0023618,1270,415,1009,473,99
767,851,1079,Sham19Y0023618,1272,214,515,172,72
767,469,718,Shia001156,6,995,1250,190,95
767,451,833,Shamela0010551,352,225,636,294,91
767,3,293,Shamela0023628,2681,398,677,213,89
767,293,580,Shamela0023628,2684,857,1145,231,99
767,580,1079,Shamela0023628,2686,150,649,395,100
767,3,210,Shamela0005455,36,322,548,144,74
767,3,1098,Rafed0003257Vols,4036,242,1330,849,96
767,509,682,Shamela0011365,8,1034,1207,134,100
767,378,663,Shamela0022593,1875,267,850,209,45
767,754,1079,Tafsir09083,1053,268,1350,251,29
767,451,642,Rafed0000110,154,404,686,150,67
767,758,941,Tafsir09084,1807,764,1352,146,31
767,153,378,Sham19Y0020891,4538,226,459,183,94
767,754,941,Sham19Y0020891,4548,102,289,149,100
767,851,1079,Sham19Y0020891,4550,418,1062,154,28
767,3,754,Hindawi019640759,37,235,867,305,40
767,754,941,Hindawi019640759,38,301,490,149,98
767,886,1024,Tafsir09068,879,391,633,109,57
767,3,172,JK009270,3527,903,1057,113,83
767,113,502,JK009270,3531,1053,1578,314,72
767,502,754,JK009270,3532,0,252,197,100
767,754,1079,JK009270,3536,611,936,259,100
767,838,1024,Shamela0005756,11849,813,1213,105,29
767,941,1079,Sham19Y0150960,1052,778,916,110,100
767,44,321,Meshkat0014420,3497,1312,1587,226,99
767,451,1079,Meshkat0014420,3500,275,902,497,99
767,49,172,JK001020,114,721,859,99,89
767,44,246,Hindawi018385936,12,15,217,164,100
767,455,642,Shamela0002300,138,965,1204,147,78
767,455,663,JK000326,4,880,1210,153,59
767,3,451,Hindawi041584975,40,1096,1531,342,93
767,49,172,Hindawi041584975,41,816,953,99,89
767,451,704,ShamAY0034048,13,1129,1382,199,100
767,293,513,Shamela0012851,316,1269,1578,178,70
767,26,177,Sham19Y0147312,1517,1284,1435,108,88
767,172,451,Sham19Y0147312,1518,200,740,229,51
767,580,941,Sham19Y0147312,1519,655,1337,284,52
767,941,1098,Sham19Y0147312,1520,990,1154,114,87
767,3,451,Shamela0004445,531,481,917,342,93
767,451,1079,Shamela0004445,535,286,914,497,100
767,674,1070,Shamela0004445,536,378,1462,291,33
767,107,378,Zaydiyya0000062,1416,1364,1639,221,98
767,527,886,Zaydiyya0000062,1420,1126,1469,262,91
767,859,1079,Zaydiyya0000062,1422,1313,1534,163,88
767,26,246,Shamela0006947,3509,436,671,168,88
767,44,246,Shamela0006947,8824,98,302,164,99
767,451,754,Shamela0006947,21799,780,1083,238,100
767,451,754,Zaydiyya0000220,279,685,988,238,100
767,941,1079,Hindawi049164181,186,95,233,110,100
767,3,293,Shamela0037458,3074,1097,1374,213,90
767,293,509,Shamela0037458,3077,373,589,176,100
767,509,671,Shamela0037458,3078,1399,1560,126,99
767,671,813,Shamela0037458,3079,0,142,112,100
767,786,1079,Shamela0037458,3081,592,893,232,97
767,44,197,JK000791,1734,1387,1540,123,98
767,399,754,JK000791,1737,0,355,280,100
767,749,1079,JK000791,1740,37,367,261,99
767,44,358,Noorlib0038508,144,802,1554,250,40
767,774,941,Noorlib0038508,146,158,880,129,22
767,3,293,Hindawi063827241,90,599,876,213,90
767,44,172,AOCP2025021445,307,376,1018,98,19
767,3,172,Shamela0000922,936,26,272,116,58
767,293,488,Shamela0000922,937,517,869,159,55
767,754,1079,Shamela0000922,938,546,1385,258,38
767,3,378,Tafsir07076,1726,263,988,180,26
767,78,451,Tafsir07076,2731,681,1235,211,40
767,451,682,Tafsir07076,5424,985,1471,180,46
767,293,754,Shamela0023775,538,314,929,367,74
767,44,293,JK007018,527,10,264,201,97
767,451,754,JK007018,528,861,1166,234,97
767,754,1079,JK007018,530,177,501,258,99
767,49,293,JK010763,49,397,650,194,94
767,469,642,Zaydiyya0000295Vols,1671,1299,1472,136,100
767,44,293,JK009396,1095,166,416,203,99
767,451,754,JK009396,1097,1204,1507,238,100
767,754,1084,JK009396,1100,779,1109,261,99
767,44,293,Sham19Y0023608,2889,643,894,203,99
767,451,754,Sham19Y0023608,2892,20,324,238,99
767,754,1079,Sham19Y0023608,2894,1071,1396,259,100
767,451,612,JK000917,1222,1346,1506,127,99
767,451,678,Hindawi036246035,282,20,247,178,100
767,44,293,Meshkat00042488,1252,1018,1503,203,51
767,539,758,Meshkat00042488,1255,0,626,171,34
767,859,1108,Meshkat00042488,1257,289,820,168,40
767,3,251,Shia003721Vols,440,1292,1528,178,87
767,251,451,Shia003721Vols,441,0,200,164,100
767,451,961,Shia003721Vols,444,1026,1535,403,99
767,774,1079,Shia003721Vols,446,62,818,235,39
767,642,1005,ShamIbadiyya0000075,670,510,1444,282,37
767,293,667,Shamela0012034,573,976,1500,299,71
767,3,1079,Shamela0004473,8313,189,1347,827,88
767,522,886,Shamela0004473,8806,0,364,287,100
767,469,718,Shia001423Vols,159,1089,1336,189,96
767,91,355,Sham19Y0145435,1197,851,1121,137,50
767,3,451,Sham19Y0145435,5094,611,1046,342,93
767,451,1056,Sham19Y0145435,5097,927,1531,478,99
767,851,1079,Sham19Y0145435,5099,0,499,175,44
767,813,1113,JK000961,108,770,1078,218,86
767,3,313,JK000961,108,492,784,221,87
767,823,997,JK000961,110,11,308,139,58
767,3,451,Shia002356Vols,863,995,1431,341,93
767,355,1092,Shia002356Vols,865,297,1178,545,77
767,107,813,Shamela0010523,84,0,706,567,100
767,754,1079,Shamela0010523,86,1107,1432,259,100
767,3,451,Tafsir04038,459,658,1468,301,45
767,469,1079,Tafsir04038,460,129,855,311,54
767,642,1079,Shia002380Vols,573,55,908,341,50
767,754,941,JK001496,1635,714,901,149,100
767,941,1079,JK001496,1636,887,1025,110,100
767,330,851,Tafsir02102,3153,0,916,412,56
767,892,1046,Tafsir02102,3154,1180,1519,120,45
767,44,309,Shamela0008473,3545,161,437,212,94
767,451,758,Shamela0008473,3547,641,948,241,100
767,754,1079,Shamela0008473,3550,328,653,259,100
767,851,1001,Shamela0008473,3551,100,596,118,29
767,704,886,Shia002382Vols,1346,942,1310,145,49
767,3,977,MMS00013,506,561,1523,757,96
767,3,451,MMS00013,945,1062,1514,341,90
767,451,1079,MMS00013,946,3,649,495,96
767,663,851,JK006474,2299,227,688,126,35
767,941,1046,JK006474,2304,1020,1193,68,51
767,580,774,Shamela0010550,126,434,628,152,100
767,122,1113,Shamela0012884,3833,0,1029,792,96
767,469,997,Shamela0012884,3845,518,889,197,39
767,3,1079,Shamela0023591,5311,425,1491,839,97
767,3,451,Shamela0023591,5344,484,921,342,93
767,451,1079,Shamela0023591,5350,133,762,497,99
767,3,177,JK009266,7082,575,734,114,81
767,172,355,JK009266,7089,1466,1648,150,99
767,451,758,JK009266,7092,1075,1380,240,99
767,729,941,JK009266,7096,764,1025,168,81
767,941,1092,JK009266,7098,1090,1241,114,95
767,513,813,Shamela0037473BK1,120,958,1521,135,27
767,44,309,Shamela0010283,2607,140,474,208,75
767,313,455,Shamela0010283,2609,294,437,116,99
767,455,729,Shamela0010283,2609,1197,1533,215,79
767,302,1079,Shia003749,407,305,1154,383,51
767,44,293,Shamela0021821,1363,890,1137,202,99
767,536,754,Shamela0021821,1365,0,218,170,100
767,754,912,Shamela0021821,1366,1333,1490,126,99
767,912,1079,Shamela0021821,1367,0,167,133,100
767,851,971,Sham19Y0013231,3244,448,884,70,20
767,455,754,JK009362,5989,0,307,233,96
767,737,941,JK009362,5991,785,1429,153,29
767,941,1098,JK009362,5993,970,1129,111,87
767,107,1017,JK001420,638,393,1483,490,46
767,313,584,Shamela0037473BK2,79,785,1106,210,79
767,941,1079,ShamAY0033585,2,925,1204,107,48
767,941,1067,Shamela0009229,136,224,469,92,47
767,3,565,JK000911,146,924,1511,271,45
767,754,961,JK009257,690,1239,1580,141,52
767,141,451,JK006478,7016,510,906,255,78
767,451,754,JK006478,7017,745,1050,236,97
767,729,941,JK006478,7020,492,775,168,74
767,941,1079,JK006478,7022,27,165,110,100
767,451,754,Kraken220413030927,14,579,884,231,96
767,172,612,Rafed0003943Vols,1197,1209,1643,340,95
767,580,851,Rafed0003943Vols,1198,1299,1569,213,99
767,851,1079,Rafed0003943Vols,1199,0,228,182,100
767,3,246,Shamela0010273,2208,828,1060,174,87
767,269,451,Shamela0010273,2211,1447,1629,149,100
767,313,1079,Shamela0010273,2214,240,1176,591,79
767,172,451,Shamela0007798,7098,116,456,229,82
767,420,754,Shamela0007798,7102,596,989,264,84
767,37,378,Shamela0007798,7104,206,672,130,26
767,941,1079,Shamela0007798,7115,369,507,110,100
767,451,754,Sham19Y0020642,430,156,458,238,99
767,44,293,ShamAY0002038,376,639,888,203,100
767,44,160,Sham19Y0014404,1069,109,734,93,18
767,754,886,Sham19Y0014404,1073,521,1010,106,26
767,892,1079,Sham19Y0014404,1074,149,381,148,80
767,44,246,Meshkat00057178,2792,75,494,164,47
767,560,758,Meshkat00057178,2795,987,1237,155,79
767,859,1041,Meshkat00057178,2798,924,1480,104,21
767,3,293,Masaha000554Vols,4029,59,337,212,88
767,451,754,Masaha000554Vols,4036,1214,1518,235,97
767,754,977,Masaha000554Vols,4042,1343,1564,177,99
767,49,246,Shamela0036085,15,899,1098,160,98
767,3,565,QuranAnalysis001,164,1010,1558,432,94
767,565,1079,QuranAnalysis001,165,0,514,407,100
767,3,309,Rafed0001713Vols,1871,997,1293,222,88
767,293,1079,Rafed0001713Vols,1875,775,1562,626,99
767,44,246,Sham19Y0014579,1095,347,548,164,99
767,37,191,Tafsir07057,3915,876,1470,107,22
767,754,886,Tafsir04056,5774,152,664,106,25
767,91,355,Shamela0009783BK1,377,42,314,137,49
767,3,246,Shamela0000041,1888,1332,1562,174,88
767,451,758,Shamela0000041,1893,744,1428,241,44
767,813,941,Shamela0000041,1895,1285,1413,102,100
767,886,1098,Shamela0000041,1896,901,1270,150,52
767,246,451,Sham19Y0145334,1777,468,673,168,100
767,3,1079,Shamela0023578,2310,61,1127,839,97
768,838,1266,Masaha001961Vols,499,805,1327,199,40
768,283,755,JK009268,3595,500,993,148,29
768,701,1418,Shamela0022593,1875,267,824,247,34
768,834,946,Shamela0022593,1876,304,457,74,58
768,513,828,Sham19Y0020891,4544,0,206,142,54
768,701,1163,JK000865,496,1217,1617,185,43
768,838,1418,JK000326,4,880,1185,183,40
768,468,1187,Zaydiyya0000062,1419,1010,1396,270,45
768,1083,1266,Shamela0021766,3275,4,252,127,66
768,330,778,JK007018,528,111,582,102,17
768,1095,1428,JK000704,100,715,905,124,47
768,240,900,JK000818,457,649,1020,167,26
768,1083,1418,Meshkat00042488,1255,197,510,159,47
768,64,1182,ShamIbadiyya0000075,669,453,1518,370,29
768,468,892,JK001496,1633,294,954,210,32
768,681,1418,Shia002382Vols,1345,85,981,315,38
768,724,875,Sham19Y0013231,3238,80,439,92,30
768,471,1187,JK006478,7017,259,874,220,29
768,240,1437,Tafsir08060,389,193,1077,328,27
768,925,1428,Shamela0010273,2215,78,930,237,34
768,1083,1421,Sham19Y0014404,1072,637,1210,185,38
768,1133,1325,Rafed0001713Vols,1878,0,277,116,50
768,838,1418,Hindawi027908393,55,10,381,180,36
768,834,1266,JK000876,1072,755,1394,188,36
769,415,636,Meshkat0014420,3503,1166,1427,100,45
769,1216,1432,Meshkat00042485,4946,1118,1402,132,55
769,223,791,ShamIbadiyya0000075,670,605,1215,233,38
769,223,1432,Shia002380Vols,573,117,1076,374,30
769,762,1432,Shia002382Vols,1347,0,545,172,22
769,265,798,JK009266,7096,764,1025,189,43
769,223,733,Shamela0021821,1366,908,1490,192,28
769,223,546,Tafsir08060,389,1197,1435,140,50
769,95,679,Tafsir01006,1089,8,745,238,34
770,480,734,ShamAY0037152,62,415,575,102,48
770,213,548,Shia001432Vols,3528,1236,1570,273,99
770,548,734,Shia001432Vols,3529,0,187,153,99
770,213,556,Shia001432Vols,3536,423,1270,244,35
770,674,998,Shia001432Vols,3678,553,893,229,83
770,213,422,Shamela0023632,2684,683,892,170,100
770,422,646,Shamela0023632,2685,398,622,184,100
770,646,995,Shamela0023632,2687,206,555,285,99
770,556,701,JK000236,17,331,476,118,100
770,340,1056,JK009268,3601,0,716,585,100
770,213,734,Sham19Y0023618,1273,169,690,426,100
770,734,995,Sham19Y0023618,1274,750,1011,213,99
770,213,556,Shamela0023628,2690,247,590,280,100
770,474,1056,Shamela0023628,2691,5,785,473,74
770,213,734,Rafed0003257Vols,4044,781,1303,426,99
770,508,646,Rafed0003257Vols,4047,517,1062,113,25
770,701,995,Rafed0003257Vols,4048,568,981,241,70
770,480,632,Shamela0022593,843,21,520,96,22
770,213,358,Tafsir09083,1055,563,1113,118,25
770,430,820,Tafsir09083,1056,243,1578,309,27
770,295,734,Tafsir09083,1060,148,656,100,20
770,261,383,Tafsir09084,1809,0,201,99,59
770,556,734,Tafsir09084,1810,1110,1310,146,89
770,145,358,Sham19Y0020891,4552,266,450,136,77
770,511,734,Sham19Y0020891,4554,0,223,183,100
770,213,734,JK010001,3092,441,632,135,31
770,213,556,JK009270,3540,279,620,279,99
770,556,998,JK009270,3543,317,756,360,99
770,734,1089,Shamela0005756,9747,282,710,246,70
770,207,734,Meshkat0014420,3505,867,1393,427,98
770,832,1056,Meshkat0014420,3510,0,224,183,100
770,734,995,Sham19Y0016584,2533,377,638,214,100
770,145,383,JK006476,1247,850,1114,175,82
770,383,556,JK006476,1248,1156,1335,141,96
770,502,809,JK006476,1249,634,1093,250,66
770,284,1056,ShamAY0036821,1543,0,765,621,98
770,1056,1630,Meshkat00042485,4948,176,784,302,51
770,162,556,Shamela0012851,320,19,1575,305,24
770,734,977,Shamela0012851,321,831,1411,199,41
770,213,422,Sham19Y0147312,1521,151,359,170,99
770,422,594,Sham19Y0147312,1521,869,1041,141,100
770,594,734,Sham19Y0147312,1522,780,920,115,100
770,734,1089,Sham19Y0147312,1524,521,909,252,79
770,508,734,Shamela0004445,193,17,265,185,91
770,734,1004,Shamela0004445,253,93,366,218,97
770,207,422,Sham19Y0014592,1569,606,820,171,97
770,734,912,Sham19Y0018176,1273,1314,1491,144,99
770,145,474,Zaydiyya0000062,1424,208,552,239,82
770,447,734,Zaydiyya0000062,1425,986,1365,217,67
770,284,556,Shamela0037458,3084,1263,1535,222,100
770,556,966,Shamela0037458,3087,417,826,333,99
770,734,995,JK000110,878,909,1170,214,100
770,213,422,JK000791,1742,770,979,170,100
770,422,734,JK000791,1743,403,715,256,100
770,620,995,JK000791,1744,624,1014,224,55
770,213,556,Shamela0000922,939,234,1074,248,34
770,600,832,Shamela0000922,940,1037,1559,131,30
770,288,427,Shamela0023775,1041,333,472,111,98
770,213,422,JK007018,531,810,1018,169,99
770,502,734,JK007018,532,0,233,190,99
770,734,1056,JK007018,532,971,1355,262,83
770,734,995,Sham19Y0018103,2263,1113,1374,214,100
770,213,422,JK009396,1103,302,511,170,100
770,422,594,JK009396,1103,1451,1622,141,99
770,594,734,JK009396,1104,0,140,115,100
770,734,977,JK009396,1104,1397,1639,199,99
770,138,734,Sham19Y0023608,2897,15,740,467,78
770,734,931,Shamela0021715,5322,1325,1521,160,99
770,734,995,Shamela0001340,120,19,279,210,98
770,646,781,Shamela0001340,121,606,741,111,100
770,7,284,Meshkat00042488,1257,952,1499,157,34
770,218,415,Meshkat00042488,1258,0,702,160,28
770,646,995,Meshkat00042488,1260,15,1334,284,26
770,213,734,Shia003721Vols,97,961,1482,426,100
770,474,734,Shia003721Vols,104,55,427,212,69
770,734,977,Shia003721Vols,163,202,461,177,83
770,828,995,Shia003721Vols,165,0,167,137,100
770,1056,1516,ShamIbadiyya0000075,671,375,710,225,55
770,23,383,ShamIbadiyya0000075,671,65,710,239,44
770,556,734,Shamela0004473,401,294,472,146,100
770,734,995,Sham19Y0145435,4958,808,1069,214,100
770,195,734,Shia002356Vols,867,564,1091,427,97
770,734,995,Shia002356Vols,868,996,1257,214,100
770,269,646,Shamela0010523,87,0,377,309,100
770,594,870,Shamela0010523,88,1341,1616,225,99
770,870,1056,Shamela0010523,89,0,186,153,100
770,288,556,Tafsir04038,461,277,760,189,48
770,23,288,Shia002380Vols,573,773,1384,143,26
770,594,1036,Shia002380Vols,574,1110,1677,362,77
770,734,995,PV2024060602,878,909,1170,214,100
770,734,995,Shamela0001419,230,775,1036,214,100
770,145,358,JK001496,1637,647,832,136,77
770,422,734,JK001496,1638,692,1007,256,99
770,548,1056,Tafsir02102,3158,70,987,415,55
770,474,689,Shamela0008473,1970,1274,1480,170,95
770,138,422,Shamela0008473,3555,89,489,216,67
770,364,734,Shamela0008473,3556,11,506,302,74
770,556,995,Shamela0008473,3558,238,699,360,95
770,23,213,Shia002382Vols,1347,179,380,91,44
770,594,781,Shia002382Vols,1348,1288,1623,154,55
770,488,781,JK006474,2312,0,542,130,23
770,213,743,Tafsir07055,3182,62,259,132,29
770,225,447,Tafsir05047,642,0,1021,172,20
770,575,977,Tafsir05047,643,13,808,325,50
770,207,995,Shamela0012884,3846,656,1442,636,98
770,261,646,Shamela0012884,3847,317,1011,195,33
770,213,1056,Shamela0023591,5358,614,1457,688,99
770,213,734,Shamela0023591,5360,901,1422,426,100
770,734,995,Shamela0023591,5368,707,968,213,99
770,213,734,JK009266,7101,292,811,425,99
770,658,995,JK009266,7107,503,914,274,81
770,556,701,Shamela0010283,212,165,310,118,100
770,580,781,Tafsir10098,1118,298,1035,165,27
770,162,422,Shamela0021821,1368,595,912,197,76
770,403,734,Shamela0021821,1369,6,364,271,92
770,658,995,Shamela0021821,1370,316,754,268,74
770,734,995,Sham19Y0018106,2386,952,1213,214,100
770,556,734,JK009362,6001,686,872,146,95
770,213,651,JK001420,639,279,1142,324,46
770,646,1056,JK001420,640,316,727,176,39
770,213,734,JK006478,7023,391,914,426,99
770,813,1004,JK006478,7026,0,191,152,97
770,12,632,Tafsir08060,390,524,1484,343,39
770,23,556,Rafed0003943Vols,1199,139,572,349,80
770,646,977,Rafed0003943Vols,1202,85,416,270,99
770,213,422,Shamela0010273,2219,337,546,170,100
770,422,734,Shamela0010273,2220,999,1311,256,100
770,734,1068,Shamela0010273,2223,611,929,232,85
770,480,646,Shamela0007798,4120,674,1196,82,17
770,1056,1630,Tafsir01006,1090,557,1169,306,52
770,28,422,Tafsir06048,835,557,1365,234,32
770,734,977,Tafsir06048,836,1090,1531,199,55
770,774,995,Sham19Y0013605,2832,0,221,181,100
770,213,422,Sham19Y0014404,1075,382,1012,169,32
770,213,422,Meshkat00057178,2800,182,1078,140,18
770,646,839,Meshkat00057178,2802,986,1423,158,44
770,781,1056,Meshkat00057178,2803,11,879,187,25
770,213,422,Masaha000554Vols,4047,780,982,164,96
770,422,734,Masaha000554Vols,4050,1164,1474,253,98
770,284,781,JK000447,603,105,1144,223,24
770,23,1056,QuranAnalysis001,165,425,1357,758,89
770,213,556,Rafed0001713Vols,1882,1231,1574,280,99
770,12,213,Rafed0001713Vols,1882,397,711,111,41
770,556,1472,Rafed0001713Vols,1883,0,919,403,39
770,734,977,Rafed0001713Vols,1885,1310,1552,198,99
770,28,422,Tafsir04042,1659,58,1026,249,31
770,422,639,Zaydiyya0000476,280,1181,1476,178,72
770,556,701,Tafsir07057,3032,962,1107,118,100
770,556,734,Tafsir04056,5782,1104,1625,126,29
770,734,958,Tafsir04056,5783,194,1255,183,21
770,213,422,Shamela0000041,1898,939,1148,170,100
770,415,651,Shamela0000041,1899,644,880,188,97
770,556,1056,Shamela0000041,1900,31,1001,399,49
770,213,734,Shamela0023578,2323,924,1445,426,100
770,734,1056,Shamela0023578,2326,25,347,262,99
771,266,505,Meshkat00042485,4950,1021,1562,118,24
771,624,1584,Shia002380Vols,574,858,1535,347,37
771,260,841,Tafsir08060,390,1262,1591,195,37
771,361,693,Tafsir01006,1091,77,535,163,38
771,700,1123,Tafsir01006,1091,782,1280,196,39
771,163,693,Rafed0001713Vols,1884,617,1398,246,34
772,487,1034,Shia001432Vols,718,688,1229,431,98
772,487,1034,Shia001432Vols,2502,278,819,431,98
772,512,749,Shia001432Vols,18697,950,1189,190,99
772,487,1105,Shia001432Vols,30273,753,1365,488,98
772,487,749,Shamela0023632,2688,679,935,202,96
772,749,1163,Shamela0023632,2690,728,1143,331,99
772,508,975,Sham19Y0011326,36,1101,1567,375,99
772,614,1051,Sham19Y0011326,123,0,437,340,97
772,487,1034,Zaydiyya0000008,4,879,1420,432,98
772,487,1163,JK009268,3601,701,1381,533,97
772,589,749,Sham19Y0023618,1275,0,160,128,100
772,749,1163,Sham19Y0023618,1276,88,503,331,99
772,487,937,Shamela0023628,2691,770,1214,354,98
772,860,1163,Shamela0023628,2694,0,374,239,80
772,487,1163,Rafed0003257Vols,4050,566,1237,533,98
772,839,1051,Shamela0022593,1887,9,486,152,40
772,639,753,Sham19Y0020891,4566,520,634,92,100
772,647,1034,JK010001,1020,0,796,295,46
772,487,835,JK010001,1180,583,926,271,96
772,392,749,JK010001,3421,473,1106,212,39
772,835,1034,JK010001,3422,653,1131,159,41
772,693,1034,JK009270,3547,0,341,269,98
772,508,1034,Zaydiyya0000329,69,1098,1629,415,96
772,508,811,Meshkat0014420,3512,1280,1582,244,99
772,811,1034,Meshkat0014420,3513,0,223,179,100
772,508,739,JK006476,1251,687,892,155,82
772,739,1005,JK006476,1252,429,707,210,94
772,603,1067,JK000101,443,0,486,361,92
772,487,1163,ShamAY0036821,1543,750,1412,518,96
772,508,729,Shamela0001397,563,96,307,164,93
772,693,1105,Sham19Y0147312,1526,25,512,314,80
772,693,989,Tafsir02067,702,758,1514,229,37
772,496,835,Sham19Y0001791,41,850,1191,266,97
772,487,749,Zaydiyya0000062,1428,944,1205,200,94
772,749,946,Zaydiyya0000062,1430,1171,1368,153,96
772,937,1163,Zaydiyya0000062,1431,1288,1513,176,98
772,6,639,Shamela0037458,3089,540,890,225,39
772,639,1034,Shamela0037458,3091,1073,1468,319,100
772,794,1163,JK000791,1746,0,373,294,98
772,839,1082,Tafsir02011,1247,175,632,175,48
772,487,1027,Zaydiyya0000042,188,157,700,417,94
772,639,1163,Shamela0000922,941,876,1499,190,26
772,582,749,Tafsir07076,1537,1000,1328,133,50
772,749,1067,Tafsir07076,1540,383,747,247,84
772,739,1163,JK007018,533,441,1221,331,53
772,487,1034,Sham19Y0029676,115,629,1168,427,96
772,806,1034,JK009396,1106,604,893,171,73
772,487,941,Sham19Y0023608,2905,1129,1577,357,98
772,487,732,JK000381,1914,867,1110,186,94
772,508,1067,JK000381,2397,464,1049,437,91
772,702,1034,Shamela0001340,227,0,332,268,100
772,593,839,Meshkat00042488,1262,75,709,195,38
772,780,1034,Meshkat00042488,1262,1017,1434,199,59
772,508,1034,Shamela0004473,6,850,1376,423,100
772,508,1034,Shamela0004473,1889,132,658,423,100
772,487,1034,Shamela0004473,11677,713,1254,432,98
772,639,1034,Sham19Y0030863,65,540,935,319,100
772,487,1105,Shia002356Vols,869,120,727,483,97
772,487,1178,Shamela0010523,89,171,866,535,95
772,385,1163,Shia002380Vols,575,6,1126,538,56
772,835,1034,JK001496,1643,1207,1521,157,62
772,846,1082,Tafsir02091,1561,232,866,168,33
772,855,1034,Tafsir02102,3162,11,491,138,36
772,749,1034,Shamela0008473,3565,678,1443,205,32
772,625,1034,Tafsir07055,1076,0,808,305,47
772,475,786,Tafsir07055,1239,695,1000,236,94
772,392,758,Tafsir07055,3512,763,1401,214,39
772,835,1034,Tafsir07055,3513,919,1394,159,41
772,508,749,Shamela0012884,3848,538,778,192,99
772,678,1034,Shamela0012884,3849,135,530,268,82
772,625,1163,Shamela0023591,5359,0,539,431,99
772,487,1174,Shamela0023591,5369,393,1075,536,97
772,835,1034,JK009266,7112,643,842,157,98
772,915,1163,Rafed0003314Vols,283,429,1062,129,23
772,487,1048,Zaydiyya0000217,16,411,967,436,96
772,512,729,Shamela0009943,403,33,251,172,98
772,508,1034,Shamela0002386,127,90,548,355,84
772,765,1163,Shamela0021821,1372,0,917,274,36
772,508,732,Shamela0012318,37,1047,1271,177,99
772,819,937,Shia004549Vols,277,402,600,94,59
772,508,1067,Shamela0011730,666,62,647,435,91
772,512,1105,JK001110,51,848,1449,477,98
772,512,1105,JK001420,640,807,1483,383,61
772,487,729,Shamela0011354,153,420,656,186,96
772,487,1034,Shia003986,10,491,1028,425,96
772,749,1034,Zaydiyya0000039,476,236,715,227,58
772,508,749,Rafed0003943Vols,1203,4,658,193,36
772,892,1163,Rafed0003943Vols,1205,0,272,215,99
772,888,1105,Shamela0010273,2230,0,330,170,64
772,835,1040,Shamela0007798,7128,117,714,151,31
772,749,1019,Sham19Y0014404,1079,379,1288,207,28
772,806,1034,Meshkat00057178,2805,157,709,154,32
772,516,1034,Masaha000554Vols,4058,0,509,401,96
772,702,1163,QuranAnalysis001,166,0,461,369,100
772,487,1105,Shia001367,25,821,1434,489,98
772,487,876,Shia001367,73,1168,1550,305,97
772,876,1105,Shia001367,74,0,230,184,99
772,360,632,Rafed0001713Vols,1887,1216,1592,152,49
772,632,1279,Rafed0001713Vols,1888,0,624,374,60
772,758,1034,Tafsir04042,1665,132,762,213,42
772,508,1034,Zaydiyya0000076BK5,32,417,943,423,100
772,835,989,Tafsir04056,5789,702,994,103,41
772,811,989,Tafsir02094,2842,1370,1568,119,69
772,365,753,Shamela0000041,1901,527,850,237,76
772,769,1105,Shamela0000041,1902,0,339,270,98
772,360,1488,Shamela0023578,2327,288,1377,669,68
772,716,1082,Shamela0023578,2328,44,891,286,42
773,0,669,Sham19Y0011326,36,1240,1554,238,44
773,0,862,Sham19Y0011326,123,33,420,289,41
773,0,862,Zaydiyya0000008,4,1033,1420,289,41
773,623,920,Tafsir09083,1059,7,729,154,26
773,596,1083,Meshkat00042485,4960,355,899,295,60
773,0,862,Shamela0037458,3091,1081,1468,289,41
773,458,865,Shamela0021766,3286,891,1445,234,53
773,0,862,Sham19Y0029676,115,778,1168,297,42
773,0,905,JK000381,2397,603,1049,308,41
773,179,862,Shamela0001340,227,14,332,239,43
773,0,865,JK000818,461,149,1086,365,39
773,645,994,ShamIbadiyya0000075,674,102,504,234,70
773,0,862,Shamela0004473,6,989,1376,289,41
773,0,865,Shamela0004473,1889,271,662,291,42
773,0,862,Shamela0004473,11677,867,1254,289,41
773,0,862,Sham19Y0030863,65,548,935,289,41
773,0,924,Shamela0010523,89,325,764,329,44
773,0,924,Shia002380Vols,575,299,978,432,54
773,0,415,Shia002382Vols,1349,814,1263,206,46
773,452,920,Shia002382Vols,1350,32,412,253,65
773,0,862,Zaydiyya0000217,16,565,952,289,41
773,0,862,Shamela0002386,127,229,548,229,33
773,0,905,Shamela0011730,666,200,647,301,40
773,802,1359,Tafsir01006,1094,0,662,224,36
773,547,924,Sham19Y0014404,1079,1128,1560,158,35
773,179,924,QuranAnalysis001,166,14,384,279,47
773,0,862,Zaydiyya0000076BK5,32,556,943,289,41
773,218,920,Shamela0000041,1902,339,919,318,49
773,298,920,Shamela0023578,2328,475,891,286,55
773,357,920,JK000876,1080,346,1080,257,41
774,551,1100,Shia001432Vols,2502,828,1222,292,66
774,381,670,Shamela0023632,2692,1257,1547,227,97
774,863,1177,Shamela0023632,2694,0,314,254,100
774,443,696,Tafsir03097,1182,0,866,198,28
774,390,838,JK009268,3610,1169,1616,357,99
774,838,1177,JK009268,3611,0,339,274,100
774,375,1128,Sham19Y0023618,1277,776,1527,596,98
774,328,930,Shamela0023628,2694,259,914,458,87
774,390,830,Shamela0023628,2695,344,1231,339,48
774,930,1177,Shamela0023628,2696,165,412,199,100
774,551,804,Rafed0003257Vols,4061,441,694,200,100
774,757,1177,Rafed0003257Vols,4063,422,971,338,76
774,566,670,Shamela0022593,1889,9,332,82,32
774,551,807,Tafsir09083,1061,146,941,191,30
774,632,780,Tafsir09084,1819,27,539,58,13
774,900,1106,Sham19Y0020891,4584,294,487,134,82
774,502,757,Tafsir09068,882,103,752,194,37
774,502,863,JK009270,3560,418,779,287,100
774,863,1096,JK009270,3563,737,970,186,99
774,328,592,Meshkat0014420,3516,289,606,189,74
774,592,804,Meshkat0014420,3519,293,505,168,100
774,804,1091,Meshkat0014420,3520,654,941,231,100
774,48,581,JK006476,1253,954,1453,191,33
774,639,794,JK006476,1254,1334,1497,123,93
774,936,1064,JK006476,1255,1121,1254,101,94
774,542,1177,ShamAY0036821,1544,0,632,499,98
774,457,1091,Sham19Y0147312,1528,0,1220,502,51
774,551,746,Shamela0022769,1155,906,1497,140,30
774,457,661,Zaydiyya0000062,1433,1412,1615,162,99
774,670,930,Zaydiyya0000062,1435,86,509,208,61
774,900,1177,Zaydiyya0000062,1436,147,413,204,91
774,551,940,Shamela0037458,3096,958,1352,302,96
774,930,1177,Shamela0037458,3099,61,308,199,100
774,328,804,JK000791,1746,258,787,356,84
774,670,1131,JK000791,1747,787,1478,333,59
774,566,838,Tafsir02011,1248,702,1474,179,29
774,551,1100,Shamela0000922,942,1055,1312,129,30
774,514,1177,JK007018,534,0,942,532,70
774,592,1091,JK009396,1107,890,1389,399,100
774,390,592,JK009396,1107,0,202,162,99
774,375,804,Sham19Y0023608,2912,330,758,335,96
774,629,757,Sham19Y0023608,2914,74,863,97,15
774,804,1091,Sham19Y0023608,2915,54,341,231,100
774,390,804,JK000818,462,190,1176,297,38
774,551,670,Meshkat00042488,1264,1017,1316,94,39
774,566,670,ShamAY0033108,1326,971,1332,82,28
774,514,804,Shia002356Vols,871,0,288,229,99
774,804,1177,Shia002356Vols,872,996,1368,300,99
774,390,1170,Shamela0010523,91,697,1476,626,99
774,390,670,Tafsir04038,462,281,648,181,61
774,652,1170,Shia002380Vols,576,17,933,412,56
774,930,1091,Shamela0001419,282,398,559,129,100
774,804,1091,JK001496,1649,293,1231,223,29
774,560,811,Tafsir02102,3164,81,1026,184,24
774,936,1091,Tafsir02102,3165,199,649,124,34
774,0,592,Shamela0008473,3568,56,723,229,31
774,592,804,Shamela0008473,3569,109,321,168,100
774,811,1091,Shamela0008473,3570,0,280,226,100
774,551,804,AOCP202502141169Vols,1843,261,1128,189,27
774,804,984,AOCP202502141169Vols,1844,227,675,116,31
774,328,804,Shamela0012884,3851,537,1054,351,85
774,804,965,Shamela0012884,3853,18,179,130,100
774,328,1177,Shamela0023591,5359,424,1326,657,90
774,226,1177,Shamela0023591,5380,74,967,664,86
774,48,804,JK009266,7117,65,857,359,44
774,804,1091,JK009266,7119,1028,1315,231,100
774,443,804,Shamela0021821,1373,211,878,287,54
774,757,1091,Shamela0021821,1374,176,638,266,71
774,804,1091,ShamAY0036018,440,256,734,183,42
774,592,804,Tafsir10066,1248,274,898,160,32
774,732,965,JK001110,52,0,155,119,64
774,390,1041,JK001420,641,530,1307,235,32
774,670,965,JK007094,430,692,1168,90,18
774,226,656,JK006478,7036,1174,1526,246,68
774,656,804,JK006478,7037,0,150,118,98
774,804,1091,JK006478,7039,937,1226,231,98
774,718,930,Rafed0003943Vols,1205,1120,1332,170,100
774,328,718,Rafed0003943Vols,1205,157,600,288,81
774,592,718,Shamela0010273,2233,1213,1339,100,100
774,804,1091,Shamela0010273,2235,858,1145,231,100
774,476,670,ShamAY0007299,2592,0,194,155,100
774,502,863,Sham19Y0014404,1081,134,1204,279,32
774,390,863,Meshkat00057178,2807,65,1420,330,29
774,863,1091,Meshkat00057178,2808,678,1321,184,35
774,502,804,Masaha000554Vols,4066,1275,1577,237,97
774,804,1091,Masaha000554Vols,4070,442,726,227,98
774,328,1177,QuranAnalysis001,166,346,1248,658,90
774,226,804,Rafed0001713Vols,1891,788,1414,373,75
774,804,1177,Rafed0001713Vols,1893,542,915,301,100
774,566,780,Tafsir04042,1668,350,1039,147,27
774,536,670,Tafsir04056,5793,597,1140,103,23
774,395,787,Shamela0000041,1903,887,1507,311,62
774,502,1091,Shamela0000041,1904,76,1169,464,53
774,375,1246,Shamela0023578,2330,348,1146,619,86
774,652,1091,Shamela0023578,2331,147,1033,347,48
775,78,413,Tafsir03097,1182,520,866,105,25
775,30,610,JK009268,3610,1330,1616,222,48
775,30,1197,Sham19Y0023618,1277,951,1491,420,45
775,30,808,Shamela0023628,2694,535,914,297,47
775,30,736,Shamela0023628,2695,641,1451,323,41
775,730,1071,Shamela0023628,2696,0,673,149,24
775,30,568,Rafed0003257Vols,4061,441,700,195,46
775,30,509,Tafsir09068,882,275,752,163,29
775,30,635,JK009270,3560,467,779,242,50
775,130,568,Meshkat0014420,3519,287,511,167,47
775,387,1197,ShamAY0036821,1544,127,546,331,51
775,30,483,Meshkat00042485,4967,886,1611,276,42
775,30,1197,Sham19Y0147312,1528,270,1220,416,33
775,30,823,Shamela0037458,3096,958,1346,296,46
775,30,562,JK000791,1746,534,787,195,46
775,144,1197,JK000791,1747,539,1439,367,34
775,30,1197,JK007018,534,37,855,430,37
775,136,1197,JK009396,1107,890,1389,394,46
775,30,562,Sham19Y0023608,2912,505,758,195,46
775,30,562,Shia002356Vols,871,36,288,194,46
775,30,1197,Shamela0010523,91,858,1398,420,45
775,387,873,Shia002380Vols,576,55,497,276,63
775,78,562,Tafsir02102,3164,87,1019,268,34
775,136,562,Shamela0008473,3569,109,321,163,48
775,30,562,Shia002382Vols,1351,45,589,261,45
775,576,1168,Shia002382Vols,1351,888,1539,292,49
775,30,562,Shamela0012884,3851,801,1054,195,46
775,30,1197,Shamela0023591,5359,700,1240,420,45
775,30,1197,Shamela0023591,5380,341,881,420,45
775,30,562,JK009266,7117,604,857,195,46
775,30,562,Shamela0021821,1373,444,878,213,41
775,476,867,JK001110,52,0,155,120,38
775,387,867,JK007094,430,692,1168,95,16
775,387,562,JK006478,7037,14,150,105,75
775,30,635,Tafsir08060,391,1145,1547,226,41
775,718,1197,Tafsir08060,392,96,517,193,41
775,78,462,Shamela0010273,2233,1081,1339,145,40
775,30,462,Tafsir01006,1095,939,1590,262,45
775,30,1197,QuranAnalysis001,166,622,1162,420,45
775,30,562,Rafed0001713Vols,1891,1161,1414,195,46
775,30,545,Shamela0000041,1903,1273,1507,181,44
775,30,906,Shamela0000041,1904,125,1062,398,41
775,387,1197,Shamela0023578,2330,642,1063,337,51
775,387,1334,Shamela0023578,2331,195,1224,462,46
776,814,986,Shia001432Vols,1751,53,225,136,100
776,721,1312,Shia001432Vols,2502,1202,1519,233,48
776,1139,1319,Shia001432Vols,24159,0,186,145,96
776,613,898,Shamela0023632,2697,0,284,227,98
776,898,1319,Shamela0023632,2699,305,727,336,99
776,591,786,Tafsir03097,1185,272,859,155,32
776,571,1319,JK009268,3611,339,1089,598,99
776,571,786,JK009268,3620,1044,1459,168,50
776,571,898,Sham19Y0023618,1279,523,849,260,99
776,898,1102,Sham19Y0023618,1280,1208,1412,162,100
776,1102,1319,Sham19Y0023618,1281,378,596,174,99
776,814,986,JK001137,57,642,814,136,100
776,571,898,Shamela0023628,2698,1181,1506,260,98
776,898,1319,Shamela0023628,2700,1018,1440,336,99
776,571,735,Rafed0003257Vols,4063,971,1134,130,98
776,735,986,Rafed0003257Vols,4069,632,883,200,100
776,1102,1319,Rafed0003257Vols,4071,1204,1422,174,99
776,898,1102,Sham19Y0020891,4593,334,538,162,100
776,1172,1319,Sham19Y0020891,4598,0,148,120,99
776,814,970,JK010001,1649,1394,1549,123,99
776,814,1102,JK010001,3864,204,468,194,85
776,571,814,JK009270,3565,638,882,196,99
776,814,1181,JK009270,3569,403,770,290,100
776,1181,1319,JK009270,3573,1125,1263,112,100
776,1181,1319,ShamAY0034106,238,676,875,112,69
776,571,814,Meshkat0014420,3522,587,830,196,100
776,814,1319,Meshkat0014420,3525,884,1389,402,100
776,667,873,JK006476,1258,1046,1260,164,95
776,866,1037,JK006476,1259,850,1027,132,94
776,1037,1319,JK006476,1260,633,924,224,96
776,814,1037,Shamela0002300,799,699,921,175,99
776,502,1324,ShamAY0036821,1544,602,1488,528,64
776,1083,1257,Shamela0029677,686,45,213,125,90
776,600,735,Shamela0029677,1309,0,135,110,100
776,1388,1557,Meshkat00042485,4972,960,1139,119,77
776,1074,1294,Shamela0012851,333,327,757,173,50
776,571,827,Sham19Y0147312,1530,156,424,201,93
776,1102,1319,Sham19Y0147312,1533,6,223,174,100
776,814,986,Shamela0004445,6940,188,360,135,99
776,581,789,Shamela0022769,1158,265,951,165,29
776,571,1037,Tafsir02067,705,357,1363,365,45
776,739,1102,Zaydiyya0000062,1439,284,901,282,57
776,1102,1319,Zaydiyya0000062,1441,1014,1232,173,99
776,571,898,Shamela0037458,3103,976,1303,262,100
776,1107,1319,Shamela0037458,3110,0,212,170,100
776,571,819,JK000791,1750,888,1147,200,95
776,687,1102,JK000791,1751,43,535,289,73
776,1037,1319,JK000791,1753,0,394,218,69
776,898,1319,Shamela0000922,943,822,1479,189,31
776,571,1102,JK007018,535,609,1306,418,75
776,1018,1319,JK007018,536,819,1122,195,72
776,571,819,JK009396,1109,1104,1359,200,97
776,814,1102,JK009396,1110,175,463,228,100
776,1185,1319,JK009396,1112,0,134,109,100
776,571,1102,Sham19Y0023608,2918,24,554,422,99
776,571,760,Sham19Y0023608,2919,827,1652,149,22
776,1102,1319,Sham19Y0023608,2922,533,751,174,99
776,1095,1257,JK000381,3639,217,378,124,96
776,694,898,Meshkat00042488,1268,122,809,158,28
776,1155,1319,Meshkat00042488,1270,270,771,128,31
776,744,1001,ShamIbadiyya0000075,676,1120,1565,205,57
776,1102,1319,Shamela0004473,8009,182,399,174,100
776,624,877,ShamAY0033108,1330,216,1271,196,23
776,571,735,Shia002356Vols,872,1368,1532,132,100
776,694,1319,Shia002356Vols,875,559,1216,479,91
776,571,1319,Shamela0010523,92,7,755,598,100
776,571,735,Noorlib0015842,113,891,1054,125,91
776,1102,1261,Zaydiyya0000142,2611,1401,1560,122,97
776,735,1145,Shia002380Vols,577,524,1344,323,49
776,1102,1319,ShamAY0001202,86,238,456,174,99
776,624,760,JK001496,1652,1293,1437,91,79
776,721,898,JK001496,1653,976,1412,137,39
776,1058,1319,JK001496,1656,138,447,188,76
776,571,735,ShamAY0001760,38,6,170,132,100
776,624,877,Tafsir02091,1567,190,1242,193,23
776,694,966,Tafsir02102,3167,1051,1581,214,50
776,571,819,Shamela0008473,3575,564,814,197,98
776,694,1102,Shamela0008473,3576,121,996,324,46
776,1037,1324,Shamela0008473,3579,300,550,186,81
776,814,986,JK009265,167,501,672,135,99
776,624,786,JK006474,2333,502,1027,120,28
776,814,986,Tafsir07055,1716,38,210,136,100
776,1149,1294,Tafsir07055,2933,775,1406,91,18
776,502,882,Tafsir05047,647,602,1487,262,35
776,571,814,Shamela0012884,3860,1123,1366,196,100
776,1014,1319,Shamela0012884,3864,85,357,191,78
776,571,760,Shamela0023591,5359,1326,1513,150,97
776,760,1319,Shamela0023591,5360,0,560,446,99
776,571,1388,Shamela0023591,5386,347,1207,640,91
776,571,814,JK009266,7122,183,427,196,99
776,1102,1319,JK009266,7129,487,704,174,100
776,571,814,Shamela0021821,1376,729,972,196,100
776,735,1102,Shamela0021821,1377,30,453,291,86
776,986,1319,Shamela0021821,1378,1129,1454,225,81
776,898,1074,Shia002389Vols,2120,47,245,124,80
776,1074,1257,JK009362,6051,86,294,138,84
776,986,1319,JK001110,89,412,745,266,100
776,561,898,Shamela0007853,39,1142,1289,110,41
776,699,986,JK001420,642,19,687,151,25
776,502,814,JK006478,7041,847,1123,208,81
776,1058,1319,JK006478,7047,794,1132,203,75
776,571,898,Rafed0003943Vols,1206,519,1166,260,49
776,898,1257,Rafed0003943Vols,1207,1062,1355,173,59
776,882,1102,Rafed0003943Vols,1207,52,312,175,84
776,571,814,Shamela0010273,2239,721,963,194,98
776,576,1102,Shamela0010273,2241,565,1541,357,43
776,1102,1324,Shamela0010273,2247,159,382,175,98
776,596,814,Shamela0007798,7143,173,918,174,28
776,1388,1557,Tafsir01006,1097,556,737,119,77
776,1107,1294,Tafsir06048,844,0,266,141,64
776,421,898,Sham19Y0014404,1083,241,1517,278,25
776,1037,1319,Sham19Y0014404,1085,429,1217,226,35
776,694,814,Meshkat00057178,2811,132,252,97,100
776,1155,1319,Meshkat00057178,2814,21,223,133,81
776,571,735,Masaha000554Vols,4075,877,1040,130,96
776,735,986,Masaha000554Vols,4085,1149,1396,195,98
776,986,1319,Masaha000554Vols,4090,415,750,262,97
776,571,841,QuranAnalysis001,166,1248,1517,217,99
776,841,1319,QuranAnalysis001,167,0,478,381,100
776,571,735,Rafed0001713Vols,1893,915,1078,130,98
776,1319,1557,Rafed0001713Vols,1896,610,1228,158,30
776,721,1102,Rafed0001713Vols,1897,577,958,301,99
776,1065,1319,Rafed0001713Vols,1900,811,1038,179,87
776,596,735,Tafsir04042,1670,677,896,113,63
776,941,1312,Zaydiyya0000476,170,641,1608,208,24
776,1102,1312,Zaydiyya0000476,179,1284,1496,168,98
776,941,1312,Zaydiyya0000476,224,366,1333,208,24
776,1102,1312,Zaydiyya0000476,233,1012,1224,168,98
776,638,903,Shamela0000041,1909,0,665,208,39
776,1018,1319,Shamela0000041,1912,330,621,233,96
776,571,1139,Shamela0023578,2335,932,1498,451,99
776,1139,1521,Shamela0023578,2336,0,408,268,77
776,1053,1284,Shamela0023578,2342,882,1432,184,42
777,315,1459,Shia002380Vols,577,509,1139,341,36
777,329,1459,Shia002382Vols,1356,312,1176,353,33
777,559,1410,Tafsir01006,1098,39,962,328,37
777,72,652,Sham19Y0014404,1083,983,1452,174,29
778,813,1324,Shia001432Vols,3904,1039,1552,411,97
778,1324,1571,Shia001432Vols,3905,0,248,195,99
778,705,978,Shamela0023632,2701,1067,1371,198,79
778,1230,1522,Shamela0023632,2704,962,1254,234,100
778,777,1116,JK009325,766,352,752,273,83
778,676,1356,JK009268,3621,929,1607,486,80
778,1356,1571,JK009268,3622,0,216,172,99
778,777,1109,Zaydiyya0000077Vols,75,989,1322,272,99
778,808,1391,Sham19Y0023618,1282,0,584,475,99
778,1391,1571,Sham19Y0023618,1283,719,900,144,99
778,777,935,Hindawi085804642,23,1405,1563,128,98
778,813,1230,Shamela0023628,2703,222,632,331,97
778,1230,1475,Shamela0023628,2706,1255,1499,197,99
778,676,1116,Rafed0003257Vols,4073,234,618,303,82
778,1210,1571,Rafed0003257Vols,4078,0,363,291,99
778,800,1116,Rafed0002209Vols,1023,1109,1426,259,99
778,781,1116,Rafed0002209Vols,1502,1103,1434,265,96
778,1377,1522,Sham19Y0020891,4612,116,266,115,96
778,1247,1410,Hindawi019640759,25,1432,1594,129,98
778,1410,1571,Hindawi019640759,26,0,162,129,99
778,777,1116,Shamela0023789,904,463,846,278,88
778,781,1124,Shamela0023789,1242,1029,1365,267,94
778,1116,1475,JK010001,1557,892,1242,191,50
778,800,1049,JK009270,3575,744,994,204,99
778,1049,1391,JK009270,3583,1061,1403,275,99
778,1391,1571,JK009270,3587,927,1108,144,99
778,1230,1475,ShamAY0034106,239,751,1438,150,27
778,761,1095,Meshkat0014420,3530,356,738,243,78
778,1116,1475,Meshkat0014420,3532,756,1115,289,100
778,1410,1545,JK006476,1265,446,587,108,95
778,777,1124,Shamela0008505,618,80,491,280,82
778,777,978,Sham19Y0147312,1533,613,814,164,100
778,800,1116,Shamela0004445,342,771,1088,259,99
778,1116,1391,Shamela0004445,345,163,438,220,99
778,1391,1571,Shamela0004445,346,1002,1183,144,99
778,800,1049,Shamela0004445,4613,7,257,204,99
778,1268,1438,Tafsir02067,708,123,432,133,54
778,1230,1475,Sham19Y0013550,426,464,696,134,68
778,1155,1475,Zaydiyya0000062,1445,1158,1484,214,82
778,781,1124,Shamela0012320,2061,401,741,268,95
778,777,1116,Hindawi027508303,109,503,885,278,88
778,705,1116,Shamela0037458,3112,623,1108,308,77
778,1116,1410,Shamela0037458,3114,1275,1570,231,97
778,1391,1571,Shamela0037458,3117,371,552,144,99
778,705,1116,JK000791,1754,163,667,314,75
778,1100,1247,JK000791,1754,1462,1608,119,99
778,1247,1391,JK000791,1755,0,144,114,98
778,1318,1571,JK000791,1756,338,827,183,47
778,1268,1534,Noorlib0038508,94,252,846,206,43
778,1160,1475,Shamela0000922,945,445,1349,210,27
778,1131,1363,Tafsir07076,3614,132,376,149,74
778,1116,1391,JK007018,537,1268,1544,221,99
778,1381,1571,JK007018,538,1197,1407,152,90
778,827,1230,Shia004092Vols,10939,864,1267,328,99
778,595,1131,JK009396,1112,593,1192,333,67
778,1116,1410,JK009396,1113,1279,1574,229,96
778,1391,1571,JK009396,1115,822,1003,144,99
778,777,1116,Sham19Y0023608,2925,970,1310,278,99
778,1116,1512,Sham19Y0023608,2929,1157,1552,318,99
778,1391,1571,Sham19Y0023608,2933,22,739,140,24
778,800,1049,Hindawi083020303,33,369,618,204,100
778,793,1116,Masaha004387Vols,537,222,544,261,98
778,800,1116,Shamela0009773,793,236,553,259,99
778,1306,1475,Meshkat00042488,1273,732,1351,134,27
778,777,1116,Shamela0010614,330,405,783,278,89
778,777,1116,Shia003721Vols,254,363,702,278,100
778,1116,1391,Shia003721Vols,256,1200,1475,220,99
778,1391,1571,Shia003721Vols,258,444,625,144,99
778,333,1109,ShamIbadiyya0000075,677,531,1530,443,48
778,1116,1571,Sham19Y0030863,33,973,1517,188,33
778,1410,1522,Shamela0022371,245,17,159,59,47
778,1116,1571,Shamela0012828,9,429,885,365,99
778,777,1124,Sham19Y0145435,3323,242,643,280,84
778,777,1116,Sham19Y0145435,5046,579,918,278,100
778,1116,1366,Sham19Y0145435,5047,1357,1606,202,99
778,1391,1571,Sham19Y0145435,5048,1355,1536,144,99
778,1160,1571,JK000961,111,787,1287,268,68
778,1324,1487,JK000961,112,8,289,128,57
778,777,1116,Shia002356Vols,877,376,717,278,99
778,1073,1475,Shia002356Vols,878,287,715,308,87
778,800,1419,Shamela0010523,96,944,1562,503,99
778,1247,1571,Shamela0010523,98,398,916,124,23
778,1339,1571,Tafsir04038,467,582,1165,147,32
778,192,1116,Shia002380Vols,578,250,1370,512,47
778,1230,1522,JK001496,1661,752,1147,159,41
778,1324,1475,Tafsir02102,3173,29,309,119,53
778,800,1131,Shamela0008473,3581,141,472,263,97
778,1116,1391,Shamela0008473,3582,936,1211,220,99
778,1391,1571,Shamela0008473,3584,1112,1293,144,99
778,1318,1571,Shia002382Vols,1163,567,1196,162,33
778,1116,1475,Tafsir07055,1623,347,697,191,50
778,777,995,Shamela0038011,623,719,939,167,93
778,777,912,Shamela0038011,781,103,239,109,99
778,827,1230,Rafed0002654Vols,10798,980,1384,329,99
778,777,1571,Shamela0023591,5395,297,1093,644,99
778,800,1116,Shamela0023591,5400,1169,1486,259,99
778,1116,1410,Shamela0023591,5402,787,1085,228,95
778,1230,1571,Shamela0023591,5404,990,1438,199,46
778,800,1116,JK009266,7131,620,937,259,99
778,1116,1410,JK009266,7133,1093,1393,229,95
778,1391,1522,JK009266,7136,456,587,104,100
778,840,1116,Shamela0012396BK2,174,0,276,227,100
778,777,1116,Shamela0010283,4581,1162,1540,278,89
778,777,1124,Shamela0010283,5631,745,1090,280,97
778,800,1116,Shamela0010283,6417,1041,1358,259,99
778,786,1116,Shamela0021821,1379,1078,1414,264,95
778,1068,1391,Shamela0021821,1380,1100,1579,261,67
778,1377,1571,Shamela0021821,1383,608,808,155,97
778,827,1199,JK009362,6057,1138,1622,299,75
778,1199,1571,JK009362,6058,0,379,299,97
778,800,1116,JK009362,6083,555,1004,250,68
778,781,1124,Shamela0007853,155,137,479,259,91
778,781,1124,ShamAY0033599,129,166,520,269,92
778,676,1116,JK006478,7049,77,579,324,73
778,1253,1391,JK006478,7052,0,138,110,99
778,1391,1522,JK006478,7055,771,901,104,99
778,777,978,Rafed0003943Vols,1208,461,663,164,99
778,1324,1522,Rafed0003943Vols,1210,363,545,118,70
778,1116,1391,Shamela0010273,2251,903,1178,222,100
778,1391,1522,Shamela0010273,2254,568,699,104,100
778,777,1124,Shia004456Vols,2007,1075,1486,280,82
778,786,1068,Kraken210904174302,270,826,1107,218,94
778,1230,1391,Sham19Y0096629,9,534,869,130,48
778,827,1116,Sham19Y0020642,293,296,585,237,100
778,777,1124,Shia001555Vols,1275,471,882,280,82
778,777,1116,Hindawi026382506Vols,464,1243,1630,278,87
778,793,1116,Masaha000554Vols,4096,658,978,253,95
778,1116,1391,Masaha000554Vols,4104,835,1108,218,98
778,1391,1571,Masaha000554Vols,4109,1129,1309,143,98
778,804,1571,QuranAnalysis001,167,491,1259,622,99
778,800,1124,Shamela0009429,174,13,335,261,97
778,800,1571,Hindawi084602738,160,31,854,618,92
778,777,1116,Rafed0001713Vols,1901,1097,1437,278,99
778,1185,1475,Rafed0001713Vols,1904,0,291,234,99
778,1116,1391,Tafsir07057,3474,408,683,220,99
778,4,551,Shamela0000041,1912,642,1302,230,43
778,609,1230,Shamela0000041,1913,0,1022,438,50
778,1410,1522,Shamela0000041,1918,0,112,89,100
778,777,1116,Shamela0023578,2343,850,1190,278,99
778,1100,1571,Shamela0023578,2344,530,1026,379,94
779,332,501,Shia001432Vols,3906,980,1172,84,47
779,221,408,Meshkat00042485,4981,83,238,95,56
779,112,1161,Shia002380Vols,578,934,1572,333,35
779,1088,1525,Tafsir02102,3172,1080,1601,206,37
779,137,908,Tafsir02102,3172,108,976,246,27
779,112,970,Shia002382Vols,1358,404,1058,303,36
779,112,379,Tafsir01006,1099,1314,1563,118,45
779,541,1285,Tafsir01006,1100,553,1411,300,40
780,447,1071,JK000865,504,882,1496,245,40
780,540,1002,Meshkat00042485,4987,183,698,213,42
780,471,1122,ShamIbadiyya0000075,678,652,1256,282,45
780,420,1122,Shia002380Vols,579,572,1402,317,44
780,95,685,Shamela0008473,3584,666,1196,188,33
780,420,1063,Shia002382Vols,1360,619,1513,284,35
780,540,1231,JK000458,2612,495,1517,311,34
780,545,1231,Tafsir01006,1102,0,768,306,40
780,832,1122,Rafed0001713Vols,1907,840,1395,184,38
781,601,827,Shamela0006626,68,1041,1424,162,53
781,396,710,Shia001432Vols,3256,202,671,247,65
781,19,862,Shia001432Vols,3905,323,1101,611,90
781,396,710,Shia001432Vols,3924,295,791,249,63
781,220,827,Shia001432Vols,3932,174,809,351,57
781,19,377,Shamela0023632,2707,495,788,222,76
781,366,566,Shamela0023632,2709,1030,1228,156,98
781,558,857,Shamela0023632,2710,1154,1453,236,99
781,193,827,JK000435,281,615,1284,260,38
781,470,646,Rafed0002679Vols,375,1273,1449,141,100
781,321,710,ShamAY0033732,60,618,929,174,48
781,19,857,JK009268,3622,291,1064,608,90
781,180,429,Shia004552Vols,72,357,610,197,98
781,180,862,Sham19Y0023618,1284,328,1010,542,99
781,470,646,Shamela0010551,409,528,704,141,100
781,19,566,Shamela0023628,2709,29,511,374,84
781,558,698,Shamela0023628,2711,1385,1524,109,99
781,698,862,Shamela0023628,2712,0,164,131,99
781,180,710,Rafed0003257Vols,4083,798,1328,421,100
781,710,862,Rafed0003257Vols,4088,817,969,121,99
781,326,646,Tafsir09084,1829,19,728,225,40
781,180,461,Sham19Y0020891,4617,1271,1550,222,99
781,470,710,Sham19Y0020891,4619,1110,1349,191,99
781,121,470,Hindawi019640759,26,909,1262,279,98
781,180,862,JK010001,1561,145,902,339,44
781,180,326,JK010001,2782,1276,1422,117,100
781,461,827,Shia001146,140,8,426,281,83
781,201,710,JK009270,3592,0,507,401,99
781,330,646,ShamAY0034106,240,853,1389,207,49
781,121,805,Meshkat0014420,3538,443,1125,543,99
781,470,690,JK006476,1268,818,1041,175,98
781,1150,1468,Meshkat00042485,4991,425,835,157,38
781,180,396,Rafed0003376Vols,1102,0,292,147,59
781,180,326,Hindawi046307961,158,856,1002,117,100
781,19,470,Sham19Y0147312,1537,207,996,300,43
781,436,735,Sham19Y0147312,1538,89,390,216,90
781,121,479,Shamela0004445,348,436,794,279,98
781,326,857,Shamela0004445,349,528,1097,421,93
781,19,366,Sham19Y0013550,426,1049,1324,174,62
781,180,366,Sham19Y0013550,428,1085,1271,148,100
781,180,425,Zaydiyya0000062,1449,1308,1543,184,95
781,425,693,Zaydiyya0000062,1450,1242,1510,209,96
781,185,710,Rafed0001121,520,286,1252,407,52
781,19,366,Shamela0037458,3119,1042,1324,218,77
781,366,805,Shamela0037458,3122,277,716,348,99
781,34,470,JK000791,1758,303,702,303,84
781,366,780,JK000791,1759,948,1476,295,69
781,121,326,Noorlib0038508,95,77,505,166,47
781,476,672,Noorlib0038508,96,1065,1467,156,48
781,672,857,Noorlib0038508,97,0,477,147,38
781,180,373,Shamela0000922,947,231,424,149,97
781,257,710,Shamela0000922,947,880,1467,277,56
781,558,810,Shamela0000922,948,0,470,187,50
781,180,326,Tafsir07076,6312,955,1101,117,100
781,193,316,JK009236,695,1342,1465,98,100
781,0,470,JK007018,539,1035,1459,310,82
781,425,735,JK007018,540,827,1139,219,89
781,639,862,JK007018,541,341,687,138,47
781,34,470,JK009396,1117,519,1012,280,60
781,316,524,JK009396,1118,1150,1546,122,38
781,524,735,JK009396,1119,0,214,154,92
781,121,710,Sham19Y0023608,2934,852,1441,470,100
781,558,862,Sham19Y0023608,2938,71,741,240,45
781,180,470,Sham19Y0095660,1756,233,523,230,100
781,553,710,JK000917,1204,309,466,120,98
781,180,366,JK000917,1224,1284,1470,148,100
781,425,857,JK000818,468,56,1063,317,40
781,470,735,Meshkat00042488,1276,857,1119,199,94
781,121,361,Shia003721Vols,259,1309,1548,193,99
781,326,539,Shia003721Vols,260,1287,1522,170,89
781,539,857,Shia003721Vols,261,0,318,251,99
781,396,710,Shia003636Vols,2131,575,1051,245,64
781,193,353,ShamIbadiyya0000075,679,1306,1519,127,74
781,180,862,Sham19Y0145435,1122,132,1151,489,58
781,121,470,Sham19Y0145435,5050,348,697,279,100
781,326,857,Sham19Y0145435,5051,367,919,419,94
781,19,425,Shia002356Vols,879,1016,1356,263,80
781,548,857,Shia002356Vols,881,0,309,245,100
781,19,558,Shamela0010523,98,991,1465,372,85
781,121,769,Shia002380Vols,580,23,1487,506,43
781,180,487,JK001496,1664,48,365,237,94
781,470,735,JK001496,1665,449,719,198,91
781,470,672,Tafsir02102,3174,1135,1551,154,46
781,672,862,Tafsir02102,3175,0,391,150,47
781,3,470,Shamela0008473,3586,599,1387,328,50
781,316,710,Shamela0008473,3587,666,1166,309,78
781,601,862,Shamela0008473,3588,95,687,162,33
781,305,681,Shia002382Vols,1362,512,1543,283,34
781,180,404,MMS00013,2726,1232,1455,177,99
781,404,848,MMS00013,2727,0,786,297,45
781,180,366,Noorlib0010712,87,198,384,148,100
781,180,425,Tafsir07055,1626,1136,1381,194,100
781,180,404,Tafsir07055,2872,1071,1401,149,57
781,326,805,Tafsir05047,652,122,1415,353,34
781,470,710,Shamela0012884,3875,783,1020,188,98
781,609,857,Shamela0012884,3876,672,1076,175,54
781,19,479,Shamela0023591,5395,1168,1562,307,82
781,479,862,Shamela0023591,5396,0,383,305,99
781,78,857,Shamela0023591,5408,387,1162,576,89
781,252,470,JK009266,7140,0,218,172,100
781,532,857,JK009266,7145,0,321,252,97
781,180,681,Shamela0010283,2451,463,1505,314,34
781,710,862,Shamela0010283,2452,289,441,121,99
781,1150,1362,JK000458,2613,1115,1459,146,53
781,34,470,Shamela0021821,1384,1075,1476,302,85
781,366,693,Shamela0021821,1385,1033,1513,259,67
781,532,862,Shamela0021821,1386,357,1376,243,30
781,185,827,Shamela0012318,259,446,975,217,34
781,180,425,Rafed0003793Vols,970,700,945,194,100
781,220,710,Shia002389Vols,2137,612,1138,253,48
781,396,857,Shia002389Vols,2138,431,1398,335,43
781,19,862,JK009362,6058,454,1235,610,90
781,180,377,JK001420,644,213,370,120,76
781,311,857,JK000911,108,164,1054,349,48
781,121,470,JK006478,7058,1053,1404,278,98
781,470,857,JK006478,7064,666,1054,306,97
781,121,425,Rafed0003943Vols,1211,951,1255,243,100
781,425,834,Rafed0003943Vols,1212,172,570,309,95
781,31,470,Shamela0010273,2257,751,1199,296,83
781,470,857,Shamela0010273,2260,1130,1517,308,99
781,180,366,Shamela0007798,7174,104,290,148,100
781,504,710,Shamela0007798,7181,620,827,138,84
781,1150,1516,Tafsir01006,1103,252,765,193,39
781,7,366,Sham19Y0014404,1090,52,613,219,46
781,517,710,Sham19Y0014404,1091,817,1077,142,69
781,142,366,Meshkat00057178,2822,491,703,154,87
781,558,710,Meshkat00057178,2824,14,165,119,99
781,121,470,Masaha000554Vols,4113,643,988,273,97
781,470,862,Masaha000554Vols,4119,7,393,307,97
781,19,288,QuranAnalysis001,167,1334,1537,157,70
781,288,862,QuranAnalysis001,168,0,574,455,99
781,121,710,Rafed0001713Vols,1908,758,1347,470,100
781,681,862,Rafed0001713Vols,1912,543,762,144,82
781,425,862,Tafsir04042,1678,272,1394,326,36
781,180,353,ShamAY0035035,6986,716,890,138,99
781,396,710,JK009301,462,0,675,224,41
781,326,654,Tafsir04056,5826,665,1551,188,25
781,353,710,Tafsir04056,5828,631,1275,279,54
781,180,862,Shamela0009783BK1,296,199,1217,489,58
781,160,377,Shamela0000041,1920,262,479,169,97
781,366,805,Shamela0000041,1922,34,681,348,67
781,142,693,Shamela0023578,2350,885,1492,439,90
781,693,862,Shamela0023578,2351,0,169,135,99
781,1154,1362,Shamela0023578,2352,56,267,103,53
781,719,862,Shamela0023578,2354,1022,1418,114,35
782,54,678,Shia001432Vols,3256,202,675,247,47
782,0,1404,Shia001432Vols,3905,592,1467,679,60
782,297,986,Shia001432Vols,3932,397,809,277,49
782,1360,1493,Shia001432Vols,3933,96,230,107,99
782,13,423,Shamela0023632,2709,1030,1222,152,46
782,1032,1287,Shamela0023632,2712,525,780,202,100
782,1287,1493,Shamela0023632,2714,720,927,166,99
782,1032,1493,Shia004012,137,341,794,359,97
782,0,1024,JK009268,3622,560,1064,390,47
782,1032,1424,JK009268,3633,1163,1554,312,99
782,0,1287,Sham19Y0023618,1284,501,1260,587,57
782,1287,1493,Sham19Y0023618,1287,559,766,166,99
782,0,475,Shamela0023628,2709,298,544,172,45
782,59,389,Shamela0023628,2711,506,954,152,37
782,778,1287,Shamela0023628,2712,12,414,314,77
782,1287,1493,Shamela0023628,2714,714,921,166,99
782,0,674,Rafed0003257Vols,4083,971,1328,279,52
782,778,1493,Rafed0003257Vols,4088,817,1426,480,84
782,0,733,Tafsir09084,1829,51,830,254,30
782,933,1493,Sham19Y0020891,4622,0,942,412,53
782,778,1478,Hindawi019640759,27,394,1465,425,45
782,778,1419,JK010001,1561,751,1284,420,82
782,297,986,Shia001146,140,17,426,273,48
782,1222,1493,Shia001146,140,784,1348,203,44
782,0,678,JK009270,3592,152,511,275,51
782,778,1287,JK009270,3596,114,514,313,77
782,1287,1493,JK009270,3599,1333,1538,165,98
782,0,933,Meshkat0014420,3538,675,1125,351,47
782,953,1419,Meshkat0014420,3543,616,1055,346,93
782,778,1068,JK006476,1269,933,1122,146,63
782,1032,1222,Shamela0115130,35,754,944,151,99
782,524,1053,Meshkat00042485,4995,528,1456,283,36
782,953,1478,Tafsir02104,413,329,1078,248,40
782,185,674,Sham19Y0147312,1538,32,361,212,54
782,1287,1493,Sham19Y0147312,1539,673,879,166,99
782,0,1024,Shamela0004445,349,560,1097,389,46
782,778,1287,Shamela0004445,350,897,1462,320,65
782,1254,1493,Shamela0004445,352,192,450,191,92
782,1133,1419,Zaydiyya0000062,1453,392,677,226,98
782,1087,1493,Shamela0010517,2408,851,1257,324,99
782,0,678,Rafed0001121,520,605,1256,281,42
782,13,933,Shamela0037458,3122,277,716,341,46
782,645,1404,Shamela0037458,3125,364,1550,460,44
782,1032,1493,Masaha001075,158,606,1068,368,99
782,83,899,JK000791,1759,1033,1476,286,43
782,953,1493,JK000791,1761,231,745,406,94
782,636,1087,Noorlib0038508,97,0,537,193,37
782,1162,1356,Noorlib0038508,97,1049,1537,154,39
782,1232,1486,Noorlib0038508,98,122,377,199,98
782,457,755,Shamela0021766,3318,9,679,192,35
782,1032,1493,Shia004049,252,1004,1466,364,98
782,994,1222,Shamela0000922,948,950,1457,174,43
782,457,933,Shamela0000922,948,0,465,198,40
782,1294,1419,Shamela0000922,949,821,946,100,100
782,1075,1424,Shia003752Vols,408,579,921,264,95
782,1053,1244,Sham19Y0009800,36,631,1117,137,35
782,778,1287,JK007018,541,423,937,311,65
782,1275,1493,JK007018,542,547,790,169,87
782,1057,1482,Sham19Y0127677,3083,644,1299,213,38
782,1032,1493,ShamAY0034080,219,129,590,365,99
782,953,1287,JK009396,1120,695,1002,240,90
782,1287,1493,JK009396,1122,108,315,166,99
782,0,674,Sham19Y0023608,2934,1084,1441,279,52
782,453,1493,Sham19Y0023608,2938,67,1198,602,55
782,1287,1478,JK000917,1225,1130,1321,154,100
782,83,1048,JK000818,468,56,1101,437,42
782,831,1087,Sham19Y0122173,324,1093,1241,114,55
782,247,674,Meshkat00042488,1276,783,1097,206,57
782,873,1222,Meshkat00042488,1277,690,1406,242,42
782,778,1287,Shia003721Vols,262,101,634,314,67
782,1254,1493,Shia003721Vols,263,830,1082,191,94
782,13,613,ShamIbadiyya0000075,680,158,796,288,47
782,1127,1471,ShamIbadiyya0000075,681,145,701,275,61
782,1166,1419,AOCP20251104042,307,636,890,199,98
782,778,1419,Shamela0012828,10,616,1345,420,63
782,1080,1379,JK010729,149,836,1148,194,70
782,0,986,Sham19Y0145435,1122,343,1116,356,37
782,0,986,Sham19Y0145435,5051,399,889,374,47
782,778,1287,Sham19Y0145435,5052,672,1190,320,68
782,1232,1493,Sham19Y0145435,5053,883,1144,208,99
782,1087,1404,JK000961,112,1138,1454,251,99
782,1118,1493,Shia002356Vols,882,0,376,300,99
782,0,423,Shamela0010523,98,1260,1465,162,47
782,953,1493,Shamela0010523,100,870,1384,406,94
782,0,873,Shia002380Vols,580,568,1487,346,38
782,953,1185,Shia002380Vols,581,259,898,178,34
782,1271,1482,Shia002380Vols,582,95,313,161,90
782,865,1493,JK001496,1666,47,1057,432,50
782,636,1206,Tafsir02102,3175,0,724,307,43
782,0,674,Shamela0008473,3587,730,1166,284,50
782,524,1287,Shamela0008473,3588,95,937,397,50
782,1254,1493,Shamela0008473,3590,67,319,191,94
782,54,645,Shia002382Vols,1362,794,1543,235,30
782,62,986,MMS00013,2727,0,765,324,37
782,778,1419,Tafsir07055,1627,248,780,419,82
782,24,639,Tafsir05047,652,276,1002,237,31
782,1087,1493,Shamela0012884,3878,806,1212,323,99
782,311,1493,Shamela0023591,5396,0,840,656,69
782,0,1024,Shamela0023591,5408,658,1162,390,47
782,1015,1185,Shamela0023591,5412,1332,1493,129,94
782,1185,1493,Shamela0023591,5413,0,309,246,99
782,1032,1493,JK009266,7147,878,1338,367,99
782,645,1360,Shamela0010283,2452,0,1448,433,34
782,1032,1457,Shia001365,23,1123,1538,331,97
782,17,569,JK000458,2614,514,1531,300,35
782,13,657,Shamela0021821,1385,1033,1513,262,46
782,577,1206,Shamela0021821,1386,919,1544,326,53
782,1287,1493,Shamela0021821,1388,747,954,166,99
782,1080,1337,Shamela0012406,162,930,1493,192,43
782,831,1419,Shamela0012318,259,888,1355,262,50
782,0,1307,JK009362,6058,728,1509,604,57
782,1307,1493,JK009362,6059,0,191,147,95
782,0,905,JK000911,108,201,898,304,36
782,1032,1360,Zaydiyya0000274,448,978,1459,164,37
782,1032,1493,JK006478,7066,206,665,368,99
782,276,933,Rafed0003943Vols,1212,193,552,269,51
782,1032,1287,Rafed0003943Vols,1213,197,452,202,100
782,1235,1493,Rafed0003943Vols,1215,407,683,177,80
782,297,1024,Shamela0010273,2260,1130,1517,303,52
782,1032,1287,Shamela0010273,2263,218,473,202,100
782,1287,1454,Shamela0010273,2265,1366,1532,134,99
782,1257,1419,Shamela0007798,7194,286,531,129,66
782,0,470,Tafsir01006,1103,932,1559,260,46
782,524,1087,Tafsir01006,1104,103,1157,309,34
782,1087,1493,ShamAY0002038,256,897,1304,324,99
782,83,423,Sham19Y0014404,1091,54,385,137,41
782,1222,1419,Sham19Y0014404,1093,992,1278,156,68
782,1254,1482,JK008001,626,0,408,143,40
782,1032,1222,Meshkat00057178,2825,688,878,152,100
782,1265,1432,Meshkat00057178,2827,1040,1224,118,82
782,297,1087,Masaha000554Vols,4119,7,443,344,54
782,1032,1419,Masaha000554Vols,4121,1050,1444,307,97
782,0,1493,QuranAnalysis001,168,65,1031,753,63
782,953,1222,Zaydiyya0000473,93,668,910,193,89
782,0,674,Rafed0001713Vols,1908,990,1347,279,52
782,562,1287,Rafed0001713Vols,1912,337,1012,390,56
782,1282,1493,Rafed0001713Vols,1915,77,289,168,98
782,778,1419,JK000122,118,670,937,180,33
782,778,1493,JK000122,139,1115,1373,194,33
782,297,1087,Tafsir04042,1678,387,1444,371,36
782,1294,1419,Tafsir04056,5833,415,641,100,55
782,0,986,Shamela0009783BK1,296,410,1182,356,37
782,13,933,Shamela0000041,1922,34,681,367,43
782,831,1271,Shamela0000041,1923,554,1022,271,65
782,1222,1419,Shamela0000041,1925,211,408,156,100
782,0,657,Shamela0023578,2350,1153,1492,265,50
782,778,1087,Shamela0023578,2351,17,219,161,65
782,1087,1493,Shamela0023578,2355,574,981,324,99
783,344,674,Meshkat00042485,4996,1091,1422,178,57
783,1217,1427,Meshkat00042485,4999,585,1040,136,34
783,1062,1420,ShamIbadiyya0000075,681,482,701,161,54
783,344,609,ShamIbadiyya0000075,681,65,313,151,63
783,0,598,Shia002356Vols,882,376,1125,317,50
783,197,705,Shia002380Vols,581,468,1067,270,46
783,0,457,JK001496,1666,1057,1465,221,50
783,197,573,Shia002382Vols,1363,1017,1532,219,51
783,197,495,ShamIbadiyya0000050,4612,240,898,192,35
783,197,1467,Tafsir08060,395,362,1478,536,46
783,344,548,Shamela0010273,2263,1161,1514,133,46
783,184,590,Tafsir01006,1104,970,1551,248,51
783,1062,1427,Tafsir01006,1105,738,1393,187,30
783,258,486,Sham19Y0014404,1092,1073,1536,145,39
783,323,564,Rafed0001713Vols,1913,907,1352,149,41
783,0,489,Shamela0023578,2355,981,1305,243,60
784,365,1336,Shia001432Vols,3906,161,942,620,79
784,677,813,Shia001432Vols,3921,1023,1159,109,100
784,985,1336,Shia001432Vols,3922,166,618,263,72
784,957,1266,Shia001432Vols,3951,492,1039,163,37
784,731,1503,Shia001432Vols,3961,738,1446,331,44
784,497,1133,Shamela0023632,2716,437,960,416,81
784,1133,1503,Shamela0023632,2720,36,407,299,99
784,1133,1266,Shamela0000894,4149,567,700,106,100
784,365,1503,JK009268,3634,141,1095,758,83
784,59,401,JK009268,3639,1177,1512,179,52
784,677,1020,Sham19Y0023618,1288,1157,1499,273,99
784,1020,1503,Sham19Y0023618,1289,0,485,390,99
784,677,1352,Shamela0023628,2717,237,911,537,99
784,1227,1503,Shamela0023628,2719,458,939,218,56
784,677,1503,Shamela0011258,94,374,1123,467,59
784,677,1503,Rafed0003257Vols,4093,261,1088,663,99
784,677,813,Shamela0003580,64,775,911,109,100
784,1336,1492,Shamela0022593,1917,430,995,115,25
784,1336,1492,Tafsir09083,1078,244,658,121,36
784,677,989,Sham19Y0020891,4636,1221,1533,249,99
784,989,1133,Sham19Y0020891,4637,0,144,114,99
784,1133,1250,Sham19Y0020891,4641,970,1091,93,96
784,365,843,Hindawi019640759,28,250,533,206,54
784,890,1426,Hindawi019640759,29,205,1122,271,32
784,677,915,JK010001,1456,324,562,189,98
784,915,1133,JK010001,1460,317,535,172,98
784,1126,1336,JK010001,1461,665,877,166,96
784,677,890,JK009270,3602,1263,1474,170,98
784,890,1133,JK009270,3603,0,241,191,98
784,1133,1341,JK009270,3608,1040,1248,168,99
784,1336,1503,JK009270,3613,881,1049,134,99
784,365,915,Meshkat0014420,3546,790,1153,285,64
784,915,1336,Meshkat0014420,3550,638,1058,337,99
784,1336,1492,Meshkat0014420,3553,1403,1558,125,99
784,963,1246,JK006476,1276,849,1358,217,53
784,1073,1463,JK006476,1277,383,1139,307,50
784,1266,1503,JK006476,1278,252,649,182,56
784,1301,1499,Tafsir01005,4439,337,802,151,40
784,677,813,Masaha003709,32,497,633,109,100
784,923,1137,JK000373,182,218,624,169,52
784,471,708,Meshkat00042485,5003,610,1234,124,25
784,1288,1468,Meshkat00042485,5011,735,1142,133,40
784,818,1047,Shamela0012851,340,83,488,163,50
784,1336,1503,Shamela0012851,341,738,970,134,71
784,1008,1503,Tafsir02104,414,509,1191,162,22
784,686,1013,Sham19Y0147312,1541,0,325,254,97
784,1094,1246,Sham19Y0147312,1542,1214,1365,102,84
784,1336,1503,Sham19Y0147312,1544,254,422,134,99
784,677,1133,Shamela0004445,356,964,1421,363,99
784,1133,1336,Shamela0004445,360,1209,1412,165,100
784,1133,1336,Shamela0004445,361,39,471,165,46
784,1336,1503,Shamela0004445,390,1006,1174,134,99
784,1008,1246,Sham19Y0013550,429,1013,1396,165,54
784,637,933,Zaydiyya0000062,1458,771,1295,215,51
784,894,1137,Zaydiyya0000062,1460,698,1006,189,76
784,1284,1503,Zaydiyya0000062,1462,738,968,167,88
784,407,818,Shamela0037458,3131,732,1214,214,44
784,800,1008,Shamela0037458,3134,253,489,165,87
784,928,1087,Shamela0037458,3135,1164,1478,126,50
784,1087,1503,Shamela0037458,3136,0,417,335,99
784,1309,1468,Shamela0037458,3138,814,1333,129,30
784,677,1336,JK000791,1764,865,1525,528,99
784,1266,1503,JK000791,1767,1268,1479,163,82
784,1073,1336,Noorlib0038508,102,398,895,191,47
784,1336,1492,Noorlib0038508,103,6,318,125,50
784,677,813,Shamela0026047,515,912,1048,109,100
784,677,1133,Shamela0000922,951,51,1256,360,37
784,677,890,Sham19Y0009800,36,1300,1512,171,99
784,1383,1492,Tafsir07076,7308,0,278,84,38
784,426,1133,JK007018,543,369,1113,409,56
784,1073,1503,JK007018,544,295,864,326,71
784,824,1008,Tafsir04039,2440,128,323,142,91
784,677,1133,JK009396,1124,17,474,363,99
784,1133,1503,JK009396,1126,53,424,299,99
784,677,806,Sham19Y0023608,2943,1354,1482,103,99
784,806,1133,Sham19Y0023608,2944,0,328,261,99
784,813,1008,Sham19Y0023608,2945,43,755,151,26
784,1133,1503,Sham19Y0023608,2946,460,831,299,99
784,1133,1436,Sham19Y0023608,2947,231,1221,240,30
784,748,928,Shamela0004482,662,272,466,108,69
784,1336,1503,Shamela0009637,4,1317,1485,134,99
784,677,794,JK000917,1238,1401,1517,93,99
784,677,915,JK000381,1416,96,335,191,99
784,762,963,Shamela0001340,201,492,932,152,43
784,1008,1336,Shamela0001340,202,743,1071,264,99
784,1309,1468,JK000465,2984,1023,1464,125,35
784,677,1013,Meshkat00042488,1281,239,1409,240,25
784,1110,1246,Meshkat00042488,1282,985,1254,109,50
784,972,1133,Meshkat00042488,1282,60,246,128,86
784,1186,1503,Meshkat00042488,1283,103,907,242,37
784,813,1008,Shamela0010614,368,505,700,155,100
784,677,1133,Shia003721Vols,268,32,487,361,99
784,1336,1468,Shia003721Vols,300,1464,1595,106,99
784,365,869,ShamIbadiyya0000075,681,972,1549,329,64
784,860,1492,ShamIbadiyya0000075,682,49,968,494,66
784,1336,1503,Shamela0012034,10,266,434,134,99
784,1336,1503,Shamela0012034,384,810,978,134,99
784,915,1133,Shamela0004473,4642,756,974,173,100
784,1133,1246,Shamela0004473,5665,721,834,90,100
784,813,1250,Shamela0022371,245,621,1131,248,52
784,928,1336,Sham19Y0145435,166,815,1316,267,61
784,1073,1336,Sham19Y0145435,1131,511,811,201,82
784,677,1133,Sham19Y0145435,5055,942,1396,359,98
784,1133,1266,Sham19Y0145435,5058,1429,1561,106,99
784,1133,1336,Sham19Y0145435,5059,271,660,165,52
784,1204,1468,Shamela0009086,152,643,791,67,25
784,82,620,Shia002356Vols,883,1071,1453,157,34
784,677,1336,Shia002356Vols,884,32,687,523,99
784,1272,1503,Shia002356Vols,885,409,728,164,62
784,407,1008,Shamela0010523,101,5,441,344,71
784,915,1503,Shamela0010523,103,41,630,472,99
784,677,813,Tafsir04038,471,545,681,109,100
784,206,943,Shia002380Vols,582,575,1482,366,40
784,928,1492,Shia002380Vols,583,20,880,447,64
784,677,928,Shamela0001419,372,111,362,201,100
784,1008,1327,Shamela0001419,378,1186,1503,255,99
784,677,1133,JK001496,1673,372,829,357,96
784,1133,1246,JK001496,1675,447,559,89,99
784,1266,1468,Tafsir02091,1584,272,780,161,38
784,1309,1492,Tafsir02102,3178,817,1383,148,32
784,677,1133,Shamela0008473,3597,618,1074,363,99
784,1013,1341,Shamela0008473,3600,0,463,226,60
784,1266,1503,Shamela0008473,3601,922,1297,189,62
784,43,677,Shia002382Vols,1365,716,1123,259,50
784,682,1008,Shia002382Vols,1367,220,931,220,38
784,1067,1492,Shia002382Vols,1368,258,866,338,68
784,1008,1352,MMS00013,2731,558,1080,230,55
784,677,879,Tafsir07055,1519,520,723,163,99
784,915,1133,Tafsir07055,1523,427,643,171,98
784,1126,1336,Tafsir07055,1524,820,1032,166,96
784,1073,1503,Tafsir05047,656,236,1011,334,53
784,1133,1246,AOCP202502141169Vols,1871,808,1012,89,53
784,637,813,Shamela0012884,3886,145,338,128,78
784,829,1503,Shamela0012884,3888,385,1096,499,86
784,365,1121,Shamela0023591,5396,911,1481,450,74
784,1121,1503,Shamela0023591,5397,0,383,309,99
784,365,813,Shamela0023591,5413,380,642,206,57
784,813,1104,Shamela0023591,5419,1233,1524,231,100
784,1110,1336,Shamela0023591,5420,0,226,184,100
784,1301,1503,Shamela0023591,5424,398,581,142,87
784,672,1000,JK009266,7157,1152,1476,252,96
784,1079,1503,JK009266,7162,244,701,317,86
784,677,928,Shamela0010283,2454,534,785,194,97
784,1079,1336,Shia003749,252,73,321,183,87
784,1309,1468,JK000458,2623,662,1271,121,24
784,531,1133,Shamela0021821,1390,442,1096,418,77
784,1094,1336,Shamela0021821,1392,292,561,196,89
784,1266,1503,Shamela0021821,1392,1302,1596,179,70
784,1327,1468,Shamela0021821,1393,0,244,112,56
784,677,813,Shia002389Vols,2145,872,1008,109,100
784,682,1133,Shia002389Vols,2146,201,752,161,28
784,369,1503,JK009362,6059,266,1264,750,78
784,762,1094,JK000875,244,936,1233,84,20
784,1204,1492,JK000875,245,553,984,89,18
784,497,1227,JK001420,645,539,1227,303,40
784,1246,1492,JK001420,646,226,382,127,63
784,1008,1352,JK000911,111,953,1394,229,64
784,731,1133,JK006478,7074,0,400,314,96
784,1250,1503,JK006478,7081,0,257,201,94
784,677,1175,Rafed0003943Vols,1216,507,1006,397,99
784,1246,1503,Rafed0003943Vols,1221,302,560,209,99
784,677,1133,Shamela0010273,2270,183,640,364,99
784,1133,1336,Shamela0010273,2273,260,463,165,100
784,1336,1503,Shamela0010273,2274,653,821,134,99
784,915,1133,Shamela0007798,7208,1006,1224,172,99
784,1098,1246,Shamela0007798,7211,908,1077,111,79
784,1336,1503,JK000805,4,114,282,134,99
784,1336,1503,Tafsir06048,850,660,880,134,75
784,677,813,Sham19Y0096629,39,108,244,109,100
784,813,1133,Hindawi020604026,539,771,1105,251,94
784,677,818,Sham19Y0014404,1096,90,236,113,96
784,869,1133,Sham19Y0014404,1097,127,694,198,43
784,1246,1503,Sham19Y0014404,1098,688,1403,209,35
784,677,813,Meshkat00057178,2831,96,232,109,100
784,1094,1336,Meshkat00057178,2832,874,1494,190,37
784,1284,1503,Meshkat00057178,2833,241,479,156,81
784,677,1327,Masaha000554Vols,4130,857,1510,504,94
784,677,806,Masaha000554Vols,4132,434,582,103,87
784,1133,1246,Masaha000554Vols,4135,346,498,90,74
784,1336,1503,Masaha000554Vols,4135,1237,1405,131,95
784,365,923,QuranAnalysis001,168,1102,1473,293,65
784,923,1503,QuranAnalysis001,169,0,581,465,99
784,677,919,Hindawi084602738,161,453,720,191,89
784,43,216,Rafed0001713Vols,1916,250,504,121,59
784,407,620,Rafed0001713Vols,1917,175,632,141,36
784,677,1352,Rafed0001713Vols,1919,456,1130,537,99
784,1336,1503,Rafed0001713Vols,1922,931,1099,134,99
784,1137,1492,Tafsir04042,1684,444,1541,280,31
784,915,1064,JK009301,465,1205,1615,112,34
784,677,794,Kraken22020817055001,80,175,292,93,100
784,677,915,Tafsir07057,3429,619,856,188,97
784,677,829,Tafsir07057,3461,486,692,122,73
784,1133,1246,Tafsir04056,5681,371,484,90,100
784,1133,1250,Tafsir04056,5837,762,945,93,63
784,1284,1492,Tafsir04056,5838,640,1570,135,18
784,677,813,Tafsir02094,2424,665,837,86,63
784,677,813,Shamela0009856,134,280,416,109,100
784,882,1336,Shamela0009783BK1,304,628,1161,280,59
784,1008,1336,Shamela0009783BK1,306,325,805,230,60
784,677,813,Shamela0000041,1929,26,162,109,100
784,800,1133,Shamela0000041,1929,717,1060,265,96
784,1079,1250,Shamela0000041,1930,1084,1261,136,96
784,1220,1503,Shamela0000041,1931,144,455,230,90
784,773,1352,Shamela0023578,2360,0,578,460,98
784,800,1073,Shamela0023578,2361,973,1508,209,49
784,1227,1503,Shamela0023578,2363,253,610,224,77
784,43,460,JK000876,1098,619,1319,190,29
784,1288,1503,JK000876,1102,673,1115,158,44
785,146,382,JK000330,1062,447,683,195,100
785,95,382,Shia001432Vols,3962,0,287,236,100
785,9,167,Shia001432Vols,4011,570,728,114,91
785,0,210,Shamela0023632,2720,407,617,168,100
785,210,396,Shamela0023632,2721,794,982,149,96
785,0,382,JK009268,3634,1095,1477,311,100
785,0,271,Sham19Y0023618,1289,485,756,219,100
785,424,790,Shamela0023628,2717,1027,1442,213,54
785,0,396,Shamela0023628,2719,939,1337,317,98
785,0,396,Shamela0011258,94,1123,1521,317,98
785,0,382,Rafed0003257Vols,4093,1088,1470,311,100
785,34,146,Shamela0001388,106,296,408,88,100
785,9,146,Sham19Y0020891,4647,531,668,108,100
785,0,210,JK009270,3613,1049,1255,166,98
785,210,396,JK009270,3617,115,303,149,96
785,210,382,JK009270,5769,423,592,141,98
785,9,123,ShamAY0034106,241,724,838,89,100
785,0,382,Meshkat0014420,3554,12,392,311,99
785,164,314,Meshkat0014420,3556,177,398,117,64
785,0,183,JK006476,1278,649,838,146,96
785,739,1252,Meshkat00042485,5007,472,1013,256,53
785,146,396,Sham19Y0151020,44,1102,1354,201,97
785,0,382,Sham19Y0147312,1544,422,802,311,99
785,34,146,Shamela0004445,382,655,767,88,100
785,0,382,Shamela0004445,390,1174,1556,311,100
785,9,146,Sham19Y0014592,1672,570,707,108,100
785,9,382,Sham19Y0013550,430,317,692,252,78
785,9,210,Shamela0037458,3139,296,497,160,100
785,110,396,Shamela0037458,3141,550,1112,220,47
785,9,382,JK000791,1768,280,653,303,100
785,9,210,Noorlib0038508,103,942,1461,158,38
785,9,146,Shamela0000922,952,1363,1500,108,100
785,0,382,JK007018,544,864,1246,311,99
785,64,242,Tafsir04039,2751,12,600,135,27
785,9,382,JK009396,1126,629,1002,303,100
785,9,396,Sham19Y0023608,2948,903,1292,309,98
785,58,237,Sham19Y0023608,2950,297,913,135,27
785,146,382,JK000381,1233,1314,1550,195,100
785,146,396,JK000381,2766,145,397,201,97
785,9,167,JK000381,4172,1393,1550,125,99
785,167,382,JK000381,4173,0,215,178,100
785,20,146,JK000381,5003,191,325,99,94
785,9,183,JK000465,2985,513,1011,136,34
785,382,1207,JK000818,470,638,1460,353,45
785,9,146,Meshkat00042488,1284,184,321,108,100
785,146,337,Meshkat00042488,1284,973,1344,155,50
785,0,382,Shia003721Vols,301,36,418,311,100
785,9,334,ShamIbadiyya0000075,682,1213,1647,264,74
785,14,382,Rafed0003726Vols,1090,477,827,199,60
785,9,146,Rafed0003726Vols,1634,1032,1169,108,100
785,20,146,Shamela0004473,15970,309,433,99,98
785,9,123,Sham19Y0145435,1132,1099,1212,84,94
785,0,382,Shia002356Vols,885,728,1104,303,97
785,0,324,Shamela0010523,103,630,954,263,100
785,424,993,Shia002380Vols,582,971,1492,250,45
785,0,382,Shia002380Vols,583,958,1535,311,66
785,157,353,Tafsir02102,3179,1389,1651,162,74
785,0,382,Shamela0008473,3602,420,820,311,95
785,9,353,Shamela0008473,3603,574,1187,204,37
785,530,1168,Shia002382Vols,1367,114,931,325,44
785,20,210,JK006474,2382,510,804,124,54
785,123,382,Tafsir05047,657,276,982,207,35
785,9,210,Shamela0012884,3890,43,244,160,100
785,0,396,Shamela0023591,5397,383,781,317,98
785,0,396,Shamela0023591,5424,581,979,317,98
785,146,301,JK000371,116,1440,1594,128,99
785,9,382,JK000371,408,713,1086,303,100
785,9,396,JK009266,7166,5,390,307,97
785,14,167,Shia003749,285,259,408,107,90
785,680,972,JK000458,2621,1054,1481,177,47
785,9,382,Shamela0021821,1393,455,826,302,99
785,9,167,Shia002389Vols,2148,550,705,111,89
785,9,271,Tafsir10066,1271,917,1377,209,55
785,0,252,JK009362,6059,1264,1526,203,93
785,146,382,Shamela0011730,161,1031,1267,194,99
785,34,382,Shamela0022653,110,1249,1538,213,75
785,210,382,AOCP20251104106,291,738,910,143,100
785,9,396,JK006478,7084,996,1386,309,96
785,34,382,JK000902,8,572,861,213,75
785,0,396,Rafed0003943Vols,1221,560,958,317,98
785,0,210,Shamela0010273,2274,821,1031,168,100
785,210,382,Shamela0010273,2277,207,379,143,100
785,9,146,Shamela0007798,7214,721,858,108,100
785,14,271,Shamela0007798,7215,628,1046,185,55
785,617,1274,Tafsir01006,1107,7,895,355,45
785,9,271,Tafsir06048,850,937,1475,211,48
785,210,382,JK001017,100,336,508,143,100
785,20,237,Tafsir04003,3030,1007,1485,133,33
785,9,146,Sham19Y0014404,1099,265,400,108,98
785,9,146,Rafed0003799Vols,633,202,338,108,99
785,9,146,Meshkat00057178,2833,876,1011,108,98
785,34,382,Meshkat00057178,2834,199,1013,236,34
785,9,372,Masaha000554Vols,4137,950,1305,277,92
785,9,146,Masaha000554Vols,4138,909,1243,108,41
785,0,396,QuranAnalysis001,169,581,979,317,98
785,540,1168,Rafed0001713Vols,1920,0,1078,331,34
785,0,382,Rafed0001713Vols,1922,1099,1481,311,100
785,14,146,Shamela0006896,48,845,970,93,90
785,9,146,JK001098,35,1028,1165,108,100
785,9,146,Tafsir07057,4476,1237,1370,106,97
785,9,146,Tafsir04056,3043,140,277,108,100
785,14,173,Shamela0009065,329,156,304,94,76
785,9,123,Shamela0009783BK1,307,1071,1185,84,95
785,715,1083,Shamela0000041,1929,1060,1510,148,33
785,0,146,Shamela0000041,1931,455,601,116,100
785,58,382,Shamela0000041,1932,399,801,264,79
785,479,1283,Shamela0023578,2361,553,1508,362,38
785,0,396,Shamela0023578,2363,610,1008,317,98
785,58,382,Shamela0023578,2364,662,1161,264,64
786,41,572,Shia001432Vols,3906,705,942,192,44
786,646,1129,Shia001432Vols,3961,1277,1540,207,53
786,80,1385,Shamela0023632,2720,36,617,463,44
786,41,1535,JK009268,3634,685,1380,555,45
786,41,1502,Sham19Y0023618,1289,74,756,544,46
786,41,572,Shamela0023628,2717,654,897,197,45
786,41,1535,Shamela0023628,2719,101,1224,585,43
786,676,1151,Shamela0023628,2720,18,485,239,55
786,126,1535,Shamela0011258,94,794,1408,491,43
786,41,1535,Rafed0003257Vols,4093,678,1373,556,45
786,1308,1502,Shamela0022593,1918,109,431,112,42
786,462,881,Tafsir09083,1078,0,658,206,34
786,646,1385,JK009270,3613,881,1255,298,50
786,41,572,Meshkat0014420,3550,816,1058,196,45
786,1308,1553,Meshkat00042485,5015,795,1235,158,43
786,646,1535,Sham19Y0147312,1544,254,705,361,50
786,646,1535,Shamela0004445,390,1006,1459,361,50
786,41,937,Shamela0037458,3136,7,426,336,46
786,41,572,JK000791,1764,1283,1525,196,45
786,712,1535,JK000791,1768,21,556,314,44
786,916,1385,Noorlib0038508,103,867,1461,182,34
786,624,848,Shamela0021766,3331,0,503,148,35
786,545,1179,Shamela0000922,952,1042,1482,197,34
786,80,1535,JK007018,544,430,1148,523,44
786,80,937,JK009396,1126,53,433,305,44
786,80,937,Sham19Y0023608,2946,460,840,305,44
786,937,1535,Sham19Y0023608,2948,903,1179,222,45
786,41,572,Shamela0001340,202,829,1071,196,45
786,875,1385,JK000465,2985,300,1194,226,27
786,25,1308,JK000818,471,431,1553,524,43
786,857,1535,Shia003721Vols,301,0,321,256,46
786,41,1553,ShamIbadiyya0000075,682,327,1535,617,41
786,646,986,Shamela0012034,10,266,523,158,54
786,646,986,Shamela0012034,384,810,1069,157,53
786,41,572,Shia002356Vols,884,447,687,195,45
786,415,1535,Shia002356Vols,885,342,1010,406,40
786,41,1535,Shamela0010523,103,220,915,556,46
786,41,1535,Shia002380Vols,583,409,1423,596,43
786,41,563,Shamela0001419,378,1272,1503,187,44
786,682,1535,Shamela0008473,3602,7,723,339,39
786,25,1078,Shia002382Vols,1368,309,1146,438,45
786,41,937,Tafsir05047,656,282,1020,364,45
786,41,937,Shamela0012884,3888,686,1105,336,46
786,68,1535,Shamela0023591,5397,0,668,534,45
786,57,572,Shamela0023591,5420,0,226,184,43
786,646,1535,Shamela0023591,5424,413,866,361,50
786,937,1535,JK000371,408,713,989,222,45
786,22,942,JK009266,7162,252,719,329,43
786,916,1281,JK000458,2624,34,418,169,50
786,12,572,Shamela0021821,1392,259,561,209,43
786,41,703,JK009362,6059,835,1141,235,43
786,646,1471,JK009362,6059,1082,1523,325,47
786,415,1535,Rafed0003943Vols,1221,322,845,418,46
786,646,1385,Shamela0010273,2274,653,1031,300,50
786,646,942,JK000805,4,114,296,145,61
786,405,848,Tafsir01006,1108,598,1212,234,43
786,1308,1553,Tafsir01006,1109,812,1262,150,40
786,1078,1502,Tafsir06048,850,1010,1475,204,44
786,1247,1535,Meshkat00057178,2834,273,916,162,29
786,906,1179,Masaha000554Vols,4138,884,1225,106,39
786,41,1535,QuranAnalysis001,169,171,866,555,45
786,41,572,Rafed0001713Vols,1919,873,1116,197,45
786,415,1535,Rafed0001713Vols,1922,549,1384,465,44
786,676,986,Tafsir04056,5839,1114,1337,68,25
786,41,341,Shamela0000041,1930,1105,1261,124,51
786,318,1179,Shamela0000041,1931,161,583,320,45
786,41,572,Shamela0023578,2360,321,564,197,45
786,577,1535,Shamela0023578,2363,382,895,379,48
787,531,767,JK000330,244,447,663,167,87
787,635,829,JK000330,306,520,715,155,99
787,464,760,ShamAY0037152,353,1319,1615,237,98
787,531,955,Shia001432Vols,2503,19,443,338,99
787,190,531,Shia001432Vols,4187,1066,1313,139,45
787,270,531,Shia001432Vols,4878,934,1111,126,57
787,270,531,Shamela0023632,2722,772,1034,210,99
787,531,944,Shamela0023632,2723,668,1081,333,100
787,179,698,JK009268,3648,1093,1612,419,99
787,698,955,JK009268,3649,0,257,203,98
787,161,448,Sham19Y0023618,1290,1220,1603,179,57
787,434,635,Sham19Y0023618,1291,1022,1223,163,100
787,635,944,Sham19Y0023618,1292,224,533,247,100
787,270,531,Shamela0010551,346,665,1348,173,31
787,41,434,Shamela0023628,2719,1240,1577,275,85
787,434,660,Shamela0023628,2721,1363,1588,183,99
787,660,1320,Shamela0023628,2722,0,509,292,49
787,233,531,Shamela0011258,95,0,298,241,100
787,161,767,Rafed0003257Vols,4102,308,918,483,97
787,693,955,Rafed0003257Vols,4104,1107,1536,207,60
787,179,373,Shamela0022593,1919,119,531,130,38
787,640,767,Sham19Y0020891,4659,705,832,102,100
787,270,481,JK010001,743,1251,1384,87,47
787,270,635,JK009270,3620,211,576,296,100
787,635,955,JK009270,3623,1010,1330,253,99
787,179,531,Meshkat0014420,3557,814,1166,285,100
787,531,944,Meshkat0014420,3560,667,1080,333,100
787,284,517,JK001020,37,0,139,104,56
787,944,1523,JK000865,509,664,1121,182,33
787,481,709,JK006476,1280,987,1214,177,92
787,501,859,JK006476,1281,0,697,188,31
787,726,874,Shamela0029677,687,1159,1307,120,100
787,387,660,Shamela0012851,343,0,834,218,32
787,69,605,Tafsir02104,415,148,1089,298,38
787,179,377,Sham19Y0147312,1544,1399,1596,162,99
787,377,531,Sham19Y0147312,1545,0,154,123,100
787,635,829,Sham19Y0147312,1546,75,269,155,100
787,381,955,JK000375,168,0,575,459,99
787,41,531,Sham19Y0013550,430,596,971,194,39
787,0,438,Zaydiyya0000062,1466,422,1092,303,51
787,531,944,Zaydiyya0000062,1468,322,1118,328,50
787,531,767,Shamela0006947,2481,75,312,192,99
787,41,335,Shamela0037458,3141,1015,1252,194,80
787,335,767,Shamela0037458,3144,102,534,350,100
787,76,1523,JK000791,1769,413,1527,601,43
787,464,955,JK000791,1770,599,1117,289,61
787,41,504,Shamela0000922,953,670,1541,290,39
787,504,770,Shamela0000922,954,0,678,214,38
787,270,434,Tafsir07076,3985,863,1028,133,99
787,270,434,Tafsir07076,4572,1102,1369,132,61
787,0,794,JK007018,545,91,1548,549,45
787,190,434,Tafsir04039,2752,779,1394,179,36
787,179,617,JK009396,1127,1029,1607,346,73
787,474,955,JK009396,1128,414,817,278,73
787,270,434,Sham19Y0023608,355,433,598,133,99
787,179,635,Sham19Y0023608,2952,984,1429,343,92
787,464,635,Sham19Y0023608,2954,696,1306,139,28
787,635,955,Sham19Y0023608,2955,254,574,253,99
787,635,760,Sham19Y0023608,2956,175,857,100,18
787,623,767,Shamela0004482,361,884,1027,109,94
787,487,944,Shamela0009637,9,0,457,368,100
787,179,531,JK000381,1416,496,848,285,100
787,944,1523,JK000818,472,578,1102,226,41
787,270,434,Meshkat00042488,1285,837,1347,131,31
787,635,829,Shia003721Vols,375,1019,1214,155,99
787,270,531,Masaha004568Vols,98,1057,1232,128,58
787,86,605,ShamIbadiyya0000075,683,0,1247,365,36
787,635,767,Shamela0004473,9708,73,205,106,100
787,133,537,Shia002356Vols,886,1173,1595,307,89
787,537,944,Shia002356Vols,887,0,405,324,98
787,41,944,Shamela0010523,105,279,1125,685,93
787,233,874,Shia002380Vols,584,238,1591,500,45
787,270,434,ShamAY0001202,60,1296,1461,133,99
787,635,767,JK001496,1683,494,626,106,100
787,635,829,Tafsir02102,49,1024,1218,155,100
787,105,531,Tafsir02102,3180,3,1191,300,31
787,623,767,Shamela0008473,1888,1278,1432,112,90
787,179,635,Shamela0008473,3604,925,1482,371,81
787,635,955,Shamela0008473,3607,172,491,252,98
787,233,517,Shia002382Vols,1370,804,1321,216,52
787,531,916,Shia002382Vols,1372,428,1370,306,40
787,270,481,Tafsir07055,794,1226,1359,87,47
787,373,944,Tafsir05047,658,435,1521,376,41
787,373,531,Shamela0012884,3892,0,352,124,44
787,434,752,Shamela0012884,3893,1177,1493,217,79
787,577,829,Shamela0012884,3894,335,706,203,67
787,635,760,JK000378,92,1472,1597,100,98
787,41,955,Shamela0023591,5397,684,1542,688,93
787,179,944,Shamela0023591,5427,594,1513,599,79
787,212,635,JK009266,7168,950,1410,311,80
787,635,955,JK009266,7171,693,1013,253,99
787,341,635,Shamela0021821,1395,0,294,239,100
787,517,955,Shamela0021821,1396,67,761,351,62
787,270,955,Kraken220413194022,3133,500,1188,536,96
787,270,531,Hindawi030353837,666,1040,1301,210,100
787,41,955,JK009362,6060,49,930,684,90
787,133,481,JK001420,646,1013,1402,243,74
787,635,935,JK001420,647,208,658,190,53
787,179,814,Shamela0022653,326,882,1354,172,25
787,531,767,JK009257,707,566,803,188,97
787,270,635,JK006478,7090,59,425,296,98
787,635,955,JK006478,7095,188,507,251,98
787,245,495,Shamela0009789,58,794,1046,147,64
787,128,817,Tafsir08060,397,33,1176,414,42
787,41,635,Rafed0003943Vols,1221,861,1581,434,68
787,635,955,Rafed0003943Vols,1222,0,321,253,98
787,270,531,Shamela0010273,2278,1140,1402,210,99
787,531,944,Shamela0010273,2281,14,427,333,100
787,553,767,Shamela0007798,7220,1130,1323,123,71
787,270,531,ShamAY0036039,53,860,1121,210,100
787,434,944,JK000805,8,158,669,410,99
787,335,605,Tafsir01006,1110,746,1556,205,31
787,179,531,Tafsir06048,851,638,1548,263,35
787,41,434,Sham19Y0014404,1100,410,1343,245,29
787,417,767,Sham19Y0014404,1101,26,1033,281,34
787,646,767,Meshkat00057178,2836,1292,1413,97,100
787,172,523,Masaha000554Vols,4143,117,473,275,95
787,335,531,Masaha000554Vols,4144,611,1064,135,36
787,41,782,QuranAnalysis001,169,882,1565,556,92
787,270,434,JK001019,140,663,827,133,100
787,202,1200,Rafed0001713Vols,1927,0,1137,738,79
787,270,481,JK000764,94,1355,1565,170,99
787,179,955,Zaydiyya0000476,171,483,1584,524,58
787,270,531,Zaydiyya0000476,180,92,269,127,57
787,179,955,Zaydiyya0000476,225,212,1313,524,58
787,270,509,Zaydiyya0000476,233,1452,1606,109,53
787,284,481,Tafsir04056,5851,214,1102,108,15
787,41,417,Shamela0000041,1932,1068,1613,283,62
787,434,635,Shamela0000041,1933,1105,1306,163,100
787,481,944,Shamela0000041,1934,610,1314,373,65
787,745,955,Shamela0000041,1935,431,694,165,78
787,270,944,Shamela0023578,2365,750,1425,543,99
787,745,944,Shamela0023578,2367,663,887,159,88
788,12,755,ShamIbadiyya0000075,683,777,1247,255,37
788,462,1322,Shamela0000041,1934,537,1122,273,34
788,12,588,Shamela0023578,2365,494,1004,146,23
788,1060,1553,JK000876,1106,158,727,237,47
789,395,634,JK000330,269,1031,1275,189,95
789,445,634,JK000330,815,467,656,154,100
789,81,907,Shia001432Vols,2503,296,708,322,48
789,907,1099,Shia001432Vols,4685,1100,1293,155,99
789,445,591,Shia001432Vols,7094,1028,1174,117,100
789,135,723,Shamela0023632,2724,774,1352,301,48
789,723,997,Shamela0023632,2726,990,1264,219,100
789,997,1184,Shamela0023632,2728,7,195,147,97
789,81,1184,JK009268,3649,110,1021,731,81
789,466,1200,Sham19Y0023618,1293,0,746,592,98
789,445,634,Tafsir06051,210,877,1065,153,99
789,445,634,Tafsir06051,593,967,1155,153,99
789,445,591,Hindawi070427368,21,875,1021,117,100
789,487,855,Shamela0023628,2724,1007,1571,298,64
789,855,1184,Shamela0023628,2725,0,330,261,98
789,786,1184,Rafed0003257Vols,4111,355,754,316,98
789,445,634,Tafsir09084,139,429,617,153,99
789,786,907,Sham19Y0020891,4665,377,498,96,100
789,840,1179,Tafsir09068,893,0,1087,270,30
789,410,591,JK010001,211,467,648,146,100
789,410,581,JK010001,2926,1088,1259,138,100
789,445,581,JK010001,3547,177,313,109,100
789,81,607,JK009270,3623,1183,1515,269,63
789,634,911,JK009270,3628,1292,1568,223,99
789,997,1184,JK009270,3636,1058,1245,147,97
789,410,723,Meshkat0014420,3563,189,502,257,100
789,723,1172,Meshkat0014420,3565,1082,1530,360,99
789,826,1099,JK006476,1285,63,373,189,76
789,445,591,JK000373,18,1001,1147,117,100
789,135,786,Sham19Y0147312,1546,977,1468,399,75
789,907,1179,Sham19Y0147312,1547,804,1076,220,100
789,786,907,Sham19Y0147312,1547,111,232,96,100
789,445,723,Shamela0004445,1132,115,393,228,100
789,445,723,Sham19Y0014592,1984,638,916,228,100
789,81,723,JK000375,168,428,877,366,69
789,538,907,Zaydiyya0000062,1470,695,1273,283,59
789,487,786,Shamela0006947,19886,1371,1670,244,100
789,81,634,Shamela0037458,3148,675,1035,292,65
789,634,997,Shamela0037458,3150,1106,1469,293,100
789,997,1184,Shamela0037458,3153,775,962,147,97
789,81,723,JK000791,1770,970,1419,366,69
789,723,997,JK000791,1773,203,478,219,99
789,952,1184,JK000791,1774,847,1147,182,75
789,445,585,Shamela0021766,4301,1097,1236,111,99
789,445,730,JK000474,1433,983,1276,229,95
789,723,907,Shamela0000922,955,1129,1466,146,54
789,900,1099,JK000394,860,740,950,161,94
789,445,786,Sham19Y0009800,477,157,497,277,99
789,786,907,Tafsir07076,1251,17,138,96,100
789,634,907,JK007018,547,590,898,190,73
789,880,1184,JK007018,548,19,500,226,56
789,445,723,Sham19Y0007233,251,1138,1344,161,71
789,451,585,Zaydiyya0000295Vols,42,64,198,107,100
789,445,723,JK009396,1129,354,632,228,100
789,651,907,JK009396,1130,1092,1570,203,52
789,939,1184,JK009396,1132,0,581,191,40
789,445,723,Sham19Y0023608,2957,927,1204,227,99
789,723,907,Sham19Y0023608,2960,236,420,146,100
789,907,1099,Sham19Y0023608,2962,484,677,155,99
789,445,581,JK000465,48,707,843,109,100
789,907,1099,Hindawi036246035,288,880,1183,136,56
789,699,907,Meshkat00042488,1289,745,1135,150,48
789,826,988,ShamIbadiyya0000075,685,317,841,129,30
789,786,997,Shamela0004473,659,272,483,169,100
789,786,907,Shamela0004473,9708,898,1019,96,100
789,776,907,Shamela0004473,14068,962,1093,98,94
789,135,585,Shia002356Vols,888,1103,1532,237,55
789,585,988,Shia002356Vols,889,0,399,322,98
789,445,723,JK000599,13,1201,1485,226,96
789,410,1184,Shamela0010523,107,77,851,623,99
789,445,634,Tafsir02102,164,884,1072,153,99
789,445,591,Tafsir02102,728,354,500,117,100
789,786,1144,Tafsir02102,3185,327,1380,284,33
789,445,634,Shamela0008473,193,902,1091,154,100
789,445,634,Shamela0008473,466,489,678,154,100
789,445,591,Shamela0008473,1098,344,490,117,100
789,421,723,Shamela0008473,1654,234,545,235,91
789,445,634,Shamela0008473,2029,256,445,154,100
789,410,714,Shamela0008473,3609,1189,1533,237,84
789,445,907,Shamela0008473,3612,123,587,195,36
789,793,1099,Shamela0008473,3614,1175,1400,181,73
789,445,634,Noorlib0010712,29,699,887,153,99
789,410,591,Tafsir07055,217,221,402,146,100
789,410,581,Tafsir07055,3017,1388,1559,138,100
789,445,581,Tafsir07055,3639,285,421,109,100
789,963,1179,Shamela0003055,3785,0,798,167,25
789,786,1032,Shamela0012884,3904,1189,1434,196,99
789,1032,1179,Shamela0012884,3905,0,147,120,100
789,459,1184,Shamela0023591,5398,0,725,581,99
789,410,911,Shamela0023591,5434,170,670,402,99
789,960,1184,Shamela0023591,5437,0,225,177,97
789,81,723,JK009266,7171,866,1315,366,69
789,723,1099,JK009266,7176,769,1145,301,100
789,431,723,Shamela0021821,1397,394,719,240,89
789,705,907,Shamela0021821,1398,684,895,161,95
789,872,1099,Shamela0021821,1400,280,573,182,77
789,135,723,Kraken220413194022,3133,1060,1488,341,70
789,81,1048,JK009362,6060,783,1578,621,77
789,451,627,Zaydiyya0000003,2,102,278,143,100
789,81,723,JK006478,7095,360,811,365,69
789,445,591,JK000082,143,895,1041,117,100
789,81,634,Rafed0003943Vols,1222,174,533,291,64
789,786,1184,Rafed0003943Vols,1223,861,1260,316,98
789,445,723,Shamela0010273,2283,840,1117,227,99
789,786,907,Shamela0010273,2286,1043,1164,96,100
789,907,1099,Shamela0010273,2287,1244,1437,155,99
789,939,1184,Shamela0010273,2289,60,481,141,40
789,445,639,JK000089,63,739,933,158,100
789,786,907,Shamela0007798,7234,198,319,96,100
789,445,581,JK010224,1,441,577,109,100
789,16,487,Sham19Y0014404,1102,264,904,239,38
789,723,907,Sham19Y0014404,1103,624,849,144,80
789,907,1179,Sham19Y0014404,1104,37,963,191,24
789,723,907,Meshkat00057178,2840,20,258,122,65
789,907,1172,Masaha000554Vols,4160,283,549,205,94
789,81,1184,QuranAnalysis001,170,26,936,731,82
789,6,786,Rafed0001713Vols,1930,16,1412,546,47
789,786,1103,Rafed0001713Vols,1933,829,1147,251,98
789,907,1099,Shamela0000432,4348,992,1184,155,100
789,445,723,Shamela0000736,3613,1023,1301,228,100
789,6,487,Shamela0000041,1935,446,760,233,59
789,907,1184,Shamela0000041,1938,0,277,220,98
789,6,1075,Shamela0023578,2367,678,1576,691,79
789,1075,1575,Shamela0023578,2368,0,599,228,36
789,872,1179,Shamela0023578,2370,232,903,247,45
789,786,988,Zaydiyya0000388,29,7,209,161,100
790,44,757,Meshkat00042485,5026,779,1410,310,44
790,943,1222,Shamela0021715,2652,233,464,137,58
790,44,615,ShamIbadiyya0000075,684,1111,1593,270,50
790,994,1543,Shia002380Vols,586,291,530,127,28
790,60,757,JK000458,2630,726,1547,306,42
790,54,953,Tafsir08060,398,103,945,362,39
790,44,757,Tafsir01006,1112,725,1373,309,43
790,54,508,Rafed0001713Vols,1931,736,1593,263,34
791,1213,1493,Shia001432Vols,541,107,385,225,99
791,672,899,Shia001432Vols,718,1241,1468,188,100
791,648,980,Shia001432Vols,1900,0,331,275,99
791,1213,1493,Shia001432Vols,18084,897,1176,226,99
791,580,899,Shamela0023632,2729,213,516,213,80
791,878,1105,Shamela0023632,2730,322,593,185,83
791,1105,1493,Shamela0023632,2732,264,652,313,100
791,329,1152,JK009268,3649,846,1587,557,77
791,1213,1479,JK009268,3664,1351,1616,215,99
791,1479,1602,JK009268,3665,0,124,102,99
791,871,1144,Sham19Y0023618,1295,1336,1633,222,91
791,580,899,Sham19Y0023618,1295,219,538,263,100
791,1418,1602,Sham19Y0023618,1296,1309,1494,152,99
791,1144,1418,Sham19Y0023618,1296,0,274,220,100
791,612,1144,Shamela0023628,2727,830,1578,432,70
791,1144,1602,Shamela0023628,2728,0,459,372,99
791,672,899,Rafed0003257Vols,4115,1383,1610,188,100
791,899,1213,Rafed0003257Vols,4117,143,458,254,99
791,1213,1602,Rafed0003257Vols,4119,643,1033,317,99
791,841,1033,Tafsir09083,1087,395,985,157,32
791,822,980,Sham19Y0020891,4676,890,1048,132,100
791,980,1213,Sham19Y0020891,4680,516,1038,138,34
791,1140,1493,Sham19Y0020891,4681,762,1124,250,83
791,980,1175,Tafsir09068,894,1085,1423,131,50
791,1213,1493,JK010001,41,1117,1397,227,100
791,1213,1479,JK010001,479,735,1001,215,100
791,1213,1493,JK010001,1058,1295,1575,227,100
791,672,899,JK010001,1305,1162,1389,188,100
791,1213,1479,JK010001,2473,559,825,215,100
791,1213,1493,JK010001,3228,677,957,227,100
791,329,827,JK009270,3636,1070,1487,289,64
791,822,1216,JK009270,3640,1060,1451,318,99
791,1213,1602,JK009270,3645,3,393,317,99
791,580,980,Meshkat0014420,3570,526,926,331,100
791,980,1213,Meshkat0014420,3573,992,1225,186,100
791,1213,1602,Meshkat0014420,3575,59,449,317,99
791,495,795,JK006476,1286,0,259,205,82
791,691,1069,JK006476,1286,948,1541,306,63
791,841,1033,JK006476,1287,76,631,146,32
791,66,602,Meshkat00042485,5030,421,915,217,41
791,495,980,Tafsir02104,417,185,1097,317,42
791,580,822,Sham19Y0147312,1548,16,258,199,100
791,788,1213,Sham19Y0147312,1549,781,1249,346,90
791,1213,1602,Sham19Y0147312,1550,913,1303,317,99
791,663,980,Shamela0004445,7053,168,485,259,98
791,635,899,Shamela0022769,1184,41,1096,197,22
791,745,1058,Tafsir02067,718,722,1593,254,35
791,388,822,Zaydiyya0000062,1473,493,808,253,70
791,822,1033,Zaydiyya0000062,1475,0,208,170,94
791,685,912,Shamela0037458,3155,1273,1583,188,72
791,980,1310,Shamela0037458,3157,500,830,264,100
791,1486,1602,Shamela0037458,3160,0,117,96,99
791,602,1033,JK000791,1775,661,1240,354,74
791,1105,1602,JK000791,1777,192,820,382,75
791,672,899,Shamela0000922,956,954,1533,186,38
791,305,1313,JK007018,548,356,1588,667,59
791,1213,1479,Tafsir04039,833,851,1117,215,100
791,756,938,Tafsir04039,2760,167,581,144,42
791,1213,1422,Hindawi095926405Vols,852,718,927,168,100
791,334,1033,JK009396,1132,401,1504,423,41
791,1213,1428,JK009396,1133,1314,1528,173,99
791,1428,1602,JK009396,1134,0,175,144,99
791,1213,1493,Sham19Y0023608,1829,1380,1660,227,100
791,1213,1493,Sham19Y0023608,2274,1231,1511,227,100
791,652,1033,Sham19Y0023608,2965,857,1232,304,97
791,980,1152,Sham19Y0023608,2968,1066,1582,137,33
791,1213,1493,Sham19Y0023608,2971,773,1053,227,100
791,392,672,Meshkat00042488,1291,0,461,151,40
791,537,892,ShamIbadiyya0000075,686,0,877,288,39
791,1140,1493,Shamela0004473,2552,960,1313,285,100
791,1213,1493,Shamela0004473,9335,41,321,227,100
791,1213,1493,Shamela0004473,10256,1276,1556,227,100
791,899,1033,Shamela0004473,17030,174,354,110,74
791,899,1058,JK000105,7,626,785,130,100
791,368,980,Shia002356Vols,891,6,505,394,77
791,980,1602,Shia002356Vols,892,882,1500,498,99
791,580,739,Shamela0010523,108,1355,1513,130,99
791,739,1226,Shamela0010523,109,0,484,391,98
791,1213,1602,Shamela0010523,111,129,519,317,99
791,720,938,Tafsir04038,474,19,309,181,75
791,11,964,Shia002380Vols,586,545,1611,513,49
791,980,1493,Shia002380Vols,587,325,1528,409,42
791,822,980,JK001496,1690,1391,1550,132,99
791,1190,1493,JK001496,1692,1097,1406,235,93
791,899,1058,Tafsir02102,3189,896,1055,130,100
791,1213,1493,Shamela0008473,2818,1004,1284,227,100
791,708,1033,Shamela0008473,3617,0,325,268,100
791,938,1213,Shamela0008473,3618,715,1134,219,65
791,1213,1498,Shamela0008473,3619,819,1110,228,96
791,11,730,Shia002382Vols,1376,887,1615,325,43
791,745,1033,Shia002382Vols,1377,79,722,236,44
791,672,980,JK009265,212,282,595,256,98
791,677,980,JK009265,278,704,1007,252,100
791,1213,1493,Tafsir07055,43,157,437,227,100
791,1213,1479,Tafsir07055,511,313,579,215,100
791,1213,1493,Tafsir07055,1115,84,364,227,100
791,672,848,Tafsir07055,1365,1467,1642,146,99
791,1213,1428,Tafsir07055,2558,1375,1589,173,99
791,1292,1493,Tafsir07055,2850,0,201,164,100
791,1140,1493,Tafsir07055,3205,139,492,285,100
791,1182,1493,Tafsir07055,3317,186,492,235,93
791,672,944,Shamela0012884,3907,951,1513,222,47
791,1261,1602,Shamela0012884,3909,0,342,279,99
791,329,1450,Shamela0023591,5398,549,1589,797,83
791,1450,1602,Shamela0023591,5399,0,153,126,99
791,672,1076,Shamela0023591,5438,1226,1629,332,99
791,1076,1493,Shamela0023591,5439,0,417,337,100
791,388,788,JK009266,7179,1255,1542,236,71
791,788,980,JK009266,7180,0,192,160,100
791,980,1213,JK009266,7183,441,674,186,100
791,1200,1602,JK009266,7185,886,1323,324,91
791,1065,1493,Zaydiyya0000076BK16,46,932,1331,263,73
791,580,1033,Shamela0021821,1401,800,1232,323,86
791,1140,1493,Shamela0021821,1403,181,675,275,69
791,368,1602,JK009362,6061,28,1183,900,87
791,1033,1493,JK001110,52,190,650,371,100
791,388,822,JK001420,648,56,406,202,54
791,1213,1493,Shia003986,33,680,960,227,100
791,672,980,JK006478,7106,1270,1580,256,99
791,980,1213,JK006478,7110,2,238,184,97
791,1194,1493,JK006478,7112,1012,1308,231,94
791,745,1094,Tafsir08060,399,21,660,241,45
791,329,904,Rafed0003943Vols,1223,1084,1578,356,69
791,1310,1541,Rafed0003943Vols,1225,194,425,189,100
791,720,1033,Shamela0010273,2291,823,1136,258,100
791,739,1213,Shamela0010273,2293,432,1279,327,47
791,1213,1602,Shamela0010273,2296,156,546,317,99
791,750,980,Shamela0007798,7239,729,1407,161,27
791,1213,1493,Shamela0012293,1119,136,416,227,100
791,1213,1493,Shamela0012293,1121,419,699,227,100
791,388,822,Tafsir06048,855,693,1366,265,43
791,146,672,Sham19Y0014404,1104,765,1358,227,41
791,677,1033,Sham19Y0014404,1105,435,1625,279,28
791,1213,1493,Rafed0003799Vols,367,1295,1575,227,100
791,1213,1493,Rafed0003799Vols,370,779,1059,227,100
791,720,1105,Meshkat00057178,2843,205,1497,248,23
791,1303,1602,Meshkat00057178,2845,406,1181,230,36
791,580,892,Masaha000554Vols,4163,274,586,250,95
791,848,1235,Masaha000554Vols,4165,1158,1592,301,84
791,1213,1602,Masaha000554Vols,4168,560,942,310,97
791,580,971,JK000447,616,615,1516,231,29
791,329,1235,QuranAnalysis001,170,761,1585,623,79
791,1235,1602,QuranAnalysis001,171,0,368,300,99
791,822,1033,Zaydiyya0000474,89,484,695,174,100
791,388,1033,Rafed0001713Vols,1935,990,1524,438,82
791,388,580,Rafed0001713Vols,1936,161,500,130,47
791,1200,1602,Rafed0001713Vols,1939,1058,1472,322,95
791,165,745,Tafsir04042,1696,30,918,219,26
791,745,899,Zaydiyya0000476,371,751,963,128,72
791,745,899,Zaydiyya0000476,442,906,1118,128,72
791,1213,1493,Tafsir07057,308,1183,1463,227,100
791,720,865,Tafsir04056,4377,125,270,120,100
791,660,938,Shamela0000041,1939,54,331,226,98
791,769,1213,Shamela0000041,1939,535,1201,356,65
791,1076,1602,Shamela0000041,1940,399,1079,427,77
791,329,1216,Shamela0023578,2370,705,1604,615,77
791,580,1058,Shamela0023578,2371,412,1576,383,40
791,1087,1602,Shamela0023578,2373,0,567,418,90
791,113,672,JK000876,1109,168,1095,228,26
792,1376,1493,Tafsir09050,3115,529,971,71,20
792,332,1616,Shamela0023628,2728,489,1383,389,32
792,93,441,Meshkat00042485,5031,1046,1522,202,44
792,1431,1623,Meshkat00042485,5035,1102,1304,86,46
792,1116,1496,JK000465,2999,793,1562,152,24
792,307,625,Meshkat00042488,1291,985,1589,176,32
792,1167,1623,ShamIbadiyya0000075,686,1063,1375,169,42
792,693,1616,ShamAY0033108,1355,10,1076,313,28
792,1376,1493,Shia002380Vols,587,104,378,66,29
792,577,1616,Tafsir02091,1592,9,1116,333,27
792,1370,1529,JK000458,2635,234,421,83,49
792,962,1623,Tafsir01006,1115,0,933,300,35
792,25,732,Tafsir06048,855,818,1366,270,45
792,552,1493,Sham19Y0014404,1105,720,1625,325,29
792,332,1027,JK000447,616,851,1441,202,31
792,25,441,Rafed0001713Vols,1936,740,1662,247,32
792,1376,1623,Rafed0001713Vols,1938,648,1290,119,22
792,307,1221,Shamela0000041,1939,292,952,322,39
792,0,1493,Shamela0023578,2371,387,1551,492,32
792,1376,1591,JK000876,1111,66,328,88,35
793,1331,1569,Shia001432Vols,4120,434,673,190,99
793,1351,1569,Shamela0023632,2734,0,219,174,99
793,1023,1569,JK009268,3665,0,388,308,69
793,1331,1569,Sham19Y0023618,1297,764,1003,189,99
793,16,752,Shamela0023628,2729,25,795,356,45
793,1192,1569,Shamela0023628,2730,37,487,245,63
793,1331,1569,Rafed0003257Vols,1422,345,584,189,99
793,1324,1569,Rafed0003257Vols,4121,897,1143,191,97
793,1331,1569,Sham19Y0020891,4685,703,942,189,99
793,1331,1569,JK009270,3648,245,484,190,99
793,1331,1569,Meshkat0014420,3577,151,390,190,99
793,724,1130,Meshkat00042485,5038,684,1181,212,46
793,1118,1356,Meshkat00042485,5039,1271,1540,168,76
793,1331,1569,Shamela0004445,455,428,667,190,99
793,1331,1569,Shamela0037458,3161,698,937,190,99
793,870,1388,JK000791,1777,1010,1561,226,44
793,1054,1356,Shamela0021766,3347,547,1126,209,44
793,1331,1569,Tafsir07076,2954,137,376,190,99
793,1054,1569,JK007018,549,788,1334,293,53
793,1276,1569,JK009396,1134,554,882,219,83
793,1331,1569,Sham19Y0023608,2974,184,423,189,99
793,1331,1569,Shamela0009637,9,517,756,190,99
793,172,1102,JK000818,475,530,1511,416,43
793,16,480,Meshkat00042488,1293,248,659,205,48
793,1331,1569,Shia003721Vols,365,180,419,190,99
793,352,1423,ShamIbadiyya0000075,687,179,1582,608,47
793,1331,1569,Rafed0003726Vols,189,219,458,189,99
793,1130,1569,Shia002356Vols,893,1037,1525,305,74
793,983,1569,Shamela0010523,111,378,783,322,67
793,1144,1331,ShamAY0034059,4619,4,598,128,27
793,352,1054,Shia002380Vols,587,1024,1545,336,54
793,1037,1423,Shia002380Vols,588,0,674,267,46
793,1130,1569,JK001496,1693,1003,1524,328,76
793,352,1102,Tafsir02091,1593,517,1532,371,39
793,1067,1569,Shamela0008473,3620,664,1171,300,67
793,930,1469,Shia002382Vols,1380,21,1047,382,44
793,1130,1356,ShamIbadiyya0000050,4645,701,977,148,65
793,189,1266,Tafsir05047,662,403,1389,482,45
793,1130,1569,Shamela0012884,3909,1062,1515,263,70
793,983,1569,Shamela0023591,5399,12,417,321,67
793,1049,1569,Shamela0023591,5444,164,538,295,70
793,962,1569,JK009266,7187,215,1273,354,39
793,620,1130,JK000458,2636,793,1429,226,32
793,1144,1569,Shamela0021821,1404,54,529,260,63
793,1331,1569,Zaydiyya0000274,451,1236,1475,190,99
793,1241,1569,JK006478,7114,709,1053,256,91
793,488,992,Shamela0010273,2296,710,1563,241,33
793,1130,1324,Shamela0010273,2297,734,1007,140,64
793,1331,1569,JK000805,8,720,959,190,99
793,368,1351,Tafsir01006,1116,26,1566,487,34
793,4,830,Sham19Y0014404,1106,323,1517,351,30
793,1273,1469,Sham19Y0014404,1107,1048,1238,138,85
793,1254,1569,Meshkat00057178,2846,5,335,219,79
793,983,1569,QuranAnalysis001,171,227,632,322,67
793,491,1037,Rafed0001713Vols,1940,49,1073,282,32
793,1187,1569,Rafed0001713Vols,1941,0,561,293,65
793,16,792,Shamela0000041,1940,84,926,321,34
793,488,1067,Shamela0000041,1940,1116,1555,280,55
793,1067,1469,Shamela0000041,1941,0,428,230,61
793,312,1569,Shamela0023578,2373,18,891,621,58
793,1177,1347,JK000876,1113,0,221,106,56
794,345,527,Shamela0006626,83,1064,1246,140,95
794,0,566,Shia001432Vols,4120,673,1240,451,99
794,34,591,Shia001432Vols,4121,152,873,418,73
794,160,345,Shia001432Vols,22727,447,632,147,99
794,214,566,Shia001432Vols,22730,722,1017,230,79
794,0,566,Shia001432Vols,22839,172,739,452,99
794,160,345,Shia001432Vols,33208,965,1159,147,94
794,132,345,Shia002185Vols,3784,715,923,141,83
794,54,259,Shamela0023632,2737,0,205,160,99
794,259,566,Shamela0023632,2738,1052,1359,248,100
794,0,566,JK009268,3665,388,955,452,99
794,0,259,Sham19Y0023618,1297,1003,1262,203,99
794,259,566,Sham19Y0023618,1300,277,584,248,100
794,0,259,Shamela0023628,2730,487,746,203,99
794,183,566,Shamela0023628,2732,869,1296,308,89
794,0,160,Rafed0003257Vols,4121,1143,1303,125,99
794,160,566,Rafed0003257Vols,4127,247,654,326,99
794,30,160,Tafsir09084,2113,634,764,102,100
794,259,427,Sham19Y0020891,4691,885,1053,135,100
794,427,566,Sham19Y0020891,4694,104,243,113,100
794,0,345,JK009270,3648,484,827,273,99
794,345,549,JK009270,3654,1321,1524,164,99
794,0,566,Meshkat0014420,3577,390,955,452,99
794,39,225,JK006476,1291,0,261,137,67
794,362,519,JK006476,1293,843,1003,126,98
794,151,471,Shia001626Vols,461,1288,1541,184,70
794,183,566,Shamela0012851,351,158,970,306,46
794,0,160,Sham19Y0147312,1551,1242,1402,126,100
794,264,566,Sham19Y0147312,1552,1028,1295,146,53
794,39,427,Sham19Y0147312,1552,146,484,246,76
794,0,566,Shamela0004445,455,667,1233,452,100
794,59,160,Shamela0004445,456,1320,1421,79,100
794,362,566,Shamela0004445,459,216,600,103,31
794,34,183,Shamela0004445,680,0,215,107,64
794,160,496,Sham19Y0014592,560,1183,1517,270,99
794,259,511,Sham19Y0014592,916,894,1233,142,44
794,0,160,Sham19Y0014592,1852,191,387,124,80
794,160,487,Sham19Y0014592,1853,220,658,134,36
794,427,566,Sham19Y0014592,1862,69,208,113,100
794,160,345,Sham19Y0014592,2522,470,654,148,99
794,0,569,AOCP20251117019,169,290,867,448,96
794,0,160,Zaydiyya0000062,1479,1223,1382,124,98
794,160,345,Zaydiyya0000062,1481,163,348,148,98
794,345,591,Zaydiyya0000062,1482,752,1017,188,86
794,0,566,Shamela0006947,12413,236,821,451,96
794,6,355,Shamela0037458,3164,1161,1535,276,92
794,427,566,Shamela0037458,3168,735,874,113,100
794,169,345,JK000791,1780,921,1097,141,100
794,288,566,JK000791,1781,456,703,189,84
794,160,345,Shamela0011363,275,187,372,148,100
794,160,321,Shamela0012014,135,138,299,128,100
794,0,160,Shamela0000922,959,1148,1413,126,60
794,160,575,Shamela0000922,960,15,616,280,58
794,0,427,Tafsir07076,2954,376,801,338,99
794,160,566,JK007018,551,413,1017,326,67
794,160,345,JK009396,1137,430,615,148,100
794,183,566,JK009396,1137,889,1315,226,53
794,0,160,Sham19Y0023608,2974,423,583,125,99
794,160,566,Sham19Y0023608,2977,930,1336,326,100
794,0,160,Shamela0009637,9,756,916,126,100
794,160,310,JK000001,117,636,786,119,100
794,0,160,Meshkat00042488,1296,21,231,125,75
794,214,427,Meshkat00042488,1297,272,1004,166,28
794,401,566,Meshkat00042488,1298,914,1125,134,78
794,0,566,Shia003721Vols,365,419,986,452,99
794,30,362,LMN20200829,18,86,333,172,58
794,362,557,ShamIbadiyya0000075,689,930,1318,153,49
794,0,160,Rafed0003726Vols,189,458,618,125,99
794,59,160,Shamela0004473,8094,110,211,79,100
794,427,579,Shamela0022371,246,601,751,118,95
794,39,1156,Shia002356Vols,894,0,1071,573,55
794,0,566,Shamela0010523,111,783,1349,452,100
794,34,591,Tafsir04038,475,93,818,418,72
794,39,427,Shia002380Vols,589,0,593,307,65
794,30,160,JK001496,1695,625,755,102,100
794,259,445,JK001496,1697,212,410,142,89
794,427,566,JK001496,1698,793,933,113,99
794,160,336,Zaydiyya0000328,525,700,1281,85,16
794,345,557,Zaydiyya0000328,526,46,260,169,98
794,221,569,Tafsir02102,3193,47,943,277,38
794,30,345,Shamela0008473,3623,756,1212,250,69
794,345,575,Shamela0008473,3624,661,909,183,91
794,0,160,Shamela0008473,4130,1095,1255,126,100
794,427,566,Shamela0022869,256,1178,1317,113,100
794,59,332,Tafsir05047,664,211,864,216,41
794,0,566,Shamela0012884,3910,0,564,452,99
794,0,566,Shamela0023591,5399,417,983,451,99
794,0,566,Shamela0023591,5444,538,1104,451,99
794,0,160,JK009266,7187,1273,1433,126,100
794,160,427,JK009266,7193,839,1104,212,99
794,427,566,JK009266,7196,674,813,113,100
794,160,336,Shamela0010283,1112,137,313,131,94
794,345,566,Shamela0010283,2495,115,462,178,63
794,0,160,Shamela0021821,1405,730,922,110,73
794,160,345,Shamela0021821,1406,12,197,148,100
794,310,566,Shamela0021821,1407,74,410,205,75
794,160,345,JK000046,16,461,646,148,100
794,34,368,Shia002389Vols,2159,465,923,246,67
794,368,566,Shia002389Vols,2162,1189,1408,158,89
794,183,345,Shamela0001390,131,505,667,130,100
794,160,321,JK000071,163,265,426,128,100
794,160,345,JK000071,399,1178,1363,148,100
794,113,566,JK009362,6062,0,459,364,98
794,183,557,Shia001174Vols,3325,1184,1504,252,81
794,30,345,JK001420,649,774,1494,216,35
794,174,345,Shamela0003118,6911,1232,1484,127,63
794,160,345,JK000057,160,68,251,147,98
794,160,427,JK006478,7119,1156,1425,213,98
794,566,1341,Tafsir08060,399,1027,1553,302,45
794,30,187,Rafed0003943Vols,1227,0,145,104,85
794,259,566,Rafed0003943Vols,1228,185,493,248,99
794,30,187,Shamela0010273,2300,59,212,106,87
794,160,566,Shamela0010273,2301,757,1163,326,100
794,6,160,Shamela0007798,7256,300,491,113,76
794,160,345,Shamela0007798,7259,180,611,144,41
794,368,569,Tafsir06048,859,0,246,160,81
794,160,345,JK000181,4,673,906,148,79
794,0,160,Sham19Y0014404,1108,917,1090,126,92
794,160,427,Sham19Y0014404,1109,5,888,213,30
794,427,566,Sham19Y0014404,1111,0,139,113,100
794,0,160,Meshkat00057178,2847,1063,1232,126,94
794,427,566,Meshkat00057178,2850,1081,1220,113,100
794,160,566,Masaha000554Vols,4177,130,530,319,97
794,427,566,Masaha000554Vols,4181,163,687,110,25
794,0,566,QuranAnalysis001,171,632,1198,452,100
794,174,345,JK000916,24101,988,1244,128,63
794,0,243,Rafed0001713Vols,1941,561,828,147,70
794,160,566,Rafed0001713Vols,1944,254,661,326,99
794,160,345,Shamela0095735,33,913,1098,148,100
794,34,160,Kraken22041020274101,68,454,580,97,98
794,427,566,Tafsir07057,3998,65,204,113,100
794,0,264,Shamela0000041,1943,168,431,207,99
794,264,445,Shamela0000041,1944,0,180,139,96
794,345,566,Shamela0000041,1947,139,412,178,80
794,0,566,Shamela0023578,2373,891,1457,451,99
794,183,368,Shamela0023578,2378,269,520,149,73
795,35,632,Shia001432Vols,4121,221,582,203,40
795,479,773,Shamela0000140,947,630,938,122,35
795,362,840,JK006476,1292,613,1100,181,34
795,362,875,Meshkat00042485,5045,637,1204,265,46
795,362,850,Shamela0022769,1189,179,894,203,30
795,427,765,Shamela0037458,3166,646,1240,170,30
795,479,1198,Meshkat00042488,1297,476,1004,207,27
795,362,1509,ShamIbadiyya0000075,689,277,1313,416,34
795,362,689,ShamAY0033108,1359,833,1407,160,31
795,35,632,Tafsir04038,475,161,522,197,41
795,1246,1476,Shia002380Vols,589,1240,1459,115,51
795,84,1211,Shia002380Vols,589,110,603,307,33
795,362,689,Tafsir02091,1596,884,1456,160,31
795,362,846,Shia002382Vols,1381,1004,1422,215,45
795,453,786,Shamela0010273,2302,736,1339,158,28
795,313,875,Tafsir01006,1118,702,1376,269,41
795,13,706,Tafsir06048,858,529,1413,273,36
795,362,858,Sham19Y0014404,1109,293,837,233,41
796,248,525,Shia001432Vols,2503,935,1212,216,100
796,294,483,Shia001432Vols,5448,1087,1277,148,99
796,35,298,Shamela0023632,2740,837,1100,209,99
796,294,525,Shamela0023632,2742,144,376,181,99
796,0,525,JK009268,3665,941,1445,401,96
796,760,1074,JK009268,3673,500,973,162,40
796,35,209,Sham19Y0023618,1301,1035,1209,142,100
796,209,525,Sham19Y0023618,1302,119,436,247,99
796,0,1050,Shamela0023628,2736,61,1237,547,46
796,212,444,Shamela0023628,2737,41,722,183,34
796,226,381,Rafed0003257Vols,4131,1458,1613,122,98
796,144,448,Tafsir09083,1094,6,1308,212,20
796,251,444,Sham19Y0020891,4700,701,1110,144,44
796,89,525,JK009270,3662,0,436,345,100
796,29,525,Meshkat0014420,3584,774,1270,390,99
796,35,278,JK006476,1295,251,532,166,74
796,239,489,JK006476,1296,15,259,167,83
796,239,409,Tafsir01005,4468,245,582,126,47
796,315,503,Shamela0012851,353,86,310,143,80
796,65,320,Tafsir02104,419,731,1384,188,36
796,35,404,Sham19Y0147312,1554,909,1523,295,59
796,251,469,Shamela0022769,1192,20,770,170,28
796,0,209,Sham19Y0014592,561,56,244,154,89
796,209,444,Zaydiyya0000062,1485,432,667,184,98
796,0,444,Shamela0037458,3168,860,1283,339,95
796,93,525,JK000791,1783,420,975,322,73
796,209,525,Shamela0000922,961,238,856,193,37
796,35,529,JK007018,552,257,956,387,69
796,35,209,JK009396,1138,1350,1524,142,100
796,209,525,JK009396,1139,619,935,247,100
796,0,209,Sham19Y0023608,2982,300,580,164,71
796,116,525,Sham19Y0023608,2983,723,1367,319,63
796,209,525,Sham19Y0095660,1756,543,859,247,100
796,343,525,JK000381,519,499,681,143,100
796,0,422,JK000818,477,570,1498,313,42
796,52,327,Meshkat00042488,1299,364,1091,197,34
796,294,444,Meshkat00042488,1300,44,603,119,26
796,99,435,ShamIbadiyya0000075,690,33,802,258,42
796,0,486,Shia002356Vols,895,1006,1522,370,89
796,0,233,Shamela0010523,111,1335,1546,173,90
796,233,542,Shamela0010523,112,0,307,235,97
796,99,503,Shia002380Vols,590,352,966,316,65
796,35,294,JK001496,1699,926,1524,169,33
796,239,444,JK001496,1700,743,1265,156,38
796,766,1101,Tafsir02102,3195,841,1454,208,40
796,35,209,Shamela0008473,3627,725,899,142,100
796,144,525,Shamela0008473,3628,522,1021,300,76
796,239,512,Tafsir05047,666,188,571,204,68
796,0,209,Shamela0012884,3918,12,222,158,88
796,209,444,Shamela0012884,3919,610,846,185,99
796,0,525,Shamela0023591,5399,969,1474,401,95
796,123,651,Shamela0023591,5453,0,562,352,75
796,59,549,JK009266,7198,598,1184,374,80
796,0,209,Shamela0021821,1408,1154,1389,161,84
796,116,476,Shamela0021821,1409,1073,1522,284,79
796,0,525,JK009362,6062,445,964,400,92
796,29,209,JK001110,89,1089,1269,145,98
796,35,525,JK006478,7123,824,1325,345,81
796,0,209,Rafed0003943Vols,1228,479,667,154,89
796,209,448,Rafed0003943Vols,1229,47,288,185,97
796,35,209,Shamela0010273,2305,575,749,142,100
796,209,529,Shamela0010273,2307,137,458,248,99
796,209,368,Shamela0007798,7272,138,644,117,29
796,315,503,Tafsir06048,860,10,245,144,76
796,294,503,Shamela0008571,8,1254,1527,163,76
796,248,448,Sham19Y0014404,1112,477,964,153,40
796,248,368,Meshkat00057178,2852,1118,1458,94,35
796,209,529,Masaha000554Vols,4189,67,387,241,96
796,0,353,QuranAnalysis001,171,1184,1515,266,93
796,353,525,QuranAnalysis001,172,0,172,135,100
796,5,209,Rafed0001713Vols,1946,1161,1403,159,79
796,209,525,Rafed0001713Vols,1947,762,1079,247,99
796,202,359,Zaydiyya0000476,172,436,594,118,93
796,209,435,Zaydiyya0000476,180,454,684,177,97
796,202,359,Zaydiyya0000476,226,171,329,118,93
796,209,435,Zaydiyya0000476,234,207,437,177,97
796,160,294,Shamela0000041,1948,0,134,106,100
796,255,529,Shamela0000041,1949,0,602,212,45
796,116,525,Shamela0023578,2374,0,410,322,99
796,233,503,Shamela0023578,2383,381,815,210,62
796,525,745,JK000876,1117,0,226,121,53
797,963,1318,ShamAY0037152,469,1116,1472,290,99
797,1124,1402,Shia001432Vols,2503,1227,1504,227,99
797,1124,1318,Shia001432Vols,7094,1267,1461,157,100
797,575,807,Shia001432Vols,7561,132,369,176,89
797,575,772,Shia001432Vols,8069,1280,1478,161,99
797,881,1323,Shia001432Vols,20810,832,1033,155,41
797,1258,1493,Shia001432Vols,20881,1189,1415,157,78
797,872,1124,Shia001432Vols,22260,1067,1220,115,51
797,1124,1318,Shia001432Vols,22588,1114,1303,152,96
797,719,963,Shamela0023632,2745,296,541,200,99
797,930,1318,Shamela0023632,2746,943,1403,318,84
797,517,1493,JK009268,3676,64,1070,776,92
797,668,963,Sham19Y0023618,1303,460,785,210,79
797,940,1318,Sham19Y0023618,1304,0,405,309,93
797,598,881,Shia004030Vols,1351,375,734,214,74
797,526,1137,Shamela0023628,2738,0,576,428,86
797,991,1493,Shamela0023628,2740,372,1035,411,75
797,526,833,Masaha000146Vols,136,47,324,181,71
797,510,963,Rafed0003257Vols,4142,291,736,354,92
797,1074,1318,Rafed0003257Vols,4151,1115,1580,200,52
797,1237,1493,Rafed0003257Vols,4153,866,1462,204,41
797,1124,1318,Sham19Y0020891,4715,1213,1408,157,99
797,598,881,JK000100,432,1015,1298,229,100
797,829,1124,Tafsir09068,899,155,1012,218,30
797,1124,1523,Tafsir09068,900,45,1080,265,31
797,772,1124,JK009270,3674,834,1186,290,100
797,1115,1493,JK009270,3677,792,1171,307,98
797,652,1124,ShamAY0034106,244,419,1066,163,24
797,1124,1300,Shamela0012001,43,294,470,141,100
797,575,963,Meshkat0014420,3588,882,1281,318,97
797,930,1318,Meshkat0014420,3592,200,615,318,93
797,1318,1493,Meshkat0014420,3594,1056,1231,146,100
797,598,1248,Shamela0010284,113,990,1639,530,99
797,762,940,JK006476,1299,0,184,146,96
797,1217,1493,JK006476,1301,134,585,225,59
797,1124,1347,Shamela0029677,1963,1255,1494,171,89
797,719,963,Sham19Y0147312,1556,1266,1510,200,100
797,1074,1493,Sham19Y0147312,1558,40,459,346,100
797,1166,1318,Sham19Y0014592,2224,0,152,124,100
797,1081,1323,JK000375,105,1346,1578,164,83
797,719,963,Shia002550Vols,203,797,1041,200,100
797,772,963,Zaydiyya0000062,1488,544,734,157,98
797,1074,1421,Zaydiyya0000062,1490,915,1434,285,65
797,652,1137,Shamela0037458,3175,995,1486,394,97
797,1074,1456,Shamela0037458,3179,850,1614,315,49
797,575,772,JK000791,1785,349,546,161,100
797,677,1087,JK000791,1786,590,1658,296,32
797,991,1318,JK000791,1787,1051,1455,222,64
797,11,598,Shamela0021766,3358,342,1328,331,41
797,1124,1323,JK000365,284,1154,1354,157,97
797,719,1074,Shamela0000922,962,726,1336,172,28
797,1115,1493,Shamela0000922,963,280,1213,274,36
797,1318,1493,Tafsir07076,8284,888,1063,146,100
797,719,963,JK007018,553,1141,1502,193,65
797,575,772,JK007018,553,56,254,161,99
797,963,1493,JK007018,554,86,941,433,61
797,1318,1493,Shamela0037325,1556,1156,1331,146,100
797,719,963,Shia004092Vols,5633,41,285,200,100
797,772,963,JK009396,1141,1199,1390,157,100
797,1115,1493,JK009396,1142,1083,1462,307,98
797,526,772,Sham19Y0023608,2987,938,1189,173,85
797,772,963,Sham19Y0023608,2991,545,737,157,99
797,1074,1323,Sham19Y0023608,2994,97,516,200,58
797,598,940,Sham19Y0016953Vols,454,1272,1613,280,99
797,940,1323,Sham19Y0016953Vols,455,0,383,313,100
797,1318,1493,Sham19Y0016953Vols,689,17,192,146,100
797,99,418,JK000381,519,499,881,141,37
797,1124,1323,JK000381,2190,280,480,161,99
797,1318,1493,JK000381,3296,171,346,146,100
797,772,1124,JK000818,478,802,1547,278,45
797,623,1323,JK000060,180,0,701,571,99
797,304,652,Meshkat00042488,1300,919,1410,179,42
797,1074,1224,Meshkat00042488,1302,1290,1607,122,46
797,856,1074,Meshkat00042488,1302,229,650,178,51
797,1124,1323,Sham19Y0020587,5,269,477,161,95
797,11,645,ShamIbadiyya0000075,690,485,1278,306,40
797,811,1341,ShamIbadiyya0000075,691,494,1658,431,44
797,1124,1318,Shamela0004473,9088,1415,1609,157,100
797,963,1421,Shamela0022371,246,1233,1530,187,50
797,72,657,ShamAY0033108,1363,351,1303,278,35
797,598,995,JK000105,563,1170,1566,326,99
797,995,1275,JK000105,564,0,281,226,99
797,575,963,Shia002356Vols,897,221,606,314,98
797,838,1228,Shia002356Vols,898,1086,1589,292,70
797,1228,1493,Shia002356Vols,899,0,259,213,96
797,320,1318,Shamela0010523,115,552,1512,641,78
797,1318,1493,Shamela0010523,116,0,175,146,100
797,1318,1493,Zaydiyya0000142,3042,764,939,146,100
797,762,1124,Tafsir04038,479,0,397,216,56
797,652,1261,Shia002380Vols,591,222,1601,492,43
797,1261,1493,Shia002380Vols,592,0,528,189,42
797,772,1058,JK001496,1704,686,1544,207,29
797,1254,1493,JK001496,1707,662,1016,179,59
797,1124,1318,JK001496,1707,86,285,157,97
797,1318,1493,Shamela0021536,306,1277,1452,146,100
797,881,1166,Shamela0008473,3633,1202,1480,214,88
797,963,1323,Shamela0008473,3634,1006,1331,192,53
797,1318,1493,Shamela0008473,3635,1251,1426,146,100
797,758,1429,Shia002382Vols,1389,23,1621,550,41
797,677,986,Tafsir05047,667,136,881,254,41
797,1124,1323,Shamela0003055,3040,741,940,157,97
797,747,1124,Shamela0012884,3924,920,1452,303,69
797,963,1323,Shamela0012884,3925,264,687,232,65
797,719,963,Rafed0002654Vols,5301,52,297,200,99
797,460,1014,Shamela0023591,5455,1013,1594,385,71
797,1014,1493,Shamela0023591,5456,0,479,393,99
797,579,1497,Shamela0023591,5459,0,918,742,98
797,719,1124,JK009266,7209,333,738,333,100
797,1124,1318,JK009266,7214,199,409,157,92
797,1318,1493,JK009266,7216,176,351,146,100
797,677,963,Shamela0021821,1412,374,889,236,55
797,829,1124,Shamela0021821,1413,14,506,241,59
797,1074,1318,Shamela0021821,1414,0,283,200,86
797,1224,1493,Shamela0021821,1414,979,1501,215,49
797,1081,1323,Kraken220413194022,3071,818,1050,163,83
797,1318,1493,JK000077,91,1323,1498,146,100
797,575,772,Shia002389Vols,2169,1155,1353,155,96
797,772,1376,Shia002389Vols,2172,38,641,273,41
797,575,802,Masaha001842Vols,91,1176,1408,169,90
797,602,1493,JK009362,6182,74,984,726,97
797,719,1421,JK001420,651,258,1115,242,24
797,1308,1493,Shamela0037537,83,417,599,149,96
797,1124,1318,JK006478,7147,1073,1272,157,97
797,526,829,Rafed0003943Vols,1230,876,1145,218,88
797,829,1128,Rafed0003943Vols,1232,586,890,248,98
797,1237,1493,Rafed0003943Vols,1233,0,256,213,99
797,719,963,Shamela0010273,2311,752,997,200,99
797,1124,1323,Shamela0010273,2313,1108,1307,159,98
797,881,1074,Shamela0007798,7277,93,665,133,26
797,1074,1275,Shamela0007798,7278,606,1024,163,48
797,739,1197,Tafsir06048,861,713,1582,355,49
797,677,1074,Sham19Y0014404,1114,265,1366,317,35
797,1039,1275,Sham19Y0014404,1115,117,484,188,63
797,1192,1323,JK001173,36,16,153,107,95
797,1074,1347,Meshkat00057178,2857,109,359,193,86
797,719,963,Masaha000554Vols,4201,1549,1790,193,96
797,109,1493,QuranAnalysis001,172,0,1079,876,77
797,526,772,Shia002958,298,24,253,173,86
797,575,881,Zaydiyya0000101,399,865,1193,248,93
797,859,1124,Zaydiyya0000474,84,985,1155,119,47
797,575,829,Rafed0001713Vols,1949,57,312,206,99
797,1081,1318,Rafed0001713Vols,1954,125,341,159,81
797,881,1421,Shia002374Vols,339,504,1037,167,24
797,1318,1493,JK000122,851,993,1168,146,100
797,1115,1318,Zaydiyya0000476,533,1177,1380,162,98
797,1115,1318,Zaydiyya0000476,580,896,1099,162,98
797,1153,1421,Tafsir04056,5902,43,533,151,33
797,1124,1318,Tafsir04056,7283,339,533,157,100
797,0,652,Shamela0000041,1949,211,1113,304,38
797,685,1074,Shamela0000041,1950,1111,1578,300,77
797,1158,1429,Shamela0000041,1952,819,1222,194,58
797,991,1300,Shamela0000041,1952,26,436,236,69
797,526,1318,Shamela0023578,2384,515,1286,620,95
797,719,991,Shamela0023578,2386,45,558,222,52
797,1074,1318,Shamela0023578,2387,536,967,200,56
798,750,908,Sham19Y0020891,4710,1147,1435,112,43
798,750,1175,Tafsir09068,899,164,830,176,28
798,1258,1492,Meshkat00042485,5064,1260,1569,133,53
798,697,1369,Tafsir02067,725,35,468,157,22
798,347,875,Shamela0021766,3361,214,1264,224,25
798,750,908,Sham19Y0023608,2992,146,604,109,28
798,697,1617,Meshkat00042488,1302,65,1570,416,29
798,631,1617,Shia002380Vols,591,685,1366,393,43
798,750,908,JK001496,1704,774,1091,111,40
798,656,1332,Tafsir02102,3199,548,1220,284,38
798,656,1617,Shia002382Vols,1389,265,981,402,45
798,768,1589,Tafsir05047,667,619,1455,296,33
798,1063,1369,JK000458,2646,687,1301,186,37
798,1063,1519,Tafsir01006,1121,821,1498,269,48
798,646,908,Sham19Y0014404,1114,801,1112,125,40
798,1110,1369,Rafed0001713Vols,1952,678,1112,161,47
798,697,1030,JK000876,1120,726,1507,204,30
799,1357,1547,Shamela0008381,2737,176,366,150,100
799,1147,1292,Shia001432Vols,762,203,348,118,100
799,0,266,Shia001432Vols,2589,14,152,91,43
799,1078,1357,Shia001432Vols,3563,786,1065,226,100
799,1078,1597,Shia001432Vols,28514,348,905,412,92
799,1069,1597,Shia001432Vols,28794,36,540,347,74
799,1078,1292,Shamela0023632,2751,365,579,174,100
799,1362,1507,Shamela0023632,2752,0,145,114,100
799,1078,1597,JK009268,3687,116,637,416,99
799,947,1597,Sham19Y0023618,1305,279,1395,525,58
799,683,1357,Shamela0023628,2740,918,1445,431,78
799,1186,1597,Shamela0023628,2743,48,654,325,67
799,880,1597,Rafed0003257Vols,4155,653,1451,556,84
799,1056,1357,Sham19Y0020891,4720,1125,1439,234,92
799,1357,1597,Sham19Y0020891,4723,45,287,190,99
799,1147,1292,JK010001,949,1014,1159,118,100
799,947,1292,JK009270,3681,41,386,283,100
799,1292,1597,JK009270,3686,948,1254,242,99
799,1357,1507,Shamela0005756,14889,761,919,118,94
799,1006,1152,ShamAY0034106,245,1039,1282,120,58
799,1147,1292,Zaydiyya0000329,70,161,306,118,100
799,198,437,Meshkat0014420,3594,206,406,115,54
799,1078,1507,Meshkat0014420,3597,670,1099,344,100
799,1087,1324,JK006476,1303,497,777,190,84
799,1233,1540,JK006476,1304,0,417,238,71
799,1078,1292,Shamela0036543,13,629,843,174,100
799,1100,1597,Shamela0001397,551,195,919,398,68
799,198,747,Meshkat00042485,5066,127,734,264,45
799,1087,1324,Shamela0012851,357,995,1603,190,38
799,935,1280,Sham19Y0147312,1558,939,1618,277,49
799,1357,1597,Sham19Y0147312,1559,722,963,190,99
799,1078,1597,Shamela0004445,199,1033,1554,416,99
799,1147,1292,Sham19Y0013550,339,1282,1427,118,100
799,1147,1507,Sham19Y0013550,437,526,984,242,66
799,1078,1357,Zaydiyya0000062,1493,334,611,225,98
799,947,1447,Shamela0008555,185,6,495,276,67
799,1078,1357,Shamela0011074,2,723,1002,226,100
799,1078,1238,Shamela0011074,26,345,512,129,94
799,1032,1357,Shamela0037458,3184,179,504,266,100
799,1357,1597,Shamela0037458,3186,663,904,190,99
799,1069,1357,JK000791,1790,1295,1589,234,97
799,1219,1597,JK000791,1791,648,1101,251,67
799,1021,1597,Shamela0000922,965,385,1389,384,47
799,1078,1597,JK007018,555,96,617,416,99
799,1078,1597,JK009396,1144,104,625,416,99
799,1078,1357,Sham19Y0023608,2998,1134,1413,226,100
799,1343,1597,Sham19Y0023608,3000,279,534,193,96
799,1078,1507,Meshkat00042488,1305,211,1433,337,34
799,1078,1597,Shia003721Vols,110,1049,1569,415,99
799,1357,1597,JK000162,874,490,645,105,56
799,198,496,ShamIbadiyya0000075,691,1438,1658,151,58
799,1078,1292,Shamela0021537,369,319,533,174,100
799,1069,1292,Shamela0021537,378,1070,1293,176,96
799,1078,1292,Shamela0021537,648,873,1087,174,100
799,1357,1597,Shamela0022371,247,7,318,159,65
799,905,1417,Shia002356Vols,900,0,513,407,97
799,1367,1597,Shia002356Vols,901,223,481,160,70
799,1191,1597,Shamela0010523,118,0,407,324,99
799,1078,1357,Tafsir04038,480,196,563,226,76
799,734,1520,Shia002380Vols,592,324,1628,564,51
799,1056,1357,JK001496,1709,646,963,234,91
799,1357,1515,JK001496,1710,1333,1493,124,97
799,947,1238,Tafsir02102,3201,1268,1634,238,79
799,1078,1357,Shamela0008473,3639,204,483,226,100
799,1292,1597,Shamela0008473,3640,229,792,225,50
799,198,747,Shia002382Vols,1389,1122,1614,231,44
799,774,1303,Shia002382Vols,1390,0,812,396,59
799,1147,1307,Tafsir07055,3872,219,377,124,95
799,1078,1534,Tafsir05047,669,269,1296,348,41
799,1147,1447,Shamela0003055,506,4,356,199,70
799,1078,1357,Shamela0003055,2992,11,290,226,100
799,1078,1238,Shamela0003055,3016,140,300,129,100
799,1056,1597,Shamela0012884,3929,544,1144,433,89
799,683,1597,Shamela0023591,5456,362,1130,621,83
799,853,1597,Shamela0023591,5469,17,734,567,92
799,1078,1362,JK009266,7219,682,966,228,99
799,1332,1507,JK009266,7221,1133,1351,138,79
799,1191,1597,Shamela0021821,1416,739,1155,250,72
799,1078,1357,Shamela0021821,1416,65,344,226,100
799,1350,1507,Shia004549Vols,290,1159,1327,119,90
799,683,1577,JK009362,6182,867,1616,605,83
799,1357,1597,JK001110,52,775,1017,190,99
799,922,1250,Shamela0011211,16,1275,1592,177,62
799,1362,1507,Shia004695Vols,554,1429,1574,113,99
799,683,1507,Rafed0003943Vols,1233,139,1273,549,52
799,1078,1210,Shamela0010273,2316,1455,1586,107,99
799,1357,1564,Shamela0010273,2318,1349,1555,164,99
799,1006,1292,Shamela0007798,7283,727,1351,200,39
799,0,592,Tafsir01006,1122,88,568,239,44
799,1078,1435,Sham19Y0014404,1117,450,1508,272,32
799,1006,1292,Meshkat00057178,2860,252,873,236,46
799,1292,1507,Meshkat00057178,2861,331,652,161,63
799,938,1420,Masaha000554Vols,4211,597,1075,378,95
799,1417,1597,Masaha000554Vols,4215,1322,1503,143,99
799,683,1484,QuranAnalysis001,172,962,1615,533,81
799,1484,1597,QuranAnalysis001,173,0,114,89,99
799,1362,1507,Zaydiyya0000075BK2,23,962,1398,113,33
799,1343,1507,Rafed0003537Vols,419,1316,1480,124,96
799,0,545,Rafed0001713Vols,1954,474,1129,235,38
799,766,1078,Rafed0001713Vols,1955,724,1240,226,52
799,1048,1292,Rafed0001713Vols,1956,839,1134,192,80
799,1219,1597,Rafed0001713Vols,1957,379,990,299,61
799,766,1597,JK000122,84,697,1421,586,86
799,973,1186,Tafsir04042,1711,785,1447,176,32
799,1078,1350,Zaydiyya0000476,680,924,1443,220,52
799,1078,1350,Zaydiyya0000476,686,887,1406,220,52
799,947,1147,Tafsir04056,5907,233,1182,163,20
799,1078,1435,Shamela0009065,332,417,567,97,33
799,683,1292,Shamela0000041,1953,501,989,384,75
799,1087,1597,Shamela0000041,1954,66,689,407,81
799,683,1547,Shamela0023578,2389,22,739,581,82
799,834,1457,Shamela0023578,2390,427,1344,464,60
799,1470,1597,Shamela0023578,2391,77,240,93,73
800,457,1060,Shia001432Vols,28514,348,663,226,44
800,457,1060,JK009268,3687,100,395,226,46
800,498,1060,Sham19Y0023618,1305,426,689,213,46
800,498,1060,Rafed0003257Vols,4155,947,1210,213,46
800,457,1060,Meshkat0014420,3597,670,949,226,46
800,686,1206,Meshkat00042485,5070,490,1191,252,41
800,457,1060,Shamela0004445,199,1033,1312,226,46
800,699,1206,Shamela0021766,3366,118,935,263,38
800,457,1060,JK007018,555,96,375,226,46
800,457,1060,JK009396,1144,104,383,226,46
800,730,1579,Meshkat00042488,1305,748,1396,225,25
800,248,893,Meshkat00042488,1305,98,575,198,28
800,457,1060,Shia003721Vols,110,1049,1328,226,46
800,192,1053,ShamIbadiyya0000075,692,573,1415,335,38
800,498,920,Shia002380Vols,592,786,1062,191,54
800,819,1338,Tafsir02102,3202,0,475,145,24
800,498,931,Shia002382Vols,1390,536,824,196,54
800,498,1060,Shamela0023591,5456,626,889,213,46
800,498,1060,Shamela0023591,5469,230,493,213,46
800,457,1060,Shamela0021821,1416,65,344,226,46
800,504,1065,Shamela0010273,2317,512,1255,280,39
800,545,1206,Tafsir01006,1123,663,1480,275,38
800,457,1060,Sham19Y0014404,1117,450,1396,228,23
800,498,1060,QuranAnalysis001,172,1226,1489,213,46
800,498,1060,JK000122,84,916,1179,213,46
800,498,1060,Shamela0023578,2389,286,549,213,46
800,287,1060,Shamela0023578,2390,589,1214,280,39
800,466,1060,JK000876,1123,774,1562,258,34
801,419,715,Shia001432Vols,3563,1084,1378,231,97
801,820,1050,Shia001432Vols,3678,905,1135,187,100
801,811,972,Shia001432Vols,24832,715,869,108,82
801,0,515,Shia001432Vols,28514,777,1062,211,52
801,31,487,Shia001432Vols,28794,430,762,208,49
801,419,659,Shamela0023632,2753,1116,1356,193,100
801,659,891,Shamela0023632,2755,1217,1449,188,100
801,891,1050,Shamela0023632,2756,1231,1390,129,99
801,0,1050,JK009268,3687,509,1366,691,81
801,0,490,Sham19Y0023618,1305,1267,1563,235,60
801,490,659,Sham19Y0023618,1306,0,169,137,100
801,708,1050,Sham19Y0023618,1307,0,342,279,99
801,0,1017,Shamela0023628,2743,526,1350,663,80
801,28,627,Shamela0023628,2744,386,1379,363,43
801,715,926,Shamela0023628,2745,475,1009,170,38
801,0,460,Rafed0003257Vols,4155,1323,1589,211,57
801,460,820,Rafed0003257Vols,4156,0,360,292,100
801,820,1050,Rafed0003257Vols,4163,146,376,186,99
801,154,520,Shamela0003580,79,1161,1522,116,37
801,466,641,Tafsir09084,1862,391,1009,141,28
801,414,659,Sham19Y0020891,4728,1050,1500,197,54
801,820,954,Sham19Y0020891,4731,1474,1607,109,98
801,31,450,Sham19Y0020966,269,767,1064,159,42
801,820,950,JK010001,2645,976,1106,107,100
801,0,427,JK009270,3686,1126,1360,172,49
801,419,820,JK009270,3690,1013,1414,324,100
801,820,1050,JK009270,3695,62,292,187,100
801,131,659,Meshkat0014420,3600,0,402,322,75
801,659,1050,Meshkat0014420,3602,951,1342,318,100
801,272,481,JK006476,1305,17,208,147,87
801,481,645,JK006476,1305,1359,1525,133,97
801,694,987,JK006476,1306,1055,1335,198,81
801,0,466,Shamela0001397,551,791,1084,206,51
801,792,1050,Shamela0012851,360,553,1235,207,37
801,0,515,Sham19Y0147312,1559,835,1157,255,62
801,466,820,Sham19Y0147312,1560,191,514,255,88
801,820,1050,Sham19Y0147312,1563,353,583,187,100
801,370,820,Shamela0004445,200,0,450,364,100
801,659,820,Shamela0004445,212,1391,1552,131,100
801,820,1050,Shamela0004445,253,397,627,187,100
801,150,419,Shamela0022769,1198,1032,1481,134,36
801,797,1050,Tafsir02067,729,827,1510,206,37
801,820,1017,Sham19Y0014592,1613,941,1138,160,100
801,419,1017,Sham19Y0013550,437,993,1302,182,34
801,131,520,Zaydiyya0000062,1496,93,365,202,63
801,508,820,Zaydiyya0000062,1497,382,713,253,92
801,289,694,Shamela0037458,3188,1043,1507,310,83
801,694,891,Shamela0037458,3189,0,197,161,100
801,891,1050,Shamela0037458,3192,1156,1315,130,100
801,0,419,JK000791,1791,973,1199,169,49
801,437,659,JK000791,1793,0,222,179,100
801,520,862,JK000791,1793,1203,1614,225,65
801,862,1050,JK000791,1794,0,188,153,100
801,131,487,Shamela0021766,3368,136,1098,229,29
801,131,520,Shamela0000922,966,0,505,180,36
801,520,1017,Shamela0000922,967,429,1378,319,37
801,409,659,Tafsir07076,6253,553,841,160,69
801,0,820,JK007018,555,489,1352,499,58
801,777,1050,JK007018,556,142,442,203,82
801,0,820,JK009396,1144,497,1498,496,51
801,820,1050,JK009396,1145,670,900,187,100
801,0,419,Sham19Y0023608,3000,406,632,169,49
801,377,659,Sham19Y0023608,3002,0,659,227,42
801,579,811,Sham19Y0023608,3003,1043,1605,188,41
801,820,1050,Sham19Y0023608,3006,40,270,186,99
801,820,1050,Shamela0001340,120,306,531,183,97
801,0,487,JK000818,480,667,1292,273,51
801,91,515,Meshkat00042488,1306,659,1349,256,46
801,437,676,Meshkat00042488,1307,796,1203,174,51
801,532,820,Meshkat00042488,1308,20,982,229,29
801,353,820,Shia003721Vols,111,0,460,371,98
801,659,820,Shia003721Vols,123,1355,1515,130,99
801,820,1050,Shia003721Vols,165,195,425,187,100
801,18,811,ShamIbadiyya0000075,693,194,1480,528,49
801,820,1017,Shamela0004473,8329,1445,1642,159,99
801,820,1050,Sham19Y0145435,4958,1106,1336,187,100
801,659,829,Sham19Y0145435,4975,1159,1338,137,93
801,0,659,Shia002356Vols,901,353,816,370,70
801,520,1050,Shia002356Vols,902,537,1051,357,79
801,0,715,Shamela0010523,118,279,801,416,72
801,659,1050,Shamela0010523,120,340,731,318,100
801,365,694,Tafsir04038,480,563,935,184,57
801,111,1021,Shia002380Vols,593,0,1606,634,45
801,785,1050,Shamela0001419,230,1027,1288,194,90
801,365,676,JK001496,1713,460,1037,208,43
801,520,1017,JK001496,1714,213,1563,328,29
801,359,659,Tafsir02091,1608,7,706,236,42
801,272,627,Tafsir02102,3203,86,646,271,60
801,694,1057,Tafsir02102,3205,8,743,296,49
801,0,419,Shamela0008473,3640,664,890,169,49
801,91,659,Shamela0008473,3641,626,1259,330,52
801,562,820,Shamela0008473,3643,346,596,154,69
801,769,1050,Shamela0008473,3647,640,934,224,91
801,1050,1504,Shia002382Vols,1391,350,927,284,55
801,0,490,Shia002382Vols,1391,99,622,238,45
801,761,1050,Shia002382Vols,1392,845,1490,215,41
801,820,950,Tafsir07055,2735,733,863,107,100
801,272,466,Tafsir05047,670,36,300,125,61
801,0,690,Shamela0012884,3929,1016,1512,396,71
801,769,1050,Shamela0012884,3932,235,524,212,87
801,0,782,Shamela0023591,5456,1002,1590,472,75
801,782,1050,Shamela0023591,5457,0,268,217,99
801,0,419,Shamela0023591,5469,606,832,169,49
801,419,1050,Shamela0023591,5474,375,1006,510,99
801,282,659,JK009266,7227,372,725,265,87
801,659,820,JK009266,7231,1015,1176,131,100
801,820,1050,JK009266,7234,230,460,187,100
801,785,1050,Tafsir10098,1164,1353,1605,200,92
801,0,419,Shamela0021821,1416,1027,1253,169,49
801,150,659,Shamela0021821,1417,349,1105,347,55
801,562,820,Shamela0021821,1418,558,935,210,68
801,851,1050,Shamela0021821,1419,0,199,162,100
801,279,1050,JK009362,6183,0,761,604,95
801,820,1017,Zaydiyya0000206,41,147,344,159,99
801,820,1050,JK006478,7174,346,576,187,100
801,84,933,Rafed0003943Vols,1234,5,1564,564,41
801,933,1050,Rafed0003943Vols,1235,0,117,94,100
801,272,419,Shamela0010273,2319,9,132,98,83
801,419,565,Shamela0010273,2320,1461,1606,116,99
801,659,820,Shamela0010273,2322,289,450,131,100
801,792,1050,Shamela0010273,2323,1079,1428,209,73
801,820,1017,ShamAY0034282,3116,937,1107,124,78
801,487,1050,Tafsir06048,865,4,1292,450,43
801,28,419,Sham19Y0014404,1118,713,1294,153,28
801,419,676,Sham19Y0014404,1119,0,438,194,54
801,731,1017,Sham19Y0014404,1120,0,916,234,31
801,282,515,Meshkat00057178,2862,589,873,168,75
801,419,820,Masaha000554Vols,4219,878,1271,311,96
801,933,1050,Masaha000554Vols,4225,0,116,93,99
801,28,1050,QuranAnalysis001,173,0,843,679,82
801,0,419,Rafed0001713Vols,1957,862,1088,169,49
801,289,820,Rafed0001713Vols,1959,753,1500,412,68
801,785,1050,Rafed0001713Vols,1961,585,891,211,84
801,0,466,JK000122,84,1293,1565,206,53
801,466,1050,JK000122,85,0,584,474,100
801,111,515,Tafsir04042,1713,33,1197,238,24
801,627,926,Tafsir04042,1714,613,1376,238,38
801,820,1017,Tafsir07057,3574,1371,1568,160,100
801,782,950,Tafsir04056,5915,938,1451,138,32
801,154,520,Shamela0009856,157,968,1303,120,35
801,150,715,Shamela0000041,1955,107,681,368,73
801,635,1017,Shamela0000041,1956,102,695,310,64
801,28,820,Shamela0023578,2391,92,739,497,75
801,520,844,Shamela0023578,2392,903,1586,252,44
801,844,1050,Shamela0023578,2393,0,206,167,99
802,799,1577,JK009268,3687,1085,1366,229,35
802,508,693,Shamela0021766,3369,1081,1560,121,31
802,190,616,Meshkat00042488,1308,131,627,160,31
802,799,1577,QuranAnalysis001,173,562,843,229,35
802,799,1577,JK000122,85,303,584,229,35
802,271,850,Shamela0000041,1956,102,498,214,37
802,190,757,JK000876,1126,841,1573,247,35
803,536,863,Shia001432Vols,1174,936,1278,270,95
803,863,1129,Shia001432Vols,2504,105,366,213,98
803,536,863,Shia001432Vols,3193,43,373,269,98
803,20,399,Shia001432Vols,3678,1135,1515,306,99
803,105,288,Shamela0023632,2757,1455,1637,146,99
803,288,399,Shamela0023632,2758,0,111,90,100
803,399,629,Shamela0023632,2759,229,459,190,100
803,629,873,Shamela0023632,2760,406,650,194,97
803,20,212,JK009268,3687,1366,1557,156,99
803,212,970,JK009268,3688,0,758,621,100
803,945,1129,JK009268,3700,915,1102,144,94
803,20,409,Sham19Y0023618,1307,342,739,311,97
803,399,1129,Sham19Y0023618,1308,287,1356,597,67
803,20,1362,Shamela0023628,2746,472,1618,807,70
803,137,737,Shamela0023628,2747,0,1608,486,36
803,755,1129,Shamela0023628,2748,61,559,301,74
803,20,399,Rafed0003257Vols,4163,376,756,306,99
803,98,362,Rafed0003257Vols,4167,782,1509,208,35
803,362,863,Rafed0003257Vols,4168,135,852,413,69
803,838,1129,Rafed0003257Vols,4170,1134,1476,238,85
803,92,387,Tafsir09083,1106,439,1417,221,28
803,404,629,Tafsir09083,1107,69,742,181,32
803,112,399,Tafsir09084,1865,609,1349,212,35
803,300,536,Sham19Y0020891,4735,363,866,193,46
803,629,1024,Sham19Y0020891,4736,987,1546,323,70
803,20,362,JK010001,812,450,732,209,75
803,20,817,JK010001,2851,900,1530,351,47
803,188,629,JK009270,3697,1127,1566,358,99
803,629,970,JK009270,3701,932,1273,281,100
803,945,1129,JK009270,3704,393,580,144,94
803,20,300,Meshkat0014420,3602,1342,1622,226,100
803,188,711,Meshkat0014420,3606,358,880,428,99
803,711,1129,Meshkat0014420,3609,986,1404,341,100
803,83,387,JK006476,1308,296,737,239,67
803,387,661,JK006476,1309,7,293,227,95
803,661,957,JK006476,1309,1152,1454,243,98
803,536,1024,ShamAY0036821,1576,513,706,94,24
803,300,512,Meshkat00042485,5086,404,978,170,35
803,415,817,Meshkat00042485,5087,390,1626,295,28
803,240,711,Shamela0012851,361,413,1639,386,38
803,240,795,Tafsir02104,423,7,829,323,42
803,20,404,Sham19Y0147312,1563,583,967,307,99
803,373,716,Sham19Y0147312,1564,249,594,265,92
803,711,1029,Sham19Y0147312,1564,1138,1456,255,99
803,20,399,Shamela0004445,253,627,1006,306,100
803,20,266,Shamela0004445,380,1344,1590,198,99
803,266,399,Shamela0004445,381,0,133,108,100
803,661,863,Shamela0004445,460,0,202,166,100
803,468,1074,JK000375,110,797,1399,485,97
803,7,362,Zaydiyya0000062,1499,640,1007,244,78
803,260,536,Zaydiyya0000062,1501,0,321,219,82
803,512,711,Zaydiyya0000062,1501,1247,1501,165,76
803,629,1029,Zaydiyya0000062,1502,560,1218,310,57
803,20,399,Shamela0006947,12780,968,1309,224,69
803,20,362,Shamela0037458,3194,467,809,276,100
803,272,722,Shamela0037458,3195,721,1545,362,53
803,643,1029,Shamela0037458,3198,95,655,312,68
803,7,399,JK000791,1795,442,828,311,98
803,373,863,JK000791,1796,134,729,388,79
803,272,464,Shamela0021766,3372,463,1116,155,29
803,14,283,Shamela0007610,37,140,366,167,74
803,536,863,Shamela0000922,968,207,526,209,69
803,399,863,Tafsir07076,1383,364,1104,382,62
803,20,863,JK007018,556,442,1288,689,99
803,863,1129,JK007018,557,27,431,216,65
803,536,863,JK000906,4237,801,1128,270,100
803,25,1129,JK009396,1146,0,1569,897,70
803,20,399,Sham19Y0023608,3007,729,1109,306,99
803,256,536,Sham19Y0023608,3009,259,1385,227,24
803,415,629,Sham19Y0023608,3010,0,723,173,29
803,863,1129,Sham19Y0023608,3011,1327,1593,217,100
803,188,387,JK000465,3031,114,1455,146,13
803,109,873,JK000818,482,0,1658,595,44
803,122,490,Meshkat00042488,1310,180,1511,237,21
803,421,863,Meshkat00042488,1311,0,1463,348,28
803,20,404,Shia003721Vols,165,425,816,310,98
803,629,867,Shia003721Vols,369,1147,1381,193,98
803,188,856,ShamIbadiyya0000075,695,18,1493,541,44
803,629,863,Rafed0003726Vols,1087,293,527,193,100
803,490,970,Rafed0003726Vols,1107,878,1601,285,46
803,188,304,Shamela0022371,247,431,552,92,95
803,219,694,ShamAY0033108,1373,58,1504,385,32
803,20,288,Sham19Y0145435,4958,1336,1603,216,99
803,288,399,Sham19Y0145435,4959,0,111,90,100
803,20,629,Shia002356Vols,903,594,1201,493,99
803,497,1134,Shia002356Vols,904,413,1118,454,75
803,20,490,Shamela0010523,120,731,1201,380,100
803,399,1129,Shamela0010523,122,197,927,600,100
803,20,1037,Shia002380Vols,594,29,1643,819,62
803,188,311,JK001496,1716,766,889,92,94
803,367,863,JK001496,1717,127,1430,390,35
803,20,490,Tafsir02091,1610,324,1587,367,35
803,490,783,Tafsir02091,1611,8,941,240,30
803,105,464,Tafsir02102,3205,1050,1646,282,58
803,458,863,Tafsir02102,3206,28,871,321,46
803,20,399,Shamela0008473,3648,732,1111,306,100
803,112,536,Shamela0008473,3649,7,988,325,40
803,512,863,Shamela0008473,3650,43,442,290,87
803,109,924,Shia002382Vols,1393,0,1492,650,53
803,992,1129,Shia002382Vols,1394,18,385,112,37
803,188,345,JK006474,2452,1053,1312,107,48
803,20,362,Tafsir07055,864,788,1068,207,75
803,536,817,Tafsir07055,2942,90,371,232,100
803,233,387,Tafsir05047,672,159,432,121,55
803,548,737,Tafsir05047,672,1142,1539,153,46
803,233,362,AOCP202502141169Vols,1915,413,707,100,42
803,20,399,Shamela0012884,3932,524,903,306,100
803,300,863,Shamela0012884,3934,74,808,413,63
803,20,1129,Shamela0023591,5457,268,1378,906,99
803,20,399,Shamela0023591,5474,1006,1386,306,99
803,367,783,Shamela0023591,5480,1220,1618,327,94
803,783,1129,Shamela0023591,5481,0,346,282,100
803,7,404,JK009266,7236,1065,1471,312,95
803,399,536,JK009266,7241,971,1106,112,98
803,512,863,JK009266,7243,926,1312,283,86
803,109,399,Tafsir10098,1165,957,1518,190,41
803,536,807,Shia003961Vols,240,1324,1614,223,92
803,548,711,JK000458,2658,145,676,132,29
803,98,536,Shamela0021821,1420,0,438,355,100
803,315,913,Shamela0021821,1420,846,1581,354,55
803,468,1074,Kraken220413194022,3076,230,835,480,96
803,20,304,Sham19Y0013231,3339,133,454,164,58
803,20,843,JK009362,6183,761,1598,672,98
803,849,1129,JK009362,6184,2,283,229,99
803,863,1129,JK001110,89,1307,1573,217,100
803,188,755,JK001420,653,195,491,238,52
803,399,572,Hindawi069795368Vols,494,459,632,142,100
803,20,276,JK006478,4994,207,486,206,91
803,154,399,JK006478,7179,80,338,187,90
803,512,711,JK006478,7186,303,516,159,85
803,945,1099,JK006478,9881,33,187,126,100
803,20,1029,Rafed0003943Vols,1235,117,1396,820,78
803,20,215,Shamela0010273,2323,1428,1623,158,98
803,215,399,Shamela0010273,2324,0,184,148,100
803,399,536,Shamela0010273,2326,965,1102,113,100
803,536,867,Shamela0010273,2327,223,555,270,98
803,188,349,Shamela0007798,7296,965,1518,123,27
803,490,629,Shamela0007798,7298,72,475,116,34
803,160,512,Tafsir01006,1127,292,1475,275,28
803,240,737,Tafsir06048,866,409,1573,397,41
803,154,300,Sham19Y0014404,1121,1195,1362,117,87
803,224,711,Sham19Y0014404,1122,60,1576,388,31
803,154,300,Meshkat00057178,2866,518,758,113,59
803,399,536,Meshkat00057178,2867,937,1550,95,17
803,629,863,Meshkat00057178,2868,871,1324,193,51
803,83,399,Masaha000554Vols,4228,0,314,249,98
803,392,863,Masaha000554Vols,4232,402,872,375,95
803,863,1129,Masaha000554Vols,4236,472,734,211,97
803,362,777,JK000447,625,79,703,147,26
803,20,764,QuranAnalysis001,173,843,1586,608,99
803,764,1129,QuranAnalysis001,174,0,365,298,100
803,7,399,Rafed0001713Vols,1962,404,791,311,97
803,367,863,Rafed0001713Vols,1964,13,491,392,95
803,20,523,Tafsir04042,1715,367,1596,399,39
803,523,957,Tafsir04042,1716,0,1064,338,38
803,188,536,Tafsir04056,5918,88,1555,280,23
803,433,572,Tafsir02094,2936,877,1376,115,27
803,188,362,Shamela0009065,332,814,988,139,100
803,20,362,Shamela0000041,1957,825,1559,250,40
803,404,863,Shamela0000041,1958,851,1274,340,88
803,362,536,Shamela0000041,1958,0,174,143,100
803,688,1078,Shamela0000041,1959,0,523,306,72
803,20,399,Shamela0023578,2393,206,586,306,99
803,20,399,Shamela0023578,2394,1066,1537,304,80
803,399,873,Shamela0023578,2395,146,620,386,98
803,117,477,JK000876,1128,250,1551,269,25
804,847,1506,Shia001432Vols,1174,948,1232,213,38
804,847,1506,Shia001432Vols,3193,55,327,210,38
804,8,1506,JK009268,3688,21,605,459,37
804,484,1506,Sham19Y0023618,1308,340,705,288,34
804,8,1506,Shamela0023628,2746,686,1270,459,37
804,346,1289,Shamela0023628,2747,838,1608,358,39
804,8,205,Rafed0003257Vols,4167,1361,1509,109,64
804,362,1506,Rafed0003257Vols,4168,388,806,330,35
804,847,1506,JK010001,2851,1261,1530,213,39
804,484,1224,Meshkat0014420,3606,621,880,211,34
804,615,1506,Meshkat00042485,5087,650,1626,455,47
804,484,1224,Shamela0012851,361,974,1639,248,34
804,484,1224,Sham19Y0147312,1564,330,589,211,34
804,716,1506,JK000375,110,837,1142,243,37
804,188,1224,Shamela0037458,3195,1154,1534,305,35
804,411,763,Shamela0021766,3372,1078,1592,171,35
804,484,1506,Tafsir07076,1383,415,1058,293,30
804,8,1506,JK007018,556,656,1242,459,37
804,847,1506,JK000906,4237,813,1082,213,39
804,8,1506,JK009396,1146,208,792,459,37
804,8,1512,JK000818,482,281,1551,561,37
804,8,1512,ShamIbadiyya0000075,695,206,1407,601,40
804,484,1207,ShamAY0033108,1373,809,1504,272,35
804,430,1506,Shia002356Vols,904,61,804,309,32
804,8,467,Shamela0010523,120,944,1185,190,51
804,362,1506,Shamela0010523,122,197,615,330,35
804,1122,1512,Tafsir04038,480,1035,1470,162,34
804,8,1539,Shia002380Vols,594,362,1328,621,48
804,467,1506,JK001496,1717,331,1383,311,23
804,716,1512,Tafsir02091,1611,50,1035,331,33
804,523,1512,Tafsir02102,3206,36,819,365,36
804,686,1506,Shamela0008473,3650,7,396,274,38
804,8,1539,Shia002382Vols,1393,222,1333,639,48
804,137,1506,Shamela0012884,3934,74,762,395,31
804,8,1506,Shamela0023591,5457,482,1066,459,37
804,362,1307,Shamela0023591,5480,1235,1591,289,36
804,847,1506,JK009266,7243,997,1266,213,39
804,938,1512,JK009266,7244,110,1164,277,30
804,847,1496,Shia003961Vols,240,1335,1614,206,37
804,733,1318,JK000458,2658,6,1020,338,38
804,8,740,Shamela0021821,1420,135,438,242,40
804,484,1506,JK009362,6183,1206,1571,288,34
804,8,1506,Rafed0003943Vols,1235,331,915,459,37
804,839,1345,Shamela0010273,2327,660,1633,256,29
804,775,1512,Tafsir01006,1128,0,808,379,49
804,3,1289,Tafsir06048,866,375,1573,453,34
804,3,1231,Sham19Y0014404,1122,55,1693,528,31
804,8,1307,QuranAnalysis001,173,1056,1578,418,39
804,727,1506,Tafsir04042,1716,0,814,296,35
804,1122,1519,Tafsir04056,5919,1117,1589,193,45
804,847,1506,Shamela0000041,1958,959,1228,213,39
804,8,287,Shamela0023578,2394,1354,1541,141,60
804,8,484,JK000876,1128,978,1558,231,42
805,830,1545,Shia001432Vols,2504,320,884,450,77
805,1099,1273,Shia001432Vols,20810,1079,1253,143,100
805,1192,1545,Shia001432Vols,28463,0,293,222,76
805,733,1037,Shamela0023632,2762,564,833,173,61
805,1174,1420,Shamela0023632,2766,39,286,200,99
805,557,1399,JK009268,3700,979,1573,484,70
805,557,1041,Sham19Y0023618,1308,1233,1472,192,48
805,1037,1420,Sham19Y0023618,1311,382,766,312,99
805,557,1037,Shamela0023628,2748,436,669,191,48
805,1000,1545,Shamela0023628,2751,167,812,442,84
805,1174,1545,Rafed0003257Vols,4177,182,556,301,99
805,1174,1338,Zaydiyya0000044,207,1012,1176,133,100
805,1192,1420,Sham19Y0020891,4745,582,1191,177,35
805,557,1174,JK009270,3704,457,827,303,59
805,1174,1520,JK009270,3709,1120,1496,275,89
805,557,1037,Meshkat0014420,3609,1281,1514,191,48
805,966,1545,Meshkat0014420,3614,25,747,462,78
805,620,1000,Meshkat00042485,5091,344,1117,201,31
805,620,1303,Sham19Y0147312,1565,1034,1514,392,70
805,1303,1503,Sham19Y0147312,1566,0,200,159,99
805,1282,1545,Shamela0004445,2709,1156,1420,212,99
805,1231,1545,Zaydiyya0000062,1507,25,448,246,72
805,1174,1303,Shamela0006947,2335,1471,1599,105,99
805,1303,1545,Shamela0006947,2336,0,244,196,99
805,581,1037,Shamela0037458,3200,948,1216,181,47
805,1037,1315,Shamela0037458,3205,227,499,204,82
805,1282,1498,Shamela0037458,3207,1036,1252,173,100
805,1174,1420,JK000791,1798,1314,1560,200,100
805,620,954,Shamela0021766,3374,1088,1597,152,31
805,1006,1420,JK007018,558,164,515,241,67
805,1006,1420,JK009396,1148,592,1070,263,60
805,969,1420,Sham19Y0023608,3018,225,771,344,77
805,1252,1420,Shamela0001340,237,401,569,136,100
805,594,1060,Meshkat00042488,1313,21,700,211,33
805,93,852,ShamIbadiyya0000075,696,0,1213,299,25
805,927,1174,Rafed0003726Vols,1108,858,1527,201,36
805,821,1037,Rafed0003726Vols,1111,1079,1303,136,68
805,1252,1545,Shamela0004473,8008,17,311,237,99
805,769,1427,Shia002356Vols,905,383,1058,450,74
805,557,1545,Shamela0010523,122,804,1546,603,74
805,637,1000,Shia002380Vols,595,0,395,206,53
805,992,1353,Shia002380Vols,595,859,1550,281,50
805,821,1420,Shamela0001419,437,225,738,247,44
805,769,1037,JK001496,1719,208,719,182,44
805,1269,1532,Shamela0008473,3658,0,254,144,55
805,0,339,Shia002382Vols,1393,1325,1653,170,57
805,557,1000,Shia002382Vols,1394,32,534,244,49
805,1000,1338,Shia002382Vols,1395,143,1024,267,37
805,1000,1282,Shamela0012884,3939,663,968,222,88
805,1282,1498,Shamela0012884,3941,768,984,173,100
805,557,1180,Shamela0023591,5457,1255,1630,308,60
805,1180,1545,Shamela0023591,5458,0,367,296,99
805,557,1037,Shamela0023591,5481,223,456,191,48
805,1037,1484,Shamela0023591,5485,1089,1536,363,99
805,821,1041,JK009266,7247,8,178,134,74
805,966,1420,JK009266,7249,206,721,367,87
805,927,1174,Zaydiyya0000063,215,685,911,184,91
805,620,852,JK000458,2659,969,1313,138,49
805,620,1037,Shamela0021821,1422,108,374,208,61
805,1016,1532,Shamela0021821,1424,627,1532,300,36
805,557,1545,JK009362,6184,159,935,598,71
805,1128,1282,JK006478,7198,0,158,127,97
805,1174,1420,JK000082,68,908,1153,199,99
805,620,1282,Rafed0003943Vols,1236,79,879,381,47
805,1347,1545,Rafed0003943Vols,1238,86,286,160,99
805,620,852,Shamela0010273,2330,298,908,151,29
805,1117,1420,Shamela0010273,2336,32,335,209,84
805,620,947,Tafsir01006,1129,475,925,187,48
805,1174,1347,ShamAY0007299,3711,632,805,141,100
805,651,1174,Sham19Y0014404,1124,224,1243,289,31
805,821,1037,Meshkat00057178,2869,1414,1579,134,76
805,1037,1420,Masaha000554Vols,4247,965,1342,298,95
805,557,1545,QuranAnalysis001,174,242,984,603,74
805,1187,1545,Rafed0003489,3,301,644,234,77
805,620,1037,Rafed0001713Vols,1966,764,1485,258,40
805,1006,1545,Rafed0001713Vols,1969,25,616,433,90
805,620,1011,Shamela0000041,1959,1395,1632,189,59
805,1006,1347,Shamela0000041,1963,608,916,179,65
805,1347,1545,Shamela0000041,1964,55,254,160,99
805,969,1545,Shamela0023578,2400,837,1476,463,88
805,1099,1347,Shamela0023578,2402,412,857,197,54
806,1348,1598,JK009268,3707,974,1512,129,27
806,89,341,Shamela0000140,1571,535,844,193,76
806,798,1531,Shia002380Vols,595,986,1589,272,36
806,70,349,Meshkat00057178,2870,582,1139,118,25
807,1162,1367,Shia001432Vols,1280,912,1053,100,61
807,354,876,Shia001432Vols,2504,792,1148,292,67
807,755,945,Shamela0023632,2768,908,1098,159,100
807,945,1162,Shamela0023632,2769,700,917,179,100
807,1162,1473,Shamela0023632,2770,1019,1330,250,100
807,354,1473,JK009268,3701,55,1005,772,84
807,354,994,Sham19Y0023618,1313,141,953,385,47
807,997,1179,Sham19Y0023618,1313,1484,1665,150,99
807,1179,1473,Sham19Y0023618,1314,0,294,237,100
807,354,832,Shamela0023628,2751,720,1030,255,64
807,774,1227,Shamela0023628,2753,999,1516,364,84
807,1227,1473,Shamela0023628,2755,780,1026,197,100
807,676,945,Rafed0003257Vols,4181,493,888,225,68
807,803,1232,Rafed0003257Vols,4182,286,1068,351,54
807,1220,1486,Rafed0003257Vols,4185,971,1229,203,95
807,676,1081,Tafsir09083,1113,6,1652,315,23
807,755,945,Tafsir09084,1873,321,839,159,36
807,645,945,Sham19Y0020891,4752,624,845,184,73
807,344,1314,Sham19Y0020966,272,359,1078,390,45
807,780,945,JK009270,3713,0,165,137,100
807,945,1162,JK009270,3717,1047,1262,178,99
807,1162,1473,JK009270,3720,0,311,250,100
807,645,945,Meshkat0014420,3619,787,1087,250,100
807,796,1227,Meshkat0014420,3621,0,1045,352,40
807,1227,1473,Meshkat0014420,3624,483,729,197,100
807,1227,1473,Hindawi017083713,27,396,650,196,96
807,1123,1473,Tafsir02104,425,5,399,191,57
807,492,1162,Sham19Y0147312,1566,782,1372,489,88
807,1103,1473,Sham19Y0147312,1567,625,1343,280,48
807,492,876,Zaydiyya0000062,1508,465,778,225,68
807,766,1132,Zaydiyya0000062,1509,392,752,244,78
807,1029,1367,Zaydiyya0000062,1511,76,534,271,72
807,724,945,Shamela0037458,3211,373,695,185,68
807,1029,1473,Shamela0037458,3214,1080,1524,361,100
807,645,945,JK000791,1800,938,1319,206,65
807,832,1227,JK000791,1801,191,797,307,60
807,1190,1473,JK000791,1802,795,1171,225,74
807,755,945,Tafsir07076,2994,411,601,159,100
807,614,1227,JK007018,559,469,1497,421,48
807,1227,1473,JK007018,560,848,1092,195,99
807,755,945,JK009396,1150,1172,1362,159,100
807,945,1473,JK009396,1151,309,837,429,100
807,945,1227,Sham19Y0023608,3026,237,519,232,100
807,1227,1473,Sham19Y0023608,3028,1169,1415,197,100
807,1332,1473,JK000381,1914,0,141,111,100
807,1227,1473,JK000381,2396,1194,1439,197,99
807,452,755,Meshkat00042488,1316,314,922,179,35
807,1304,1473,Meshkat00042488,1319,101,660,133,30
807,938,1227,Shamela0004473,10070,406,694,235,98
807,354,945,Shia002356Vols,906,1071,1492,347,71
807,850,1324,Shia002356Vols,907,967,1617,358,66
807,477,1304,Shamela0010523,125,636,1382,611,89
807,866,1379,Shamela0010523,126,1037,1627,386,80
807,645,1115,Shia002380Vols,596,651,1587,390,50
807,1115,1473,Shia002380Vols,597,0,610,283,57
807,755,945,JK001496,1723,1250,1440,159,100
807,994,1162,JK001496,1725,363,829,139,36
807,1227,1473,JK001496,1726,530,1299,187,30
807,676,994,Tafsir02102,3212,901,1496,249,50
807,994,1209,Tafsir02102,3213,787,1414,176,34
807,1209,1453,Tafsir02102,3214,175,693,189,45
807,755,945,Shamela0008473,3662,149,339,159,100
807,918,1227,Shamela0008473,3663,212,813,254,51
807,1209,1473,Shamela0008473,3666,339,650,210,83
807,645,938,Shia002382Vols,1396,1029,1582,243,52
807,645,1168,Tafsir05047,675,430,1498,401,44
807,755,945,Shamela0012884,3944,1021,1211,159,100
807,994,1267,Shamela0012884,3945,1072,1561,222,54
807,1267,1473,Shamela0012884,3946,0,205,163,98
807,354,1473,Shamela0023591,5458,275,1226,778,84
807,492,945,Shamela0023591,5486,19,393,310,82
807,945,1367,Shamela0023591,5489,1183,1604,345,99
807,755,903,JK009266,7253,1410,1557,125,99
807,954,1227,JK009266,7255,864,1137,225,100
807,1320,1473,JK009266,7260,0,153,120,100
807,354,1042,Shamela0021821,1426,741,1688,420,45
807,1042,1227,Shamela0021821,1427,0,185,153,100
807,1162,1473,Shamela0021821,1428,822,1101,219,88
807,354,1324,JK009362,6184,843,1654,654,80
807,1324,1473,JK009362,6185,0,149,117,100
807,1162,1473,JK001110,52,1048,1359,250,100
807,980,1144,JK006478,7211,185,629,122,33
807,509,918,JK006478,7797,574,906,272,80
807,354,966,Rafed0003943Vols,1238,194,666,357,67
807,997,1162,Rafed0003943Vols,1238,1369,1534,137,100
807,994,1473,Rafed0003943Vols,1239,231,659,283,69
807,945,1162,Shamela0010273,2340,1277,1494,179,100
807,1162,1473,Shamela0010273,2342,563,874,250,100
807,994,1162,Shamela0007798,7319,887,1055,139,100
807,1304,1473,Shamela0007798,7321,902,1458,133,30
807,417,825,Tafsir06048,869,427,1235,229,31
807,1227,1473,Hindawi083863050,79,111,357,197,100
807,407,945,Sham19Y0014404,1126,238,1470,329,30
807,994,1246,Sham19Y0014404,1127,601,1628,128,14
807,1227,1473,Sham19Y0014404,1128,579,1295,193,33
807,645,945,Meshkat00057178,2875,357,1465,250,27
807,850,1227,Meshkat00057178,2876,103,1616,288,23
807,354,945,Masaha000554Vols,4257,648,1067,335,68
807,954,1227,Masaha000554Vols,4264,528,798,212,93
807,1355,1473,Masaha000554Vols,4269,0,118,93,100
807,354,1287,QuranAnalysis001,174,892,1656,631,81
807,1287,1473,QuranAnalysis001,175,0,186,147,100
807,645,945,Rafed0001713Vols,1972,853,1154,250,99
807,924,1227,Rafed0001713Vols,1973,1064,1376,249,97
807,1209,1473,Rafed0001713Vols,1975,389,686,208,87
807,994,1162,Tafsir04042,1725,226,410,139,91
807,492,938,Shamela0009065,336,290,870,144,23
807,492,969,Shamela0000041,1964,1035,1599,337,70
807,969,1184,Shamela0000041,1965,1388,1613,165,88
807,1227,1466,Shamela0000041,1967,1264,1501,190,99
807,1227,1486,Shamela0000041,1968,44,342,201,84
807,658,945,Shamela0023578,2401,0,287,240,100
807,645,1314,Shamela0023578,2403,460,1602,551,58
807,1314,1473,Shamela0023578,2404,0,159,125,100
807,1304,1473,Shamela0023578,2406,0,169,133,100
808,1070,1495,ShamIbadiyya0000193,3092,574,1331,200,28
808,1070,1495,Tafsir09050,3161,842,1596,200,28
808,17,1495,JK009268,3701,237,741,412,33
808,17,680,Sham19Y0023618,1313,322,953,239,29
808,973,1436,Sham19Y0023618,1313,1484,1665,150,39
808,61,1495,Shamela0023628,2753,695,1498,427,30
808,192,1495,Rafed0003257Vols,4182,286,1044,343,25
808,17,273,Tafsir09083,1113,97,609,185,42
808,973,1419,JK009270,3717,1097,1262,137,36
808,547,1495,Meshkat0014420,3621,233,1027,268,23
808,207,680,Meshkat00042485,5100,70,585,172,31
808,17,1419,Sham19Y0147312,1566,914,1372,377,32
808,239,594,Shamela0037458,3212,400,768,110,26
808,973,1495,JK000791,1801,567,779,175,40
808,172,818,Shamela0021766,3382,0,1025,254,26
808,89,1495,JK007018,559,668,1479,360,24
808,973,1495,JK009396,1151,361,573,175,40
808,973,1495,Sham19Y0023608,3026,289,501,175,40
808,5,318,JK000818,484,829,1238,191,53
808,973,1495,Shamela0004473,10070,464,676,175,40
808,973,1495,Shia002356Vols,907,1292,1503,174,40
808,17,1495,Shamela0010523,125,781,1287,414,33
808,973,1495,Shamela0010523,126,1246,1458,175,40
808,17,1130,Shia002380Vols,596,735,1554,365,32
808,970,1495,Tafsir02102,3213,787,1414,206,31
808,0,624,Shia002382Vols,1396,1122,1582,265,43
808,10,1342,Tafsir05047,675,512,1402,377,28
808,17,1495,Shamela0023591,5458,456,962,414,33
808,973,1495,Shamela0023591,5489,1235,1447,175,40
808,973,1495,JK009266,7255,907,1119,175,40
808,17,1495,JK009362,6184,1025,1540,410,33
808,973,1419,Rafed0003943Vols,1238,1369,1534,137,36
808,17,652,Rafed0003943Vols,1238,375,666,204,37
808,89,286,Shamela0010273,2340,77,447,146,47
808,973,1419,Shamela0010273,2340,1329,1494,137,36
808,970,1419,Shamela0007798,7319,887,1055,139,37
808,0,328,Tafsir01006,1131,1141,1556,227,62
808,0,631,Sham19Y0014404,1126,819,1614,195,21
808,17,1495,QuranAnalysis001,174,1073,1579,414,33
808,229,1495,Rafed0001713Vols,1973,420,1358,328,23
808,17,655,Shamela0000041,1964,1285,1599,220,38
808,960,1441,Shamela0000041,1965,1416,1613,158,39
808,89,680,Shamela0000041,1965,25,816,251,28
808,963,1599,Shamela0000041,1966,36,953,247,25
808,973,1495,Shamela0023578,2403,1286,1498,175,40
808,17,318,Shamela0023578,2403,549,1081,208,44
809,817,1034,Shia001432Vols,2504,1348,1574,177,95
809,690,1043,Shamela0023632,2771,746,1128,257,82
809,461,1172,JK009268,3701,899,1432,433,74
809,744,1219,Sham19Y0023618,1315,791,1266,378,95
809,461,1172,Shamela0023628,2755,920,1454,434,75
809,783,1116,Rafed0003257Vols,4189,611,923,250,92
809,189,367,Sham19Y0020891,4759,981,1530,106,24
809,946,1116,Sham19Y0020891,4763,802,1274,138,36
809,744,924,JK009270,3723,1346,1525,146,99
809,461,1172,Meshkat0014420,3624,623,1157,434,75
809,992,1172,JK006476,1319,4,190,148,96
809,824,1172,Sham19Y0147312,1569,441,789,285,100
809,461,946,Sham19Y0013550,440,1009,1327,190,48
809,904,1172,Zaydiyya0000062,1513,997,1257,216,97
809,744,946,Shamela0037458,3218,376,578,165,100
809,946,1172,Shamela0037458,3220,50,276,185,100
809,476,934,JK000791,1802,1080,1608,234,44
809,885,1172,JK000791,1803,1058,1419,212,69
809,744,1172,Shamela0000922,971,536,1197,160,24
809,461,1116,JK007018,560,987,1557,380,62
809,744,1172,JK009396,1153,18,574,346,76
809,744,946,Sham19Y0023608,3030,685,887,165,100
809,946,1172,Sham19Y0023608,3032,617,843,185,100
809,461,1172,Shia002356Vols,909,94,627,433,74
809,473,1187,Shamela0010523,127,0,537,423,73
809,946,1116,JK001496,1728,1032,1528,138,34
809,744,946,Shamela0008473,3666,1264,1466,165,100
809,946,1172,Shamela0008473,3667,1026,1252,185,100
809,870,1135,Tafsir05047,677,12,825,210,31
809,744,946,Shamela0012884,3946,1269,1471,164,99
809,824,1172,Shamela0012884,3947,440,866,225,62
809,461,1154,Shamela0023591,5458,1120,1635,419,74
809,461,1172,Shamela0023591,5490,0,534,434,75
809,824,1172,JK009266,7263,927,1275,285,100
809,817,946,Shamela0021821,1429,0,129,106,100
809,461,1187,JK009362,6185,43,601,437,73
809,744,951,JK001420,654,914,1260,100,28
809,476,1163,Tafsir08060,404,394,1188,351,43
809,461,1116,Rafed0003943Vols,1239,553,1031,387,72
809,744,946,Shamela0010273,2344,247,449,165,100
809,946,1116,Shamela0010273,2345,1261,1431,138,100
809,870,1034,Shamela0007798,7323,585,833,136,66
809,461,796,Sham19Y0014404,1128,1300,1553,148,55
809,904,1116,Sham19Y0014404,1129,740,1447,174,29
809,844,1172,Meshkat00057178,2879,30,1381,268,24
809,461,1172,QuranAnalysis001,175,80,614,434,75
809,824,1172,Rafed0001713Vols,1976,949,1297,285,100
809,461,1329,Shamela0000041,1968,183,885,393,50
809,946,1176,Shamela0000041,1969,62,367,187,75
809,461,1172,Shamela0023578,2404,53,587,434,75
809,461,924,Shamela0023578,2406,63,442,230,51
809,904,1150,Shamela0023578,2406,890,1299,200,59
809,946,1163,Zaydiyya0000388,29,244,461,177,100
810,1382,1625,JK000330,1063,45,290,201,99
810,1201,1382,Shia001432Vols,1775,228,420,148,94
810,1313,1566,Shia001432Vols,2505,0,253,208,100
810,1382,1625,Shia001432Vols,3193,385,630,201,99
810,1262,1566,Shia001432Vols,22366,598,903,248,99
810,1208,1382,Shamela0023632,2777,107,281,142,100
810,1262,1382,Shamela0000894,764,871,991,98,100
810,979,1625,JK009268,3718,195,859,526,97
810,979,1387,Sham19Y0023618,1317,78,486,327,99
810,1382,1625,Sham19Y0023618,1319,130,373,200,99
810,1208,1625,Shamela0023628,2761,172,679,324,77
810,1208,1625,Rafed0003257Vols,4197,211,628,342,99
810,1262,1382,Shamela0023606,135,1356,1476,98,100
810,1155,1334,JK009270,3753,1299,1477,145,99
810,1155,1619,ShamAY0034106,248,181,568,137,27
810,1231,1599,Meshkat0014420,3632,1248,1602,283,93
810,1182,1382,Shamela0029677,1529,1388,1552,115,72
810,1419,1625,JK000373,293,0,207,171,99
810,60,512,Meshkat00042485,5108,0,624,227,42
810,512,755,Meshkat00042485,5109,6,461,161,44
810,640,885,Meshkat00042485,5110,168,761,140,26
810,904,1031,Meshkat00042485,5111,149,265,93,91
810,1262,1397,Sham19Y0147312,1572,598,746,108,89
810,1382,1625,Sham19Y0147312,1573,113,357,201,99
810,1262,1528,Shamela0012820,441,638,904,212,97
810,1382,1625,Sham19Y0014592,1482,236,480,201,99
810,1172,1344,Sham19Y0014592,1573,1448,1620,137,97
810,1182,1473,Sham19Y0014592,2505,29,320,237,100
810,1141,1374,Zaydiyya0000062,1517,0,263,189,88
810,979,1208,Shamela0037458,3222,885,1114,183,100
810,1155,1382,Shamela0037458,3226,992,1412,181,53
810,1344,1625,Shamela0037458,3228,729,1095,232,76
810,1155,1382,JK000791,1806,154,382,184,99
810,1344,1625,JK000791,1807,0,307,232,91
810,1262,1382,Shamela0007610,18,657,777,98,100
810,1382,1625,Shamela0000922,974,920,1281,201,67
810,855,1262,JK007018,561,615,950,264,80
810,1208,1520,JK007018,562,1226,1544,225,79
810,1262,1625,JK009396,1157,88,454,299,99
810,979,1262,Sham19Y0023608,3035,1315,1598,227,100
810,1262,1397,Sham19Y0023608,3038,1400,1534,110,99
810,1397,1625,Sham19Y0023608,3039,0,228,188,99
810,1262,1455,Shamela0001340,175,1207,1555,154,53
810,1262,1619,Shamela0001340,243,1285,1495,159,53
810,1182,1382,Hindawi036246035,287,283,464,118,73
810,512,876,Meshkat00042488,1321,9,611,186,33
810,1344,1569,Meshkat00042488,1323,1180,1600,144,36
810,1242,1397,Meshkat00042488,1323,423,584,117,90
810,45,840,ShamIbadiyya0000075,701,416,1243,346,41
810,1497,1625,ShamIbadiyya0000075,703,150,339,107,67
810,1262,1382,Shamela0004473,9464,191,311,98,100
810,1011,1382,Shia002356Vols,911,0,368,294,98
810,1382,1625,Shia002356Vols,912,1154,1392,194,96
810,816,1459,Shamela0010523,130,1075,1607,403,76
810,1459,1625,Shamela0010523,131,0,167,139,99
810,1208,1431,ShamAY0034059,4739,670,896,181,98
810,1100,1625,Tafsir04038,483,648,933,165,33
810,467,1068,Shia002380Vols,598,0,622,284,44
810,1148,1473,Shia002380Vols,599,684,1318,257,50
810,1262,1397,JK001496,1732,819,967,108,89
810,979,1267,Shamela0008473,3669,181,469,228,98
810,1208,1450,Shamela0008473,3679,1283,1577,194,80
810,1450,1625,Shamela0008473,3680,0,176,145,98
810,45,805,Shia002382Vols,1398,813,1586,349,43
810,1208,1625,Shamela0012884,3954,31,447,340,99
810,979,1625,Shamela0023591,5495,177,823,525,99
810,1242,1625,Shamela0023591,5498,0,383,314,99
810,1124,1625,JK009266,7271,69,601,409,93
810,1238,1490,Shamela0021821,1432,1242,1553,203,79
810,1490,1625,Shamela0021821,1433,0,136,113,99
810,1006,1625,JK009362,6254,824,1476,500,94
810,1078,1625,JK001420,655,314,1264,297,38
810,979,1208,Rafed0003943Vols,1241,1126,1355,183,100
810,1093,1625,Rafed0003943Vols,1242,403,939,371,81
810,846,1262,Shamela0010273,2348,213,643,262,68
810,1262,1382,Shamela0010273,2351,680,800,98,100
810,1382,1625,Shamela0010273,2352,1157,1400,200,99
810,1262,1382,Shamela0007798,7336,1214,1333,97,99
810,86,1020,Tafsir01006,1134,0,1643,515,37
810,653,1006,Sham19Y0014404,1130,7,517,189,39
810,1262,1382,Sham19Y0014404,1132,1063,1183,98,100
810,1382,1625,Sham19Y0014404,1133,46,775,182,29
810,1262,1397,Meshkat00057178,2883,756,904,108,89
810,1344,1566,Meshkat00057178,2884,470,977,183,43
810,1262,1625,Masaha000554Vols,4287,643,1001,290,96
810,983,1625,QuranAnalysis001,175,596,1247,516,97
810,45,728,Rafed0001713Vols,1977,107,1650,427,32
810,1317,1625,Rafed0001713Vols,1981,0,308,253,99
810,1292,1497,Tafsir02094,2962,923,1466,149,33
810,1224,1566,Shamela0000041,1973,0,341,280,99
810,979,1267,Shamela0023578,2408,314,602,229,99
810,1155,1625,Shamela0023578,2412,292,960,382,69
810,735,1031,JK000876,1138,1256,1550,137,45
811,31,222,JK001480,690,523,702,94,51
811,13,408,Meshkat00042485,5111,1116,1523,166,37
811,526,851,Sham19Y0147312,1571,832,1048,130,47
811,408,996,Shamela0022769,1212,145,1063,238,30
811,13,412,Zaydiyya0000062,1515,748,1380,215,40
811,418,805,Meshkat00042488,1322,840,1231,164,41
811,17,476,Shia002356Vols,911,421,852,176,40
811,42,408,JK001496,1730,53,610,172,35
811,408,1015,Tafsir02102,3216,387,1214,255,34
811,421,668,Shamela0010273,2349,1118,1535,162,48
811,31,408,Tafsir01006,1135,0,434,178,42
811,551,1011,Tafsir01006,1136,0,647,224,36
811,408,1077,Sham19Y0014404,1132,364,1086,208,27
811,408,641,Rafed0001713Vols,1979,1002,1545,145,33
812,644,879,Shia001432Vols,1900,343,578,196,100
812,727,960,Shamela0023632,2780,188,421,194,100
812,96,1033,JK009268,3718,706,1302,488,63
812,408,960,Shamela0023628,2761,627,1048,333,72
812,408,1033,Rafed0003257Vols,4197,576,1070,392,75
812,644,879,Sham19Y0020891,4776,97,647,176,38
812,298,727,JK009270,3759,1151,1347,159,45
812,727,1109,JK009270,3762,242,712,284,74
812,604,879,Meshkat0014420,3635,599,874,228,100
812,196,596,Meshkat00042485,5118,1039,1592,213,40
812,644,1038,Sham19Y0147312,1574,575,969,324,99
812,165,872,Zaydiyya0000062,1519,198,1398,393,35
812,675,1233,Shamela0037458,3230,27,559,328,60
812,623,879,JK000791,1808,298,553,202,95
812,37,165,Shamela0021766,3394,510,945,83,23
812,196,1033,JK007018,563,0,1244,475,41
812,596,834,JK009396,1157,1374,1642,195,87
812,298,879,Sham19Y0023608,3040,961,1525,303,49
812,165,467,Meshkat00042488,1324,268,891,196,38
812,1033,1588,ShamIbadiyya0000075,703,484,983,293,53
812,580,848,Shia002356Vols,912,1369,1646,204,85
812,604,1033,Shamela0010523,132,975,1404,354,100
812,362,960,Shia002380Vols,600,86,696,338,54
812,298,1184,Shamela0008473,3681,116,929,397,44
812,165,960,Shia002382Vols,1402,97,1123,509,55
812,96,727,Shamela0012884,3954,295,583,231,44
812,408,1033,Shamela0023591,5495,771,1265,392,75
812,408,879,Shamela0023591,5498,331,671,266,67
812,429,879,JK009266,7275,488,818,260,69
812,604,879,Shamela0021821,1434,579,854,228,100
812,675,1033,JK009362,6255,0,361,296,99
812,408,821,Rafed0003943Vols,1242,887,1629,217,29
812,821,1033,Rafed0003943Vols,1243,0,212,175,100
812,165,596,Shamela0010273,2353,698,1391,234,40
812,604,1184,Shamela0010273,2354,847,1458,303,47
812,37,596,Tafsir01006,1137,94,1127,310,34
812,301,758,Meshkat00057178,2885,0,1185,246,24
812,298,1073,Masaha000554Vols,4290,673,1399,336,40
812,96,965,QuranAnalysis001,175,1094,1620,433,60
812,503,1247,Rafed0001713Vols,1983,120,1265,369,32
812,0,769,Shamela0000041,1973,997,1530,334,48
812,429,973,Shamela0000041,1974,123,1053,328,39
812,408,960,Shamela0023578,2412,908,1329,333,72
812,298,810,Shamela0023578,2413,107,947,242,28
813,546,1071,JK000021,60,242,801,421,93
813,546,1084,Shia001432Vols,541,678,1216,435,100
813,396,1163,Shia001432Vols,28796,493,1138,448,71
813,396,780,Shamela0023632,2781,197,504,249,79
813,771,1055,Shamela0023632,2782,581,870,215,93
813,546,1071,Sham19Y0011326,36,81,629,424,95
813,201,320,Shamela0003722,2299,887,1040,79,62
813,396,900,JK009268,3718,1228,1655,347,84
813,900,1181,JK009268,3719,0,281,226,100
813,201,307,JK009268,3727,1192,1314,74,75
813,396,1181,Sham19Y0023618,1320,662,1371,572,89
813,201,383,Sham19Y0023618,1321,252,501,109,50
813,201,307,JK001171,90,23,193,81,61
813,858,1084,JK001137,58,75,301,181,100
813,964,1181,Hindawi059616186Vols,1268,396,613,175,100
813,396,765,Hindawi059616186Vols,1707,1303,1595,236,78
813,765,1181,Hindawi059616186Vols,1708,0,416,337,100
813,201,307,Sham19Y0017063,512,1258,1443,77,51
813,396,1375,Shamela0023628,2764,343,1532,668,63
813,755,1045,Shamela0023628,2765,971,1578,218,44
813,183,356,Kraken220413030905,281,276,485,102,60
813,546,1064,Rafed0003257Vols,4203,901,1415,410,97
813,201,307,JK001249,74,613,850,75,39
813,201,700,Sham19Y0020891,4779,582,1335,265,37
813,201,307,JK001492,731,1175,1313,78,69
813,601,858,JK009270,3768,0,257,211,100
813,858,1181,JK009270,3771,1241,1564,260,100
813,597,1084,Meshkat0014420,3640,954,1441,395,100
813,194,315,JK007045,376,912,1112,82,51
813,546,1071,JK000101,442,529,1072,423,96
813,201,315,Sham19Y0145212,1706,62,265,80,51
813,546,868,Sham19Y0147312,1575,806,1140,262,96
813,858,1181,Sham19Y0013550,442,300,553,164,63
813,159,539,Zaydiyya0000062,1521,1170,1541,175,48
813,671,996,Zaydiyya0000062,1522,930,1330,249,75
813,858,1174,Zaydiyya0000062,1523,1032,1589,251,55
813,546,1045,Shamela0006947,7614,923,1421,403,99
813,201,307,Shamela0013041,295,1048,1224,83,60
813,546,790,Shamela0037458,3233,217,461,198,100
813,771,1088,Shamela0037458,3235,1051,1368,252,98
813,546,1038,JK000791,1809,1086,1577,398,99
813,1038,1181,JK000791,1810,0,143,116,100
813,201,307,JK000074,79,333,479,47,31
813,201,311,JK000142,1147,717,901,79,55
813,201,307,JK009336,900,854,1102,79,41
813,396,989,Hindawi085315384,18,483,1015,407,82
813,201,320,JK000474,2917,940,1134,87,56
813,201,320,Shamela0021659,1390,755,948,88,59
813,201,307,JK000675,88,336,477,76,70
813,565,1084,Shamela0000922,976,455,1536,280,28
813,201,315,JK000080,219,635,892,82,41
813,585,1045,Tafsir07076,5135,0,459,373,99
813,427,868,JK007018,564,489,1150,275,47
813,858,1181,JK007018,565,34,786,257,42
813,201,320,Sham19Y0127677,2213,734,941,85,53
813,201,311,Sham19Y0131521,6484,551,735,79,55
813,780,964,Shia001373,22,175,355,146,97
813,17,301,Zaydiyya0000295Vols,723,792,1261,123,28
813,546,1181,Sham19Y0029676,44,232,864,508,98
813,858,1049,JK009396,1161,786,978,153,99
813,868,1045,Sham19Y0023608,3045,1476,1653,142,100
813,681,964,Shamela0001340,246,0,283,232,100
813,880,1045,JK000465,3062,362,787,132,38
813,201,315,Sham19Y0122257,1486,1088,1281,80,52
813,179,714,Meshkat00042488,1326,267,773,185,37
813,780,1071,Meshkat00042488,1327,368,1234,225,32
813,964,1181,JK000894,12,967,1205,175,91
813,710,1181,Shamela0004473,1172,52,518,245,54
813,964,1181,Shamela0004473,1644,130,347,175,100
813,201,320,JK000883,2107,243,401,85,69
813,346,907,Shia002356Vols,913,1131,1629,342,72
813,907,1045,Shia002356Vols,914,0,139,106,95
813,396,1181,Shamela0010523,134,163,976,561,81
813,190,320,ShamAY0034059,4752,980,1143,89,67
813,858,1084,ShamAY0034059,4764,146,376,176,95
813,326,784,Shia002380Vols,600,812,1427,321,61
813,830,1181,Shia002380Vols,601,267,943,276,50
813,201,311,PV2024060602,5744,594,778,79,55
813,597,964,Shamela0001419,445,1116,1483,299,100
813,159,671,JK001496,1736,818,1575,247,34
813,780,974,JK001496,1738,14,582,152,33
813,201,435,Shamela0008473,3682,1000,1249,116,49
813,671,862,Shamela0008473,3684,861,1062,153,92
813,858,1045,Shamela0008473,3685,974,1161,150,100
813,201,315,Masaha002872,63,1269,1410,80,74
813,964,1181,JK009265,164,574,762,142,81
813,201,307,Shamela0001404,323,1072,1210,78,69
813,7,315,Shamela0012884,3958,480,903,127,31
813,546,1084,Shamela0012884,3959,616,1151,433,99
813,964,1181,Shamela0012884,3960,526,855,151,57
813,201,311,Sham19Y0020591,1873,1223,1412,77,53
813,396,926,Shamela0023591,5495,1192,1644,368,85
813,926,1181,Shamela0023591,5496,0,256,205,99
813,700,1071,Shamela0023591,5507,0,392,296,92
813,546,977,JK009266,7278,577,1013,349,98
813,201,315,JK001236,144,1124,1385,84,41
813,159,546,JK000458,2677,1068,1503,171,37
813,765,1181,Shamela0021821,1436,585,1437,323,47
813,396,1185,Hindawi061638096,72,410,1123,572,89
813,201,307,Shamela0038194,109,271,440,79,60
813,201,307,ShamAY0034134,549,938,1111,83,61
813,396,1181,JK009362,6255,288,1007,564,87
813,546,771,Zaydiyya0000214,17,223,448,182,100
813,396,1200,JK001110,53,65,796,581,88
813,201,311,Sham19Y0014601,6042,891,1075,79,55
813,964,1181,Shamela0022653,12,977,1210,173,91
813,201,320,Sham19Y0014119,215,1107,1308,83,52
813,201,307,Zaydiyya0000274,468,133,267,78,71
813,396,1181,Rafed0003943Vols,1243,139,848,572,89
813,700,1055,Shamela0010273,2359,997,1352,282,98
813,266,635,Tafsir01006,1139,0,517,188,42
813,546,1045,Shamela0012293,1455,624,1026,319,78
813,671,964,Sham19Y0014404,1136,942,1642,230,40
813,858,1181,Sham19Y0014404,1137,0,771,212,32
813,830,1077,Meshkat00057178,2889,29,568,183,42
813,755,1033,Masaha000554Vols,4301,1290,1609,208,80
813,710,1181,Hindawi093849638,3,291,830,238,46
813,201,307,JK001012,84,120,362,73,37
813,190,307,Shamela0006496,414,1410,1522,82,89
813,401,1181,QuranAnalysis001,176,0,704,568,89
813,201,307,Shamela0001438,4012,1295,1485,74,51
813,201,307,ShamAY0033729,142,1113,1251,76,68
813,201,311,Rafed0001713Vols,1985,1321,1441,82,88
813,687,1191,Rafed0001713Vols,1986,754,1311,401,88
813,159,462,Tafsir07057,4047,1238,1467,132,51
813,396,1566,Shamela0000041,1976,583,1510,549,52
813,700,1191,Shamela0000041,1977,7,599,296,53
813,201,311,JK000943,15,640,811,79,58
813,201,311,JK000943,22,869,1019,82,70
813,396,1563,Shamela0023578,2417,61,1089,699,69
813,755,1113,Shamela0023578,2418,44,733,280,50
813,194,301,JK000876,1143,1109,1246,73,66
814,893,1035,JK000021,60,570,698,103,90
814,893,1035,Shia001432Vols,541,1006,1134,103,90
814,893,1035,Shia001432Vols,28796,862,990,103,90
814,893,1035,Shamela0023632,2782,689,817,103,90
814,893,1035,Sham19Y0011326,36,409,537,103,90
814,893,1035,Sham19Y0023618,1320,1063,1191,103,90
814,893,1035,JK001137,58,91,219,103,90
814,893,1035,Hindawi059616186Vols,1708,109,237,103,90
814,893,1035,Shamela0023628,2764,744,872,103,90
814,893,1035,Rafed0003257Vols,4203,1229,1357,103,90
814,893,1035,JK009270,3771,1257,1385,103,90
814,893,1035,Meshkat0014420,3640,1231,1359,103,90
814,910,1493,Tafsir01005,4521,128,999,223,25
814,893,1035,JK000101,442,857,985,103,90
814,1246,1479,Meshkat00042485,5130,441,934,156,40
814,893,1035,Shamela0006947,7614,1250,1378,103,90
814,893,1035,Shamela0037458,3235,1154,1282,103,90
814,893,1035,JK000791,1809,1414,1542,103,90
814,893,1035,Tafsir07076,5135,288,416,103,90
814,893,1035,JK009396,1161,802,930,103,90
814,893,1035,Sham19Y0023608,3045,1482,1610,103,90
814,893,1035,Shamela0010523,134,669,797,103,90
814,356,1035,Shia002380Vols,601,0,495,214,30
814,346,1007,JK001496,1738,14,582,226,32
814,893,1040,Tafsir02091,1625,914,1171,111,54
814,893,1035,Shamela0008473,3685,990,1118,103,90
814,893,1035,Shamela0012884,3959,942,1070,103,90
814,893,1035,Shamela0023591,5507,174,302,103,90
814,893,1035,Shamela0021821,1436,817,945,103,90
814,893,1035,Hindawi061638096,72,812,940,103,90
814,893,1035,JK001110,53,467,595,103,90
814,893,1035,Rafed0003943Vols,1243,540,668,103,90
814,893,1035,Shamela0010273,2359,1171,1299,103,90
814,944,1519,Tafsir01006,1140,798,1651,270,35
814,893,1035,Shamela0012293,1455,855,983,103,90
814,346,997,Sham19Y0014404,1136,1299,1642,122,19
814,893,1035,QuranAnalysis001,176,397,525,103,90
814,893,1035,Rafed0001713Vols,1986,968,1096,103,90
814,300,871,Rafed0001713Vols,1987,405,1340,237,28
814,396,969,Tafsir04056,5954,356,815,186,33
814,893,1010,Shamela0000041,1976,1064,1167,82,88
814,300,1289,Shamela0000041,1977,157,1000,277,26
814,893,1035,Shamela0023578,2417,462,590,103,90
814,944,1400,JK000876,1145,9,459,170,34
815,684,1397,Shia001432Vols,719,413,797,296,51
815,320,1397,Shia001432Vols,2505,262,787,404,45
815,768,950,Shamela0023632,2788,0,181,144,97
815,945,1186,Shamela0023632,2789,69,310,193,99
815,1182,1397,Shamela0023632,2790,416,633,171,99
815,254,763,JK009268,3719,244,724,388,94
815,763,1072,JK009268,3736,1344,1653,249,99
815,1072,1397,JK009268,3737,0,325,261,100
815,254,529,Sham19Y0023618,1320,1334,1579,198,89
815,763,1397,Sham19Y0023618,1324,33,669,510,99
815,536,1022,JK000146,13,598,944,280,70
815,96,852,Shamela0023628,2766,376,1238,548,78
815,710,1397,Shamela0023628,2769,140,1012,552,78
815,1220,1397,Shamela0023628,2770,846,1171,140,54
815,558,1094,Rafed0003257Vols,4216,425,967,312,66
815,1094,1291,Rafed0003257Vols,4219,1197,1396,159,98
815,945,1121,Tafsir09083,1125,951,1595,137,26
815,1022,1182,Sham19Y0020891,4797,599,927,129,48
815,945,1291,Tafsir09068,915,285,1419,274,30
815,763,1022,JK010001,1188,1054,1245,134,65
815,320,573,JK009270,3775,1229,1481,202,99
815,650,872,JK009270,3781,1271,1492,181,99
815,945,1291,JK009270,3785,286,632,278,100
815,320,536,JK000322,44,277,500,173,96
815,589,945,Meshkat0014420,3646,192,599,256,77
815,945,1397,Meshkat0014420,3648,120,572,362,100
815,257,536,JK006476,1328,1068,1365,195,76
815,740,1022,JK006476,1333,104,378,189,80
815,892,1238,JK006476,1333,972,1503,251,59
815,763,1022,Shamela0029677,1470,676,863,135,65
815,992,1238,Shamela0012851,379,103,919,195,29
815,677,1238,Tafsir02104,430,210,1210,360,44
815,320,536,Sham19Y0147312,1577,876,1092,173,100
815,536,945,Sham19Y0147312,1578,256,665,333,100
815,938,1182,Sham19Y0147312,1579,118,362,197,100
815,536,1015,Zaydiyya0000062,1526,288,774,383,96
815,839,1390,Zaydiyya0000062,1528,701,1493,398,60
815,1094,1291,Shamela0006947,6483,116,319,157,96
815,350,536,Shamela0011334,84,597,783,150,100
815,460,852,Shamela0037458,3240,1248,1640,316,100
815,852,1015,Shamela0037458,3244,1445,1607,133,99
815,1015,1186,Shamela0037458,3245,0,179,135,93
815,1133,1397,Shamela0037458,3247,783,1191,207,63
815,254,536,JK000791,1810,106,359,204,89
815,436,722,JK000791,1812,1094,1543,227,62
815,722,1022,JK000791,1813,0,300,243,100
815,1141,1397,JK000791,1815,445,711,182,86
815,892,1220,Tafsir02011,1311,526,1522,226,28
815,320,763,JK007018,566,10,834,358,53
815,763,1397,JK007018,567,58,863,455,70
815,320,536,JK009396,1163,635,851,173,100
815,763,1094,JK009396,1165,937,1269,267,99
815,992,1397,JK009396,1166,180,665,277,67
815,273,536,Sham19Y0023608,3048,72,410,203,75
815,763,1094,Sham19Y0023608,3052,238,569,267,100
815,1082,1397,Sham19Y0023608,3054,1057,1369,244,95
815,320,763,JK000381,108,419,862,357,99
815,536,902,JK000381,6108,1186,1551,297,99
815,536,945,JK000381,7747,327,736,332,99
815,320,536,Meshkat00042488,1328,1202,1418,173,100
815,740,908,Meshkat00042488,1330,1178,1598,132,38
815,919,1182,Meshkat00042488,1331,390,894,207,51
815,1182,1413,Meshkat00042488,1332,215,451,174,93
815,925,1282,ShamIbadiyya0000075,706,28,872,280,41
815,763,1022,Shamela0004473,6249,721,980,210,100
815,518,1035,Shia002356Vols,916,1041,1558,416,98
815,902,1397,Shia002356Vols,918,89,730,313,60
815,254,707,Shamela0010523,134,939,1363,344,93
815,650,1397,Shamela0010523,138,183,930,603,100
815,320,650,ShamAY0034059,4770,423,757,265,98
815,707,892,ShamAY0034059,4782,1300,1487,150,98
815,945,1170,ShamAY0034059,4784,1414,1645,180,96
815,1098,1397,ShamAY0034059,4789,461,770,236,95
815,589,1170,Shia002380Vols,602,534,1537,466,57
815,892,1182,JK001496,1743,786,1477,222,39
815,320,650,Shamela0011573,30,814,1144,265,100
815,320,536,Shamela0008473,3687,1082,1298,173,100
815,493,763,Shamela0008473,3689,0,398,216,67
815,763,1094,Shamela0008473,3693,70,401,267,100
815,1022,1397,Shamela0008473,3694,0,444,300,84
815,839,1182,Shia002382Vols,1406,608,1230,273,54
815,763,1008,Tafsir07055,1247,1400,1575,122,62
815,320,650,Shamela0003055,1157,850,1180,265,100
815,320,536,Shamela0012884,3961,567,783,173,100
815,650,1397,Shamela0012884,3963,724,1472,603,99
815,254,1397,Shamela0023591,5496,219,1335,899,97
815,254,763,Shamela0023591,5512,744,1224,389,94
815,763,1035,Shamela0023591,5518,1265,1536,220,99
815,1035,1296,Shamela0023591,5519,0,263,208,98
815,763,962,JK009266,7292,937,1137,156,94
815,919,1182,JK009266,7294,107,400,212,89
815,1182,1397,JK009266,7296,170,385,171,100
815,177,536,Shamela0021821,1437,709,1033,220,69
815,662,1094,Shamela0021821,1439,639,1225,349,73
815,872,1397,Shamela0021821,1440,56,964,422,57
815,254,915,JK009362,6255,970,1610,512,94
815,915,1397,JK009362,6256,0,490,386,98
815,536,1186,JK001110,90,212,631,329,62
815,950,1296,JK001420,658,0,361,159,44
815,1133,1291,Shia000181,159,1192,1501,124,50
815,320,763,JK000376,11,1072,1515,357,99
815,945,1094,JK006478,7261,103,252,119,100
815,254,536,Rafed0003943Vols,1243,811,1061,199,87
815,612,1182,Rafed0003943Vols,1246,832,1403,448,96
815,1173,1397,Rafed0003943Vols,1247,142,659,173,41
815,320,536,Shamela0010273,2363,1009,1225,173,100
815,763,1015,Shamela0010273,2367,1367,1618,204,99
815,1022,1301,Shamela0010273,2369,618,899,218,97
815,880,1238,Tafsir06048,880,489,1444,287,37
815,771,1291,Sham19Y0014404,1139,0,1535,414,33
815,763,945,Meshkat00057178,2894,99,616,148,35
815,1022,1182,Meshkat00057178,2895,347,795,129,35
815,1224,1397,Meshkat00057178,2896,508,734,138,76
815,254,536,Masaha000554Vols,4308,778,1025,197,87
815,763,1035,Masaha000554Vols,4322,504,774,214,97
815,254,1186,QuranAnalysis001,176,667,1569,731,96
815,1186,1397,QuranAnalysis001,177,0,211,168,100
815,320,536,JK000372,10,79,292,172,98
815,177,536,Rafed0001713Vols,1989,723,1161,245,63
815,695,1076,Rafed0001713Vols,1991,1252,1588,267,87
815,1137,1430,Rafed0001713Vols,1993,548,948,212,66
815,536,1291,Tafsir04056,792,673,1250,450,73
815,1112,1291,Tafsir04056,5970,394,630,145,75
815,536,945,JK006950,412,764,1173,332,99
815,536,945,JK006950,2049,188,597,332,99
815,74,460,Shamela0000041,1978,76,571,218,49
815,558,892,Shamela0000041,1980,1095,1600,246,59
815,650,1291,Shamela0000041,1981,165,1018,515,74
815,273,945,Shamela0023578,2419,88,756,521,93
815,740,1256,Shamela0023578,2421,864,1534,412,76
815,945,1224,Shamela0023578,2422,1133,1460,222,84
815,1214,1397,Shamela0023578,2423,735,1186,143,39
816,831,1097,Shia001432Vols,20833,38,274,153,62
816,831,1097,Meshkat00042485,5137,365,601,154,63
816,1225,1528,Meshkat00042485,5138,1213,1591,179,55
816,0,314,Zaydiyya0000062,1525,678,1088,185,48
816,295,589,Shamela0011334,84,420,804,145,39
816,322,779,JK000381,108,344,702,178,38
816,606,1610,ShamIbadiyya0000075,705,571,1612,431,40
816,56,521,Shia002356Vols,916,366,929,243,45
816,1002,1598,Shia002380Vols,602,578,1087,297,56
816,56,577,JK001496,1741,639,1166,255,47
816,1002,1610,Shia002382Vols,1406,128,704,336,58
816,933,1112,JK000458,2685,93,379,113,46
816,322,779,JK000376,11,997,1355,176,38
816,1225,1610,Tafsir01006,1142,617,1108,232,55
816,834,1225,Tafsir01006,1142,0,535,225,46
816,175,779,Rafed0001713Vols,1990,18,901,290,34
816,831,1097,Rafed0001713Vols,1991,341,574,135,51
816,1177,1610,JK000876,1148,17,676,247,44
817,87,417,Meshkat00042485,5140,3,368,205,63
817,264,684,Meshkat00042485,5141,311,821,150,36
817,518,773,Zaydiyya0000295Vols,733,782,1032,113,51
817,0,808,JK000818,490,645,1527,356,41
817,52,803,ShamIbadiyya0000075,706,28,782,361,47
817,13,684,Shia002382Vols,1406,707,1266,328,53
817,47,799,JK000458,2686,525,1552,397,44
817,557,1030,Shamela0010273,2370,167,933,202,30
817,13,417,Sham19Y0014404,1139,492,1073,207,37
817,13,457,Shamela0000041,1981,1021,1518,209,42
818,335,717,Shia001432Vols,541,1234,1524,226,73
818,658,867,Shia001432Vols,18610,0,210,164,98
818,335,867,Shia001432Vols,18655,617,778,126,28
818,153,335,Shia001432Vols,20811,24,163,104,71
818,82,540,Shia001432Vols,24159,342,721,293,77
818,82,273,Shamela0023632,2792,1353,1544,152,100
818,273,540,Shamela0023632,2793,814,1080,220,99
818,540,817,Shamela0023632,2794,431,708,220,100
818,817,993,Shamela0023632,2795,1077,1253,142,100
818,0,993,JK009268,3737,325,1321,801,99
818,0,540,Sham19Y0023618,1324,669,1208,439,99
818,421,993,Sham19Y0023618,1326,509,1158,429,82
818,540,730,Shamela0010551,408,680,870,152,100
818,46,924,Shamela0023628,2771,522,1566,709,83
818,637,993,Shamela0023628,2773,5,675,283,53
818,82,335,Rafed0003257Vols,4224,1259,1512,203,100
818,367,562,Rafed0003257Vols,4227,0,198,155,92
818,540,993,Rafed0003257Vols,4228,586,1039,362,100
818,540,812,Zaydiyya0000044,171,1080,1353,215,99
818,540,817,ShamAY0035562,11,558,837,220,99
818,153,339,Tafsir09084,1892,1102,1467,148,50
818,75,225,Sham19Y0020891,4803,796,1176,115,38
818,517,730,Sham19Y0020891,4810,729,942,171,100
818,852,993,Sham19Y0020891,4812,0,141,113,100
818,69,540,Sham19Y0020966,276,73,904,292,39
818,82,225,Tafsir09068,916,1244,1532,113,49
818,91,273,JK009270,3790,0,182,145,100
818,273,540,JK009270,3795,160,427,221,100
818,540,867,JK009270,3799,658,987,260,99
818,0,335,Meshkat0014420,3652,258,593,270,100
818,335,817,Meshkat0014420,3655,379,861,390,100
818,817,993,Meshkat0014420,3658,511,687,142,100
818,46,319,JK006476,1336,218,612,213,67
818,319,531,JK006476,1337,120,338,175,97
818,736,946,JK006476,1338,596,817,164,93
818,540,924,Shia001171,17,98,484,306,99
818,0,335,Sham19Y0147312,1581,532,867,270,100
818,540,730,Sham19Y0147312,1582,1253,1443,152,100
818,817,993,Sham19Y0147312,1584,902,1078,142,100
818,279,540,Tafsir02067,744,11,748,216,35
818,82,326,Zaydiyya0000062,1531,687,934,195,97
818,273,829,Zaydiyya0000062,1532,384,1402,434,52
818,153,540,Shamela0037458,3251,1224,1611,316,100
818,512,867,Shamela0037458,3254,544,952,283,86
818,0,225,JK000791,1816,119,344,180,100
818,135,759,JK000791,1817,116,1609,497,41
818,763,993,JK000791,1818,0,232,184,99
818,540,817,Shamela0021735,5,79,358,220,99
818,730,937,Shamela0000922,981,1192,1543,117,38
818,238,683,Shamela0000922,981,0,411,151,31
818,335,867,Tafsir07076,7700,105,756,431,81
818,19,755,JK007018,568,299,1612,500,46
818,755,993,JK007018,569,0,605,189,39
818,85,225,Tafsir04039,2813,1027,1549,109,26
818,335,562,JK009396,1168,1010,1246,182,93
818,153,335,JK009396,1168,163,345,146,100
818,512,867,JK009396,1169,583,967,281,91
818,153,335,Sham19Y0023608,3058,1191,1373,146,100
818,540,867,Sham19Y0023608,3061,1223,1550,261,100
818,0,555,JK000818,491,296,1592,435,41
818,46,225,Meshkat00042488,1333,923,1542,138,28
818,175,545,Meshkat00042488,1334,36,1513,290,24
818,736,867,Meshkat00042488,1335,935,1321,104,33
818,135,531,ShamIbadiyya0000075,707,0,807,320,48
818,0,335,Shia002356Vols,919,588,920,264,97
818,298,993,Shia002356Vols,920,641,1368,545,92
818,0,617,Shamela0010523,139,996,1612,503,99
818,617,817,Shamela0010523,140,0,200,157,100
818,736,993,Shamela0010523,141,1091,1341,156,77
818,225,398,ShamAY0034059,4799,722,890,131,92
818,335,628,ShamAY0034059,4802,646,940,242,99
818,730,924,ShamAY0034059,4809,235,434,154,96
818,1241,1496,Shia002380Vols,603,1257,1441,121,55
818,153,600,Shia002380Vols,604,11,946,358,47
818,158,273,Shamela0001419,449,0,493,91,23
818,75,335,JK001496,1746,633,1505,205,29
818,512,817,JK001496,1748,750,1502,241,40
818,759,993,JK001496,1749,42,338,173,73
818,243,714,Tafsir02102,3229,556,1555,383,46
818,69,562,Shamela0008473,3697,182,1241,301,31
818,512,867,Shamela0008473,3698,639,996,283,99
818,1241,1582,Shia002382Vols,1408,334,744,179,47
818,153,273,JK009265,213,311,431,95,100
818,94,782,Tafsir05047,684,70,1462,551,48
818,540,817,ShamAY0036031,185,855,1134,219,98
818,0,421,Shamela0012884,3966,1081,1496,270,73
818,335,730,Shamela0012884,3967,844,1539,309,54
818,730,867,Shamela0012884,3968,0,139,107,97
818,0,204,Shamela0023591,5496,1335,1538,163,99
818,204,993,Shamela0023591,5497,0,788,638,99
818,0,335,Shamela0023591,5522,436,771,270,100
818,335,623,Shamela0023591,5525,1328,1614,237,99
818,623,1004,Shamela0023591,5526,0,396,301,95
818,0,273,JK009266,7298,503,776,219,100
818,225,545,JK009266,7300,250,1004,262,42
818,512,817,JK009266,7302,970,1309,241,89
818,1241,1585,JK000458,2687,1185,1631,198,51
818,212,562,Shamela0021821,1442,473,1046,281,59
818,116,335,Shamela0021821,1442,0,297,176,73
818,574,867,Shamela0021821,1443,0,295,233,99
818,0,993,JK009362,6256,490,1487,801,99
818,335,817,JK001110,53,892,1277,302,77
818,435,867,JK001420,658,675,1527,282,39
818,139,273,JK006478,7268,1050,1192,107,94
818,540,817,JK006478,7273,682,959,218,98
818,730,993,JK006478,7274,483,1021,208,48
818,0,307,Rafed0003943Vols,1247,1232,1538,248,99
818,326,786,Rafed0003943Vols,1248,778,1671,369,50
818,786,993,Rafed0003943Vols,1249,0,207,166,100
818,153,335,Shamela0010273,2374,818,1000,146,100
818,540,817,Shamela0010273,2377,1153,1430,220,100
818,817,997,Shamela0010273,2379,916,1096,142,98
818,82,225,Shamela0007798,7365,529,1036,113,28
818,1241,1589,Tafsir01006,1144,449,882,208,54
818,385,540,Tafsir01006,1145,362,580,129,71
818,540,817,Shamela0012293,747,270,465,146,63
818,135,683,Sham19Y0014404,1141,36,1470,403,33
818,736,993,Sham19Y0014404,1142,827,1366,148,31
818,455,683,Meshkat00057178,2899,0,681,167,29
818,0,335,Masaha000554Vols,4332,1146,1476,263,97
818,335,817,Masaha000554Vols,4339,535,1015,380,97
818,0,637,JK000447,634,768,1367,134,17
818,0,993,QuranAnalysis001,177,211,1206,802,99
818,0,251,Rafed0001713Vols,1994,1381,1631,200,99
818,1241,1553,Rafed0001713Vols,1995,891,1497,185,35
818,251,435,Rafed0001713Vols,1995,0,184,153,100
818,404,817,Rafed0001713Vols,1997,803,1256,332,90
818,540,730,Shamela0000432,4203,980,1170,151,99
818,0,225,Tafsir04056,792,1272,1497,179,99
818,82,225,Tafsir04056,5981,115,583,113,30
818,26,540,Shamela0000041,1983,969,1568,419,85
818,512,674,Shamela0000041,1984,1404,1565,130,99
818,116,540,Shamela0000041,1984,0,873,344,48
818,0,993,Shamela0023578,2422,141,1133,801,99
818,54,540,Shamela0023578,2424,518,1143,394,77
819,1123,1520,Shia001432Vols,18628,89,492,208,50
819,100,551,Tafsir09083,1128,237,827,183,33
819,306,519,Sham19Y0020891,4805,749,950,154,83
819,676,1073,Sham19Y0020891,4809,8,534,192,39
819,151,395,Sham19Y0020891,6877,1360,1552,122,53
819,0,482,Meshkat00042485,5148,698,1234,282,56
819,432,812,Meshkat00042485,5149,657,1642,218,26
819,1140,1520,Meshkat00042485,5152,447,883,207,47
819,100,1395,Tafsir02104,431,370,858,290,27
819,12,609,Shamela0022769,1221,644,1398,213,31
819,95,955,ShamIbadiyya0000075,707,118,780,423,51
819,519,1158,ShamAY0033108,1392,49,790,280,38
819,95,1409,Shia002380Vols,604,82,1269,544,40
819,100,1020,Shia002382Vols,1408,764,1423,345,38
819,968,1409,Shia002382Vols,1409,36,561,248,51
819,100,609,Tafsir05047,684,265,767,195,36
819,3,591,JK000458,2688,0,851,257,34
819,100,798,Tafsir08060,407,720,1050,183,30
819,1123,1467,Shamela0010273,2378,0,523,202,46
819,0,591,Tafsir01006,1144,882,1640,340,48
819,591,1520,Tafsir01006,1145,153,1308,472,42
819,1123,1395,Sham19Y0014404,1142,9,388,144,41
819,1003,1467,Rafed0001713Vols,1998,212,931,266,43
819,95,1051,Shamela0000041,1984,221,931,393,46
819,95,629,Shamela0023578,2424,707,978,186,41
819,1003,1409,JK000876,1151,1020,1576,203,40
820,973,1197,Shia001432Vols,1831,946,1170,182,99
820,1197,1381,Shia001432Vols,2505,988,1172,147,100
820,868,1146,Shamela0023632,2796,754,1032,222,100
820,1146,1381,Shamela0023632,2797,998,1233,189,100
820,635,1090,JK009268,3737,1244,1542,230,62
820,1090,1400,JK009268,3738,0,308,240,96
820,39,771,Sham19Y0023618,1326,858,1147,211,36
820,868,1404,Sham19Y0023618,1327,294,842,429,97
820,973,1146,Shamela0010551,362,328,501,141,100
820,635,978,Shamela0023628,2772,0,179,135,50
820,30,891,Shamela0023628,2773,99,721,272,34
820,891,1350,Shamela0023628,2773,847,1517,368,68
820,1040,1353,Shamela0023628,2774,606,1505,238,32
820,39,771,Rafed0003257Vols,4228,739,1028,211,36
820,966,1197,Rafed0003257Vols,4232,176,407,185,98
820,1146,1381,Rafed0003257Vols,4233,525,1042,189,45
820,973,1146,Zaydiyya0000044,174,1127,1293,135,95
820,1109,1285,Tafsir09083,1131,25,479,131,35
820,913,1353,Tafsir09084,1896,10,1261,316,31
820,868,1517,Sham19Y0020891,4814,337,701,156,28
820,1197,1381,Sham19Y0020891,4818,1018,1202,147,100
820,842,1040,Tafsir09068,918,1061,1508,145,40
820,1040,1332,Tafsir09068,919,146,789,236,45
820,884,1040,JK009270,3803,0,156,123,100
820,1072,1381,JK009270,3807,0,309,248,100
820,439,1040,Meshkat0014420,3658,540,859,242,50
820,1040,1292,Meshkat0014420,3660,1303,1554,204,99
820,1072,1292,Meshkat0014420,3662,17,548,148,33
820,887,1139,JK006476,1339,1005,1500,199,50
820,1231,1381,Shamela0029677,24,479,628,118,98
820,1040,1381,Shamela0012851,383,23,794,263,41
820,861,1381,Tafsir02104,432,23,905,350,46
820,439,973,Sham19Y0147312,1584,931,1183,187,44
820,973,1386,Sham19Y0147312,1585,134,547,332,99
820,973,1146,Tafsir04040,1973,304,477,141,100
820,1197,1381,Sham19Y0014592,2507,158,342,147,100
820,959,1374,Zaydiyya0000062,1536,16,438,333,96
820,868,1197,Shamela0037458,3257,7,336,264,100
820,1197,1381,Shamela0037458,3260,173,357,147,100
820,635,1109,JK000791,1818,155,473,244,63
820,1063,1381,JK000791,1820,720,1330,237,48
820,109,1197,JK007018,569,0,1266,452,32
820,1051,1381,JK007018,570,40,468,224,59
820,973,1146,Hindawi095926405Vols,1101,1347,1520,141,100
820,923,1197,JK009396,1171,0,588,219,45
820,1146,1386,JK009396,1172,49,553,186,46
820,942,1197,Sham19Y0023608,3065,414,853,208,58
820,1197,1386,Sham19Y0023608,3067,37,226,147,97
820,468,1040,Meshkat00042488,1336,191,1394,264,25
820,1040,1292,Meshkat00042488,1337,141,1035,195,26
820,973,1146,ShamIbadiyya0000075,564,1147,1320,141,100
820,1146,1386,ShamAY0033108,1394,58,648,155,30
820,868,1365,Shia002356Vols,921,1101,1600,397,98
820,439,1114,Shamela0010523,141,1194,1586,301,56
820,1114,1381,Shamela0010523,142,0,267,215,100
820,605,1338,Shia002380Vols,605,490,1581,428,43
820,1197,1381,JK001496,1751,1074,1262,147,97
820,1040,1292,Tafsir02091,1632,841,1495,178,32
820,973,1146,Shamela0008473,2389,716,889,141,100
820,973,1146,Shamela0008473,3120,933,1106,141,100
820,1072,1381,Shamela0008473,3706,698,1181,235,61
820,973,1197,Shamela0008473,3706,6,230,183,100
820,973,1146,Shamela0008473,4001,759,932,141,100
820,39,295,Shia002382Vols,1409,512,905,125,39
820,1040,1381,Shia002382Vols,1410,681,1502,274,41
820,973,1197,JK009265,213,453,677,183,100
820,868,1381,Shamela0012884,3970,503,1006,375,87
820,39,1418,Shamela0023591,5497,488,1341,642,58
820,39,771,Shamela0023591,5526,70,359,211,36
820,829,1470,Shamela0023591,5530,295,1006,457,80
820,635,973,JK009266,7305,0,174,134,50
820,973,1297,JK009266,7307,871,1195,260,99
820,983,1197,Shamela0021821,1445,0,214,175,100
820,1181,1381,Shamela0021821,1446,46,291,160,81
820,1063,1350,Sham19Y0013231,3384,76,1082,202,24
820,973,1146,Tafsir10066,1132,260,433,141,100
820,39,920,JK009362,6256,1185,1538,255,36
820,920,1381,JK009362,6257,0,473,372,97
820,1095,1292,JK006478,7279,11,449,149,42
820,973,1146,JK000082,69,1098,1270,140,99
820,868,1381,Tafsir08060,408,315,1063,315,47
820,161,771,Rafed0003943Vols,1249,0,196,154,31
820,868,1404,Rafed0003943Vols,1249,879,1377,387,88
820,868,1431,Shamela0010273,2381,220,550,127,24
820,973,1197,Shamela0010273,2382,595,819,183,100
820,1103,1391,Shamela0010273,2383,303,985,202,35
820,1040,1292,Shamela0007798,7373,628,1379,191,31
820,973,1146,Shamela0007798,7373,35,321,141,60
820,468,1072,Tafsir06048,883,823,1467,248,37
820,1109,1386,Tafsir06048,884,223,850,216,43
820,868,1197,Sham19Y0014404,1143,14,1485,264,22
820,1082,1386,Meshkat00057178,2903,17,676,178,31
820,973,1146,Masaha000554Vols,2212,1301,1473,141,99
820,978,1146,Masaha000554Vols,3683,974,1140,135,98
820,942,1381,Masaha000554Vols,4350,67,605,353,80
820,973,1146,Masaha000554Vols,7143,1348,1520,139,98
820,39,1202,QuranAnalysis001,177,904,1539,487,52
820,1202,1381,QuranAnalysis001,178,0,179,143,100
820,990,1511,Rafed0001713Vols,2000,0,503,362,81
820,1153,1281,Tafsir04042,1751,1261,1622,103,35
820,973,1146,Shamela0037475,95,874,1047,141,100
820,973,1146,Tafsir04056,122,961,1133,140,99
820,973,1146,Tafsir04056,773,235,408,141,100
820,973,1146,Tafsir04056,2438,1463,1636,141,100
820,973,1124,Tafsir04056,2932,628,779,123,100
820,1072,1332,Tafsir04056,5988,519,1614,209,23
820,873,1146,Shamela0000041,1986,238,622,211,68
820,1099,1381,Shamela0000041,1987,0,388,212,68
820,39,771,Shamela0023578,2422,833,1122,211,36
820,635,1426,Shamela0023578,2426,226,902,502,76
820,1040,1381,Shamela0023578,2427,611,1084,265,67
820,1103,1292,JK000876,1154,32,520,140,36
821,417,1216,Shamela0023628,2774,468,1223,297,34
821,428,924,Tafsir01005,4546,214,814,127,21
821,836,1418,Meshkat00042485,5159,50,1172,338,37
821,149,1232,Tafsir02104,432,94,793,285,26
821,157,1236,ShamIbadiyya0000075,709,200,1547,429,32
821,535,1232,Shia002380Vols,605,1023,1575,290,45
821,0,1035,Tafsir02091,1632,154,1399,374,30
821,889,1395,Shia002382Vols,1410,1001,1523,245,44
821,334,940,Tafsir05047,685,1176,1528,142,24
821,1096,1418,Tafsir01006,1148,0,380,180,59
821,315,1236,Rafed0001713Vols,2001,59,1558,409,28
821,41,1232,Shamela0023578,2427,41,990,375,33
822,411,629,Shia001432Vols,542,206,433,167,92
822,23,556,Shia001432Vols,2505,1183,1546,281,65
822,429,633,Shia001432Vols,18697,1195,1404,162,97
822,0,256,Shamela0023632,2798,1295,1550,209,99
822,256,629,Shamela0023632,2800,1147,1520,300,100
822,0,656,JK009268,3746,694,1362,514,94
822,0,256,Sham19Y0023618,1328,408,664,209,100
822,256,629,Sham19Y0023618,1329,50,423,300,100
822,0,256,Shamela0023628,2775,267,523,209,100
822,223,656,Shamela0023628,2776,714,1219,335,82
822,166,429,Rafed0003257Vols,4238,291,554,213,100
822,290,629,Rafed0003257Vols,4241,778,1569,271,42
822,0,170,Sham19Y0020891,4820,188,358,137,98
822,429,629,Sham19Y0020891,4825,0,200,159,100
822,256,458,Tafsir09068,920,959,1599,163,31
822,429,561,JK010001,1571,861,993,105,100
822,429,604,JK010001,3438,1297,1472,139,100
822,429,629,JK010001,3608,890,1106,159,92
822,125,561,JK009270,3815,163,599,351,100
822,0,629,Meshkat0014420,3663,590,1230,509,98
822,236,561,Meshkat0014420,3666,593,1488,260,36
822,196,482,JK006476,1342,940,1243,231,93
822,256,637,JK006476,1343,0,905,295,40
822,429,561,Shamela0029677,653,112,244,105,100
822,0,166,Sham19Y0147312,1585,1001,1167,137,100
822,339,629,Sham19Y0147312,1586,1202,1492,233,100
822,236,624,Zaydiyya0000062,1539,782,1189,312,94
822,23,339,Shamela0006947,5289,445,761,257,100
822,0,271,Shamela0037458,3261,602,867,209,94
822,246,629,Shamela0037458,3265,599,983,305,98
822,0,656,JK000791,1821,666,1319,517,97
822,429,604,Shamela0000922,984,31,294,139,66
822,0,166,JK007018,570,705,872,137,99
822,166,629,JK007018,571,12,938,370,49
822,209,511,JK009396,1174,1300,1565,161,61
822,429,629,Sham19Y0023608,3073,602,802,159,100
822,339,604,JK000818,494,434,1062,204,40
822,236,541,Meshkat00042488,1339,475,1577,241,27
822,429,629,Meshkat00042488,1340,20,463,155,44
822,256,596,ShamIbadiyya0000075,710,841,1592,271,44
822,0,223,Shamela0021537,927,858,1103,182,91
822,429,629,Shamela0004473,8865,486,686,159,100
822,256,604,ShamAY0033108,1396,74,791,275,47
822,429,574,Shamela0022667,2,136,287,114,94
822,0,817,Shia002356Vols,923,245,1089,543,72
822,23,708,Shamela0010523,143,542,1220,513,91
822,386,533,ShamAY0034059,4833,1421,1568,118,98
822,23,561,Tafsir04038,490,142,840,285,42
822,0,649,Shia002380Vols,606,259,1214,506,65
822,282,506,JK001496,1754,1293,1564,152,69
822,506,629,JK001496,1755,0,124,98,99
822,256,561,Tafsir02091,1634,938,1517,243,51
822,23,214,Tafsir02102,3233,757,1240,156,39
822,223,629,Tafsir02102,3234,16,1035,319,38
822,0,166,Shamela0008473,3708,353,519,137,100
822,429,629,Shamela0008473,3711,69,268,158,99
822,1300,1528,Shia002382Vols,1411,788,999,113,53
822,334,629,Shia002382Vols,1412,148,816,232,43
822,429,561,Tafsir07055,1637,307,439,105,100
822,429,604,Tafsir07055,3530,85,260,139,100
822,429,629,Tafsir07055,3712,1326,1539,159,93
822,278,649,Tafsir05047,687,0,707,280,49
822,23,256,Shamela0012884,3971,938,1171,190,100
822,166,629,Shamela0012884,3976,27,858,328,47
822,0,656,Shamela0023591,5533,894,1547,517,97
822,142,629,Shamela0023591,5536,0,487,392,100
822,0,339,JK009266,7311,685,1037,276,96
822,304,616,JK009266,7314,1110,1521,251,75
822,4,629,Shamela0021821,1447,0,766,415,58
822,0,629,Tafsir07053,150,337,958,488,96
822,467,656,Tafsir07053,153,0,320,129,50
822,415,629,Tafsir07053,160,377,591,164,96
822,27,656,JK009362,6341,547,1188,489,93
822,429,546,JK001110,53,1425,1541,94,99
822,0,157,Zaydiyya0000371,35,393,550,129,100
822,256,656,JK001420,659,888,1498,214,37
822,429,569,JK006478,7284,1234,1382,108,92
822,429,629,JK000082,276,670,869,158,99
822,0,170,Rafed0003943Vols,1250,903,1073,137,98
822,166,629,Rafed0003943Vols,1251,137,601,372,99
822,0,166,Shamela0010273,2384,1268,1434,137,100
822,429,633,Shamela0010273,2390,293,497,160,99
822,429,629,Zaydiyya0000075BK1,27,849,1048,158,99
822,433,624,Shia004523,9,1223,1414,152,100
822,223,429,Sham19Y0014404,1145,1035,1584,153,34
822,370,629,Sham19Y0014404,1146,147,832,147,24
822,429,629,Rafed0003799Vols,423,150,349,158,99
822,43,256,Meshkat00057178,2904,638,1269,172,33
822,339,569,Meshkat00057178,2906,478,1014,179,41
822,429,629,Masaha000554Vols,4367,1433,1632,153,94
822,23,656,QuranAnalysis001,178,188,818,498,97
822,0,339,Rafed0001713Vols,2002,1084,1423,276,100
822,374,629,Rafed0001713Vols,2005,216,570,190,66
822,204,556,Tafsir04042,1753,687,1434,259,43
822,0,271,Shamela0000041,1987,958,1227,209,94
822,0,969,Shamela0023578,2428,155,1033,598,67
822,236,629,Shamela0023578,2430,707,1165,315,85
823,881,1115,Shamela0008381,188,1114,1348,188,100
823,881,1108,Shamela0008381,251,1306,1532,182,99
823,881,1115,Shamela0008381,6182,520,754,188,100
823,136,536,Shia001432Vols,542,206,411,144,46
823,178,457,Shia001432Vols,2505,1420,1546,99,44
823,724,1037,Shia001432Vols,4256,1199,1511,249,99
823,1037,1435,Shia001432Vols,4257,0,398,313,100
823,178,536,Shia001432Vols,18697,1195,1373,137,48
823,1222,1435,Shia001432Vols,21749,1062,1275,168,100
823,11,536,Shamela0023632,2800,1213,1498,223,53
823,724,881,Shamela0023632,2802,165,322,124,100
823,881,1130,Shamela0023632,2803,1029,1277,193,96
823,1115,1452,Shamela0023632,2806,197,535,257,97
823,943,1115,Shamela0000894,2441,1169,1341,137,100
823,881,1115,Shamela0000894,4547,967,1201,188,100
823,1222,1452,JK009325,117,459,678,173,95
823,11,963,JK009268,3746,1031,1576,434,56
823,963,1440,JK009268,3747,0,472,371,98
823,724,881,Shia004552Vols,512,80,239,123,97
823,11,881,Sham19Y0023618,1329,116,959,370,38
823,881,1452,Sham19Y0023618,1330,526,1092,440,97
823,11,1065,Shamela0023628,2776,888,1535,515,61
823,1077,1452,Shamela0023628,2780,40,442,280,87
823,11,536,Rafed0003257Vols,4241,854,1547,225,31
823,724,1115,Rafed0003257Vols,4243,144,535,312,100
823,1091,1435,Rafed0003257Vols,4248,101,487,267,88
823,412,536,Tafsir09084,1899,152,486,80,31
823,178,536,Sham19Y0020891,4825,0,178,137,48
823,487,786,Sham19Y0020891,4825,1323,1520,140,55
823,876,1115,Sham19Y0020891,4828,1019,1258,190,99
823,1222,1452,JK001285,15,734,953,173,95
823,37,207,Tafsir09068,920,1292,1599,97,34
823,951,1229,Tafsir09068,922,717,1357,212,42
823,178,468,JK010001,1571,861,1011,107,45
823,178,533,JK010001,3438,1297,1472,137,48
823,178,536,JK010001,3608,890,1084,137,49
823,11,462,JK009270,3815,360,599,189,52
823,812,1130,JK009270,3824,284,602,245,96
823,985,1435,Sham19Y0150960,655,706,1021,235,66
823,11,536,Meshkat0014420,3663,923,1208,223,53
823,17,462,Meshkat0014420,3666,868,1488,233,41
823,719,1013,Meshkat0014420,3667,1256,1549,231,98
823,1060,1435,Meshkat0014420,3671,28,436,260,81
823,37,536,JK006476,1343,276,873,218,35
823,396,794,JK006476,1344,4,491,159,33
823,178,462,Shamela0029677,653,112,244,103,45
823,178,748,Meshkat00042485,5164,53,821,303,45
823,37,536,Sham19Y0147312,1586,1202,1470,209,52
823,881,1115,Sham19Y0147312,1589,102,336,188,100
823,1115,1452,Sham19Y0147312,1589,966,1296,250,94
823,729,1452,Shamela0004445,687,0,721,566,99
823,178,1108,Zaydiyya0000062,1540,321,1501,562,53
823,881,1115,Shamela0006947,11463,259,493,188,100
823,724,881,Shamela0006947,17512,578,735,124,100
823,724,881,Shamela0001242,976,88,245,124,100
823,11,536,Shamela0037458,3265,676,961,223,53
823,487,881,Shamela0037458,3267,471,1084,208,38
823,862,1229,Shamela0037458,3270,293,673,286,95
823,1222,1435,Shamela0037458,3273,100,313,168,100
823,11,881,JK000791,1821,988,1452,367,52
823,748,1309,JK000791,1823,645,1196,385,80
823,271,477,Shamela0021766,3424,13,176,101,62
823,178,533,Shamela0000922,984,31,294,137,41
823,904,1115,Tafsir07076,520,0,211,168,100
823,1204,1388,Tafsir07076,9449,1336,1529,132,86
823,178,826,JK007018,571,738,1311,232,31
823,812,1115,JK007018,572,409,712,239,98
823,1262,1452,JK007018,573,0,182,141,94
823,812,1115,JK009396,1177,674,977,242,100
823,1115,1435,JK009396,1179,483,803,250,100
823,412,536,Sham19Y0023608,3074,51,444,74,24
823,724,1254,Sham19Y0023608,3075,522,1487,418,54
823,1254,1435,Sham19Y0023608,3076,0,181,142,100
823,881,1115,Sham19Y0016953Vols,693,285,519,188,100
823,881,1115,Shamela0001340,232,674,908,188,100
823,37,670,JK000818,494,434,1231,288,41
823,11,442,Meshkat00042488,1339,963,1577,195,31
823,178,826,Meshkat00042488,1340,20,888,326,40
823,11,525,ShamIbadiyya0000075,710,1025,1592,238,39
823,881,1115,Shamela0021537,6160,1310,1544,188,100
823,881,1115,Shamela0004473,1992,1023,1257,188,100
823,881,1115,Shamela0004473,3449,924,1158,188,100
823,812,1003,Shamela0004473,7680,1474,1664,152,99
823,1003,1452,Shamela0004473,7681,0,368,291,81
823,178,536,Shamela0004473,8865,486,664,137,48
823,724,1345,Shamela0004473,9989,993,1613,491,99
823,724,1435,Shamela0004473,13976,485,1055,448,79
823,37,748,ShamAY0033108,1396,319,975,264,36
823,11,536,Shia002356Vols,923,568,850,217,51
823,487,910,Shia002356Vols,924,1300,1618,220,61
823,910,1452,Shia002356Vols,925,0,538,413,96
823,11,536,Shamela0010523,143,841,1126,223,53
823,447,954,Shamela0010523,144,933,1516,197,29
823,954,1452,Shamela0010523,145,0,493,381,96
823,1225,1435,Hindawi079072819,23,0,210,166,100
823,477,888,ShamAY0034059,4838,270,509,172,53
823,812,1028,ShamAY0034059,4846,868,1083,170,99
823,974,1309,ShamAY0034059,4851,317,655,263,99
823,1217,1435,ShamAY0034059,4857,138,359,170,97
823,820,1435,Hindawi081316951,311,469,747,213,43
823,37,812,Shia002380Vols,606,828,1384,342,48
823,881,1115,Shamela0001419,432,1338,1571,188,99
823,487,826,JK001496,1755,898,1133,165,58
823,881,1115,JK001496,1757,107,341,188,100
823,182,710,Tafsir02102,3234,489,1086,203,33
823,943,1115,Shamela0008473,1880,660,832,137,100
823,503,826,Shamela0008473,3711,1123,1402,126,42
823,865,1115,Shamela0008473,3715,0,250,201,100
823,1115,1452,Shamela0008473,3717,117,481,255,89
823,37,807,Shia002382Vols,1412,154,1098,398,47
823,178,468,Tafsir07055,1637,307,457,107,45
823,178,533,Tafsir07055,3530,85,260,137,48
823,178,536,Tafsir07055,3712,1326,1517,137,49
823,11,748,Tafsir05047,687,62,714,319,45
823,881,1115,Hindawi040635716,229,514,750,188,99
823,483,881,Shamela0012884,3976,790,1224,179,37
823,37,462,Shamela0012884,3976,341,562,174,51
823,862,1435,Shamela0012884,3989,0,582,450,97
823,11,775,Shamela0023591,5533,1216,1573,284,46
823,775,1452,Shamela0023591,5534,0,672,523,97
823,11,536,Shamela0023591,5536,180,465,223,53
823,636,1336,Shamela0023591,5540,732,1520,522,83
823,37,536,JK009266,7314,1245,1513,209,52
823,487,1459,JK009266,7316,17,977,644,77
823,927,1435,Zaydiyya0000063,215,980,1347,284,70
823,724,881,Tafsir10098,1197,240,395,123,98
823,11,536,Shamela0021821,1447,460,744,222,52
823,724,1459,Shamela0021821,1449,0,745,581,98
823,52,1288,Tafsir07053,150,692,1507,635,64
823,1288,1435,Tafsir07053,151,0,146,114,99
823,37,207,Tafsir07053,152,1404,1661,99,40
823,178,536,Tafsir07053,160,391,569,137,48
823,881,1115,Tafsir07053,164,223,457,188,100
823,11,1115,JK009362,6341,854,1553,550,62
823,1115,1452,JK009362,6342,0,331,250,94
823,136,447,JK001110,53,1370,1541,100,38
823,1108,1435,JK001110,90,656,982,253,99
823,881,1115,Shia001174Vols,2978,717,951,188,100
823,1229,1435,Shamela0007853,49,542,748,162,99
823,798,1245,Shia003986,380,1094,1543,344,95
823,724,881,Shia003986,381,568,1079,124,30
823,1108,1435,Zaydiyya0000274,475,915,1240,249,96
823,11,807,Rafed0003943Vols,1251,293,1001,320,38
823,412,881,Shamela0010273,2391,272,700,197,49
823,881,1115,Shamela0010273,2394,1117,1351,188,100
823,1115,1435,Shamela0010273,2397,749,1069,250,100
823,68,477,Tafsir01006,1149,889,1423,201,44
823,1204,1435,Shamela0026350,184,798,1030,170,92
823,11,330,Tafsir06048,885,416,837,166,44
823,724,881,ShamAY0007299,3855,143,300,124,100
823,140,462,Sham19Y0014404,1146,163,336,125,48
823,37,462,Meshkat00057178,2906,478,998,153,25
823,724,1108,Masaha000554Vols,4370,924,1306,298,95
823,11,1415,QuranAnalysis001,178,487,1484,788,70
823,812,1151,Shamela0005446,79,246,710,267,72
823,790,1452,Shamela0001002,2692,20,323,228,43
823,271,710,Rafed0001713Vols,2005,801,1530,231,38
823,645,1115,Rafed0001713Vols,2006,27,510,337,87
823,1115,1435,Rafed0001713Vols,2012,198,518,250,100
823,46,472,Tafsir04042,1753,1098,1447,170,47
823,794,1222,Zaydiyya0000476,681,704,1221,328,79
823,794,1222,Zaydiyya0000476,687,661,1178,328,79
823,724,881,Shia001615Vols,3151,629,786,124,100
823,748,978,Shamela0000041,1990,1092,1322,182,99
823,1164,1435,Shamela0000041,1992,462,893,212,62
823,11,536,Shamela0023578,2428,477,762,223,53
823,11,1099,Shamela0023578,2430,793,1564,548,61
823,1099,1452,Shamela0023578,2431,0,348,265,95
823,191,462,JK000876,1156,1327,1530,109,46
823,487,748,JK000876,1157,55,361,147,47
824,177,403,Meshkat00042485,5165,977,1302,152,57
824,177,565,ShamIbadiyya0000075,711,852,1303,218,56
824,355,841,Shia002380Vols,607,199,775,185,32
824,355,1046,Shia002382Vols,1415,273,1244,293,31
824,177,514,JK000458,2698,316,1186,195,27
824,177,403,Tafsir01006,1150,1022,1347,149,55
824,201,485,Rafed0001713Vols,2010,824,1270,157,40
825,1122,1479,Shia001432Vols,2506,82,440,288,99
825,401,872,Shia001432Vols,21767,245,929,210,38
825,1039,1306,Shamela0023632,2809,394,661,201,95
825,1288,1479,Shamela0023632,2810,732,924,156,99
825,1079,1479,JK009268,3755,0,401,323,99
825,819,1288,Sham19Y0023618,1330,995,1329,264,71
825,1288,1479,Sham19Y0023618,1332,1325,1517,156,99
825,9,271,Shamela0023628,2780,571,853,124,48
825,1141,1479,Shamela0023628,2782,392,773,273,88
825,1180,1479,Shamela0012045,538,754,1054,243,99
825,1039,1288,Rafed0003257Vols,4251,712,961,198,100
825,1265,1479,Rafed0003257Vols,4253,1196,1462,175,80
825,1248,1479,Tafsir09084,1904,534,1075,171,39
825,1122,1288,JK010001,1826,1108,1274,132,100
825,1122,1288,JK010001,3328,1023,1189,132,100
825,1180,1448,JK009270,3839,960,1228,217,100
825,1092,1479,Meshkat0014420,3675,651,1004,258,82
825,1144,1381,JK006476,1350,0,236,190,98
825,16,292,Tafsir02096,1542,713,1254,133,30
825,819,1253,Sham19Y0147312,1589,1199,1497,235,68
825,1253,1479,Sham19Y0147312,1590,0,227,185,99
825,9,717,Shamela0022769,1228,555,1405,303,36
825,1039,1362,Zaydiyya0000062,1546,62,387,258,98
825,1039,1369,Shamela0037458,3275,817,1147,264,100
825,948,1288,JK000791,1826,654,939,219,81
825,1288,1479,JK000791,1827,24,216,156,99
825,16,394,Shamela0021766,3430,546,1508,197,25
825,1039,1369,Shamela0000922,987,160,726,190,40
825,1039,1288,JK007018,574,234,484,197,98
825,1288,1479,JK007018,574,929,1121,155,98
825,1039,1288,JK009396,1182,97,346,198,100
825,1320,1479,JK009396,1183,0,160,131,99
825,1039,1288,Sham19Y0023608,3081,1227,1476,198,100
825,1288,1448,Sham19Y0023608,3083,1389,1548,130,99
825,394,983,Meshkat00042488,1343,111,1071,251,29
825,1257,1448,Meshkat00042488,1345,5,509,148,36
825,883,1479,Shia002356Vols,927,538,1168,399,75
825,1180,1479,Shamela0010523,147,804,1104,243,99
825,883,1339,ShamAY0034059,4864,78,438,283,76
825,1122,1288,Tafsir04038,494,1224,1390,132,100
825,265,696,Shia002380Vols,608,317,825,187,38
825,1122,1479,Shia002380Vols,609,305,962,288,54
825,1180,1369,JK001496,1762,432,729,153,63
825,412,951,Tafsir02102,3238,732,1398,213,32
825,1122,1479,Tafsir02102,3240,404,1289,288,40
825,1248,1479,Shamela0008473,3728,1049,1281,189,99
825,1135,1288,Shamela0008473,3728,0,153,122,100
825,1122,1288,Tafsir07055,1895,95,261,132,100
825,1122,1288,Tafsir07055,3417,803,969,132,100
825,1346,1471,Tafsir05047,690,138,280,98,85
825,1122,1288,Shamela0003055,3143,566,732,132,100
825,1039,1479,Shamela0012884,3993,450,890,353,99
825,819,1479,Shamela0023591,5534,575,1101,420,79
825,872,1479,Shamela0023591,5547,571,1142,387,80
825,1039,1479,JK009266,7325,918,1359,354,99
825,356,922,JK000458,2700,6,1353,248,22
825,1039,1479,Shamela0021821,1452,351,791,353,99
825,1039,1423,Tafsir07053,154,988,1585,306,63
825,819,1479,JK009362,6342,234,767,420,78
825,1144,1292,Zaydiyya0000098,817,833,982,118,99
825,1288,1448,JK009257,737,1292,1463,130,93
825,1149,1369,JK006478,7298,1076,1308,170,87
825,1039,1288,Rafed0003943Vols,1255,65,314,198,100
825,1288,1479,Rafed0003943Vols,1255,1535,1727,156,99
825,295,922,Shamela0010273,2398,310,1382,314,33
825,1039,1200,Shamela0010273,2400,1342,1502,127,99
825,1288,1479,Shamela0010273,2402,1341,1533,156,99
825,136,717,Sham19Y0014404,1148,809,1473,236,34
825,1288,1448,Sham19Y0014404,1150,273,603,130,48
825,1208,1448,Meshkat00057178,2918,672,1457,189,29
825,1039,1479,Masaha000554Vols,4384,744,1187,346,95
825,9,271,Kraken220727035853,3608,637,896,126,54
825,1039,1479,QuranAnalysis001,179,20,461,354,99
825,940,1479,Rafed0001713Vols,2014,375,906,370,77
825,1219,1369,Tafsir04056,6008,102,614,120,28
825,45,330,Shamela0000041,1992,0,294,135,53
825,1141,1479,Shamela0000041,1994,506,855,273,96
825,819,1306,Shamela0023578,2431,251,601,266,68
825,38,271,Shamela0023578,2433,920,1348,112,31
825,1122,1479,Shamela0023578,2440,1065,1625,285,63
826,286,513,Shia001432Vols,542,447,667,164,91
826,286,408,Shia001432Vols,18084,1325,1447,97,100
826,0,135,Shamela0023632,2810,924,1059,109,100
826,301,486,Shamela0023632,2813,0,185,144,98
826,0,513,JK009268,3755,401,907,392,96
826,61,513,Sham19Y0023618,1333,0,796,342,53
826,286,408,JK001137,59,0,122,97,100
826,0,513,Shamela0023628,2782,773,1279,392,96
826,179,475,Shamela0023628,2784,11,536,227,55
826,0,182,Rafed0003257Vols,4253,1462,1644,146,98
826,182,482,Rafed0003257Vols,4254,0,300,237,100
826,262,408,Tafsir09083,1144,48,574,113,26
826,234,482,Tafsir09084,1906,164,1327,130,13
826,984,1507,Sham19Y0020891,4838,554,1194,226,34
826,5,234,Sham19Y0020891,4839,526,755,183,100
826,286,482,Sham19Y0020891,4845,580,776,155,100
826,216,482,Sham19Y0020966,279,9,311,192,75
826,234,482,JK010001,2420,113,411,196,83
826,0,234,JK009270,3842,471,705,187,100
826,234,482,JK009270,3846,152,400,196,100
826,40,247,Meshkat0014420,3677,1364,1572,139,83
826,247,482,Meshkat0014420,3678,0,235,186,100
826,0,144,JK006476,1350,1483,1625,112,95
826,5,513,JK006476,1351,477,1330,352,52
826,286,408,Shamela0011566,634,994,1116,97,100
826,0,147,Sham19Y0147312,1590,227,382,114,92
826,135,482,Sham19Y0147312,1591,861,1208,274,100
826,1049,1539,Zaydiyya0000062,1547,1009,1384,215,49
826,286,513,Zaydiyya0000062,1549,960,1185,164,89
826,5,268,Shamela0006947,10689,444,705,208,99
826,286,408,Shamela0010517,575,1313,1435,97,100
826,0,234,Shamela0037458,3279,1250,1484,187,100
826,216,513,Shamela0037458,3282,716,1072,219,76
826,0,174,JK000791,1827,216,390,140,100
826,286,408,Hindawi085315384,18,1109,1231,97,100
826,262,408,Shamela0000922,988,47,181,102,88
826,0,135,JK007018,574,1121,1254,107,98
826,234,499,JK007018,575,1055,1329,172,81
826,993,1507,Zaydiyya0000295Vols,708,563,1377,246,36
826,5,315,JK009396,1183,773,1077,226,91
826,257,513,JK009396,1184,838,1157,185,73
826,85,286,Sham19Y0023608,3086,127,550,159,47
826,362,513,Sham19Y0023608,3088,0,144,103,87
826,286,408,Shamela0001340,250,786,908,97,100
826,639,1507,JK000818,496,235,925,303,38
826,617,988,Meshkat00042488,1344,1060,1478,173,43
826,482,762,ShamIbadiyya0000075,713,238,610,153,44
826,286,408,Shamela0004473,7360,914,1036,97,100
826,219,482,ShamAY0033108,1404,527,1122,184,38
826,0,286,Shia002356Vols,927,1168,1450,224,98
826,286,513,Shia002356Vols,929,638,859,163,90
826,0,416,Shamela0010523,147,1104,1519,331,99
826,10,200,ShamAY0034059,4870,312,504,152,98
826,234,450,ShamAY0034059,4875,1229,1446,168,97
826,0,197,Shia002380Vols,609,962,1409,158,44
826,219,513,Shia002380Vols,610,317,823,197,47
826,984,1507,JK001496,1762,1007,1397,224,50
826,370,494,JK001496,1765,0,133,95,90
826,558,1539,Tafsir02102,3240,310,1306,403,39
826,135,513,Tafsir02102,3241,45,835,275,44
826,234,482,Shamela0008473,3731,971,1219,196,100
826,234,482,Tafsir07055,2505,771,1066,196,84
826,161,513,Tafsir05047,690,878,1539,240,45
826,234,475,AOCP20251117018,96,276,520,188,95
826,0,135,Shamela0012884,3993,890,1023,107,98
826,281,513,Shamela0012884,3997,0,225,168,91
826,0,365,Shamela0023591,5534,1101,1465,291,99
826,365,513,Shamela0023591,5535,0,141,101,87
826,0,362,Shamela0023591,5547,1142,1511,240,82
826,286,412,Shamela0023591,5552,1454,1579,100,99
826,0,135,JK009266,7325,1359,1494,109,100
826,135,392,JK009266,7328,1172,1428,203,99
826,0,135,Shamela0021821,1452,791,924,107,98
826,135,513,Shamela0021821,1453,1096,1467,283,94
826,5,482,Tafsir07053,155,231,1153,341,46
826,0,513,JK009362,6342,767,1276,390,94
826,234,475,AOCP20251117016Vols,213,95,335,187,98
826,286,403,AOCP20251117016Vols,214,292,410,93,99
826,85,513,JK001110,54,168,589,323,95
826,205,429,Tafsir08060,410,28,338,154,61
826,135,482,Rafed0003943Vols,1256,1157,1438,221,80
826,286,513,Shamela0010273,2407,504,724,164,91
826,167,499,Sham19Y0014404,1151,651,1380,232,39
826,234,408,Meshkat00057178,2920,872,1487,138,28
826,293,499,Meshkat00057178,2921,0,438,157,45
826,268,482,Masaha000554Vols,4389,5,222,166,95
826,271,408,Masaha000554Vols,4394,425,594,98,71
826,0,513,QuranAnalysis001,179,461,967,392,96
826,286,408,Shamela0009429,4066,205,327,97,100
826,0,135,Rafed0001713Vols,2014,906,1041,109,100
826,370,513,Rafed0001713Vols,2018,0,136,97,86
826,0,128,Shamela0023578,2440,1625,1752,103,99
826,128,513,Shamela0023578,2441,0,378,289,95
826,268,387,Shamela0023578,2442,1363,1481,94,99
826,387,513,Shamela0023578,2443,0,137,84,74
826,838,1512,JK000876,1161,0,1017,352,40
826,286,482,JK000876,1163,19,607,144,31
827,742,928,JK000436,144,33,249,127,73
827,742,961,Shamela0023628,2783,843,1122,152,68
827,1059,1397,Shamela0023628,2784,105,350,154,56
827,742,961,Shamela0022593,1411,764,1046,163,72
827,742,961,Tafsir09084,1431,636,901,165,76
827,0,254,JK006476,1351,489,741,120,48
827,1062,1479,Meshkat00042485,5183,430,1125,240,41
827,716,1122,Meshkat00042485,5184,150,762,217,42
827,591,961,Shamela0001466,2531,92,572,215,47
827,755,1397,Shamela0037458,3282,341,949,247,36
827,1268,1460,Shamela0037458,3283,166,679,110,25
827,742,928,Shamela0021766,3434,356,579,123,68
827,78,222,Shamela0021766,3434,19,206,85,51
827,1103,1410,Shamela0021766,3435,674,1184,180,41
827,1126,1397,Tafsir02011,1326,1169,1449,112,41
827,742,1140,JK009313,1384,558,968,203,48
827,789,1290,Zaydiyya0000295Vols,710,28,1109,173,17
827,742,923,JK000906,5894,1350,1539,119,70
827,742,953,JK000906,8342,773,1032,150,72
827,742,961,Sham19Y0023608,3086,1102,1338,149,77
827,742,1371,JK000465,3100,634,1219,186,27
827,1059,1397,JK000818,497,31,430,178,49
827,0,248,Meshkat00042488,1345,1005,1540,135,30
827,1059,1297,Meshkat00042488,1346,1046,1466,129,38
827,1062,1365,ShamIbadiyya0000075,714,1042,1568,172,38
827,1103,1397,Shia002356Vols,929,404,735,154,49
827,1062,1397,Shia002380Vols,610,60,551,172,40
827,841,1376,JK001496,1764,872,1478,190,28
827,742,928,JK001013,109,624,808,126,80
827,1059,1397,Tafsir02102,3241,249,447,145,54
827,742,961,Shamela0008473,2892,1202,1460,160,76
827,35,261,Shia002382Vols,1421,582,846,136,58
827,1103,1397,Shia002382Vols,1422,241,546,135,41
827,742,1159,ShamIbadiyya0000050,4757,960,1499,231,50
827,0,628,Tafsir05047,690,441,841,208,35
827,709,961,Shamela0012884,3145,130,419,162,69
827,716,961,JK009266,7329,693,989,162,68
827,3,1261,JK000458,2703,70,1376,317,19
827,742,961,JK009362,4837,739,969,159,84
827,1062,1261,Shamela0010273,2406,320,921,88,18
827,742,896,Shamela0007798,5980,1312,1486,116,79
827,769,961,Shamela0007798,7400,11,240,139,76
827,35,254,Tafsir01006,1154,32,288,129,57
827,1103,1479,Tafsir01006,1154,982,1458,216,51
827,0,261,Tafsir06048,889,824,1065,139,59
827,0,261,Sham19Y0014404,1150,927,1471,144,33
827,1103,1479,Sham19Y0014404,1151,789,1215,192,45
827,1103,1397,Meshkat00057178,2920,936,1462,147,31
827,551,1376,Rafed0001713Vols,2017,997,1558,231,27
827,1261,1497,Rafed0001713Vols,2018,944,1157,139,69
827,742,961,Shamela0000041,1995,387,672,156,68
827,981,1297,Shamela0000041,1995,1266,1489,118,41
827,987,1397,Shamela0023578,2442,1058,1478,184,43
827,742,961,Shamela0023578,2442,159,439,159,71
827,0,217,JK000876,1161,1175,1514,116,40
827,1261,1454,JK000876,1163,19,295,133,60
828,0,503,Shia001432Vols,542,544,844,237,59
828,302,503,Shia001432Vols,22724,314,516,158,98
828,302,503,Shia001432Vols,24073,646,848,158,98
828,302,503,Shamela0023632,2813,1222,1423,160,100
828,0,783,JK009268,3755,784,1364,459,73
828,0,503,Sham19Y0023618,1333,673,973,238,59
828,0,506,Shamela0023628,2782,1156,1456,238,59
828,302,503,Rafed0003257Vols,4258,119,320,160,100
828,87,389,Sham19Y0020891,4847,171,484,191,69
828,0,680,Sham19Y0020966,279,187,725,277,45
828,109,503,Tafsir09068,925,583,1292,191,28
828,169,503,JK009270,3849,957,1249,174,55
828,469,604,ShamAY0034106,253,200,490,106,46
828,302,783,Meshkat0014420,3680,501,981,382,99
828,0,362,JK006476,1351,1201,1366,122,43
828,0,343,Meshkat00042485,5184,912,1336,170,40
828,302,503,Sham19Y0147312,1593,1132,1333,160,100
828,25,343,Shamela0022769,1231,542,922,135,35
828,83,649,Zaydiyya0000062,1550,767,1554,414,66
828,0,503,Shamela0037458,3282,949,1249,238,59
828,332,656,Shamela0000922,988,976,1436,230,63
828,0,389,Shamela0000922,988,156,395,99,31
828,282,503,JK007018,576,313,532,165,93
828,77,503,JK009396,1185,522,1003,208,44
828,0,503,Sham19Y0023608,3088,21,321,238,59
828,448,783,Sham19Y0023608,3090,380,926,266,61
828,0,511,Meshkat00042488,1347,802,1470,224,35
828,773,1216,ShamIbadiyya0000075,715,491,1005,193,36
828,0,807,Shia002356Vols,929,735,1350,456,70
828,87,787,Shamela0010523,148,0,551,436,78
828,768,1137,Shia002380Vols,610,778,1319,178,38
828,0,362,Tafsir02091,1643,246,557,130,43
828,83,486,Shamela0008473,3732,1121,1459,194,50
828,463,656,Shamela0008473,3733,1028,1460,150,43
828,783,936,Shia002382Vols,1422,849,1294,109,30
828,0,656,Shamela0012884,3997,102,555,359,68
828,0,793,Shamela0023591,5535,18,604,457,72
828,83,783,Shamela0023591,5553,0,551,437,78
828,13,503,JK009266,7329,4,291,227,58
828,0,389,Shamela0021821,1453,1344,1529,146,47
828,0,503,Tafsir07053,155,990,1554,220,43
828,0,517,JK009362,6342,1153,1467,249,60
828,302,656,Rafed0003943Vols,1257,87,441,282,100
828,0,503,Shamela0010273,2407,601,901,238,59
828,773,1225,Tafsir01006,1155,432,1075,187,30
828,0,343,Tafsir01006,1155,50,485,168,39
828,131,503,Sham19Y0014404,1152,40,568,193,39
828,0,503,Meshkat00057178,2921,313,1315,207,21
828,469,656,Meshkat00057178,2922,179,725,147,33
828,302,888,Masaha000554Vols,4396,225,785,232,38
828,0,793,QuranAnalysis001,179,844,1444,460,72
828,0,503,Rafed0001713Vols,2018,13,313,238,59
828,83,362,Rafed0001713Vols,2019,59,518,143,34
828,783,936,Tafsir04042,1766,877,1439,98,22
828,0,506,Shamela0000041,1996,55,358,238,59
828,0,783,Shamela0023578,2441,255,835,460,74
828,4,384,Shamela0023578,2443,0,206,142,46
829,1299,1481,Shia001432Vols,2506,661,844,145,99
829,1276,1481,Shamela0023632,2816,312,518,164,99
829,1201,1481,JK009268,3761,954,1226,191,79
829,1176,1481,Sham19Y0023618,1335,984,1327,205,75
829,1176,1481,Shamela0023628,2786,731,1147,228,67
829,1176,1481,Rafed0003257Vols,4261,909,1154,185,73
829,1153,1440,Sham19Y0020891,4856,306,546,161,67
829,1276,1431,Sham19Y0147312,1595,1058,1213,121,98
829,1276,1481,Shamela0037458,3290,85,291,164,99
829,1276,1481,JK000791,1830,1250,1456,164,99
829,1176,1481,JK007018,577,361,757,202,63
829,1276,1481,Shia003744Vols,314,794,1004,164,97
829,1299,1481,JK000381,7812,382,565,145,99
829,1054,1431,Meshkat00042488,1349,438,1073,177,30
829,181,353,ShamIbadiyya0000075,716,14,261,106,53
829,1342,1481,Shamela0004473,2320,493,633,111,99
829,1342,1481,Shamela0004473,15182,1348,1487,110,98
829,842,1470,Shia002356Vols,930,644,1472,294,39
829,1299,1481,Shamela0010523,150,145,328,145,99
829,980,1481,Shia002380Vols,611,665,1076,229,51
829,1176,1481,Shia002382Vols,1424,224,599,219,72
829,1292,1481,Shamela0012884,4004,1206,1395,146,96
829,1276,1481,Shamela0023591,5557,51,257,164,99
829,1299,1481,Shamela0023591,5558,459,642,145,99
829,1176,1481,JK009266,7338,732,1042,192,65
829,1276,1481,Tafsir07053,168,406,608,157,96
829,1276,1426,Shamela0010273,2414,172,322,119,100
829,181,353,Tafsir01006,1156,17,204,106,71
829,1345,1481,QuranAnalysis001,180,0,137,109,99
829,1276,1431,Rafed0001713Vols,2022,564,720,119,96
829,1299,1481,JK006950,2114,141,324,145,99
829,1319,1481,Shamela0000041,1998,0,162,128,98
829,1276,1481,Shamela0023578,2445,915,1121,164,99
830,140,452,Shamela0023632,2818,1127,1439,249,100
830,0,178,Shamela0008353,174,1121,1299,142,100
830,140,281,Hindawi013082050,60,431,572,111,100
830,0,414,JK009268,3761,1226,1639,327,99
830,60,330,Sham19Y0023618,1336,689,959,215,100
830,140,456,Shamela0023628,2788,564,880,250,99
830,0,330,Rafed0003257Vols,4261,1154,1484,262,100
830,456,944,Sham19Y0020891,4856,564,1495,268,35
830,134,330,Sham19Y0020891,4863,894,1104,157,93
830,0,178,Tafsir09068,927,86,650,142,31
830,140,330,JK010001,1284,1186,1376,152,100
830,134,330,JK010001,2449,34,230,154,98
830,0,330,JK010001,3695,227,557,262,100
830,140,399,JK009270,3872,656,915,207,100
830,0,178,Meshkat0014420,3684,82,260,142,100
830,16,452,Meshkat0014420,3687,1078,1499,245,64
830,0,256,Sham19Y0147312,1596,1196,1451,202,99
830,122,392,Zaydiyya0000062,1556,310,582,206,94
830,140,330,Shamela0037458,3296,6,196,152,100
830,19,330,JK000791,1831,461,826,247,85
830,0,452,Shia003744Vols,314,1004,1456,359,100
830,0,178,JK009396,1188,839,1017,142,100
830,0,330,Sham19Y0023608,3094,218,548,262,100
830,199,399,Meshkat00042488,1351,371,1094,156,27
830,0,330,Shamela0004473,2320,633,963,262,100
830,171,440,Shamela0004473,8221,1326,1594,209,98
830,38,330,Shamela0004473,15183,0,292,233,100
830,605,1184,Shia002356Vols,931,159,620,209,40
830,140,456,Shia002356Vols,932,77,392,244,96
830,140,330,Hindawi019272704,74,391,581,152,100
830,140,286,Hindawi019272704,81,1448,1593,115,99
830,0,456,Shamela0010523,150,328,784,360,99
830,115,273,JK001496,1129,1380,1538,125,98
830,541,944,JK001496,1769,0,624,248,48
830,60,330,JK001496,1771,366,777,206,63
830,0,178,Shamela0008473,3741,1177,1355,142,100
830,104,330,Shamela0008473,3743,213,698,179,46
830,711,1274,Shia002382Vols,1424,399,745,230,50
830,134,330,Tafsir07055,2534,646,842,154,98
830,0,223,Tafsir07055,3801,1222,1444,177,99
830,140,281,Hindawi020618509,7,1295,1436,111,100
830,140,273,Hindawi020618509,34,1506,1638,105,99
830,122,387,Shamela0012884,4006,1181,1448,188,89
830,0,456,Shamela0023591,5557,257,713,360,99
830,0,456,Shamela0023591,5558,642,1098,360,99
830,793,944,Shamela0023591,5560,54,307,101,51
830,0,429,JK009266,7338,1042,1470,341,99
830,0,208,Shamela0021821,1458,480,684,149,83
830,0,456,Tafsir07053,168,608,1057,349,97
830,0,219,Tafsir07053,174,1326,1544,174,99
830,0,357,JK001110,54,744,1115,276,92
830,0,330,JK000065,18,737,1066,262,99
830,0,178,Rafed0003943Vols,1259,510,688,142,100
830,226,456,Rafed0003943Vols,1260,0,230,181,99
830,0,208,Shamela0010273,2415,300,511,149,80
830,178,425,Shamela0010273,2417,607,837,182,93
830,140,330,Zaydiyya0000075BK1,1,1052,1242,152,100
830,216,399,Sham19Y0014404,1155,7,539,111,25
830,140,330,Rafed0003799Vols,276,0,190,152,100
830,0,456,QuranAnalysis001,180,137,593,360,99
830,456,775,Rafed0001713Vols,2022,864,1269,149,37
830,140,452,Rafed0001713Vols,2024,950,1262,249,100
830,0,178,JK001435,12,51,229,142,100
830,0,330,Zaydiyya0000476,518,168,498,262,100
830,71,330,Zaydiyya0000476,565,0,259,206,100
830,199,433,Tafsir04056,95,1102,1374,150,70
830,0,178,JK000090,36,82,260,142,100
830,140,399,Shamela0000041,1999,980,1239,205,99
830,0,348,Shamela0023578,2445,1121,1468,277,99
831,352,623,Tafsir09084,1910,613,896,129,44
831,815,989,Meshkat00042485,5200,1265,1454,91,54
831,686,1401,Shia002380Vols,612,10,591,281,41
831,989,1401,Shia002382Vols,1425,119,645,206,43
831,686,1038,Shamela0010273,2417,959,1477,167,37
832,146,768,Shia001432Vols,2322,523,846,251,49
832,484,710,Shia001432Vols,11971,1047,1293,185,91
832,277,594,Shia001432Vols,21007,326,643,258,100
832,192,484,Shia001432Vols,30303,446,738,234,98
832,192,425,Shia001432Vols,30344,1452,1684,188,97
832,192,594,Shia001432Vols,30402,605,978,266,78
832,26,358,Shamela0023632,2821,390,722,270,99
832,358,710,Shamela0023632,2822,812,1164,287,100
832,484,710,Shia000812Vols,533,873,1099,185,100
832,0,832,JK009268,3762,19,844,673,99
832,0,358,Sham19Y0023618,1337,595,946,285,97
832,358,832,Sham19Y0023618,1338,340,814,387,100
832,484,730,Shia004030Vols,1276,1043,1310,189,86
832,0,277,Shamela0023628,2788,857,1127,219,96
832,383,832,Shamela0023628,2793,444,1041,366,75
832,0,277,Rafed0003257Vols,4265,426,696,219,96
832,243,700,Rafed0003257Vols,4268,1162,1657,373,91
832,700,832,Rafed0003257Vols,4269,0,132,108,100
832,26,277,Sham19Y0020891,4866,232,483,204,99
832,26,429,Sham19Y0020891,4868,1403,1660,167,50
832,484,637,Sham19Y0020891,4873,31,184,126,100
832,199,467,JK009270,3877,1292,1559,218,99
832,429,768,JK009270,3881,139,466,250,89
832,26,358,Meshkat0014420,3691,259,591,271,100
832,358,710,Meshkat0014420,3693,907,1259,287,100
832,484,664,ShamIbadiyya0000129,138,149,329,148,100
832,26,277,Sham19Y0147312,1598,1219,1470,205,100
832,394,832,Sham19Y0147312,1600,318,760,341,94
832,467,710,Shamela0037458,3306,81,365,199,85
832,26,484,JK000791,1833,728,1309,348,73
832,425,832,JK000791,1835,352,842,312,78
832,26,277,JK007018,579,102,355,205,99
832,484,832,JK007018,580,588,936,284,99
832,484,710,Shamela0037325,1654,251,477,185,100
832,26,277,JK009396,1191,1120,1371,205,100
832,462,700,JK009396,1194,1276,1576,185,74
832,700,836,JK009396,1195,0,137,108,96
832,26,277,Sham19Y0023608,3097,477,728,204,99
832,358,664,Sham19Y0023608,3101,1166,1527,199,68
832,664,832,Sham19Y0023608,3102,0,168,137,100
832,577,768,Meshkat00042488,1354,666,907,158,79
832,484,710,Masaha002310,54,1050,1295,185,92
832,80,768,Shia002356Vols,933,758,1460,557,96
832,0,425,Shamela0010523,150,761,1179,342,98
832,358,832,Shamela0010523,153,140,614,387,100
832,523,768,ShamAY0034059,4917,759,1006,202,98
832,0,425,Shia002380Vols,612,605,1392,341,52
832,425,710,Shia002380Vols,613,595,938,194,70
832,425,768,JK001496,1775,508,927,263,77
832,0,277,Shamela0008473,3745,246,556,225,88
832,438,832,Shamela0008473,3753,0,456,304,82
832,931,1474,Shia002382Vols,1426,0,429,225,45
832,192,594,Masaha001072,166,318,691,266,78
832,594,768,JK009265,359,443,617,144,100
832,594,832,Tafsir05047,695,718,1305,182,38
832,484,710,ShamAY0036031,28,1004,1230,185,100
832,26,358,Shamela0012884,4012,101,434,271,99
832,425,710,Shamela0012884,4021,510,784,214,93
832,0,832,Shamela0023591,5557,690,1515,672,98
832,117,812,Shamela0023591,5567,912,1606,566,99
832,117,938,JK009266,7350,504,1314,600,89
832,513,664,JK007044,5380,624,775,125,100
832,26,277,Shamela0021821,1460,1024,1275,205,100
832,438,832,Shamela0021821,1464,309,701,297,92
832,577,832,Shamela0021821,1465,19,413,129,33
832,0,527,Tafsir07053,168,1034,1550,416,96
832,527,832,Tafsir07053,169,0,302,244,97
832,34,484,Tafsir07053,171,31,740,185,26
832,26,277,Tafsir07053,182,1282,1533,205,100
832,484,852,Tafsir07053,185,1106,1473,293,97
832,484,755,Shia002389Vols,2251,1021,1465,184,50
832,484,710,Zaydiyya0000076BK27,14,451,677,185,100
832,399,594,JK001110,91,0,195,158,100
832,26,429,JK001420,662,810,1420,203,36
832,484,710,JK006478,7337,961,1188,185,99
832,484,832,Rafed0003943Vols,1263,857,1442,285,59
832,0,358,Shamela0010273,2419,196,547,285,97
832,484,710,Shamela0010273,2426,110,336,185,100
832,1006,1263,Tafsir01006,1159,305,761,156,42
832,484,710,Shamela0012293,1748,377,603,185,100
832,0,832,QuranAnalysis001,180,570,1395,673,99
832,192,484,Shia001367,56,825,1133,233,93
832,192,594,Shia001367,105,128,489,267,80
832,484,703,Zaydiyya0000034,17,610,829,179,100
832,110,277,Rafed0001713Vols,2027,0,167,136,100
832,243,832,Rafed0001713Vols,2028,542,1168,469,91
832,26,429,Shamela0000041,2001,227,812,326,68
832,484,832,Shamela0000041,2005,1015,1481,285,74
832,26,1363,Shamela0023578,2450,334,1619,858,73
832,523,748,Shamela0023578,2454,1269,1493,186,99
833,1241,1508,Shia001432Vols,2322,638,846,153,64
833,806,1425,Shamela0023632,2822,895,1164,204,40
833,806,1564,JK009268,3762,453,820,284,46
833,806,1564,Sham19Y0023618,1338,423,790,284,46
833,806,1564,Shamela0023628,2793,650,1017,284,46
833,806,1415,Rafed0003257Vols,4268,1399,1657,196,39
833,1105,1508,JK009270,3881,221,466,203,60
833,281,593,Shamela0000140,1657,814,1167,229,77
833,806,1425,Meshkat0014420,3693,990,1259,204,40
833,806,1564,Sham19Y0147312,1600,369,736,284,46
833,1105,1564,JK000791,1835,533,818,234,62
833,1100,1564,JK007018,580,611,912,238,61
833,948,1508,Meshkat00042488,1354,388,907,250,45
833,806,1508,Shia002356Vols,933,1135,1460,248,43
833,806,1564,Shamela0010523,153,223,590,284,46
833,1105,1508,ShamAY0034059,4917,759,1006,199,59
833,756,1425,Shia002380Vols,613,262,938,250,30
833,1105,1508,JK001496,1775,679,927,203,60
833,1105,1564,Shamela0008473,3753,147,432,234,62
833,580,1425,Shia002382Vols,1428,920,1485,295,38
833,1258,1508,JK009265,359,443,617,144,69
833,806,1564,Shamela0023591,5557,1124,1491,284,46
833,806,1564,Shamela0023591,5567,1236,1603,284,46
833,806,1564,JK009266,7350,828,1195,284,46
833,941,1105,JK007044,5380,848,1020,115,84
833,1105,1564,Shamela0021821,1464,392,677,234,62
833,1109,1564,Tafsir07053,169,0,278,224,60
833,1105,1564,Tafsir07053,185,1145,1430,234,62
833,806,1564,QuranAnalysis001,180,1004,1371,284,46
833,806,1564,Rafed0001713Vols,2028,777,1144,284,46
833,849,1564,Shamela0000041,2005,705,1457,374,48
833,806,1564,Shamela0023578,2450,749,1116,284,46
833,849,1476,Shamela0023578,2454,706,1493,318,39
834,675,798,Shia001432Vols,6806,862,985,100,100
834,305,496,Shamela0023632,2826,151,342,156,100
834,496,798,Shamela0023632,2827,458,760,244,100
834,272,803,JK009268,3762,820,1337,420,97
834,305,496,Sham19Y0023618,1340,625,816,156,100
834,544,798,Sham19Y0023618,1341,0,254,206,100
834,272,583,Shamela0023628,2793,1017,1319,245,97
834,418,798,Shamela0023628,2796,487,1140,304,57
834,305,863,Rafed0003257Vols,4272,822,1534,449,77
834,440,663,Rafed0003257Vols,4274,627,1733,176,19
834,583,798,Shia001172,208,1359,1568,169,96
834,305,496,Sham19Y0020891,4879,842,1033,156,100
834,305,583,Tafsir09068,930,345,1126,225,35
834,675,798,Tafsir09068,931,129,676,100,22
834,440,675,JK009270,3886,870,1105,189,100
834,675,798,JK009270,3888,1154,1277,100,100
834,272,496,Meshkat0014420,3696,1199,1414,176,95
834,385,798,Meshkat0014420,3698,218,1059,317,45
834,785,1308,Meshkat00042485,5214,738,1309,156,22
834,538,767,Meshkat00042485,5216,4,490,174,44
834,496,675,Kraken220413030940,103,364,545,143,98
834,305,501,Sham19Y0147312,1601,550,746,158,98
834,624,798,Sham19Y0147312,1603,331,468,111,78
834,408,790,Zaydiyya0000062,1563,145,521,287,91
834,440,798,Shamela0037458,3311,131,489,289,100
834,305,814,JK000791,1836,1066,1585,413,98
834,305,876,Shamela0000922,993,201,601,116,23
834,683,798,Shamela0000922,995,38,346,91,36
834,353,798,JK007018,581,461,1413,312,40
834,440,767,JK000906,8413,191,647,131,34
834,305,501,JK009396,1195,1082,1278,158,98
834,496,675,JK009396,1196,989,1168,144,100
834,675,798,JK009396,1197,251,374,100,100
834,496,675,Sham19Y0023608,1490,173,352,144,100
834,272,496,Sham19Y0023608,3104,71,312,176,86
834,440,675,Sham19Y0023608,3105,300,704,188,57
834,305,509,Shamela0001340,204,1283,1487,166,100
834,798,1538,JK000818,500,870,1385,205,28
834,418,583,Meshkat00042488,1355,1097,1483,130,41
834,496,675,JK000162,43,766,945,144,100
834,496,675,JK001305,250,1306,1485,144,100
834,305,496,JK010729,155,37,229,156,99
834,272,1169,Shia002356Vols,935,616,1362,470,61
834,272,821,Shamela0010523,153,590,1129,427,95
834,305,496,ShamAY0034059,4923,193,387,154,97
834,440,633,ShamAY0034059,4925,1378,1573,154,98
834,583,798,ShamAY0034059,4928,756,972,175,99
834,328,798,Shia002380Vols,614,0,941,377,49
834,305,496,JK001496,1777,687,880,156,98
834,675,798,Tafsir02102,3552,1281,1404,100,100
834,272,496,Shamela0008473,3755,281,561,176,74
834,440,675,Shamela0008473,3756,1110,1371,188,89
834,663,798,Shamela0008473,3759,103,246,108,93
834,378,798,Shia002382Vols,1430,53,827,326,52
834,408,712,Tafsir05047,696,344,968,240,47
834,272,561,Shamela0012884,4023,1284,1574,227,93
834,339,821,Shamela0023591,5558,0,476,381,97
834,305,798,Shamela0023591,5572,724,1217,400,100
834,272,825,JK009266,7355,195,771,443,94
834,496,675,Shamela0010283,1500,214,393,144,100
834,272,496,Shamela0021821,1465,389,662,176,76
834,408,655,Shamela0021821,1465,1165,1591,198,57
834,655,798,Shamela0021821,1466,0,143,117,100
834,272,798,Tafsir07053,169,278,787,407,95
834,305,496,Tafsir07053,187,117,308,156,100
834,675,798,Tafsir07053,189,617,740,100,100
834,305,555,JK001420,663,714,1247,142,30
834,496,612,JK001295,605,221,337,92,100
834,353,712,Tafsir08060,411,893,1426,244,55
834,378,767,Rafed0003943Vols,1264,740,1425,314,56
834,305,1229,Shamela0010273,2428,1015,1517,266,32
834,571,798,Shamela0010273,2430,695,917,176,94
834,785,1548,Tafsir01006,1161,444,1274,255,27
834,305,876,Sham19Y0014404,1159,14,162,111,24
834,496,798,JK000447,645,4,700,165,29
834,272,473,QuranAnalysis001,180,1371,1562,157,95
834,473,798,QuranAnalysis001,181,0,325,263,100
834,496,675,Shamela0005446,574,1387,1566,144,100
834,272,866,Rafed0001713Vols,2032,272,748,230,40
834,638,798,Rafed0001713Vols,2033,1119,1348,131,69
834,440,675,Rafed0001713Vols,2033,91,394,187,76
834,496,675,JK010568,133,47,226,143,99
834,675,798,Tafsir04056,2026,268,391,100,100
834,440,663,Tafsir04056,6041,480,1372,173,24
834,361,675,Shamela0000041,2007,83,397,255,100
834,484,798,Shamela0000041,2007,753,1228,251,65
834,272,860,Shamela0023578,2455,948,1539,454,91
834,412,725,Shamela0023578,2456,516,1287,248,39
835,1166,1421,Shamela0008381,3693,919,1182,195,90
835,1166,1421,Shamela0008381,4872,1043,1301,190,89
835,1088,1323,Shamela0008381,4876,31,266,193,100
835,1166,1421,Shamela0008381,4877,1120,1378,190,89
835,1066,1397,Shamela0008381,4881,1185,1511,257,95
835,1166,1403,Shamela0008381,4894,38,280,195,97
835,926,1122,Shia001432Vols,7095,60,255,155,99
835,1166,1450,Shia001432Vols,7246,285,567,230,97
835,852,1088,Shamela0023632,2829,0,217,161,84
835,1243,1573,Shamela0023632,2832,256,587,269,98
835,852,1589,JK009268,3774,148,964,588,86
835,852,1334,Sham19Y0023618,1341,1118,1614,368,90
835,852,1243,Shamela0023628,2797,950,1443,312,77
835,1191,1569,Shamela0023628,2800,220,733,312,73
835,1088,1403,Rafed0003257Vols,4280,458,773,254,98
835,852,1088,Sham19Y0020891,4885,5,229,181,94
835,957,1397,Sham19Y0020891,4888,65,650,315,62
835,1056,1334,JK009270,3895,1309,1586,228,99
835,1397,1589,JK009270,3900,184,377,160,99
835,1122,1569,Sham19Y0150960,655,1050,1499,357,94
835,903,1397,Meshkat0014420,3702,804,1308,400,97
835,1397,1589,Meshkat0014420,3708,302,495,160,99
835,903,1071,JK006476,1364,867,1039,135,97
835,1166,1397,Sham19Y0036072,44,1238,1569,190,69
835,934,1589,ShamAY0036821,1588,361,1006,524,97
835,926,1088,Shia001171,52,1150,1312,130,100
835,84,516,Meshkat00042485,5216,4,498,222,47
835,1088,1397,Hindawi046307961,192,293,602,253,100
835,836,1397,Sham19Y0147312,1603,734,1267,426,91
835,1354,1569,Sham19Y0147312,1605,29,233,160,90
835,926,1569,Sham19Y0013550,446,993,1337,210,40
835,957,1391,Zaydiyya0000062,1565,987,1565,316,62
835,903,1243,Shamela0037458,3314,890,1230,276,100
835,1243,1569,Shamela0037458,3318,0,326,269,100
835,1027,1243,JK000791,1839,0,216,176,100
835,1258,1569,JK000791,1841,0,311,256,100
835,852,1243,Shamela0000922,995,382,1006,292,54
835,852,1117,JK007018,582,226,489,171,75
835,1088,1397,JK007018,582,913,1222,250,98
835,847,1088,JK009396,1197,1119,1348,160,74
835,934,1397,JK009396,1198,414,1001,297,52
835,1397,1569,JK009396,1201,434,606,143,100
835,847,1088,Sham19Y0023608,3108,219,435,161,83
835,1088,1397,Sham19Y0023608,3109,1039,1348,253,100
835,1062,1323,Shamela0021729,188,884,1139,198,93
835,1166,1569,JK000917,1256,167,570,333,100
835,1397,1569,JK000917,1257,314,486,143,100
835,1380,1569,JK000381,4827,1127,1315,147,94
835,1062,1289,JK000381,8436,1305,1525,169,91
835,196,966,Meshkat00042488,1356,446,1611,250,20
835,953,1243,Meshkat00042488,1357,647,1416,227,36
835,1166,1397,Shamela0004473,604,1359,1590,190,100
835,1166,1362,Shamela0004473,3370,1523,1718,161,99
835,926,1088,Shamela0004473,6332,660,822,130,100
835,1088,1514,Shamela0022371,249,944,1529,347,71
835,1166,1397,Shia003684Vols,59,378,608,189,99
835,903,1403,Shia002356Vols,937,457,972,404,95
835,852,1589,Shamela0010523,156,18,717,556,92
835,1056,1243,ShamAY0034059,4935,72,258,151,98
835,1088,1391,ShamAY0034059,4940,630,935,245,98
835,852,1122,Shia002380Vols,614,941,1384,204,56
835,1191,1428,Shia002380Vols,615,488,826,195,70
835,1397,1569,Sham19Y0014827,561,1111,1283,143,100
835,852,1088,JK001496,1780,1223,1449,179,92
835,957,1397,JK001496,1782,858,1447,315,61
835,1375,1582,JK001496,1786,285,534,162,78
835,934,1088,Tafsir02102,1300,635,789,124,100
835,1001,1191,Tafsir02102,3249,263,564,153,63
835,903,1088,Shamela0008473,3760,906,1091,149,100
835,1015,1397,Shamela0008473,3761,0,488,309,77
835,1397,1569,Shamela0008473,3765,1146,1318,143,100
835,1166,1569,Shia002382Vols,1958,418,883,301,73
835,4,525,Tafsir05047,696,490,1022,213,39
835,926,1243,Shamela0012884,4028,514,1254,256,42
835,1397,1569,Shamela0012884,4033,1227,1399,143,100
835,852,1589,Shamela0023591,5575,517,1244,574,94
835,919,1589,Shamela0023591,5580,855,1530,545,98
835,847,1397,JK009266,7359,22,634,429,86
835,977,1397,Shamela0021821,1467,477,1019,341,77
835,934,1100,Shamela0021821,1467,20,194,128,92
835,1362,1569,Shamela0021821,1469,35,311,172,75
835,782,1354,Rafed0003793Vols,981,788,1276,306,66
835,1166,1408,Rafed0000185Vols,659,1240,1486,192,94
835,926,1088,JK000063,177,423,585,130,100
835,949,1589,JK009362,6403,0,655,521,96
835,1108,1544,JK001420,664,0,728,283,42
835,926,1088,Shamela0022653,48,448,610,130,100
835,1001,1243,JK006478,7348,1216,1458,196,100
835,1397,1582,JK006478,7353,72,257,144,93
835,926,1066,JK000899,3,1376,1515,112,99
835,852,1091,Rafed0003943Vols,1265,669,870,161,83
835,1062,1397,Rafed0003943Vols,1266,616,956,273,98
835,852,1088,Shamela0010273,2432,233,892,182,34
835,1088,1397,Shamela0010273,2434,564,873,253,100
835,907,1088,Sham19Y0018567,520,360,539,135,93
835,248,1001,Sham19Y0014404,1160,37,916,311,34
835,1001,1243,Sham19Y0014404,1161,872,1497,149,27
835,1397,1569,Meshkat00057178,2943,20,192,143,100
835,957,1569,Masaha000554Vols,4448,310,922,407,73
835,926,1589,QuranAnalysis001,181,336,1000,543,99
835,852,1323,Shamela0009182,589,222,932,264,38
835,269,437,Rafed0001713Vols,2033,1119,1565,105,29
835,852,1100,Rafed0001713Vols,2034,909,1397,189,47
835,957,1397,Rafed0001713Vols,2036,5,603,321,61
835,1088,1397,Hindawi017506357,156,131,440,253,100
835,1088,1351,JK000122,1256,1294,1556,216,99
835,1166,1397,Shamela0000432,1126,892,1123,190,100
835,1062,1323,JK006950,2738,62,317,198,93
835,977,1289,Shamela0000041,2009,406,755,229,81
835,1397,1569,Shamela0000041,2011,1072,1244,143,100
835,852,1397,Shamela0023578,2457,872,1392,414,93
835,64,615,JK000876,1171,294,1246,268,31
836,416,1119,Sham19Y0020891,4888,34,789,197,23
836,586,1310,Zaydiyya0000062,1566,16,562,237,34
836,252,779,JK001496,1782,293,1206,231,28
836,370,1310,Tafsir02102,3249,99,997,324,31
836,356,628,Shamela0010273,2433,361,812,131,34
837,990,1152,JK000062,187,941,1076,92,70
837,1003,1152,JK000098,586,0,122,65,58
837,771,1186,Tafsir09084,1922,495,1206,207,36
837,990,1152,JK000362,1102,1250,1387,100,79
837,591,974,Meshkat00042485,5224,235,555,137,36
837,925,1114,Shamela0012769,36,1202,1494,110,44
837,389,746,Shamela0021766,3461,11,384,211,59
837,925,1186,Sham19Y0023608,3113,644,1038,153,48
837,990,1152,JK000381,2987,1304,1429,94,76
837,986,1152,Shamela0021537,2624,758,935,103,68
837,201,645,Shia002380Vols,615,493,773,195,50
837,990,1186,Shamela0008473,3766,195,379,116,74
837,201,645,Shia002382Vols,1434,316,781,256,54
837,201,645,Shia002382Vols,1958,890,1359,257,54
837,654,768,Shamela0023591,5585,207,369,69,54
837,401,768,JK000458,2724,32,459,217,55
837,990,1152,Shamela0002386,250,883,1019,82,68
837,935,1222,Shamela0007663,51,12,323,222,89
837,990,1152,JK000063,169,1072,1201,95,77
837,201,735,Tafsir08060,412,772,1245,213,39
837,164,974,Tafsir01006,1164,136,1010,409,49
837,201,672,Sham19Y0014404,1163,452,1096,231,41
837,389,768,Rafed0001713Vols,2039,311,920,256,49
837,990,1152,Shamela0095735,686,1031,1155,94,76
837,990,1152,JK001414,915,931,1057,92,74
838,1036,1639,ShamAY0037152,879,128,732,488,99
838,893,1627,Shia001432Vols,6573,597,1331,577,97
838,1241,1514,Shamela0023632,2838,1237,1509,219,99
838,1099,1446,Tafsir03097,1278,418,1008,274,56
838,660,1493,JK009268,3774,1015,1666,534,78
838,1493,1639,JK009268,3775,0,147,115,99
838,916,1241,Sham19Y0023618,1345,233,557,267,99
838,1241,1639,Sham19Y0023618,1346,1043,1441,315,98
838,1170,1498,Hindawi070427368,59,1351,1678,265,99
838,1498,1639,Hindawi070427368,60,0,142,111,99
838,1128,1639,Shamela0023628,2815,901,1412,409,99
838,1039,1414,Shia001278Vols,122,467,1049,306,63
838,1170,1639,Rafed0003257Vols,4291,858,1327,373,99
838,0,522,Tafsir09084,1923,524,1611,328,35
838,827,1170,Sham19Y0020891,4903,1129,1479,278,96
838,1170,1407,Sham19Y0020891,4906,1016,1631,191,38
838,1241,1493,JK010001,3640,743,994,203,99
838,1120,1514,JK009270,3908,279,672,316,98
838,1128,1514,Meshkat0014420,3715,240,625,314,99
838,1273,1514,JK006476,1372,194,441,192,96
838,660,1451,ShamAY0036821,1588,1056,1658,492,75
838,1451,1639,ShamAY0036821,1589,0,187,147,98
838,1372,1639,Sham19Y0147312,1607,954,1222,213,99
838,916,1639,Shamela0004445,1638,114,837,585,99
838,1210,1639,Sham19Y0014592,2230,796,1145,184,45
838,916,1241,Sham19Y0151019,64,513,838,267,99
838,1231,1507,Zaydiyya0000062,1572,80,361,221,96
838,1241,1446,Shamela0037458,3329,330,535,165,100
838,1446,1639,Shamela0037458,3331,811,1005,153,99
838,1003,1250,Shamela0021512,454,0,247,199,97
838,1241,1639,JK000791,1845,395,794,318,99
838,982,1241,JK000365,1918,0,259,214,100
838,1036,1639,Shamela0023833,631,6,1184,484,50
838,916,1639,Sham19Y0009800,772,146,868,580,99
838,936,1586,Shamela0023680,368,319,1203,455,59
838,916,1241,Shamela0009770,421,1217,1541,267,99
838,1128,1372,JK007018,586,656,899,198,99
838,1372,1639,JK007018,587,622,889,212,99
838,1120,1372,JK009396,1206,180,433,202,98
838,1372,1639,JK009396,1208,586,854,213,99
838,1107,1639,Sham19Y0023608,3116,0,532,427,99
838,1170,1381,Sham19Y0095660,1015,1417,1719,170,69
838,1036,1446,Sham19Y0095660,1028,496,1321,335,49
838,1446,1639,Sham19Y0016953Vols,923,1211,1405,153,99
838,1268,1514,Meshkat00042488,1363,597,1500,183,25
838,1231,1639,ShamIbadiyya0000075,724,747,1456,321,56
838,916,1241,Shamela0021537,1695,1211,1536,268,100
838,916,1241,Shamela0021537,4341,565,890,268,100
838,916,1372,Shamela0004473,2542,1216,1672,373,100
838,1009,1372,Hindawi018175075,471,1243,1595,280,94
838,1149,1639,Shia002356Vols,942,1004,1512,391,95
838,1128,1639,Shamela0010523,159,338,850,412,99
838,1231,1514,ShamAY0034059,4964,477,774,223,93
838,1362,1639,Shia002380Vols,618,0,350,221,79
838,1170,1446,JK001496,1790,1066,1341,223,99
838,54,726,Shamela0008473,3768,0,916,341,36
838,1128,1372,Shamela0008473,3777,133,377,199,100
838,1339,1639,Shamela0008473,3778,524,861,239,89
838,1339,1639,Shia002382Vols,1439,408,969,238,53
838,617,1372,Shia002382Vols,1963,164,969,441,57
838,1241,1493,Tafsir07055,3744,1121,1371,202,99
838,916,1213,Shamela0012884,4038,1232,1528,245,99
838,916,1398,Shamela0012884,4043,145,758,294,58
838,1324,1639,Shamela0012884,4048,209,518,222,87
838,962,1398,Masaha002028Vols,1271,736,1441,356,61
838,1398,1639,Masaha002028Vols,1272,125,551,189,55
838,660,1231,Shamela0023591,5575,1295,1683,321,67
838,1231,1639,Shamela0023591,5576,0,408,323,99
838,916,1576,Shamela0023591,5588,980,1637,535,99
838,924,1334,JK009266,7371,1245,1652,336,99
838,1334,1639,JK009266,7372,0,306,243,99
838,1039,1507,Shia001331,30,1282,1765,237,52
838,1346,1514,Shamela0010283,3529,146,687,134,30
838,1128,1639,Shamela0021821,1473,132,644,412,99
838,1372,1514,Shamela0012935,248,38,180,114,99
838,916,1639,Rafed0000185Vols,692,55,777,580,99
838,660,1639,JK009362,6403,706,1510,647,80
838,1241,1493,JK001420,665,204,736,203,47
838,1036,1446,Shamela0022653,324,194,604,334,99
838,1170,1514,Shamela0009789,322,636,1237,268,55
838,1073,1372,Shia001386,25,514,813,244,99
838,810,1639,Rafed0003943Vols,1268,170,927,606,90
838,1170,1446,Shamela0010273,2445,338,614,223,100
838,1339,1639,Shamela0010273,2447,132,650,227,55
838,430,1009,Tafsir01006,1165,467,1372,340,44
838,1036,1446,JK000379,81,757,1167,335,100
838,660,1432,QuranAnalysis001,181,1051,1641,485,76
838,1432,1639,QuranAnalysis001,182,0,208,164,99
838,1073,1372,Zaydiyya0000236,350,1064,1364,246,99
838,1446,1639,Shamela0011288,5,322,516,153,99
838,1036,1446,Rafed0001713Vols,2049,602,1011,334,99
838,1446,1639,Rafed0001713Vols,2051,1334,1527,150,97
838,916,1376,Hindawi017506357,39,329,789,375,99
838,1425,1639,Tafsir04042,1783,83,428,163,57
838,1339,1502,Tafsir04056,6058,0,704,128,22
838,1128,1446,Shamela0000041,2027,1003,1395,259,81
838,810,1457,Shamela0023578,2463,1001,1601,471,89
838,1457,1639,Shamela0023578,2464,0,182,141,97
839,0,447,ShamAY0037152,879,732,1179,364,100
839,0,214,Shia001432Vols,6573,1327,1540,174,99
839,214,447,Shia001432Vols,6574,0,233,189,99
839,0,132,Shamela0023632,2840,626,758,107,100
839,132,322,Shamela0023632,2841,995,1185,155,100
839,322,447,Shamela0023632,2843,293,418,101,99
839,956,1246,Tafsir03095,1025,129,538,147,44
839,0,447,JK009268,3775,147,594,364,100
839,322,447,JK000363,80,1023,1148,102,100
839,0,137,Sham19Y0023618,1346,1441,1577,111,99
839,137,447,Sham19Y0023618,1347,0,310,252,99
839,0,447,Hindawi070427368,60,142,589,364,100
839,0,132,Shamela0023628,2815,1412,1543,107,99
839,132,447,Shamela0023628,2818,56,371,256,99
839,0,285,Rafed0003257Vols,4291,1327,1611,232,99
839,285,447,Rafed0003257Vols,4292,0,162,131,99
839,0,248,Tafsir09084,1930,40,581,186,42
839,263,447,Tafsir09084,1930,1059,1475,150,44
839,966,1228,Sham19Y0020891,4905,249,683,146,41
839,50,447,Sham19Y0020891,4910,763,1160,324,99
839,0,322,Tafsir09068,936,392,1193,242,37
839,0,447,JK009270,3912,908,1355,364,100
839,0,447,Meshkat0014420,3719,74,521,364,100
839,0,229,JK006476,1373,1011,1351,172,63
839,229,447,JK006476,1374,830,1051,178,98
839,0,447,ShamAY0036821,1589,187,632,362,99
839,739,956,Meshkat00042485,5229,1248,1507,107,46
839,956,1408,Meshkat00042485,5231,99,614,221,42
839,322,447,Shamela0012851,407,126,548,99,28
839,44,322,Sham19Y0147312,1608,596,874,225,98
839,322,447,Sham19Y0147312,1609,751,876,102,100
839,0,447,Shamela0004445,1638,837,1284,364,100
839,100,298,Sham19Y0014592,2231,0,198,162,100
839,322,447,Sham19Y0013550,448,258,383,101,99
839,100,441,Zaydiyya0000062,1574,257,715,275,73
839,0,322,Shamela0037458,3331,1005,1327,262,100
839,63,363,JK000791,1848,0,300,247,100
839,0,248,Shamela0023833,631,1184,1513,201,75
839,100,447,Shamela0000922,1000,61,1016,280,36
839,0,447,Sham19Y0009800,772,868,1315,363,99
839,0,290,JK007018,587,889,1550,236,43
839,269,450,JK007018,588,1013,1183,118,77
839,50,322,JK009396,1209,196,468,223,100
839,263,447,JK009396,1210,1275,1646,145,48
839,0,447,Sham19Y0023608,3116,532,979,363,99
839,132,263,Sham19Y0095660,1029,172,303,107,100
839,956,1228,Shamela0021715,6301,158,645,174,43
839,23,322,JK000381,2156,992,1284,229,93
839,30,447,JK000381,2190,704,1132,332,94
839,50,311,JK000381,3219,1007,1176,116,53
839,322,447,JK000381,8217,34,159,102,100
839,0,132,Meshkat00042488,1364,953,1367,107,31
839,132,322,Meshkat00042488,1365,409,599,155,100
839,322,447,Meshkat00042488,1366,43,168,101,99
839,30,447,Sham19Y0020587,5,709,1137,332,94
839,50,322,Shamela0004473,6280,358,630,223,100
839,50,322,Shamela0004473,6552,625,897,223,100
839,973,1591,Shia002356Vols,942,447,1116,253,37
839,23,447,Shia002356Vols,943,0,422,343,99
839,0,455,Shamela0010523,159,850,1305,365,98
839,0,257,ShamAY0034059,4969,793,1053,206,96
839,132,447,ShamAY0034059,4971,1112,1432,253,96
839,915,1652,Shia002380Vols,617,820,1396,338,49
839,0,394,Shia002380Vols,618,350,1194,316,46
839,0,447,JK001496,1792,402,1088,362,64
839,50,322,Zaydiyya0000328,625,1021,1293,223,100
839,0,322,Shamela0008473,3779,191,561,262,87
839,132,337,Shamela0008473,4780,794,992,162,96
839,447,1581,Shia002382Vols,1438,961,1654,392,40
839,0,279,Shia002382Vols,1439,969,1577,222,45
839,447,1652,Shia002382Vols,1963,405,1435,437,34
839,0,322,Shia002382Vols,1964,927,1254,261,97
839,272,447,Shamela0003055,111,488,649,110,78
839,0,132,Shamela0012884,4048,518,649,106,99
839,50,243,Shamela0012884,4049,934,1552,159,31
839,248,447,Shamela0012884,4050,1184,1448,133,62
839,0,248,Masaha002028Vols,1272,551,880,201,75
839,0,447,Shamela0023591,5576,408,855,363,99
839,0,447,Shamela0023591,5589,64,511,363,99
839,9,447,JK009266,7380,246,808,356,77
839,652,1018,JK000458,2727,464,1235,198,31
839,9,363,Shamela0021821,1475,333,707,264,85
839,50,311,JK000077,13,1220,1389,116,53
839,30,322,Shia002389Vols,2271,1190,1400,139,57
839,0,447,Rafed0000185Vols,692,777,1224,363,99
839,0,110,JK009362,6403,1510,1619,89,99
839,110,447,JK009362,6404,0,345,275,97
839,50,412,JK001420,665,843,1450,238,46
839,272,447,Shamela0007603,12,860,1021,110,78
839,132,447,JK009257,747,1019,1503,204,51
839,77,447,Zaydiyya0000074,111,0,216,108,36
839,0,132,JK006478,7361,1073,1407,107,39
839,132,337,JK006478,7362,623,825,162,96
839,110,394,Shamela0009789,322,1202,1561,164,56
839,441,1304,Tafsir08060,413,312,805,261,34
839,0,447,Rafed0003943Vols,1268,927,1374,363,99
839,50,467,Zaydiyya0000148,233,230,683,333,90
839,311,447,Zaydiyya0000148,267,483,624,106,92
839,50,329,Shamela0010273,2448,1010,1287,224,97
839,322,447,Shamela0010273,2450,40,165,101,99
839,23,337,Shamela0007798,7468,181,583,251,75
839,229,447,Shamela0007798,7471,497,1558,178,20
839,50,219,ShamAY0036039,106,1511,1679,139,99
839,455,840,Tafsir01006,1165,1201,1687,159,34
839,866,1596,Tafsir01006,1166,7,1108,402,39
839,329,447,Tafsir06048,903,800,1212,93,27
839,925,1309,Sham19Y0014404,1166,65,488,182,41
839,0,322,Sham19Y0014404,1168,471,1206,256,42
839,263,447,Sham19Y0014404,1169,69,294,150,81
839,110,279,Meshkat00057178,2952,1412,1598,127,83
839,263,447,Meshkat00057178,2953,1335,1606,150,67
839,50,441,Masaha000554Vols,4471,181,571,314,97
839,50,322,Zaydiyya0000299,274,789,1056,219,98
839,248,394,JK000447,650,1222,1430,88,53
839,0,447,QuranAnalysis001,182,208,655,364,100
839,980,1228,Tafsir08090,1379,926,1243,132,47
839,956,1246,Rafed0001713Vols,2049,1051,1529,179,43
839,0,148,Rafed0001713Vols,2051,1527,1674,120,99
839,148,447,Rafed0001713Vols,2052,0,299,243,99
839,50,322,Hindawi017506357,57,866,1239,219,71
839,132,322,Sham19Y0035312BK2,8,302,492,155,100
839,0,427,Tafsir04042,1783,428,1471,339,40
839,322,447,JK006950,2518,891,1016,102,100
839,263,412,Tafsir02094,3063,55,555,122,29
839,0,322,Shamela0000041,2029,913,1235,262,100
839,329,447,Shamela0000041,2031,0,118,96,100
839,0,447,Shamela0023578,2477,65,544,363,93
839,106,329,Shamela0023578,2478,992,1598,168,34
839,652,901,JK000876,1177,102,446,137,47
839,956,1228,JK000876,1177,1161,1578,181,52
840,1011,1305,ShamIbadiyya0000193,3205,466,849,135,40
840,1011,1305,Tafsir09050,3276,857,1253,142,44
840,518,1040,Meshkat00042485,5235,376,1006,272,47
840,824,1305,Shamela0021766,3487,661,1362,281,47
840,74,1259,JK009313,1817,773,1521,447,43
840,526,778,Tafsir04039,2854,633,1321,154,28
840,912,1133,JK000906,8452,663,1105,104,27
840,17,1157,JK000818,503,565,1550,427,36
840,44,1259,ShamIbadiyya0000075,724,787,1597,488,45
840,20,333,Shia002380Vols,617,1396,1569,110,42
840,343,1305,Shia002380Vols,618,0,552,396,50
840,20,1305,Shia002382Vols,1439,59,1172,564,43
840,20,290,Shia002382Vols,1963,1435,1617,99,40
840,308,1305,Shia002382Vols,1964,367,1514,389,30
840,855,1286,JK000458,2731,3,425,212,50
840,24,559,Tafsir08060,413,1128,1654,204,33
840,602,976,Shamela0010273,2447,719,1376,198,36
840,308,1305,Tafsir01006,1167,63,1362,532,44
840,123,602,Sham19Y0014404,1167,83,686,216,35
840,123,414,Rafed0001713Vols,2051,19,496,137,30
840,687,1286,Rafed0001713Vols,2052,707,1472,301,40
840,549,1259,Tafsir04042,1783,66,584,271,42
841,899,1497,ShamAY0037152,879,1095,1583,365,70
841,899,1623,Shia001432Vols,6574,149,726,466,79
841,1213,1506,Shamela0023632,2844,428,720,236,98
841,1131,1396,JK009268,3787,1425,1689,214,99
841,1396,1623,JK009268,3788,0,228,187,99
841,1213,1587,Sham19Y0023618,1349,853,1226,305,99
841,899,1409,Shamela0023628,2818,287,649,289,70
841,1048,1593,Rafed0003257Vols,4296,835,1457,403,80
841,1301,1623,Sham19Y0020891,4916,1229,1571,264,94
841,1131,1497,JK009270,3919,1030,1396,297,100
841,1131,1587,Meshkat0014420,3722,1031,1487,371,100
841,899,1623,ShamAY0036821,1589,548,1120,464,78
841,710,1166,Meshkat00042485,5240,990,1421,235,52
841,1207,1497,Sham19Y0147312,1611,0,290,237,100
841,899,1442,Shamela0004445,1638,1200,1594,321,72
841,1442,1623,Shamela0004445,1639,0,182,148,99
841,1231,1587,Shamela0037458,3337,840,1208,273,90
841,1297,1623,JK000791,1851,5,348,267,95
841,634,1166,Shamela0021766,3489,77,775,239,36
841,1392,1621,Shamela0023833,633,596,845,182,89
841,899,1396,Sham19Y0009800,772,1231,1579,278,69
841,1396,1623,Sham19Y0009800,773,0,228,187,99
841,899,1623,Sham19Y0023608,3116,895,1472,465,78
841,264,1239,ShamIbadiyya0000075,725,141,1077,457,43
841,1213,1525,Rafed0003726Vols,1158,1376,1693,239,91
841,795,1476,Shia002356Vols,944,1043,1628,376,61
841,1131,1623,Shamela0010523,161,159,652,401,99
841,1213,1497,ShamAY0034059,4975,1346,1632,230,98
841,1409,1623,ShamAY0034059,4979,738,954,176,99
841,49,1213,Shia002380Vols,618,504,1540,512,44
841,1316,1621,Shia002380Vols,619,745,1208,211,55
841,1301,1623,JK001496,1795,49,406,264,90
841,578,1131,Shia002382Vols,1440,0,373,241,48
841,70,1126,Shia002382Vols,1965,4,888,394,35
841,1392,1621,Masaha002028Vols,1274,44,293,182,89
841,899,1623,Shamela0023591,5576,771,1348,465,78
841,1109,1623,Shamela0023591,5599,369,926,418,91
841,899,1623,JK009266,7380,724,1301,469,79
841,461,1166,JK000458,2732,97,1228,317,30
841,899,1497,Rafed0000185Vols,692,1140,1589,361,74
841,899,1623,JK009362,6404,255,840,469,78
841,1287,1587,JK006478,7364,57,375,244,93
841,1409,1623,Rafed0003943Vols,1270,494,709,176,99
841,1131,1497,Shamela0010273,2450,1255,1620,296,99
841,754,1131,Shamela0010273,2450,298,745,126,27
841,114,1166,Tafsir01006,1168,80,1192,499,46
841,899,1623,QuranAnalysis001,182,571,1148,469,79
841,739,1231,Rafed0001713Vols,2054,23,560,268,49
841,899,1623,Shamela0023578,2477,460,1037,465,78
843,882,1540,Shia001432Vols,7246,578,1237,535,99
843,991,1320,Shamela0023632,2850,1136,1466,219,82
843,1055,1219,ShamAY0035131,57,897,1061,133,100
843,721,1540,JK009268,3788,284,1015,594,88
843,910,1610,Sham19Y0023618,1352,0,699,562,96
843,1055,1246,Zaydiyya0000144,185,1011,1199,135,85
843,1055,1320,Shamela0023628,2832,1229,1494,214,100
843,1320,1540,Shamela0023628,2833,1160,1380,178,99
843,882,1659,Rafed0003257Vols,4303,247,982,565,86
843,123,382,Tafsir09084,1936,245,614,168,54
843,1055,1219,Sham19Y0020891,4924,268,432,133,100
843,1055,1545,Hindawi094962085,71,282,794,398,95
843,890,1219,JK009270,3927,783,1110,269,99
843,1325,1540,JK009270,3932,0,215,174,99
843,882,1467,Sham19Y0150960,656,6,581,467,97
843,1166,1540,Meshkat0014420,3732,0,373,301,98
843,882,1366,Shia001626Vols,9,1034,1518,395,100
843,977,1366,Shia001626Vols,308,888,1402,312,74
843,743,1243,ShamAY0036821,1589,1184,1597,330,79
843,1243,1540,ShamAY0036821,1590,0,297,234,96
843,19,645,Meshkat00042485,5247,778,1408,226,31
843,1055,1513,JK000088,101,602,1060,373,100
843,882,1219,Sham19Y0147312,1612,145,480,276,99
843,1263,1537,Sham19Y0147312,1613,181,468,204,82
843,1055,1253,Shia001663Vols,54,884,1082,160,100
843,1219,1537,Shamela0004445,2506,127,445,259,100
843,1055,1467,ShamAY0035288,44,410,755,262,78
843,1141,1460,Zaydiyya0000062,1581,694,1014,259,98
843,1055,1537,Shamela0006947,20226,648,1130,392,100
843,1219,1537,Shamela0010517,120,782,1101,259,99
843,1320,1537,Shamela0010517,2824,593,811,178,99
843,861,1320,Shamela0037458,3345,847,1375,260,57
843,1219,1513,Shamela0036081,7,1314,1608,240,100
843,1055,1537,Shamela0021512,128,178,660,392,100
843,882,1562,JK000791,1854,866,1582,551,94
843,721,882,Shamela0021766,3492,1263,1502,121,63
843,1055,1537,JK000365,791,970,1452,392,100
843,1069,1219,JK000365,1065,4,154,122,100
843,1055,1467,JK000365,1610,964,1296,266,79
843,861,1482,Shamela0001524,2230,469,1085,487,96
843,882,1178,Sham19Y0009800,238,1245,1540,242,99
843,1178,1537,Sham19Y0009800,239,0,359,293,100
843,882,1551,Sham19Y0009800,1243,543,1210,541,99
843,1055,1219,JK009313,4545,1280,1444,133,100
843,1055,1233,JK007018,591,1277,1470,144,92
843,1111,1551,JK007018,592,262,822,310,68
843,1055,1233,JK009396,1217,1304,1494,144,93
843,1111,1551,JK009396,1218,506,1280,348,55
843,1219,1537,Sham19Y0023608,3137,649,967,259,100
843,1055,1467,Shia002333,94,27,430,189,41
843,1135,1467,JK000917,1278,950,1392,268,73
843,30,451,JK000818,505,41,358,177,44
843,1055,1219,Shia003757,21,1284,1448,133,100
843,19,971,ShamIbadiyya0000075,726,552,1185,345,36
843,1320,1537,Shamela0021537,329,1256,1473,178,100
843,1308,1562,Shamela0021537,1813,783,1126,202,72
843,1055,1219,Shamela0004473,1049,1407,1571,133,100
843,1320,1537,Shamela0004473,2271,932,1149,178,100
843,1286,1537,Shamela0004473,5317,1201,1448,186,92
843,1055,1219,Shia000715,11,318,484,133,98
843,1219,1551,JK000961,120,81,423,266,95
843,810,1291,Shia002356Vols,946,1103,1625,366,85
843,1291,1664,Shia002356Vols,947,0,606,257,52
843,721,1141,Shamela0010523,161,708,1040,271,78
843,1141,1540,Shamela0010523,163,566,965,323,99
843,19,563,Shia002380Vols,619,999,1552,219,36
843,1055,1233,JK001496,1799,96,286,144,92
843,123,355,Shamela0008473,3788,958,1290,146,52
843,1256,1537,Shamela0008473,3803,0,281,230,100
843,19,416,Shia002382Vols,1453,1193,1556,158,36
843,1055,1320,Shia002382Vols,1984,864,1133,212,97
843,977,1366,ShamAY0035884,3661,118,630,312,75
843,1055,1537,Shamela0003055,122,315,658,258,63
843,977,1366,Shamela0012884,4064,852,1393,308,70
843,996,1540,Shamela0023591,5577,0,544,441,99
843,882,1540,Shamela0023591,5605,862,1520,535,99
843,890,1540,JK009266,7390,620,1266,527,99
843,1058,1213,Shia001331,33,384,539,126,100
843,1219,1537,ShamIbadiyya0000258,5,899,1217,258,99
843,882,1467,Zaydiyya0000063,216,205,775,460,95
843,1055,1233,Shamela0021821,1482,597,788,144,93
843,1335,1551,Shamela0021821,1483,0,229,171,91
843,1219,1537,Sham19Y0013637,2,385,703,259,100
843,743,1540,JK009362,6404,904,1629,581,87
843,1055,1219,Shamela0010463,76,856,1020,133,100
843,721,1320,Rafed0003943Vols,1270,765,1577,415,56
843,1320,1537,Rafed0003943Vols,1271,441,658,178,100
843,19,192,Shamela0010273,2453,987,1178,121,68
843,355,882,Shamela0010273,2454,875,1459,160,24
843,1055,1219,Shamela0010273,2456,1374,1538,133,100
843,1233,1537,Shamela0010273,2458,522,1017,247,61
843,1320,1537,Sham19Y0014328,281,1133,1350,178,100
843,30,593,Tafsir01006,1170,6,492,192,31
843,1135,1467,Shamela0012293,1779,0,331,270,99
843,1055,1219,Masaha000554Vols,3063,1421,1586,133,99
843,1055,1219,Sham19Y0014313,932,340,503,133,99
843,721,1208,QuranAnalysis001,182,1204,1602,326,81
843,1208,1540,QuranAnalysis001,183,0,332,268,99
843,743,1551,Rafed0001713Vols,2059,0,918,630,83
843,1320,1540,Hindawi017506357,149,642,859,178,98
843,1219,1537,JK000122,80,596,914,258,99
843,1017,1219,Tafsir04056,7137,775,1009,164,86
843,1049,1320,Shamela0023578,2491,0,271,219,100
843,19,231,JK000876,1182,1037,1329,139,54
844,1419,1578,JK011730,1405,825,970,108,77
844,482,1254,JK000818,505,877,1428,254,37
844,571,1472,Shia002380Vols,621,0,684,294,34
844,482,1266,Shia002382Vols,1458,757,1525,290,34
844,937,1315,Shamela0010273,2458,193,815,201,38
844,691,1241,Tafsir01006,1171,884,1580,265,40
844,24,625,Tafsir01006,1171,358,665,164,30
844,767,956,Shamela0000041,2046,1218,1606,100,32
844,691,1142,JK000876,1184,995,1556,236,44
845,986,1607,Shia001432Vols,7246,1164,1679,425,81
845,986,1631,JK009268,3788,942,1481,447,82
845,601,793,Shia003710,36,444,646,143,86
845,1075,1416,Sham19Y0020891,4932,11,657,252,41
845,986,1631,ShamAY0036821,1590,224,738,417,77
845,1163,1532,Sham19Y0147312,1614,205,574,315,100
845,586,793,Shia002756,14,1238,1486,143,71
845,601,793,Zaydiyya0000091,10,313,521,143,84
845,986,1631,Shamela0010523,163,892,1431,447,82
845,1156,1532,ShamAY0034059,5007,228,606,319,98
845,986,1631,Shamela0023591,5577,471,1010,447,82
845,986,1532,JK009266,7390,1193,1632,367,79
845,586,793,Shia003704,193,533,745,145,82
845,1195,1631,JK009362,6405,0,442,367,98
845,1120,1532,JK001110,91,389,788,328,94
845,1163,1551,Rafed0003943Vols,1271,981,1364,321,96
845,627,793,Shia004525,502,0,171,122,84
845,986,1631,QuranAnalysis001,183,259,798,447,82
845,1398,1631,Shamela0023578,2500,0,234,187,99
846,30,397,Shamela0008381,4307,0,367,293,100
846,155,400,ShamAY0037152,922,403,650,193,97
846,144,322,ShamAY0037152,923,1205,1445,139,72
846,0,397,Shia001432Vols,7247,25,422,317,99
846,144,429,Shamela0023632,2860,282,567,214,93
846,0,397,Tafsir09085,584,208,590,197,59
846,0,208,JK009268,3788,1481,1688,165,99
846,208,397,JK009268,3789,0,189,152,100
846,144,322,Sham19Y0023618,1356,1088,1278,141,93
846,144,429,Shamela0023628,2842,800,1085,214,93
846,0,400,Rafed0003257Vols,4317,697,1100,317,98
846,0,309,LMN20251118,177,953,1272,244,95
846,128,315,Sham19Y0020891,4944,299,493,145,94
846,25,374,Tafsir09068,943,178,1033,272,39
846,0,322,JK009270,3938,692,1016,257,99
846,0,397,Meshkat0014420,3737,155,552,317,100
846,0,397,Shia001626Vols,23,271,656,308,96
846,0,429,ShamAY0036821,1590,738,1163,325,94
846,57,374,Shamela0012851,416,19,824,233,36
846,0,315,Sham19Y0147312,1614,1153,1468,252,100
846,0,241,Shamela0004445,1716,409,650,191,100
846,128,315,Sham19Y0013550,452,1191,1378,141,95
846,0,309,Zaydiyya0000062,1585,378,689,245,98
846,1414,1608,Shamela0006947,20204,463,616,98,57
846,144,322,Shamela0006947,20205,428,622,141,91
846,0,241,Shamela0037458,3358,1157,1398,191,100
846,241,429,Shamela0037458,3364,1082,1270,139,90
846,132,397,JK000791,1862,1191,1456,206,98
846,25,397,Sham19Y0009800,799,408,924,295,71
846,0,397,Sham19Y0009800,1234,895,1292,317,100
846,842,1042,JK000906,8526,327,862,148,34
846,241,397,JK009396,1225,836,992,126,100
846,0,293,Sham19Y0023608,3142,1235,1527,234,99
846,144,397,Shia002356Vols,952,996,1247,198,98
846,0,194,Shamela0010523,163,1431,1624,154,99
846,194,397,Shamela0010523,164,0,203,163,100
846,0,315,ShamAY0034059,5015,1012,1331,251,98
846,366,1125,Shia002380Vols,622,744,1639,344,38
846,57,315,Shia002380Vols,623,1109,1446,202,75
846,128,322,JK001496,1807,689,894,142,85
846,241,397,Shamela0008473,3825,1226,1382,126,100
846,497,1388,Shia002382Vols,1462,548,1602,342,33
846,1410,1605,Shia002382Vols,1463,179,331,111,69
846,144,345,Shia002382Vols,1465,632,957,159,61
846,25,397,Shia002382Vols,1992,579,1022,210,55
846,0,397,Shamela0012884,4080,741,1139,317,99
846,0,429,Shamela0023591,5577,1010,1439,330,95
846,0,189,Shamela0023591,5615,1419,1607,150,99
846,189,429,Shamela0023591,5616,0,240,180,92
846,0,185,JK009266,7405,1322,1506,147,99
846,185,397,JK009266,7406,0,212,170,100
846,0,241,Shamela0021821,1488,86,327,191,100
846,144,397,Shamela0021821,1490,29,717,198,36
846,144,360,Rafed0000185Vols,661,393,609,147,86
846,144,429,Rafed0000185Vols,667,931,1216,214,93
846,1052,1591,Tafsir10066,1403,1247,1593,145,28
846,0,429,JK009362,6405,442,877,329,94
846,128,315,Shia001625,30,112,309,140,90
846,144,315,Shia001625,69,1151,1322,136,100
846,197,397,JK006478,7376,675,1116,133,35
846,0,409,Hindawi037420520,436,1041,1293,179,54
846,123,397,Rafed0003943Vols,1275,567,1018,214,59
846,0,315,Shamela0010273,2465,167,482,252,100
846,1410,1608,Shamela0010273,2465,497,793,108,38
846,151,397,Tafsir06048,910,1012,1389,169,56
846,132,397,Sham19Y0014404,1178,157,897,205,34
846,241,397,Meshkat00057178,2967,673,1213,124,28
846,0,429,QuranAnalysis001,183,798,1227,330,95
846,0,241,SyriacStudies00001,34,181,422,191,99
846,0,397,Rafed0001713Vols,2067,615,1012,317,100
846,144,315,Tafsir04056,2095,111,282,136,100
846,128,315,Tafsir04056,2314,795,992,140,90
846,144,315,Tafsir04056,2354,1322,1493,136,100
846,1345,1623,Shamela0000041,2052,1023,1264,120,53
846,0,241,Shamela0023578,2500,234,475,191,100
846,241,429,Shamela0023578,2506,1144,1332,139,90
847,705,1431,Meshkat00042485,5265,592,1275,320,43
847,856,1436,Zaydiyya0000062,1589,242,1233,186,18
847,612,1206,Shamela0021766,3535,424,1384,247,27
847,315,1517,JK000818,507,150,1009,353,32
847,135,981,ShamIbadiyya0000075,728,787,1462,301,38
847,1229,1450,Tafsir02102,3283,454,689,71,25
847,705,1399,Shia002382Vols,1992,659,1330,274,36
847,953,1436,JK000458,2745,148,760,205,35
847,705,1431,Tafsir01006,1175,15,690,319,43
847,663,1229,Sham19Y0014404,1178,35,845,178,21
847,705,1287,Rafed0001713Vols,2071,272,1522,283,26
848,501,830,ShamAY0037152,685,612,1082,266,69
848,574,830,ShamAY0037152,954,0,257,208,99
848,501,1131,Shia001432Vols,7247,439,1069,503,99
848,0,183,Shia001432Vols,21109,727,910,151,100
848,501,830,Shia001432Vols,32421,779,1108,267,100
848,0,183,Shamela0023632,2860,535,718,151,100
848,183,515,Shamela0023632,2863,203,548,269,95
848,501,830,Shamela0023632,2865,442,771,267,100
848,830,1111,Shamela0023632,2868,83,364,221,100
848,501,830,Shia000812Vols,231,52,381,267,100
848,0,584,JK009268,3803,1045,1628,479,99
848,584,1131,JK009268,3804,0,547,437,100
848,0,183,Sham19Y0023618,1357,414,597,151,100
848,183,519,Sham19Y0023618,1358,278,626,272,95
848,599,830,Sham19Y0023618,1359,0,231,188,100
848,736,1002,Sham19Y0023618,1360,61,449,182,59
848,0,197,Shamela0023628,2842,1053,1253,157,96
848,163,711,Shamela0023628,2845,1016,1620,445,89
848,711,830,Shamela0023628,2846,0,119,96,100
848,763,1111,Shamela0023628,2849,315,739,262,78
848,0,183,Rafed0003257Vols,4325,338,521,151,100
848,183,375,Rafed0003257Vols,4326,1298,1490,158,100
848,481,985,Rafed0003257Vols,4328,1040,1594,407,90
848,985,1111,Rafed0003257Vols,4329,0,126,98,100
848,501,830,Sham19Y0020891,4958,155,484,267,100
848,830,1002,Sham19Y0020891,4964,650,822,137,100
848,8,269,JK009270,3944,76,335,212,98
848,264,799,JK009270,3950,1073,1603,430,98
848,830,1111,JK009270,3957,623,904,221,100
848,369,1067,Sham19Y0150960,656,1056,1674,467,81
848,147,375,Meshkat0014420,3744,0,227,187,99
848,443,830,Meshkat0014420,3747,0,386,315,99
848,830,1131,Meshkat0014420,3751,1075,1375,237,99
848,788,1002,JK006476,1396,75,268,130,72
848,501,1111,Shia001626Vols,10,72,682,488,100
848,843,1067,Shamela0012851,422,1176,1515,160,60
848,0,375,Sham19Y0147312,1616,504,877,309,99
848,447,830,Sham19Y0147312,1617,769,1221,288,78
848,878,1002,Sham19Y0147312,1619,0,124,99,100
848,481,1105,Zaydiyya0000062,1593,889,1564,497,91
848,183,375,Shamela0006947,15321,125,317,158,100
848,830,1002,Shamela0006947,20228,10,182,137,100
848,62,383,Shamela0037458,3368,485,801,258,97
848,395,830,Shamela0037458,3374,493,1029,313,68
848,830,1111,Shamela0037458,3381,49,330,221,100
848,0,191,JK000791,1863,1182,1384,157,94
848,140,383,JK000791,1865,148,460,176,69
848,501,1119,JK000791,1866,851,1480,494,98
848,501,830,JK000365,873,494,769,215,81
848,501,830,Shamela0000922,1007,258,587,267,100
848,843,1002,Shamela0000922,1008,0,159,127,100
848,0,183,ShamAY0034230,4976,842,1025,151,100
848,830,1119,Sham19Y0009800,1240,774,1063,223,98
848,501,788,Sham19Y0009800,1241,814,1101,233,100
848,0,197,JK007018,596,768,980,159,91
848,882,1002,JK007018,599,0,121,96,99
848,0,183,JK009396,1226,46,229,151,100
848,172,389,JK009396,1226,1403,1631,165,89
848,501,739,JK009396,1228,1352,1589,193,99
848,652,1002,JK009396,1230,1052,1312,175,60
848,854,1111,JK009396,1231,615,1189,154,34
848,0,183,Sham19Y0023608,3147,1322,1505,151,100
848,183,375,Sham19Y0023608,3149,210,402,158,100
848,501,830,Sham19Y0023608,3151,599,928,267,100
848,830,1002,Sham19Y0023608,3153,63,235,137,100
848,501,763,JK000917,1292,1333,1594,212,99
848,830,1002,JK000917,1303,918,1090,137,100
848,652,830,JK000381,6712,190,368,144,100
848,0,183,ShamIbadiyya0000441,183,1307,1490,151,100
848,501,830,Meshkat00042488,1378,733,1062,267,100
848,808,1002,Meshkat00042488,1380,187,438,155,77
848,309,951,ShamIbadiyya0000075,730,269,1253,518,64
848,0,183,Shamela0021537,768,1391,1574,151,100
848,0,183,Shamela0021537,4262,1412,1595,151,100
848,0,183,Shamela0004473,16608,1343,1526,151,100
848,501,788,JK000961,129,848,1135,233,100
848,8,395,Shia002356Vols,953,1006,1386,299,93
848,343,830,Shia002356Vols,955,449,956,380,90
848,711,1131,Shia002356Vols,956,609,1135,298,70
848,0,215,Shamela0010523,165,1294,1508,177,99
848,215,848,Shamela0010523,166,0,633,516,100
848,745,1131,Shamela0010523,167,910,1322,263,78
848,183,375,Shamela0009918,1808,620,812,158,100
848,147,495,Shia002380Vols,625,0,694,272,47
848,867,1111,Shia002380Vols,626,53,488,192,56
848,501,830,Sham19Y0014827,569,69,397,267,99
848,830,1002,Sham19Y0014827,570,132,304,137,100
848,489,830,JK001496,1813,957,1323,274,91
848,720,1002,JK001496,1816,108,430,164,62
848,0,183,Shamela0008473,3830,1035,1218,151,100
848,183,375,Shamela0008473,3834,756,948,158,100
848,495,830,Shamela0008473,3839,103,439,271,99
848,788,980,Shamela0008473,3843,1257,1448,153,99
848,867,1111,Shia002382Vols,1470,445,953,192,48
848,481,830,Shia002382Vols,1995,954,1288,260,92
848,882,1002,ShamAY0035249,12,0,120,96,100
848,830,1002,ShamAY0035249,18,1181,1353,137,100
848,183,375,Shamela0012884,4094,537,729,158,100
848,501,830,Shamela0012884,4098,335,663,266,99
848,0,264,Shamela0023591,5577,1407,1670,218,99
848,264,1131,Shamela0023591,5578,0,867,698,100
848,0,375,Shamela0023591,5616,208,583,309,100
848,375,659,Shamela0023591,5625,1322,1605,232,99
848,659,1111,Shamela0023591,5626,0,452,359,100
848,8,395,JK009266,7411,478,866,313,97
848,579,1131,JK009266,7415,0,556,437,98
848,375,905,Zaydiyya0000063,216,1249,1692,353,81
848,8,183,Shamela0021821,1491,538,713,145,100
848,134,375,Shamela0021821,1492,618,925,182,71
848,481,910,Shamela0021821,1493,1090,1541,345,94
848,910,1180,Shamela0021821,1494,0,264,175,79
848,830,1002,Hindawi030353837,449,592,764,137,100
848,0,375,Rafed0000185Vols,667,1184,1559,309,100
848,0,813,JK009362,6405,845,1672,664,96
848,813,1131,JK009362,6406,0,324,251,97
848,0,197,JK001110,91,794,997,159,95
848,426,808,JK001420,668,429,968,310,70
848,501,838,Zaydiyya0000274,502,1158,1494,268,98
848,736,1111,Zaydiyya0000274,505,945,1416,252,68
848,0,177,Zaydiyya0000074,16,654,830,146,99
848,481,830,JK006478,7384,923,1313,280,87
848,222,1131,Rafed0003943Vols,1277,0,909,733,100
848,183,375,Zaydiyya0000148,500,592,783,158,99
848,0,197,Shamela0010273,2470,859,1075,159,89
848,183,375,Shamela0010273,2474,494,686,158,100
848,830,1002,Shamela0010273,2481,514,686,137,100
848,0,191,Shamela0007798,7515,524,739,157,88
848,163,375,Shamela0007798,7516,1217,1472,174,83
848,375,830,Shamela0007798,7519,92,596,354,86
848,736,1002,Shamela0007798,7524,294,1060,207,33
848,183,375,ShamAY0036039,49,969,1161,158,100
848,891,1067,Tafsir06048,915,0,253,120,61
848,27,183,Shamela0012226,130,80,236,129,100
848,501,830,Sham19Y0014404,1181,247,589,267,95
848,763,1002,Sham19Y0014404,1182,1212,1496,176,76
848,910,1111,Sham19Y0014404,1183,555,877,154,61
848,501,830,Meshkat00057178,2971,225,553,267,99
848,754,1002,Meshkat00057178,2973,53,449,186,58
848,813,1111,Meshkat00057178,2974,1013,1487,197,53
848,509,824,Masaha000554Vols,4552,1026,1332,245,96
848,830,996,Masaha000554Vols,4558,69,236,131,97
848,0,473,QuranAnalysis001,183,1195,1667,388,99
848,473,1131,QuranAnalysis001,184,0,658,528,100
848,0,191,Rafed0001713Vols,2072,1161,1354,152,95
848,134,378,Rafed0001713Vols,2074,1250,1580,185,68
848,375,1131,Rafed0001713Vols,2076,600,1390,603,95
848,183,375,Hindawi017506357,76,1294,1486,158,100
848,501,830,JK000122,431,756,1085,267,100
848,501,830,JK000122,514,98,427,267,100
848,652,830,JK001414,1047,312,490,144,100
848,652,830,JK006950,1015,267,445,144,100
848,43,183,Shamela0000041,2057,947,1087,116,100
848,90,519,Shamela0000041,2058,340,1095,340,55
848,595,830,Shamela0000041,2060,0,235,191,100
848,763,985,Shamela0000041,2061,1271,1508,167,87
848,835,1111,Shamela0000041,2063,787,1245,177,49
848,0,278,Shamela0023578,2506,1300,1577,230,99
848,278,1131,Shamela0023578,2507,0,853,686,100
849,1101,1588,Shia002380Vols,625,526,940,201,38
849,1101,1499,Shia002382Vols,1467,1350,1549,137,39
849,636,1499,Shia002382Vols,1995,262,717,239,32
850,466,671,Meshkat00042485,5279,562,819,139,66
850,466,986,Tafsir01006,1178,365,990,208,38
851,6,565,Meshkat00042485,5283,844,1254,172,36
851,6,565,Shamela0021766,3554,10,492,153,29
851,6,522,Sham19Y0023608,3153,1123,1462,159,33
851,41,555,ShamAY0034059,5058,1178,1580,124,24
851,6,307,Shia002380Vols,626,109,333,116,46
851,6,250,Shamela0008473,3845,391,676,136,51
851,6,307,Shia002382Vols,1470,501,725,116,46
851,6,307,Shia002382Vols,1998,286,510,116,46
851,6,565,Tafsir01006,1179,53,470,175,37
851,1024,1441,Tafsir01006,1179,1043,1340,183,52
851,11,503,Rafed0001713Vols,2080,113,525,150,30
852,94,458,ShamAY0037152,925,1046,1253,160,54
852,303,458,ShamAY0037152,926,1042,1197,124,99
852,0,721,Shia001432Vols,5429,126,600,348,58
852,691,1092,Shia001432Vols,5431,1041,1422,186,48
852,0,351,Shia001432Vols,7247,1159,1509,282,99
852,94,499,Shia001432Vols,32517,1289,1541,183,56
852,254,458,Shamela0023632,2874,1130,1334,163,100
852,461,691,Shamela0023632,2876,0,230,191,100
852,303,458,Shamela0000894,5930,987,1142,125,100
852,0,699,JK009268,3804,637,1336,568,100
852,0,458,Sham19Y0023618,1361,675,1132,366,99
852,458,699,Sham19Y0023618,1363,75,316,199,100
852,254,538,Shamela0023628,2855,157,441,228,100
852,0,442,Rafed0003257Vols,4331,1114,1554,354,99
852,425,691,Rafed0003257Vols,4336,914,1191,196,85
852,254,458,Sham19Y0016946,588,450,654,163,100
852,0,458,Hindawi094962085,71,896,1354,369,100
852,327,535,JK009270,3969,0,206,168,99
852,254,458,Shamela0005756,11887,888,1092,161,99
852,0,535,Sham19Y0150960,657,139,598,350,80
852,51,458,Meshkat0014420,3752,0,407,327,100
852,458,699,Meshkat0014420,3759,755,994,198,98
852,0,535,Shia001626Vols,270,450,984,431,99
852,0,458,Sham19Y0147312,1620,348,806,369,100
852,458,691,Sham19Y0147312,1622,281,513,193,99
852,65,303,Shamela0004445,1721,0,238,190,100
852,254,452,Sham19Y0018176,1817,1313,1510,158,99
852,154,297,Zaydiyya0000062,1599,0,144,112,98
852,254,705,Zaydiyya0000062,1601,353,1057,352,61
852,303,458,Shamela0010517,2117,195,350,125,100
852,254,461,Shamela0037458,3394,441,648,165,100
852,458,694,Shamela0037458,3395,1328,1564,193,99
852,254,458,JK000110,1314,1202,1406,163,100
852,183,458,JK000791,1872,947,1220,189,80
852,418,691,JK000791,1873,683,995,220,86
852,0,466,Sham19Y0009800,801,312,794,368,95
852,0,306,JK007018,600,319,622,238,97
852,303,461,JK007018,601,399,558,125,98
852,188,461,Tafsir04039,2877,94,892,189,29
852,254,458,Sham19Y0018103,3003,388,592,163,100
852,0,303,JK009396,1232,784,1087,244,100
852,297,458,JK009396,1234,468,629,128,98
852,0,303,Sham19Y0023608,3155,801,1103,241,99
852,303,458,Sham19Y0023608,3159,1163,1318,125,100
852,1100,1517,Shamela0021715,7403,267,852,161,26
852,254,458,Shamela0021715,7414,364,568,163,100
852,248,458,JK000917,1314,807,1368,164,36
852,254,438,JK000465,3193,827,1224,117,35
852,1150,1552,Meshkat00042488,1382,850,1148,119,31
852,227,458,Meshkat00042488,1383,306,710,179,55
852,0,286,Shia002356Vols,956,1224,1513,227,96
852,162,691,Shia002356Vols,959,712,1375,379,68
852,123,699,Shamela0010523,168,0,576,466,100
852,0,485,ShamAY0034059,5073,687,1169,363,90
852,458,691,ShamAY0034059,5105,433,669,193,98
852,1315,1451,Shamela0009918,1706,831,983,107,87
852,691,1227,Shia002380Vols,626,1070,1415,213,44
852,162,505,Shia002380Vols,627,233,1043,269,41
852,254,458,PV2024060602,1314,1202,1406,163,100
852,303,442,Sham19Y0014827,574,629,768,113,100
852,254,458,JK001496,1821,623,1040,162,48
852,0,303,Shamela0008473,3849,932,1235,244,100
852,227,458,Shamela0008473,3856,657,1014,184,64
852,303,538,Shamela0008473,3857,82,724,186,35
852,131,303,Shamela0012884,4111,0,168,133,97
852,0,591,Shamela0023591,5578,957,1546,475,99
852,86,694,Shamela0023591,5637,0,607,488,99
852,0,544,JK009266,7427,933,1474,438,99
852,0,458,ShamIbadiyya0000258,6,89,472,305,83
852,0,511,Shamela0021821,1496,934,1428,384,93
852,254,418,Sham19Y0018106,3142,1336,1499,132,99
852,0,699,JK009362,6406,414,1125,564,97
852,162,458,Zaydiyya0000274,510,0,296,235,100
852,257,410,JK009257,753,685,954,107,46
852,227,458,JK006478,7392,54,426,180,60
852,162,583,Tafsir08060,420,91,964,270,37
852,0,458,Rafed0003943Vols,1277,999,1456,366,99
852,458,699,Rafed0003943Vols,1278,1347,1588,199,100
852,0,801,Shamela0010273,2485,75,532,310,45
852,331,458,Shamela0007798,7547,0,127,103,100
852,197,535,Tafsir06048,916,212,927,269,46
852,114,699,Tafsir09065,439,194,1049,348,50
852,254,458,Sham19Y0013605,3607,998,1202,163,100
852,162,458,Sham19Y0014404,1186,934,1468,231,54
852,227,461,Meshkat00057178,2977,195,476,186,83
852,0,297,Masaha000554Vols,4565,600,894,231,96
852,0,699,QuranAnalysis001,184,748,1447,568,100
852,0,303,Rafed0001713Vols,2081,1223,1525,241,99
852,303,458,JK000122,1117,439,594,125,100
852,317,535,Shamela0000041,2069,525,743,177,100
852,0,505,Shamela0023578,2507,943,1470,381,89
852,254,699,Shamela0023578,2520,604,1332,355,59
853,35,1005,Shia001432Vols,5432,360,1440,454,42
853,326,576,Shia001432Vols,7247,1394,1509,92,46
853,521,836,Tafsir03095,1045,726,1086,133,35
853,326,943,JK009268,3804,872,1128,202,41
853,326,894,Sham19Y0023618,1361,909,1132,178,39
853,345,638,Shamela0023628,2855,438,937,187,45
853,326,612,Rafed0003257Vols,4331,1348,1500,122,53
853,345,612,Tafsir09083,1183,998,1339,127,39
853,345,604,Sham19Y0020891,4974,1216,1476,109,35
853,326,894,Hindawi094962085,71,1131,1354,178,39
853,367,836,Shamela0023624,1200,205,769,170,31
853,326,894,Meshkat0014420,3752,184,407,178,39
853,326,943,Shia001626Vols,270,685,940,201,40
853,86,814,Meshkat00042485,5292,0,1185,320,31
853,1187,1441,Meshkat00042485,5296,979,1236,155,70
853,326,894,Sham19Y0147312,1620,583,806,178,39
853,521,943,Shamela0022769,1260,104,913,174,23
853,326,918,Sham19Y0009800,801,546,794,187,39
853,345,810,Shamela0021715,7414,676,1124,199,42
853,749,1247,JK000818,510,26,531,231,50
853,521,1378,ShamIbadiyya0000075,732,451,1088,365,48
853,345,937,Shia002356Vols,959,917,1172,186,39
853,326,943,Shamela0010523,168,112,368,202,41
853,326,894,ShamAY0034059,5073,927,1156,172,37
853,35,991,Shia002380Vols,627,10,1059,394,36
853,345,902,JK001496,1821,699,1061,168,29
853,521,1005,Shia002382Vols,1473,468,918,220,43
853,35,424,Shia002382Vols,2000,205,474,171,52
853,521,1005,Shia002382Vols,2001,979,1429,221,43
853,299,943,ShamIbadiyya0000050,4878,43,1135,267,28
853,326,943,Shamela0023591,5578,1191,1447,202,41
853,326,943,Shamela0023591,5637,148,404,202,41
853,326,943,JK009266,7427,1168,1424,202,41
853,749,927,JK000458,2755,1283,1559,117,53
853,345,612,JK000458,2755,422,759,136,44
853,326,894,Shamela0021821,1496,1169,1392,178,39
853,326,943,JK009362,6406,656,918,202,40
853,326,894,Zaydiyya0000274,510,73,296,178,39
853,326,1332,Tafsir08060,420,360,1181,319,32
853,326,894,Rafed0003943Vols,1277,1233,1456,178,39
853,35,345,Tafsir01006,1180,1172,1561,136,45
853,345,1034,Tafsir01006,1181,92,989,358,46
853,45,612,Tafsir09065,439,231,556,199,42
853,86,894,Sham19Y0014404,1186,934,1468,275,36
853,521,1005,Sham19Y0014404,1187,54,849,256,34
853,521,943,JK000447,660,899,1226,143,34
853,326,943,QuranAnalysis001,184,983,1239,202,41
853,86,612,Rafed0001713Vols,2083,385,1099,237,40
853,1187,1338,Rafed0001713Vols,2088,74,217,106,84
853,428,927,Tafsir04042,1802,342,754,179,37
853,326,792,Shamela0000041,2069,212,1034,143,17
853,326,894,Shamela0023578,2507,1177,1400,178,39
853,345,792,JK000876,1196,924,1322,168,36
854,419,662,Shamela0008381,453,76,319,200,100
854,419,662,Shamela0008381,1126,851,1094,200,100
854,419,662,Shia001432Vols,2322,860,1108,200,97
854,419,670,Shia001432Vols,21885,68,320,206,99
854,342,662,Shamela0023632,2880,768,1088,261,99
854,261,670,JK009268,3805,0,409,333,100
854,141,531,Sham19Y0023618,1364,1153,1542,315,99
854,531,670,Sham19Y0023618,1365,0,139,116,100
854,354,662,JK000382,309,175,469,215,85
854,280,617,Shamela0023628,2858,0,337,273,99
854,364,670,Shamela0023628,2860,954,1564,247,49
854,52,348,Rafed0003257Vols,4339,0,296,238,98
854,330,627,Rafed0003257Vols,4341,1384,1680,233,94
854,237,662,Sham19Y0020966,285,204,726,229,50
854,28,342,JK009270,3973,700,1014,257,100
854,397,670,JK009270,3977,0,269,222,98
854,247,662,Meshkat0014420,3764,67,481,339,99
854,1005,1256,Meshkat00042485,5297,1320,1567,131,53
854,141,543,Shamela0012851,427,839,1611,293,46
854,129,419,Sham19Y0147312,1623,0,290,236,100
854,342,670,Zaydiyya0000062,1606,280,610,264,95
854,11,342,Shamela0037458,3404,606,937,265,97
854,348,670,Shamela0037458,3409,0,322,263,100
854,20,342,JK000791,1874,1142,1464,263,100
854,220,662,JK000791,1875,700,1225,320,74
854,20,342,JK007018,602,551,873,263,100
854,287,665,JK007018,603,106,565,283,76
854,20,342,JK009396,1236,1140,1462,263,100
854,372,662,JK009396,1238,0,290,238,100
854,20,342,Sham19Y0023608,3162,903,1225,263,100
854,342,662,Sham19Y0023608,3165,191,511,261,99
854,670,1328,JK000818,510,744,1313,264,42
854,348,617,Meshkat00042488,1386,530,1455,220,29
854,255,656,ShamIbadiyya0000075,733,0,728,327,55
854,287,670,Shia002356Vols,962,32,415,276,87
854,287,455,ShamAY0034059,5115,206,376,134,98
854,419,601,ShamAY0034059,5116,1020,1202,149,100
854,197,521,Shia002380Vols,628,1080,1596,247,58
854,342,496,JK001496,1826,925,1500,124,26
854,20,342,Shamela0008473,3884,824,1146,263,100
854,255,662,Shamela0008473,3886,545,1131,330,68
854,255,662,Shia002382Vols,1477,230,1030,327,50
854,348,662,Shia002382Vols,2006,0,329,255,94
854,419,662,JK009265,359,628,871,200,100
854,995,1256,ShamIbadiyya0000050,4891,565,1275,119,19
854,413,585,Tafsir05047,714,1228,1616,139,43
854,335,643,Shamela0012884,4136,1088,1535,246,66
854,20,670,Shamela0023591,5579,100,750,530,99
854,20,670,Shamela0023591,5643,839,1489,530,99
854,28,670,JK009266,7428,153,803,522,97
854,28,342,Shamela0021821,1501,84,398,257,100
854,342,662,Shamela0021821,1502,7,327,262,100
854,20,467,JK009362,6406,1118,1570,363,97
854,467,670,JK009362,6407,0,202,167,98
854,82,670,Rafed0003943Vols,1279,0,588,479,99
854,342,662,Shamela0010273,2496,367,687,261,99
854,342,472,Shamela0007798,7556,1147,1560,105,31
854,670,1360,Tafsir01006,1182,310,1004,278,34
854,422,676,Shamela0012293,4923,0,254,202,95
854,299,521,Tafsir06048,918,1163,1568,171,52
854,20,342,Hindawi020604026,335,122,444,263,100
854,342,563,Meshkat00057178,2981,894,1538,156,28
854,342,656,Masaha000554Vols,4586,1114,1435,252,94
854,145,670,QuranAnalysis001,185,0,525,429,100
854,20,342,Rafed0001713Vols,2088,570,892,263,100
854,1005,1146,Rafed0001713Vols,2089,200,370,92,59
854,287,662,Rafed0001713Vols,2090,124,532,284,83
854,382,662,Tafsir04042,1809,476,1176,226,39
854,58,555,Shamela0000041,2073,851,1510,390,72
854,220,670,Shamela0000041,2074,226,994,363,57
854,237,665,Shamela0023578,2521,0,428,346,99
854,247,592,Shamela0023578,2525,790,1342,279,62
855,567,940,Shamela0008381,453,76,300,184,60
855,567,940,Shamela0008381,1126,851,1075,184,60
855,567,940,Shia001432Vols,2322,860,1089,184,59
855,567,1137,Shia001432Vols,21885,68,400,271,57
855,325,940,Shamela0023632,2880,768,1069,245,48
855,288,1477,JK009268,3805,69,829,623,63
855,806,1259,Sham19Y0023618,1365,0,341,276,74
855,546,940,JK000382,309,204,450,189,58
855,288,914,Shamela0023628,2858,50,337,232,45
855,1091,1617,Shamela0023628,2861,0,489,279,51
855,325,924,Rafed0003257Vols,4341,1396,1680,232,47
855,1137,1477,Sham19Y0020891,4986,943,1283,284,100
855,567,1213,JK009270,3977,22,423,325,61
855,288,1042,Meshkat0014420,3764,150,499,270,43
855,1049,1477,Meshkat0014420,3766,528,954,355,99
855,208,715,Meshkat00042485,5299,164,772,277,51
855,331,1186,Shamela0037458,3409,0,451,364,52
855,1145,1477,Shamela0037458,3413,833,1180,266,90
855,325,940,JK000791,1875,905,1206,246,48
855,364,670,Shamela0021766,3574,1015,1530,179,41
855,288,1032,JK007018,603,182,565,272,43
855,369,940,JK009396,1238,0,271,222,47
855,325,940,Sham19Y0023608,3165,191,492,245,48
855,325,1117,JK000818,511,29,876,330,35
855,784,1157,Meshkat00042488,1387,91,785,224,39
855,1186,1477,Meshkat00042488,1388,398,689,244,100
855,183,940,ShamIbadiyya0000075,733,34,715,357,47
855,183,1137,Shia002356Vols,962,10,497,369,46
855,1145,1477,Shia002356Vols,963,399,725,271,97
855,567,885,ShamAY0034059,5116,1020,1209,151,58
855,1186,1465,ShamAY0034059,5125,142,423,234,99
855,0,715,Shia002380Vols,628,1119,1616,290,44
855,1137,1491,JK001496,1828,557,926,295,95
855,10,1049,Shia002382Vols,1477,122,1058,460,44
855,325,1069,Shia002382Vols,2006,332,903,336,49
855,567,940,JK009265,359,628,852,184,60
855,567,860,Tafsir05047,714,1241,1616,138,37
855,288,1477,Shamela0023591,5579,410,1170,620,63
855,288,1209,Shamela0023591,5643,1149,1640,395,52
855,1209,1485,Shamela0023591,5644,0,276,226,97
855,288,1079,JK009266,7428,455,824,290,44
855,1168,1524,JK009266,7442,0,365,291,95
855,325,940,Shamela0021821,1502,7,308,246,48
855,567,943,Tafsir10066,1422,222,987,212,32
855,634,1477,JK009362,6407,0,624,506,72
855,288,1259,Rafed0003943Vols,1279,248,790,435,55
855,10,325,Shamela0010273,2495,813,1090,125,40
855,325,940,Shamela0010273,2496,367,668,245,48
855,430,953,Tafsir01006,1183,0,669,284,48
855,288,1485,QuranAnalysis001,185,185,952,623,63
855,325,743,Rafed0001713Vols,2090,807,1356,255,50
855,914,1617,Rafed0001713Vols,2091,536,1316,478,74
855,288,1137,Shamela0000041,2074,548,1584,340,30
855,288,1032,Shamela0023578,2521,93,428,269,44
855,1049,1524,Shamela0023578,2526,1078,1558,393,98
855,27,347,JK000876,1199,608,930,121,37
856,365,652,JK000818,512,7,162,107,45
856,41,276,Rafed0001713Vols,2092,532,1233,109,16
857,284,793,Shia001432Vols,1776,0,445,339,82
857,361,583,Shia001432Vols,2506,1288,1509,178,99
857,583,839,Shia001432Vols,2507,0,303,188,78
857,361,669,Shia001432Vols,22519,959,1101,93,37
857,659,793,Shia001432Vols,24159,826,960,105,100
857,0,151,Shia001432Vols,28163,1118,1269,117,97
857,0,146,Shia001432Vols,30271,1311,1457,117,100
857,0,146,Shamela0023632,2884,1029,1175,117,100
857,95,418,Shamela0023632,2885,420,776,236,83
857,418,659,Shamela0023632,2886,1022,1263,193,100
857,659,793,Shamela0023632,2887,1379,1513,105,100
857,0,151,Shia001149Vols,249,849,1009,117,91
857,0,268,JK009268,3822,1368,1635,215,99
857,268,793,JK009268,3823,0,525,419,100
857,0,793,Sham19Y0023618,1367,427,1427,630,78
857,659,793,JK001137,59,575,709,105,100
857,659,793,Shamela0010551,506,1096,1230,105,100
857,0,361,Shamela0023628,2866,362,723,290,100
857,180,793,Shamela0023628,2867,109,925,488,75
857,0,296,Rafed0003257Vols,4353,1349,1644,236,99
857,493,793,Rafed0003257Vols,4358,925,1225,234,98
857,0,146,Shamela0007567,20,284,430,117,100
857,0,271,Sham19Y0020891,4993,178,468,117,35
857,146,659,Sham19Y0020891,5003,205,803,209,34
857,659,793,Sham19Y0020891,5007,1372,1506,105,100
857,0,146,JK009270,3984,1297,1443,117,100
857,146,500,JK009270,3994,960,1314,285,100
857,500,793,JK009270,3998,822,1115,232,100
857,0,418,Meshkat0014420,3770,841,1259,336,100
857,418,793,Meshkat0014420,3773,837,1212,298,100
857,224,616,JK006476,1410,299,1172,270,37
857,577,793,JK006476,1411,611,866,158,78
857,0,146,Sham19Y0147312,1625,1147,1293,117,100
857,183,418,Sham19Y0147312,1626,0,235,189,100
857,500,793,Sham19Y0147312,1627,869,1162,232,100
857,146,418,Shamela0004445,6937,730,1002,219,100
857,0,151,JK009158,1,711,869,120,94
857,0,146,Sham19Y0016362,268,1416,1562,117,100
857,313,680,Sham19Y0013550,457,322,731,184,53
857,0,356,Zaydiyya0000062,1610,381,737,286,99
857,335,652,Zaydiyya0000062,1611,1235,1580,254,91
857,659,788,Zaydiyya0000062,1613,80,209,101,100
857,486,793,JK007040,1566,493,822,244,93
857,0,301,Shamela0037458,3418,281,582,240,100
857,301,659,Shamela0037458,3420,878,1236,289,100
857,637,793,Shamela0037458,3423,3,156,113,92
857,0,146,Shamela0010531,1,1157,1302,116,99
857,0,500,JK000791,1879,811,1310,401,99
857,441,676,JK000791,1880,1199,1495,166,70
857,676,793,JK000791,1881,0,117,92,100
857,0,139,Shamela0000922,1012,56,362,111,45
857,0,263,JK007018,605,380,585,139,61
857,13,500,JK007018,605,794,1482,358,65
857,406,793,JK007018,606,196,696,283,69
857,0,146,ShamAY0034080,335,595,740,116,99
857,0,259,JK009396,1241,1025,1281,117,39
857,60,511,JK009396,1242,548,1072,321,72
857,391,793,JK009396,1243,38,775,315,54
857,0,146,Sham19Y0023608,3176,1386,1532,117,100
857,146,500,Sham19Y0023608,3178,79,433,285,100
857,500,793,Sham19Y0023608,3180,883,1176,232,100
857,500,714,Shamela0001340,80,1291,1505,171,100
857,0,146,Meshkat00042488,1389,765,1307,117,26
857,146,383,Meshkat00042488,1390,140,382,183,94
857,361,500,Meshkat00042488,1391,138,477,112,41
857,577,793,Meshkat00042488,1392,118,746,171,34
857,471,765,ShamIbadiyya0000075,735,546,1084,235,54
857,0,481,Rafed0003726Vols,1184,1068,1593,195,36
857,659,793,Shamela0004473,7365,587,721,105,100
857,500,793,Shamela0004473,8207,649,942,232,100
857,659,817,Shamela0004473,8208,471,1081,111,23
857,146,418,Shamela0004473,8231,982,1254,219,100
857,146,451,Shamela0004473,12833,554,876,225,86
857,313,500,ShamAY0033108,1459,0,558,149,32
857,0,418,Shia002356Vols,964,902,1313,321,96
857,409,717,Shia002356Vols,965,1182,1485,241,97
857,0,793,Shamela0010523,172,67,860,634,100
857,139,418,ShamAY0034059,5146,338,622,221,96
857,361,551,ShamAY0034059,5147,232,422,152,98
857,500,736,ShamAY0034059,5149,313,551,185,97
857,0,471,Tafsir04038,524,657,1245,259,46
857,212,765,Shia002380Vols,631,488,1538,434,51
857,146,361,JK001496,1832,86,304,173,98
857,259,500,Tafsir02091,1705,305,971,187,34
857,446,768,Tafsir02102,3338,0,771,221,34
857,0,146,Shamela0008473,3898,1330,1475,116,99
857,85,500,Shamela0008473,3899,616,1191,329,71
857,418,600,Shamela0008473,3900,1237,1547,145,58
857,600,793,Shamela0008473,3901,0,193,153,100
857,793,1519,Shia002382Vols,1481,839,1557,322,45
857,301,765,Shia002382Vols,1482,176,1212,365,43
857,0,271,Shia002382Vols,2010,1119,1413,144,49
857,793,1053,Shia002382Vols,2010,1355,1596,121,51
857,301,659,Shia002382Vols,2011,881,1246,266,89
857,493,793,Shia002382Vols,2012,157,580,191,55
857,146,451,JK009265,163,346,659,223,86
857,0,1131,Shamela0012884,4145,268,1343,719,77
857,500,793,Sham19Y0013572,1062,114,421,232,95
857,0,345,Shamela0023591,5652,1195,1539,277,99
857,345,793,Shamela0023591,5653,0,448,357,100
857,0,817,Shamela0023591,5657,363,1174,634,97
857,0,500,JK009266,7447,69,569,402,100
857,500,793,JK009266,7455,436,729,232,100
857,26,517,Shamela0021821,1506,793,1419,377,74
857,0,263,Shamela0021821,1506,403,627,139,58
857,441,793,Shamela0021821,1507,529,974,279,79
857,0,146,Shia000042,427,118,264,117,100
857,0,793,JK009362,6580,325,1137,634,97
857,0,230,JK001110,54,1229,1458,185,99
857,659,793,JK001110,55,77,211,105,100
857,0,151,Zaydiyya0000371,35,979,1130,117,96
857,0,418,JK001420,670,772,1496,248,43
857,406,736,JK001420,671,10,871,217,32
857,0,301,Sham19Y0038093,238,557,858,240,100
857,60,361,JK006478,7409,937,1242,241,98
857,146,361,JK006478,7410,870,1103,173,92
857,123,793,Tafsir08060,422,0,1003,395,47
857,0,151,PV2024060601,3978,47,207,117,91
857,0,259,Rafed0003943Vols,1282,56,248,139,65
857,9,793,Rafed0003943Vols,1282,584,1333,553,84
857,0,151,Shamela0010273,2503,138,289,119,98
857,60,418,Shamela0010273,2504,193,788,280,58
857,500,793,Shamela0010273,2506,1237,1530,232,100
857,600,758,Shamela0010273,2507,957,1568,125,25
857,793,1299,Tafsir01006,1185,193,1087,296,38
857,607,765,Tafsir01006,1187,48,482,127,36
857,288,517,Sham19Y0014404,1195,9,759,174,28
857,607,793,Sham19Y0014404,1196,44,251,148,89
857,659,793,Rafed0003799Vols,243,844,978,105,100
857,634,793,Meshkat00057178,2990,1218,1379,119,94
857,418,793,Masaha000554Vols,4605,580,957,296,98
857,60,793,JK000447,665,115,1191,359,35
857,0,626,QuranAnalysis001,185,976,1601,501,99
857,626,793,QuranAnalysis001,186,0,167,133,100
857,0,146,Shia001367,23,1118,1264,117,100
857,0,146,Shia001367,72,616,762,117,100
857,0,146,Rafed0001713Vols,2094,1278,1424,117,100
857,180,435,Rafed0001713Vols,2096,0,255,199,97
857,644,793,Rafed0001713Vols,2098,0,149,118,100
857,607,765,Tafsir04056,6124,1008,1540,127,29
857,0,517,Shamela0000041,2079,73,1060,413,51
857,441,793,Shamela0000041,2080,273,683,278,85
857,0,151,Shia001237Vols,1372,323,474,117,97
857,107,1131,Shamela0023578,2531,0,1005,686,78
857,435,793,Shamela0023578,2532,624,1424,281,44
857,597,730,JK000876,1205,142,728,101,21
858,1108,1447,Shia001432Vols,1776,229,420,136,50
858,1136,1447,Shia001432Vols,2507,20,185,128,51
858,1108,1447,JK009268,3823,309,500,136,50
858,853,1192,JK009268,3828,380,740,110,32
858,1108,1447,Sham19Y0023618,1367,1211,1402,136,50
858,1108,1447,Shamela0023628,2867,709,900,136,50
858,616,1195,Shamela0023628,2868,0,639,227,32
858,1108,1447,Rafed0003257Vols,4358,1009,1200,136,50
858,1108,1447,JK009270,3998,899,1090,136,50
858,1108,1447,Meshkat0014420,3773,996,1187,136,50
858,401,923,Meshkat00042485,5313,43,469,231,51
858,309,960,Shamela0001466,2673,0,967,210,24
858,1108,1447,Sham19Y0147312,1627,946,1137,136,50
858,173,965,Shamela0022769,1266,333,1139,269,30
858,650,1195,Zaydiyya0000062,1612,774,1346,191,32
858,1108,1447,JK007040,1566,606,797,136,50
858,526,781,Shamela0021766,3590,5,616,148,30
858,1108,1447,JK007018,606,478,671,136,50
858,1108,1447,Sham19Y0023608,3180,960,1151,136,50
858,293,781,JK000818,513,6,327,151,34
858,905,1565,Meshkat00042488,1392,74,998,261,28
858,173,1565,ShamIbadiyya0000075,735,227,1218,501,38
858,1108,1447,Shamela0004473,8207,726,917,136,50
858,303,655,Shamela0004473,9355,694,870,123,41
858,303,895,Shia002356Vols,966,103,483,169,32
858,1108,1447,Shamela0010523,172,644,835,136,50
858,815,1415,ShamAY0034059,5149,280,551,165,33
858,65,1444,Shia002380Vols,631,620,1538,454,34
858,361,994,JK001496,1834,132,932,197,23
858,612,1565,Tafsir02102,3338,31,981,329,31
858,65,1444,Shia002382Vols,1482,176,1212,470,34
858,612,1447,Shia002382Vols,2012,105,555,261,37
858,541,1519,Tafsir05047,717,378,1152,278,28
858,1108,1447,Shamela0012884,4145,843,1034,136,50
858,1108,1447,Sham19Y0013572,1062,191,396,137,51
858,1108,1447,Shamela0023591,5653,232,423,136,50
858,1108,1447,Shamela0023591,5657,940,1131,136,50
858,1108,1447,JK009266,7455,513,704,136,50
858,250,578,JK000458,2767,300,952,188,35
858,815,1192,JK000458,2768,348,760,120,31
858,1108,1447,Shamela0021821,1507,758,949,136,50
858,1108,1447,JK009362,6580,921,1112,136,50
858,1108,1447,Rafed0003943Vols,1282,1117,1308,136,50
858,1108,1447,Shamela0010273,2506,1314,1505,136,50
858,650,1437,Shamela0010273,2507,257,1568,287,23
858,276,923,Tafsir01006,1186,404,1051,298,44
858,1136,1565,Tafsir01006,1187,42,743,216,32
858,65,401,Sham19Y0014404,1195,40,842,197,28
858,650,1192,Sham19Y0014404,1195,1152,1502,158,33
858,1108,1447,Masaha000554Vols,4605,740,931,135,49
858,650,1444,JK000447,665,823,1149,154,23
858,1140,1444,Tafsir04056,6124,1008,1540,140,32
858,1108,1447,Shamela0023578,2531,470,661,136,50
858,303,936,JK000876,1204,572,1328,252,35
858,1124,1565,JK000876,1205,152,1118,251,31
859,237,461,Shamela0008381,807,1286,1508,180,99
859,613,823,ShamAY0037152,58,1454,1663,169,99
859,823,1104,ShamAY0037152,59,0,281,229,99
859,108,237,Shia001432Vols,4300,261,389,103,99
859,237,477,Shia001432Vols,4352,784,1023,193,99
859,599,1045,Shia001432Vols,4421,414,861,355,97
859,613,998,Shia001432Vols,4422,9,295,171,48
859,274,613,Shia001432Vols,19603,705,1041,260,95
859,1045,1190,Shia001432Vols,19670,1105,1250,114,100
859,613,1045,Shia001432Vols,22724,520,952,352,100
859,125,237,Shamela0023632,2888,0,112,90,100
859,613,840,Shamela0023632,2897,566,793,183,100
859,876,1045,Shamela0023632,2901,0,169,139,100
859,1045,1190,Shamela0023632,2903,212,357,114,100
859,274,434,Shamela0000894,5507,1518,1677,128,99
859,434,613,Shamela0000894,5508,0,179,144,100
859,0,1126,JK009268,3823,487,1540,850,93
859,108,237,Shia004552Vols,491,1196,1324,103,99
859,237,444,Hindawi028570502Vols,5178,1462,1668,167,99
859,444,613,Hindawi028570502Vols,5179,0,169,136,100
859,237,477,Sham19Y0023618,1369,442,681,193,99
859,599,840,Sham19Y0023618,1372,58,299,186,96
859,1045,1190,Sham19Y0023618,1374,1411,1555,114,99
859,294,613,Tafsir06051,492,201,520,256,100
859,0,371,Shamela0023628,2867,887,1187,239,80
859,371,613,Shamela0023628,2870,547,788,195,99
859,797,1060,Shamela0023628,2875,1288,1550,216,99
859,1060,1190,Shamela0023628,2876,0,130,102,100
859,108,237,Rafed0003257Vols,4360,958,1086,103,99
859,351,613,Rafed0003257Vols,4363,0,261,211,99
859,768,1045,Rafed0003257Vols,4366,0,277,226,100
859,982,1195,Rafed0003257Vols,4369,313,647,168,63
859,108,311,Sham19Y0020891,5008,1135,1338,130,76
859,258,477,Sham19Y0020891,5009,674,892,175,99
859,613,840,Sham19Y0020891,5021,84,311,183,100
859,840,1045,Sham19Y0020891,5028,330,535,169,100
859,1040,1190,Sham19Y0020891,5030,1233,1389,118,96
859,237,613,Hindawi019640759,39,980,1367,303,97
859,237,482,JK009270,4005,752,997,197,99
859,551,797,JK009270,4010,0,246,196,99
859,797,1100,JK009270,4018,87,389,248,99
859,270,477,Shamela0005756,9847,446,907,165,44
859,102,613,Meshkat0014420,3776,122,632,409,99
859,613,968,Meshkat0014420,3783,1227,1581,289,99
859,1045,1190,Meshkat0014420,3788,864,1009,114,100
859,237,551,Sham19Y0016584,2563,944,1278,172,50
859,427,574,JK006476,1414,928,1078,117,97
859,968,1130,JK006476,1420,1043,1216,123,89
859,613,869,Hindawi072836250,42,1352,1608,207,99
859,613,1015,Shamela0115130,12,1012,1414,326,99
859,1066,1190,ShamAY0036821,1612,9,132,96,99
859,237,613,JK000373,248,739,1114,302,99
859,237,477,JK000373,310,458,697,193,99
859,189,477,Sham19Y0147312,1629,304,627,212,81
859,102,237,Shamela0004445,515,1185,1319,105,97
859,237,477,Shamela0004445,542,122,361,193,99
859,613,1045,Shamela0004445,741,29,461,352,100
859,102,237,Shamela0004445,3043,59,193,105,97
859,237,477,Shamela0004445,3046,1056,1295,193,99
859,613,1104,Sham19Y0014592,1435,1050,1540,400,99
859,108,237,Sham19Y0018176,1289,1134,1351,103,58
859,237,613,Sham19Y0018176,1292,253,663,215,53
859,0,364,Zaydiyya0000062,1613,176,472,234,79
859,364,792,Zaydiyya0000062,1615,816,1246,342,97
859,781,1091,Zaydiyya0000062,1620,3,360,253,86
859,237,477,Shamela0010517,37,1165,1405,194,100
859,0,772,JK007040,1566,784,1512,562,87
859,0,237,Shamela0037458,3423,118,285,133,70
859,197,613,Shamela0037458,3426,403,862,328,88
859,1045,1190,Shamela0037458,3439,267,412,114,100
859,108,237,JK000110,892,1092,1301,103,60
859,237,444,JK000110,894,1209,1509,167,68
859,0,237,JK000791,1881,948,1225,162,71
859,203,613,JK000791,1883,342,747,314,95
859,613,1082,JK000791,1885,1125,1593,382,99
859,1082,1190,JK000791,1886,0,108,84,100
859,613,1045,Shamela0001524,1983,681,1113,352,100
859,298,477,Shamela0000922,1016,206,425,128,73
859,840,1045,Shamela0000922,1018,836,1370,169,38
859,83,237,JK007018,606,1252,1409,111,87
859,237,477,JK007018,607,794,1036,191,97
859,840,1045,JK007018,610,67,274,168,98
859,108,237,Sham19Y0018103,2290,850,1060,104,61
859,237,551,Sham19Y0018103,2294,375,709,172,50
859,596,1021,Hindawi091480429,538,24,451,337,96
859,108,237,JK009396,1244,813,941,103,99
859,217,444,JK009396,1245,1242,1531,179,77
859,613,840,JK009396,1250,78,305,183,100
859,840,1045,JK009396,1251,37,242,169,100
859,1045,1190,JK009396,1252,1129,1274,114,100
859,108,237,Sham19Y0023608,3182,1344,1472,103,99
859,311,477,Sham19Y0023608,3184,0,165,133,99
859,599,840,Sham19Y0023608,3187,266,507,186,96
859,840,1045,Sham19Y0023608,3189,1048,1253,169,100
859,1045,1190,Sham19Y0023608,3191,975,1120,114,100
859,108,237,Shamela0021715,5396,434,677,103,52
859,102,237,Shia003721Vols,425,552,686,105,97
859,237,477,Shia003721Vols,451,954,1193,193,99
859,613,1018,Shia003636Vols,11838,161,566,331,100
859,613,1015,ShamAY0000055,321,1328,1729,329,99
859,613,840,Rafed0003726Vols,1179,297,524,183,100
859,613,926,Shamela0004473,661,1232,1544,254,99
859,108,246,Shamela0004473,2000,425,562,105,94
859,613,1045,Shamela0004473,2586,412,844,352,100
859,613,840,Shamela0004473,5066,204,431,183,100
859,707,1045,Shamela0004473,16412,97,351,166,60
859,237,477,Sham19Y0145435,5102,35,275,194,100
859,840,1045,Hindawi048683693,62,959,1164,169,100
859,613,840,Hindawi048683693,79,724,951,183,100
859,194,613,Shia002356Vols,967,0,417,333,98
859,613,1104,Shia002356Vols,969,94,578,389,97
859,1078,1190,Shia002356Vols,971,420,531,86,99
859,237,477,Hindawi014964935,62,953,1193,194,100
859,167,1126,Shamela0010523,174,295,1254,772,99
859,37,237,ShamAY0034059,5152,1051,1223,126,75
859,707,926,ShamAY0034059,5183,746,967,180,99
859,840,1100,ShamAY0034059,5186,290,554,214,98
859,108,548,Tafsir04038,525,105,1051,347,45
859,17,543,Shia002380Vols,632,0,1439,386,33
859,108,237,PV2024060602,892,1092,1301,103,60
859,237,444,PV2024060602,894,1209,1509,167,68
859,108,640,Shamela0001419,457,218,503,192,44
859,108,477,JK001496,1836,416,786,298,99
859,606,840,JK001496,1841,516,750,181,95
859,840,1045,JK001496,1843,1214,1420,169,99
859,1045,1190,Shamela0008473,1918,50,195,114,100
859,108,237,Shamela0008473,3902,567,695,103,99
859,203,482,Shamela0008473,3904,701,1068,224,75
859,499,840,Shamela0008473,3910,41,419,227,74
859,840,1018,Shamela0008473,3915,1473,1650,148,99
859,1015,1190,Shamela0008473,3920,914,1164,137,70
859,194,399,Shia002382Vols,1483,502,1043,161,37
859,194,477,Shia002382Vols,2013,469,913,169,41
859,797,1045,Shia002382Vols,2018,218,463,186,90
859,613,1045,MMS00013,677,588,1020,352,100
859,613,1045,MMS00013,1119,591,1035,352,97
859,613,840,ShamAY0036031,145,525,752,183,100
859,17,237,Shamela0012884,4146,1191,1394,126,67
859,294,477,Shamela0012884,4149,1059,1345,130,56
859,613,1045,Shamela0012884,4157,280,712,352,99
859,0,1190,Shamela0023591,5653,410,1527,899,93
859,108,516,Shamela0023591,5664,1120,1525,327,99
859,613,1190,Shamela0023591,5675,691,1268,466,100
859,17,613,JK009266,7459,152,914,453,73
859,613,1045,JK009266,7471,223,654,349,99
859,1040,1190,JK009266,7480,519,669,115,98
859,840,1015,JK010491,423,1235,1410,146,100
859,17,237,Shamela0021821,1508,900,1195,150,64
859,211,477,Shamela0021821,1509,686,1044,214,73
859,543,840,Shamela0021821,1511,395,845,233,64
859,840,1045,Shamela0021821,1513,600,805,169,100
859,1045,1195,Shamela0021821,1515,122,281,118,94
859,237,613,Sham19Y0018106,2422,271,676,214,53
859,237,455,Rafed0003793Vols,237,115,346,150,72
859,237,840,Rafed0003793Vols,1004,351,789,302,55
859,613,960,Rafed0000185Vols,21,1343,1689,282,99
859,237,455,Masaha003390Vols,477,103,302,152,87
859,0,470,JK009362,6580,1099,1505,320,82
859,470,1190,JK009362,6581,0,732,578,97
859,237,455,JK001420,672,0,217,175,99
859,707,1117,JK001420,673,228,877,205,38
859,613,840,Shia003986,34,228,455,183,100
859,629,1104,Hindawi069795368Vols,352,0,475,386,99
859,151,477,JK009257,758,213,848,174,33
859,840,1045,JK006478,7425,1282,1488,169,99
859,108,477,Rafed0003943Vols,1283,62,429,296,99
859,356,617,Rafed0003943Vols,1283,1345,1606,203,95
859,617,1190,Rafed0003943Vols,1284,0,573,463,100
859,237,477,Zaydiyya0000148,271,695,935,194,100
859,108,237,Shamela0010273,2508,1415,1543,103,99
859,203,477,Shamela0010273,2511,47,391,221,79
859,649,840,Shamela0010273,2518,0,191,155,100
859,829,1045,Shamela0010273,2522,858,1074,171,96
859,909,1190,Shamela0010273,2524,694,1169,180,48
859,1078,1190,Shamela0010273,2525,802,1040,84,45
859,17,237,Shamela0007798,7575,1207,1415,128,66
859,158,455,ShamAY0002038,601,269,689,240,70
859,108,237,Sham19Y0013605,2858,279,488,103,60
859,237,551,Sham19Y0013605,2861,550,884,172,50
859,102,613,Rafed0003799Vols,2368,394,1207,406,61
859,237,606,Masaha000554Vols,4613,1128,1497,291,96
859,0,1190,QuranAnalysis001,186,129,1249,901,94
859,599,840,Shamela0011379,246,742,987,188,95
859,102,237,Rafed0003489,331,5,139,105,97
859,237,477,Rafed0003489,334,583,822,193,99
859,17,237,Rafed0001713Vols,2099,981,1379,158,49
859,217,613,Rafed0001713Vols,2101,563,972,318,96
859,613,876,Rafed0001713Vols,2106,1261,1523,213,99
859,876,1190,Rafed0001713Vols,2107,0,314,253,100
859,108,294,Sham19Y0007849,180,131,259,99,66
859,1045,1179,Tafsir04042,1824,1052,1503,103,28
859,294,455,JK000940,93,1241,1401,128,99
859,237,477,Tafsir07057,3581,872,1112,194,100
859,158,434,Shamela0008648,43,305,933,219,43
859,294,477,Hindawi057468526,109,7,190,147,100
859,174,477,Shamela0000041,2082,340,993,244,46
859,939,1100,Shamela0000041,2089,1272,1433,132,100
859,294,613,Shamela0023578,2535,0,318,255,99
859,599,1190,Shamela0023578,2545,901,1492,469,98
860,247,676,Shamela0021715,5407,315,945,210,35
860,17,929,Shia002380Vols,632,443,1309,333,36
861,577,945,Sham19Y0020891,5022,825,1338,173,34
861,577,1069,Meshkat00042485,5329,715,1341,244,40
861,611,945,JK001496,1842,0,469,146,31
861,512,1097,Tafsir01006,1190,697,1474,277,38
861,637,966,Rafed0001713Vols,2108,3,439,141,35
861,406,660,JK000876,1208,951,1529,153,31
861,660,945,JK000876,1209,0,351,116,31
862,147,437,Sham19Y0020891,5028,541,972,135,33
863,563,837,Shia001432Vols,1776,461,623,118,54
863,214,746,Shia001432Vols,2507,225,659,337,80
863,412,684,Shamela0023632,2906,998,1325,207,79
863,680,834,Shamela0023632,2907,1324,1478,125,100
863,485,655,Tafsir03097,1312,74,423,131,47
863,385,834,JK009268,3839,0,449,361,100
863,214,525,Sham19Y0023618,1375,0,311,241,98
863,651,840,Sham19Y0023618,1377,0,195,151,96
863,247,453,Shamela0023628,2877,1152,1487,156,59
863,453,1342,Shamela0023628,2878,0,767,372,44
863,713,834,Shamela0023628,2880,1241,1397,98,77
863,214,472,Rafed0003257Vols,4370,1322,1580,204,99
863,571,834,Rafed0003257Vols,4375,0,263,213,100
863,563,739,Tafsir09083,1203,72,776,126,22
863,480,620,Sham19Y0020891,5040,1068,1211,108,95
863,506,834,Sham19Y0020966,288,0,439,209,52
863,440,783,JK009270,4026,616,959,275,100
863,0,563,Meshkat0014420,3788,949,1358,321,72
863,480,768,Meshkat0014420,3793,765,1552,218,34
863,519,736,JK006476,1424,51,277,175,96
863,40,235,Meshkat00042485,5340,1088,1296,92,46
863,961,1309,Meshkat00042485,5342,194,649,140,32
863,522,707,Tafsir02104,453,1026,1489,136,36
863,398,680,Sham19Y0147312,1638,134,473,211,78
863,680,821,Sham19Y0147312,1638,1398,1538,114,99
863,188,514,Zaydiyya0000062,1621,1065,1388,251,96
863,834,1287,Zaydiyya0000062,1622,193,792,160,28
863,519,840,Zaydiyya0000062,1624,10,338,257,96
863,440,563,Shamela0006947,1177,153,275,96,99
863,440,566,Shamela0037458,3443,1226,1352,99,100
863,519,746,Shamela0037458,3445,207,874,183,34
863,370,684,JK000791,1892,873,1191,221,83
863,556,834,JK000791,1893,1007,1490,204,52
863,494,746,Shamela0000922,1021,46,511,166,41
863,398,680,JK007018,611,1121,1404,208,87
863,475,834,JK007018,612,303,621,179,57
863,423,680,JK009396,1254,181,461,205,91
863,680,834,JK009396,1255,145,299,125,100
863,465,680,Sham19Y0023608,3195,0,215,169,99
863,620,834,Sham19Y0023608,3197,164,767,173,35
863,563,680,Meshkat00042488,1401,434,754,94,36
863,857,1383,ShamIbadiyya0000075,738,804,1391,207,39
863,514,754,ShamIbadiyya0000075,739,640,1612,189,24
863,440,684,Shamela0004473,91,491,735,193,99
863,499,680,ShamAY0033108,1471,274,983,140,24
863,0,563,Shia002356Vols,971,471,876,313,71
863,532,834,Shia002356Vols,973,99,470,242,80
863,0,488,Shamela0010523,176,1206,1539,262,68
863,488,840,Shamela0010523,177,0,354,280,98
863,333,566,ShamAY0034059,5195,192,427,184,99
863,857,1306,Shia002380Vols,635,3,265,145,41
863,563,834,Shia002380Vols,636,66,1074,217,26
863,480,680,JK001496,1849,86,557,158,42
863,499,680,Tafsir02091,1717,734,1440,140,25
863,440,680,Shamela0008473,3925,947,1186,190,99
863,680,834,Shamela0008473,3927,67,221,125,100
863,961,1295,Shia002382Vols,1490,18,253,115,42
863,514,746,Shia002382Vols,1491,332,1071,180,30
863,852,1295,Shia002382Vols,2020,887,1297,136,31
863,378,620,Shia002382Vols,2021,929,1152,155,79
863,423,834,Tafsir05047,722,335,1178,313,46
863,563,684,AOCP202502141169Vols,2082,724,1226,94,23
863,267,680,Shamela0012884,4167,461,997,313,73
863,563,834,Shamela0012884,4173,142,470,160,53
863,214,834,Shamela0023591,5654,0,620,492,99
863,214,834,Shamela0023591,5684,837,1457,492,99
863,440,536,JK009266,7486,1447,1542,75,98
863,536,834,JK009266,7487,0,298,241,100
863,522,673,Tafsir10098,1257,530,1142,96,20
863,0,229,JK000458,2780,296,689,134,42
863,857,1254,JK000458,2780,741,1545,153,21
863,488,684,Shamela0021821,1517,0,196,154,98
863,582,834,Shamela0021821,1517,932,1408,199,51
863,440,692,Tafsir10066,1439,168,1059,177,24
863,0,834,JK009362,6581,672,1354,537,80
863,661,834,JK001420,674,884,1367,111,28
863,440,746,JK006478,7434,0,315,134,41
863,834,1165,Tafsir08060,424,1362,1567,108,39
863,446,746,Tafsir08060,425,665,1331,182,34
863,333,480,Rafed0003943Vols,1284,1403,1550,117,98
863,480,834,Rafed0003943Vols,1285,0,354,282,99
863,440,680,Shamela0010273,2528,239,479,189,99
863,480,684,Shamela0010273,2530,171,424,124,61
863,680,834,Shamela0010273,2530,918,1072,125,100
863,563,746,Shamela0007798,7612,111,889,143,22
863,456,563,ShamAY0036039,65,0,107,85,100
863,0,235,Tafsir01006,1192,1164,1460,130,45
863,519,768,Tafsir01006,1194,552,1492,196,25
863,440,651,Tafsir06048,928,599,1279,168,31
863,398,563,Sham19Y0014404,1205,752,1412,95,17
863,571,834,Sham19Y0014404,1206,0,1016,202,24
863,519,680,Meshkat00057178,3004,1057,1565,129,31
863,623,837,Meshkat00057178,3005,0,1055,167,19
863,214,673,Masaha000554Vols,4637,386,849,353,95
863,0,485,QuranAnalysis001,186,1189,1519,260,68
863,485,834,QuranAnalysis001,187,0,349,280,100
863,0,418,Rafed0001713Vols,2111,869,1513,254,44
863,418,680,Rafed0001713Vols,2112,0,262,207,99
863,629,834,Rafed0001713Vols,2114,1284,1497,143,84
863,446,651,Tafsir07057,4209,387,1532,154,16
863,440,563,Tafsir04056,1485,793,916,97,100
863,370,620,Shamela0000041,2092,1209,1544,181,68
863,620,746,Shamela0000041,2093,0,126,102,100
863,247,680,Shamela0023578,2546,0,433,341,99
863,519,834,Shamela0023578,2554,7,612,252,51
863,707,834,Shamela0023578,2555,1232,1359,103,100
864,799,1480,Shamela0023628,2879,541,1016,210,33
864,0,146,Meshkat00042485,5343,907,1197,82,33
864,795,1304,JK000791,1892,700,1026,162,34
864,857,1304,JK009396,1254,30,300,128,33
864,795,1232,JK000465,3239,535,968,132,28
864,654,1470,Meshkat00042488,1400,380,1314,271,27
864,769,1246,ShamAY0033108,1470,919,1223,136,31
864,1200,1383,Shia002380Vols,635,941,1199,96,43
864,795,1304,JK009266,7486,1145,1526,174,34
864,0,146,Tafsir01006,1193,876,1165,84,34
864,175,402,JK000264,3496,1019,1274,181,87
864,1164,1320,Sham19Y0014404,1205,837,1175,72,22
864,0,146,Rafed0001713Vols,2113,177,398,82,43
864,0,175,Tafsir07057,4208,277,484,111,59
864,795,1304,Shamela0023578,2553,610,914,166,40
865,948,1145,Shamela0011783,81,1069,1371,163,64
865,886,1283,Shia001432Vols,1900,690,1087,327,100
865,98,601,Shia001432Vols,2507,476,659,148,36
865,886,1187,Shia001432Vols,22622,529,830,248,100
865,562,741,Shamela0023632,2907,1351,1482,105,72
865,830,1089,Shamela0023632,2908,978,1237,212,100
865,1094,1283,Shamela0023632,2909,633,822,156,100
865,1202,1460,Shamela0023632,2910,169,448,159,62
865,906,1145,ShamIbadiyya0000193,3312,203,915,178,30
865,923,1145,Tafsir09050,3386,411,1110,167,28
865,830,1344,Tafsir03097,1314,232,1591,416,37
865,98,1460,JK009268,3839,178,1079,724,65
865,830,1516,Sham19Y0023618,1377,835,1356,421,74
865,322,737,Sham19Y0023618,1377,4,183,145,43
865,1283,1460,Sham19Y0023618,1378,266,443,142,100
865,98,1005,Shamela0023628,2878,110,556,362,49
865,568,886,Shamela0023628,2880,1241,1551,151,49
865,886,1460,Shamela0023628,2881,22,801,465,73
865,106,737,Rafed0003257Vols,4375,0,263,213,41
865,674,1537,Rafed0003257Vols,4377,343,1278,471,50
865,1218,1460,Rafed0003257Vols,4380,929,1237,195,78
865,101,601,Shamela0022593,2074,140,1071,155,20
865,42,347,Tafsir09083,1203,3,569,166,34
865,923,1218,Tafsir09083,1204,15,781,241,38
865,886,1089,Tafsir09084,1294,1187,1390,167,100
865,830,1009,Sham19Y0020891,5046,1064,1242,143,97
865,983,1283,Sham19Y0020891,5047,786,1084,231,92
865,158,1005,Sham19Y0020966,288,51,566,270,36
865,886,1187,JK010001,42,692,993,248,100
865,886,1187,JK010001,554,1236,1537,248,100
865,886,1082,JK010001,3066,1393,1588,161,99
865,1082,1287,JK010001,3067,0,205,167,99
865,98,671,JK009270,4026,739,959,178,38
865,671,1283,JK009270,4032,19,523,409,81
865,1283,1460,JK009270,4035,304,481,142,100
865,886,1187,Shamela0012094,194,817,1118,248,100
865,98,623,Meshkat0014420,3793,1348,1552,166,38
865,703,1024,Meshkat0014420,3795,1032,1600,195,37
865,1024,1460,Meshkat0014420,3796,0,436,355,100
865,98,591,JK006476,1424,98,277,140,35
865,841,1089,JK006476,1425,0,251,203,98
865,928,1390,JK006476,1425,811,1465,356,66
865,1009,1145,Tafsir01005,4763,715,942,113,59
865,974,1460,ShamAY0036821,1617,1048,1528,391,98
865,886,1386,Shamela0012851,440,146,1503,407,36
865,830,1089,Sham19Y0147312,1639,13,272,212,100
865,1089,1351,Sham19Y0147312,1640,263,525,214,100
865,830,1516,Zaydiyya0000062,1625,173,781,471,80
865,98,601,Shamela0037458,3445,691,874,148,36
865,575,1089,Shamela0037458,3447,38,481,304,63
865,1052,1283,Shamela0037458,3448,624,908,187,80
865,98,741,JK000791,1893,1013,1494,232,39
865,601,1614,JK000791,1894,170,1174,522,51
865,1187,1460,JK000791,1895,566,1014,196,54
865,98,1351,Shamela0000922,1021,81,1449,517,36
865,562,1537,JK007018,612,488,1352,513,55
865,1297,1460,JK007018,613,0,169,131,96
865,562,1534,JK009396,1255,172,1191,527,48
865,1160,1460,JK009396,1256,0,297,155,48
865,176,737,Sham19Y0023608,3197,164,767,194,30
865,671,1283,Sham19Y0023608,3198,270,1131,424,59
865,886,1187,Sham19Y0023608,3199,418,1569,238,25
865,1283,1460,Sham19Y0023608,3200,845,1022,142,100
865,1283,1460,Shamela0009637,8,1048,1225,142,100
865,835,1283,JK000381,1909,683,1144,341,89
865,176,347,JK000465,3241,493,923,78,21
865,601,1326,JK000818,517,37,1065,465,50
865,562,1024,Meshkat00042488,1402,214,1092,256,34
865,938,1283,Meshkat00042488,1403,79,747,278,50
865,1283,1465,Meshkat00042488,1404,4,365,142,48
865,886,1276,ShamIbadiyya0000075,740,505,1472,318,40
865,830,1283,Shamela0022371,252,413,840,302,71
865,98,347,ShamAY0033108,1471,527,983,135,37
865,609,1187,ShamAY0033108,1472,55,1219,367,37
865,98,737,Shia002356Vols,973,198,470,218,42
865,830,1055,Shia002356Vols,973,1341,1563,183,98
865,1055,1398,Shia002356Vols,974,0,343,278,98
865,98,737,Shamela0010523,177,75,346,219,42
865,830,1460,Shamela0010523,178,509,1139,514,100
865,830,1267,ShamAY0034059,5204,1219,1657,358,99
865,1089,1398,ShamAY0034059,5206,1201,1509,252,99
865,830,1460,Tafsir04038,529,323,1025,382,63
865,59,1206,Shia002380Vols,636,17,1668,637,41
865,1194,1460,Shia002380Vols,637,113,724,208,42
865,830,1024,JK001496,1850,910,1113,155,92
865,983,1283,JK001496,1851,162,462,229,90
865,934,1145,Hindawi046286097,132,485,933,140,37
865,98,347,Tafsir02091,1717,985,1440,135,37
865,575,1115,Tafsir02091,1718,401,1624,338,32
865,886,1287,Tafsir02102,239,599,999,327,99
865,886,1187,Tafsir02102,1677,1252,1552,247,99
865,703,1398,Tafsir02102,3352,4,1301,494,45
865,886,1287,Shamela0008473,553,144,545,328,99
865,886,1287,Shamela0008473,1847,514,915,328,99
865,953,1283,Shamela0008473,1935,0,330,273,100
865,998,1287,Shamela0008473,2622,0,289,236,99
865,562,737,Shamela0008473,3927,94,221,103,72
865,601,1516,Shamela0008473,3928,180,1206,503,48
865,835,1283,Shamela0008473,4024,597,1059,341,89
865,0,601,Shia002382Vols,1491,370,1071,279,44
865,601,1218,Shia002382Vols,1492,572,1533,406,47
865,671,1005,Shia002382Vols,2023,0,229,183,67
865,671,1283,Shia002382Vols,2023,993,1472,334,64
865,953,1460,Shia002382Vols,2024,0,797,363,55
865,886,1145,Tafsir07055,43,1311,1569,214,99
865,886,1187,Tafsir07055,588,776,1077,248,100
865,1005,1187,Tafsir07055,3157,0,182,150,100
865,101,867,Tafsir05047,722,547,1238,256,30
865,1005,1460,Tafsir05047,723,464,1533,356,40
865,562,737,Shamela0012884,4173,343,470,103,72
865,897,1525,Shamela0012884,4174,3,548,365,63
865,1302,1460,Shamela0012884,4175,0,158,127,100
865,98,1460,Shamela0023591,5654,349,1250,724,65
865,98,914,Shamela0023591,5684,1186,1540,287,43
865,914,1287,Shamela0023591,5685,0,373,306,99
865,1283,1460,Shamela0023591,5699,1160,1337,142,100
865,98,737,JK009266,7487,27,298,219,42
865,830,1544,JK009266,7492,652,1351,446,69
865,1218,1460,JK009266,7496,91,439,193,68
865,562,741,Shamela0021821,1517,1281,1412,104,72
865,671,1534,Shamela0021821,1518,255,1031,482,59
865,1124,1460,Shamela0021821,1519,287,772,259,66
865,886,1254,Tafsir10066,1442,614,1334,288,48
865,98,1005,JK009362,6581,1081,1530,359,48
865,1005,1460,JK009362,6582,0,466,370,97
865,835,1187,JK000065,441,1178,1543,262,87
865,830,1024,JK006478,7435,280,483,155,92
865,923,1283,JK006478,7437,533,939,145,36
865,98,429,Tafsir08060,425,896,1272,137,34
865,1044,1460,Tafsir08060,426,0,464,250,55
865,98,1460,Rafed0003943Vols,1285,83,985,724,65
865,562,737,Shamela0010273,2530,945,1072,103,72
865,830,1297,Shamela0010273,2532,57,529,374,96
865,993,1187,Shamela0010273,2533,67,676,160,31
865,1283,1465,Shamela0010273,2534,419,601,144,98
865,98,601,Shamela0007798,7612,111,889,151,18
865,678,1024,Shamela0007798,7613,315,699,187,56
865,1089,1287,Shamela0007798,7614,113,311,161,98
865,1283,1460,JK000805,7,1278,1455,142,100
865,0,659,Tafsir01006,1194,585,1523,338,43
865,1124,1287,Shamela0012293,4301,935,1097,130,98
865,942,1382,Tafsir06048,930,0,946,361,46
865,601,1024,Sham19Y0014404,1206,842,1308,244,53
865,98,601,Sham19Y0014404,1206,54,533,142,24
865,1005,1471,Sham19Y0014404,1207,20,1441,293,23
865,886,1094,Rafed0003799Vols,204,665,881,168,94
865,179,671,Meshkat00057178,3005,0,576,163,26
865,671,1024,Meshkat00057178,3005,1052,1498,213,57
865,953,1283,Meshkat00057178,3006,561,1057,251,61
865,1283,1460,Meshkat00057178,3007,649,1262,142,28
865,830,1516,Masaha000554Vols,4648,492,1197,412,56
865,1005,1187,Masaha000554Vols,4650,22,611,150,30
865,1283,1453,Masaha000554Vols,4651,1124,1295,133,95
865,98,1460,QuranAnalysis001,187,78,979,724,65
865,562,737,Rafed0001713Vols,2114,1370,1497,103,72
865,601,1225,Rafed0001713Vols,2115,844,1668,432,62
865,1218,1460,Rafed0001713Vols,2117,369,798,195,56
865,42,207,Tafsir04042,1827,302,565,102,48
865,585,1089,Tafsir04042,1828,592,1349,286,40
865,968,1187,Tafsir07057,1868,0,219,181,100
865,1211,1398,Tafsir04056,6143,1236,1635,151,46
865,934,1187,Tafsir02094,180,1421,1600,133,64
865,98,928,Shamela0000041,2093,753,1523,327,39
865,928,1588,Shamela0000041,2094,0,685,388,63
865,98,1460,Shamela0023578,2554,51,1242,734,60
865,562,928,Shamela0023578,2555,1232,1502,182,54
865,928,1460,Shamela0023578,2556,0,964,434,55
866,0,663,Shia001432Vols,1900,738,1087,288,52
866,0,475,Shia001432Vols,22622,577,830,209,53
866,112,663,Shamela0023632,2909,292,822,230,39
866,698,1246,Shamela0023632,2910,271,571,239,54
866,1246,1392,Shamela0023632,2911,1097,1243,117,100
866,1392,1673,Shamela0023632,2912,567,849,230,99
866,70,393,ShamIbadiyya0000193,3312,369,953,181,36
866,70,393,Tafsir09050,3386,544,1148,180,34
866,1171,1300,Tafsir03097,1315,954,1159,98,59
866,0,1635,JK009268,3839,553,1590,834,62
866,0,663,Sham19Y0023618,1377,939,1288,288,52
866,698,1246,Sham19Y0023618,1378,266,566,239,54
866,1246,1673,Sham19Y0023618,1379,450,878,347,99
866,33,1392,Shamela0023628,2881,172,1070,647,55
866,604,1005,Shamela0023628,2882,0,497,184,40
866,1023,1375,Shamela0023628,2882,547,1101,246,52
866,1392,1673,Shamela0023628,2883,675,957,230,99
866,1501,1669,Shamela0023628,2884,613,879,131,61
866,0,666,Rafed0003257Vols,4377,650,1006,286,51
866,580,1392,Rafed0003257Vols,4380,929,1506,418,63
866,1392,1673,Rafed0003257Vols,4384,227,509,230,99
866,1488,1673,Rafed0003257Vols,4385,491,1291,137,21
866,1418,1673,Shamela0022593,2078,626,1100,156,39
866,0,682,Tafsir09083,1204,26,1013,326,36
866,1524,1673,Tafsir09083,1208,29,774,111,18
866,33,674,Sham19Y0020891,5047,727,1095,261,49
866,1123,1300,Sham19Y0020891,5051,1399,1576,145,100
866,0,475,JK010001,42,740,993,209,53
866,0,475,JK010001,554,1284,1537,209,53
866,289,663,JK010001,3067,7,201,160,51
866,0,663,JK009270,4032,174,523,288,52
866,650,1303,JK009270,4035,243,658,298,55
866,1300,1555,JK009270,4037,1315,1569,206,99
866,0,475,Shamela0012094,194,865,1118,209,53
866,169,1079,Meshkat0014420,3796,0,436,353,47
866,1123,1619,Meshkat0014420,3799,361,857,403,100
866,1524,1673,Meshkat0014420,3802,642,1372,120,20
866,1171,1330,JK006476,1427,151,379,128,69
866,1506,1673,JK006476,1428,822,1072,128,63
866,154,345,Tafsir01005,4763,715,942,117,55
866,1524,1669,Tafsir01005,4769,117,416,117,48
866,1488,1673,Meshkat00042485,5359,675,1012,146,53
866,112,881,Shamela0012851,440,427,1491,354,33
866,289,741,Sham19Y0147312,1640,263,500,194,52
866,858,1300,Sham19Y0147312,1641,306,592,231,64
866,1300,1673,Sham19Y0147312,1642,708,1013,246,81
866,1453,1669,Tafsir02067,792,0,490,174,43
866,0,869,Zaydiyya0000062,1625,277,711,340,47
866,858,1293,Zaydiyya0000062,1627,329,612,225,62
866,1215,1612,Zaydiyya0000062,1628,112,731,322,63
866,197,666,Shamela0037458,3448,624,913,192,49
866,865,1300,Shamela0037458,3450,0,279,225,63
866,1300,1619,Shamela0037458,3452,891,1210,258,100
866,0,663,JK000791,1894,516,865,288,52
866,549,1392,JK000791,1895,566,1283,420,54
866,1379,1673,JK000791,1897,676,970,237,98
866,0,741,Shamela0000922,1021,875,1424,250,32
866,0,663,JK007018,612,892,1247,288,52
866,833,1392,JK007018,613,29,449,320,69
866,1524,1673,Tafsir04039,2904,924,1259,121,44
866,0,663,JK009396,1255,716,1065,288,52
866,698,1392,JK009396,1256,120,566,354,63
866,0,663,Sham19Y0023608,3198,782,1131,288,52
866,54,475,Sham19Y0023608,3199,725,1569,214,28
866,580,1392,Sham19Y0023608,3200,542,1291,414,51
866,1524,1673,Sham19Y0023608,3205,785,1418,119,23
866,698,1392,Shamela0009637,8,1048,1494,354,63
866,0,663,JK000381,1909,795,1144,288,52
866,0,905,JK000818,517,412,1189,425,48
866,8,666,Meshkat00042488,1403,24,752,311,40
866,1240,1392,Meshkat00042488,1405,109,412,121,49
866,1524,1673,Meshkat00042488,1406,120,480,121,41
866,8,670,ShamIbadiyya0000075,740,606,1487,370,45
866,1209,1673,Rafed0003726Vols,1186,146,666,243,54
866,0,663,Shamela0022371,252,516,840,223,41
866,0,475,ShamAY0033108,1472,784,1219,206,41
866,200,905,Shia002356Vols,974,0,343,278,48
866,972,1619,Shia002356Vols,975,272,826,437,83
866,0,1453,Shamela0010523,178,613,1469,686,57
866,1453,1673,Shamela0010523,180,551,772,179,99
866,0,647,ShamAY0034059,5204,1325,1657,274,51
866,289,905,ShamAY0034059,5206,1201,1509,252,50
866,1524,1673,ShamAY0034059,5216,681,833,121,98
866,0,393,Tafsir04038,529,443,695,173,52
866,0,482,Shia002380Vols,636,1235,1657,257,61
866,33,663,JK001496,1851,102,462,258,49
866,59,345,Hindawi046286097,132,499,933,139,30
866,0,663,Tafsir02102,239,647,995,287,52
866,0,1019,Tafsir02102,3352,395,1569,499,44
866,0,663,Shamela0008473,553,192,541,288,52
866,0,663,Shamela0008473,1847,562,911,288,52
866,64,663,Shamela0008473,1935,0,330,273,55
866,127,663,Shamela0008473,2622,0,285,235,53
866,0,663,Shamela0008473,3928,686,1035,288,52
866,972,1397,Shamela0008473,3930,3,336,264,77
866,1413,1673,Shamela0008473,3934,404,1032,184,34
866,0,663,Shamela0008473,4024,710,1059,288,52
866,0,499,Shia002382Vols,1492,952,1548,296,56
866,556,1079,Shia002382Vols,1493,68,823,261,37
866,150,674,Shia002382Vols,2023,1191,1486,231,53
866,64,741,Shia002382Vols,2024,0,657,320,49
866,556,1019,Shia002382Vols,2024,892,1600,234,36
866,0,345,Tafsir07055,43,1359,1569,175,60
866,0,475,Tafsir07055,588,824,1077,209,53
866,150,475,Tafsir07055,3157,0,182,150,56
866,150,1079,Tafsir05047,723,464,1533,431,41
866,1524,1673,Tafsir05047,725,26,278,120,58
866,0,663,Shamela0012884,4174,40,389,288,52
866,1123,1300,Shamela0012884,4175,944,1121,145,100
866,1392,1673,Shamela0012884,4179,128,410,230,99
866,0,1427,Shamela0023591,5654,724,1553,664,57
866,1427,1673,Shamela0023591,5655,0,247,201,99
866,0,663,Shamela0023591,5685,20,369,288,52
866,698,1427,Shamela0023591,5699,1160,1640,383,64
866,1427,1673,Shamela0023591,5700,0,247,201,99
866,0,663,JK009266,7492,756,1105,288,52
866,580,1392,JK009266,7496,91,708,409,58
866,1392,1673,JK009266,7501,363,645,230,99
866,1524,1673,Tafsir10098,1261,971,1547,113,24
866,0,663,Shamela0021821,1518,565,914,288,52
866,549,1392,Shamela0021821,1519,396,1041,428,59
866,0,663,Tafsir10066,1442,672,1486,339,42
866,1410,1669,Tafsir10066,1446,518,1597,191,21
866,150,1673,JK009362,6582,0,1030,803,63
866,0,506,JK000065,441,1290,1573,212,50
866,189,1506,Tafsir08060,426,0,927,470,38
866,1114,1300,Rafed0003943Vols,1285,1354,1538,147,95
866,0,1079,Rafed0003943Vols,1285,458,985,423,48
866,1300,1673,Rafed0003943Vols,1286,183,557,302,99
866,0,663,Shamela0010273,2532,161,510,288,52
866,112,475,Shamela0010273,2533,17,676,225,40
866,1092,1300,Shamela0010273,2535,500,773,161,72
866,1246,1397,Shamela0010273,2536,741,1078,108,40
866,289,663,Shamela0007798,7614,113,307,160,51
866,1193,1392,Shamela0007798,7617,1160,1494,154,57
866,1524,1673,Shamela0007798,7619,69,573,121,29
866,698,1259,JK000805,7,1278,1590,250,55
866,1259,1392,JK000805,8,0,133,106,100
866,0,475,Tafsir01006,1195,517,1120,285,54
866,686,1171,Tafsir01006,1196,8,779,258,39
866,59,889,Tafsir06048,930,6,946,388,39
866,150,1005,Sham19Y0014404,1207,20,1404,203,13
866,1229,1392,Sham19Y0014404,1208,705,975,125,57
866,1534,1673,Sham19Y0014404,1209,896,1242,70,21
866,1193,1392,Meshkat00057178,3008,775,1231,105,25
866,1485,1673,Meshkat00057178,3010,24,481,137,37
866,150,475,Masaha000554Vols,4650,22,611,161,29
866,1300,1612,Masaha000554Vols,4657,1074,1389,249,97
866,0,1673,QuranAnalysis001,187,453,1530,865,63
866,0,587,Rafed0001713Vols,2115,1377,1668,239,49
866,482,1392,Rafed0001713Vols,2117,233,1067,489,54
866,1513,1673,Rafed0001713Vols,2120,137,485,128,45
866,289,663,Tafsir04042,1829,108,947,192,27
866,1524,1635,Tafsir04042,1833,1169,1615,90,24
866,87,475,Tafsir07057,1868,0,219,181,56
866,1524,1673,Tafsir04056,6147,800,1188,121,38
866,1524,1673,Tafsir02094,3144,875,1364,117,29
866,327,905,Shamela0000041,2094,1127,1654,241,40
866,0,663,Shamela0000041,2094,6,355,288,52
866,698,1392,Shamela0000041,2095,47,791,400,56
866,1348,1673,Shamela0000041,2097,20,420,254,78
866,0,1470,Shamela0023578,2554,716,1588,700,58
866,1470,1673,Shamela0023578,2555,0,204,165,99
866,0,1362,Shamela0023578,2556,6,1673,657,39
866,1524,1673,Shamela0023578,2559,35,247,121,70
867,0,167,Shia001432Vols,2507,723,890,133,100
867,0,113,Shamela0023632,2912,849,962,86,97
867,109,244,Shamela0023632,2913,903,1042,106,94
867,343,1261,JK009268,3839,1083,1409,256,34
867,0,244,JK009268,3840,39,287,192,96
867,0,109,Sham19Y0023618,1379,878,987,86,100
867,0,109,Shamela0010551,302,537,646,86,100
867,343,1113,Shamela0023628,2881,805,1070,205,32
867,0,244,Shamela0023628,2883,957,1205,192,96
867,0,240,Shamela0023628,2884,915,1352,192,54
867,343,1113,Rafed0003257Vols,4380,1241,1506,205,32
867,0,240,Rafed0003257Vols,4384,509,749,192,100
867,0,167,Tafsir09083,1208,774,1510,128,22
867,0,167,Tafsir09084,1998,246,503,132,64
867,1342,1582,Sham19Y0020891,5056,443,962,131,31
867,0,109,Sham19Y0020891,5057,115,224,86,100
867,29,240,Sham19Y0020966,288,1200,1420,134,64
867,0,240,Tafsir09068,958,996,1222,129,59
867,0,244,JK009270,4041,688,933,195,99
867,343,1261,Meshkat0014420,3799,365,691,256,34
867,0,240,Meshkat0014420,3802,1372,1611,192,99
867,0,231,JK006476,1428,1072,1309,185,97
867,0,137,Tafsir01005,4769,452,764,109,43
867,0,167,Shamela0012851,443,987,1254,131,61
867,0,113,Shamela0001466,2766,212,329,87,94
867,0,109,Sham19Y0147312,1642,1013,1122,86,100
867,113,240,Sham19Y0147312,1643,0,127,103,100
867,0,235,Zaydiyya0000062,1630,626,863,188,98
867,0,244,Shamela0037458,3455,119,367,192,96
867,343,1113,JK000791,1895,1018,1283,205,32
867,0,244,JK000791,1897,970,1214,193,99
867,240,873,Shamela0021766,3616,466,1000,227,36
867,109,240,Shamela0000922,1022,1086,1303,106,60
867,0,113,Tafsir07076,2098,236,349,87,98
867,0,113,Tafsir07076,9275,443,556,87,98
867,0,240,JK007018,614,64,313,192,96
867,343,1118,JK009396,1256,301,571,206,32
867,0,240,JK009396,1258,210,450,192,100
867,343,1113,Sham19Y0023608,3200,1026,1291,205,32
867,0,203,Sham19Y0023608,3205,1418,1620,162,99
867,343,1113,Shamela0009637,8,1229,1494,205,32
867,0,240,JK000818,518,1051,1456,189,58
867,29,240,Meshkat00042488,1406,852,1504,166,31
867,0,109,Meshkat00042488,1406,480,589,86,100
867,0,214,Rafed0003726Vols,1186,666,946,126,56
867,0,240,ShamAY0033108,1475,343,960,188,38
867,0,244,Shia002356Vols,976,891,1140,190,94
867,343,1265,Shamela0010523,178,1143,1473,257,34
867,0,244,Shamela0010523,180,772,1020,192,96
867,0,244,ShamAY0034059,5217,1230,1479,195,97
867,873,1538,Shia002380Vols,637,1003,1645,284,40
867,0,214,Shia002380Vols,638,181,502,170,66
867,109,244,JK001496,1855,1335,1481,106,89
867,0,240,Tafsir02091,1721,871,1487,188,38
867,1293,1569,Tafsir02102,3354,987,1437,144,36
867,0,240,Tafsir02102,3355,262,931,187,34
867,343,1113,Shamela0008473,3930,66,331,205,32
867,0,240,Shamela0008473,3934,1032,1272,192,100
867,1179,1569,Shia002382Vols,1494,996,1522,195,39
867,0,214,Shia002382Vols,1495,181,518,170,63
867,83,240,Shia002382Vols,2027,0,162,125,95
867,0,240,Tafsir05047,725,278,843,174,38
867,0,240,Shamela0012884,4179,410,650,192,100
867,343,1221,Shamela0023591,5654,1254,1553,234,32
867,0,244,Shamela0023591,5655,247,495,192,96
867,343,1221,Shamela0023591,5699,1341,1640,234,32
867,0,113,Shamela0023591,5700,247,360,89,100
867,57,244,Shamela0023591,5706,40,216,119,77
867,343,1118,JK009266,7496,443,713,206,32
867,0,240,JK009266,7501,645,885,192,100
867,29,240,Tafsir10098,1262,428,1092,164,31
867,1342,1556,JK000458,2788,709,1178,112,27
867,343,1113,Shamela0021821,1519,776,1041,205,32
867,0,244,Shamela0021821,1521,800,1044,193,99
867,0,244,JK009362,6582,1030,1283,192,94
867,0,256,JK006478,7445,58,978,185,25
867,109,240,Tafsir08060,426,1000,1256,106,51
867,0,240,Rafed0003943Vols,1286,557,797,192,100
867,0,226,Shamela0010273,2539,1359,1584,181,99
867,109,244,Shamela0007798,7619,1362,1497,107,98
867,1056,1576,Tafsir01006,1197,23,832,236,31
867,92,240,Sham19Y0014404,1210,0,344,119,43
867,0,240,Meshkat00057178,3010,481,1481,192,24
867,3,235,Masaha000554Vols,4663,0,237,184,96
867,343,1261,QuranAnalysis001,187,983,1309,256,34
867,51,244,QuranAnalysis001,188,0,197,152,95
867,343,1113,Rafed0001713Vols,2117,802,1067,205,32
867,240,1113,Rafed0001713Vols,2118,548,1583,325,30
867,0,240,Rafed0001713Vols,2120,485,725,192,100
867,0,214,Tafsir04042,1834,350,1155,166,25
867,0,109,Shamela0037475,116,133,242,86,100
867,0,109,Shamela0037475,130,494,603,86,100
867,57,244,Tafsir04056,6148,275,975,141,24
867,0,167,Shamela0000041,2097,420,587,133,100
867,343,1261,Shamela0023578,2554,1246,1572,256,34
867,0,244,Shamela0023578,2555,204,452,192,96
867,343,1041,Shamela0023578,2556,978,1673,224,26
867,0,240,Shamela0023578,2559,247,621,192,64
867,0,167,JK000876,1217,963,1396,132,38
868,88,465,Shia001432Vols,2507,668,890,176,58
868,1144,1468,Shia001432Vols,2507,899,1223,252,100
868,38,322,Shamela0023632,2912,744,958,171,75
868,1257,1488,Shamela0023632,2915,789,1021,179,99
868,104,465,JK009268,3840,0,206,163,56
868,1050,1488,JK009268,3840,211,624,294,79
868,38,322,Sham19Y0023618,1379,773,987,171,75
868,1257,1468,Sham19Y0023618,1381,210,421,163,100
868,38,465,Shamela0023628,2883,852,1124,217,63
868,1050,1390,Shamela0023628,2883,1129,1442,217,74
868,38,523,Shamela0023628,2884,779,1186,232,53
868,1202,1488,Shamela0023628,2885,886,1479,218,47
868,38,465,Rafed0003257Vols,4384,404,676,217,63
868,1144,1446,Rafed0003257Vols,4386,1285,1586,235,99
868,16,322,Tafsir09083,1208,412,1021,172,33
868,56,717,Tafsir09084,1998,0,793,293,37
868,1202,1468,Tafsir09068,959,28,677,174,34
868,67,465,JK009270,4041,572,855,191,54
868,1144,1398,JK009270,4045,528,779,195,98
868,88,465,Meshkat0014420,3802,1317,1539,176,58
868,1325,1488,Meshkat0014420,3805,556,720,128,99
868,16,465,JK006476,1428,949,1242,218,59
868,1144,1340,JK006476,1429,765,967,151,97
868,1144,1325,Shamela0029677,687,960,1141,140,100
868,16,465,Meshkat00042485,5359,830,1535,261,44
868,38,472,Shamela0012851,443,728,1258,229,44
868,77,322,Sham19Y0147312,1642,947,1122,139,71
868,16,460,Zaydiyya0000062,1630,489,789,219,59
868,1138,1463,Zaydiyya0000062,1631,1180,1519,249,93
868,1050,1358,Shamela0037458,3455,291,573,192,71
868,88,465,Shamela0037458,3455,64,286,176,58
868,1358,1488,Shamela0037458,3459,856,987,102,99
868,38,465,JK000791,1897,865,1137,217,63
868,1092,1429,JK000791,1898,1229,1558,234,89
868,16,322,Shamela0021766,3618,113,637,211,48
868,426,676,Shamela0021766,3618,931,1142,54,17
868,1314,1485,Tafsir02011,1396,1157,1341,125,86
868,88,465,JK007018,614,8,236,174,57
868,1092,1395,JK007018,614,938,1434,201,48
868,88,465,JK009396,1258,155,377,176,58
868,1257,1468,JK009396,1259,1027,1238,163,100
868,16,465,Sham19Y0023608,3205,1007,1585,222,36
868,1092,1468,Sham19Y0023608,3206,23,361,262,89
868,1144,1325,Shamela0036427,302,1082,1263,140,100
868,38,771,JK000818,518,864,1436,297,42
868,38,322,Meshkat00042488,1406,165,589,171,43
868,1202,1398,Meshkat00042488,1408,236,1063,145,23
868,16,460,ShamIbadiyya0000075,742,65,632,259,53
868,1004,1320,ShamIbadiyya0000075,742,964,1487,206,46
868,38,322,Rafed0003726Vols,1186,530,775,171,67
868,38,717,ShamAY0033108,1475,121,860,285,38
868,1050,1358,Shia002356Vols,976,1064,1345,191,71
868,88,465,Shia002356Vols,976,837,1059,160,53
868,1358,1488,Shia002356Vols,978,1067,1198,102,99
868,38,465,Shamela0010523,180,667,939,217,63
868,1050,1488,Shamela0010523,180,944,1357,294,79
868,38,196,ShamAY0034059,5216,726,863,106,82
868,88,465,ShamAY0034059,5217,1173,1401,174,57
868,16,465,Shia002380Vols,638,39,396,234,59
868,1288,1485,Shia002380Vols,639,0,310,150,62
868,38,322,JK001496,1855,217,778,171,33
868,38,717,Tafsir02091,1721,651,1387,285,38
868,38,771,Tafsir02102,3355,0,917,325,34
868,38,465,Shamela0008473,3934,884,1199,217,57
868,245,717,Shamela0008473,3935,4,432,188,40
868,1257,1468,Shamela0008473,3937,183,394,163,100
868,16,465,Shia002382Vols,1495,36,418,234,56
868,38,465,Shia002382Vols,2027,171,545,222,56
868,88,282,ShamIbadiyya0000050,4942,166,474,129,48
868,38,465,Tafsir05047,725,112,627,232,46
868,38,465,Shamela0012884,4179,305,577,217,63
868,1270,1468,Shamela0012884,4181,0,199,153,99
868,1050,1488,Shamela0023591,5655,419,832,294,79
868,38,465,Shamela0023591,5655,142,414,217,63
868,38,322,Shamela0023591,5700,142,356,171,75
868,1050,1488,Shamela0023591,5706,140,553,294,79
868,38,465,JK009266,7501,540,812,217,63
868,1144,1468,JK009266,7505,867,1191,252,100
868,33,465,Shamela0021821,1521,632,967,218,55
868,1220,1468,Shamela0021821,1522,1153,1475,191,77
868,38,465,JK009362,6582,923,1201,215,62
868,1050,1412,JK009362,6582,1206,1542,234,75
868,132,465,JK006478,7445,38,888,156,22
868,38,465,Rafed0003943Vols,1286,452,724,217,63
868,1144,1390,Rafed0003943Vols,1286,1247,1492,191,99
868,1390,1488,Rafed0003943Vols,1287,0,99,77,98
868,88,465,Shamela0010273,2539,1304,1526,176,58
868,1325,1468,Shamela0010273,2543,669,812,112,100
868,38,322,Shamela0007798,7619,114,682,171,33
868,16,457,Tafsir01006,1197,864,1576,246,41
868,38,465,Tafsir06048,932,670,1184,231,45
868,1257,1468,Tafsir06048,933,618,1128,157,40
868,50,317,Tafsir09065,444,1378,1624,143,60
868,398,771,Sham19Y0014404,1210,29,542,60,9
868,1257,1468,Sham19Y0014404,1211,29,779,154,26
868,38,465,Meshkat00057178,3010,111,1101,223,26
868,1257,1454,Masaha000554Vols,4670,1395,1595,148,94
868,38,228,QuranAnalysis001,187,1425,1580,125,81
868,1050,1488,QuranAnalysis001,188,121,534,294,79
868,22,465,Rafed0001713Vols,2120,333,652,229,60
868,1004,1488,Rafed0001713Vols,2121,399,1043,343,64
868,1050,1358,Shamela0000041,2098,79,361,192,71
868,1346,1488,Shamela0000041,2099,134,277,112,99
868,1050,1358,Shamela0023578,2555,376,658,192,71
868,38,465,Shamela0023578,2555,99,371,217,63
868,1202,1488,Shamela0023578,2559,926,1379,221,63
868,38,771,Shamela0023578,2559,96,607,284,41
868,1361,1488,Shamela0023578,2560,686,827,100,90
868,26,446,JK000876,1217,778,1317,216,47
869,0,189,Shia001432Vols,1900,1370,1560,150,99
869,189,1213,Shia001432Vols,2593,308,1274,327,29
869,0,192,Shia001432Vols,17360,493,719,112,51
869,0,189,Shamela0023632,2917,4,248,145,75
869,0,189,JK009268,3840,624,813,150,100
869,0,189,Sham19Y0023618,1381,878,1067,150,100
869,1039,1414,Shamela0023628,2885,941,1221,120,35
869,4,192,Shamela0023628,2886,0,188,149,100
869,0,189,Rafed0003257Vols,4394,198,387,150,100
869,24,172,Sham19Y0020891,5068,1295,1442,118,99
869,0,117,JK009270,4048,896,1013,93,100
869,0,189,Meshkat0014420,3805,720,909,150,100
869,774,1177,Tafsir01005,4771,730,963,83,23
869,578,1156,Meshkat00042485,5363,863,1439,211,34
869,24,189,Sham19Y0147312,1646,55,220,131,100
869,0,184,Zaydiyya0000062,1634,973,1160,146,96
869,0,189,Masaha000221,86,276,466,150,99
869,0,192,Shamela0037458,3459,987,1179,152,100
869,0,189,JK000791,1900,197,386,150,100
869,361,1145,Shamela0000922,1023,161,544,153,24
869,24,189,Shamela0000922,1024,379,1069,131,23
869,0,189,JK007018,615,538,737,150,94
869,0,189,Shia003744Vols,341,627,841,131,73
869,0,189,JK009396,1260,843,1032,150,100
869,0,189,Sham19Y0023608,3211,672,861,150,100
869,69,189,Meshkat00042488,1410,119,694,95,20
869,184,1156,ShamIbadiyya0000075,742,1054,1509,209,26
869,0,197,Shia002356Vols,978,1198,1401,151,93
869,0,133,Shamela0010523,180,1357,1489,106,99
869,24,160,ShamAY0034059,5226,79,219,109,97
869,24,189,JK001496,1860,821,987,131,99
869,631,1407,Tafsir02102,3356,367,1177,244,28
869,0,189,Shamela0008473,3938,748,937,150,100
869,0,189,Shamela0008473,4299,200,389,150,100
869,4,189,Shia002382Vols,2029,873,1091,147,84
869,0,189,Shamela0023591,5655,832,1021,150,100
869,0,197,Shamela0023591,5706,553,746,150,95
869,0,189,JK009266,7510,701,890,150,100
869,774,1145,Tafsir10098,1263,1249,1381,61,21
869,517,1213,JK000458,2791,204,975,270,37
869,0,189,Shamela0021821,1523,957,1146,150,100
869,4,189,Shia002389Vols,2372,0,232,109,48
869,1105,1275,Tafsir10066,1449,1176,1409,76,40
869,0,189,JK009362,6583,77,273,149,95
869,0,262,Rafed0003943Vols,1287,99,446,196,69
869,189,477,Shamela0010273,2541,766,1527,122,18
869,0,203,Shamela0010273,2545,210,420,152,90
869,189,848,Tafsir01006,1198,453,1316,258,30
869,1042,1213,Tafsir01006,1199,6,331,116,45
869,0,189,JK000264,3423,838,1027,150,100
869,69,189,Sham19Y0014404,1212,180,514,95,35
869,0,184,Masaha000554Vols,4675,426,617,146,96
869,0,189,QuranAnalysis001,188,534,723,150,100
869,0,189,Shamela0023596,115,904,1093,150,100
869,0,312,Rafed0001713Vols,2121,1043,1446,243,73
869,491,1156,Rafed0001713Vols,2122,702,1445,232,32
869,1105,1340,Tafsir04056,6149,984,1293,85,28
869,988,1145,Tafsir02094,3147,642,1142,122,31
869,39,189,Shamela0000041,2100,186,368,113,78
869,0,151,Shamela0023578,2559,1379,1529,120,99
869,631,1177,JK000876,1219,7,552,108,17
870,741,1480,Shia002380Vols,639,630,1148,210,32
870,601,1406,JK001496,1860,466,987,171,20
870,592,1406,Shia002382Vols,1497,533,1056,209,29
870,845,1406,Shia002382Vols,2030,0,383,149,30
870,601,1100,Tafsir05047,726,898,1383,150,30
870,1080,1480,Sham19Y0014404,1212,180,843,188,35
870,536,1016,Rafed0001713Vols,2124,1024,1297,139,36
870,1062,1401,Shamela0000041,2100,230,964,149,24
870,448,962,JK000876,1220,553,1150,197,36
871,7,479,Shamela0023632,2918,606,1078,377,100
871,7,625,JK009268,3854,552,1195,496,95
871,7,362,Sham19Y0023618,1382,1221,1575,283,99
871,401,625,Sham19Y0023618,1383,1322,1547,183,99
871,240,625,Shamela0023628,2888,277,663,311,99
871,130,479,Rafed0003257Vols,4396,902,1319,276,83
871,379,625,Rafed0003257Vols,4398,329,1023,201,35
871,401,625,Sham19Y0020891,5082,454,679,183,99
871,401,625,Sham19Y0020891,5085,91,334,106,46
871,347,550,JK009270,4058,160,361,163,99
871,7,401,Meshkat0014420,3809,1116,1519,314,96
871,479,625,Meshkat0014420,3813,162,308,120,100
871,384,550,Sham19Y0016584,4287,1155,1315,126,93
871,153,351,JK000081,1002,1333,1531,155,99
871,138,550,Sham19Y0147312,1647,869,1255,252,76
871,384,550,Sham19Y0018176,2326,827,987,126,93
871,7,254,Shamela0037458,3463,1309,1555,197,99
871,347,625,Shamela0037458,3467,619,897,226,100
871,384,550,JK000110,1732,63,223,126,93
871,328,455,JK000791,1903,0,127,101,100
871,248,625,JK007018,617,24,408,302,96
871,108,625,JK009396,1263,83,940,394,56
871,347,550,Sham19Y0023608,3216,1108,1312,164,99
871,384,550,ShamAY0035961,447,993,1153,126,93
871,7,479,Shia002356Vols,980,719,1185,370,97
871,30,367,Shamela0010523,182,1156,1492,268,99
871,367,625,Shamela0010523,183,0,258,210,100
871,401,625,ShamAY0034059,5240,601,831,183,97
871,202,625,Shia002380Vols,640,436,1259,331,50
871,384,550,PV2024060602,1732,63,223,126,93
871,401,640,JK001496,1866,138,370,187,95
871,108,625,Tafsir02102,3359,64,1261,400,41
871,362,550,Shamela0008473,3944,930,1118,152,100
871,130,625,Shia002382Vols,1501,19,1098,383,44
871,130,479,Shia002382Vols,2033,1089,1475,222,72
871,193,625,Shia002382Vols,2034,0,816,334,50
871,96,625,Shamela0023591,5718,0,530,423,99
871,30,277,Shamela0023591,5720,1317,1563,197,99
871,277,625,Shamela0023591,5721,0,349,281,99
871,7,479,JK009266,7514,388,885,374,93
871,379,625,JK009266,7518,809,1249,192,53
871,292,640,Shamela0021821,1525,935,1428,271,66
871,130,347,Shamela0021821,1525,369,687,146,56
871,30,625,JK009362,6683,129,730,477,98
871,401,550,JK007070,19,153,302,121,100
871,30,347,JK001110,55,318,635,251,99
871,401,550,JK001110,91,1400,1549,121,100
871,7,779,Rafed0003943Vols,1287,709,1259,442,71
871,240,401,Shamela0010273,2551,318,479,128,100
871,401,625,Shamela0010273,2553,159,384,183,99
871,384,550,Sham19Y0013605,4519,833,993,126,93
871,347,625,Masaha000554Vols,4688,148,423,218,95
871,30,625,QuranAnalysis001,188,731,1326,478,100
871,16,324,Shia001367,23,1250,1557,239,94
871,16,347,Shia001367,72,748,1079,257,95
871,347,625,Rafed0001713Vols,2128,1287,1565,226,99
871,384,550,Kraken220218125253,99,678,843,124,86
871,321,625,Tafsir04056,6165,607,1495,192,25
871,108,479,Shamela0000041,2101,17,465,292,82
871,7,566,Shamela0023578,2562,968,1527,448,99
871,108,479,Shamela0023578,2564,483,1149,293,55
872,1220,1513,Shia001432Vols,720,0,293,238,100
872,967,1090,Shia001432Vols,18937,1361,1483,95,99
872,381,758,Shamela0023632,2921,459,736,212,69
872,718,967,Shamela0023632,2922,438,722,203,87
872,967,1116,Shamela0023632,2924,637,786,115,100
872,1116,1271,Shamela0023632,2925,841,996,127,100
872,30,1001,JK009268,3854,905,1569,535,68
872,1001,1513,JK009268,3855,0,512,412,100
872,186,599,Sham19Y0023618,1383,1322,1547,183,54
872,626,973,Sham19Y0023618,1384,576,923,278,99
872,870,1504,Sham19Y0023618,1385,828,1557,483,81
872,1116,1350,Sham19Y0023618,1386,569,798,158,83
872,967,1083,Sham19Y0023618,1386,21,137,90,100
872,142,967,Shamela0023628,2888,416,1004,474,70
872,926,1513,Shamela0023628,2891,174,827,467,89
872,142,742,Rafed0003257Vols,4398,329,1139,308,41
872,742,1120,Rafed0003257Vols,4401,1025,1399,299,98
872,1116,1513,Rafed0003257Vols,4405,1054,1451,323,100
872,186,599,Sham19Y0020891,5082,454,679,183,54
872,186,718,Sham19Y0020891,5085,91,723,169,25
872,835,967,Sham19Y0020891,5089,773,905,108,100
872,967,1116,Sham19Y0020891,5093,1152,1301,115,100
872,1066,1271,Sham19Y0020891,5099,233,431,144,79
872,742,1350,Sham19Y0020966,291,636,1365,364,55
872,447,835,JK009270,4060,196,583,258,76
872,835,1271,JK009270,4063,827,1263,350,100
872,967,1116,Shamela0005756,15309,955,1104,115,100
872,381,967,Meshkat0014420,3813,162,649,393,82
872,967,1513,Meshkat0014420,3817,107,653,438,100
872,666,880,JK006476,1435,685,903,172,98
872,870,1106,JK006476,1436,1181,1412,135,73
872,1095,1445,JK006476,1438,285,840,267,60
872,735,1319,ShamAY0036821,1625,980,1557,465,98
872,194,796,Shamela0012851,449,478,1307,295,35
872,524,748,Sham19Y0147312,1648,740,943,154,83
872,742,967,Sham19Y0147312,1649,623,848,184,100
872,967,1276,Sham19Y0147312,1650,390,699,244,99
872,835,967,Sham19Y0013550,104,1238,1370,108,100
872,1116,1285,Sham19Y0013550,235,403,578,129,90
872,835,967,Sham19Y0013550,251,1043,1175,108,100
872,631,967,Sham19Y0013550,459,1101,1510,271,82
872,967,1116,Sham19Y0013550,460,275,424,115,100
872,142,742,Shamela0037458,3467,651,1013,292,60
872,742,1116,Shamela0037458,3470,969,1343,299,100
872,1116,1414,Shamela0037458,3476,1122,1420,242,100
872,828,967,JK000791,1904,860,998,110,97
872,967,1513,JK000791,1905,1010,1556,438,100
872,967,1264,Hindawi085315384,18,1249,1545,236,99
872,967,1075,Zaydiyya0000042,189,1531,1638,84,99
872,626,967,Shamela0000922,1027,216,647,227,59
872,967,1271,Shamela0000922,1028,56,678,242,48
872,142,1116,JK007018,617,157,1120,570,59
872,1090,1513,JK007018,618,513,939,333,95
872,30,742,JK009396,1263,345,1056,317,38
872,742,1116,JK009396,1264,221,595,299,100
872,1090,1480,JK009396,1265,1107,1518,311,91
872,447,742,Sham19Y0023608,3217,1094,1468,190,58
872,742,1116,Sham19Y0023608,3219,253,627,299,100
872,1116,1298,Sham19Y0023608,3222,1351,1532,149,99
872,835,967,JK000917,1329,278,410,108,100
872,1116,1271,JK000917,1330,397,552,127,100
872,1116,1271,Shamela0001340,182,999,1154,127,100
872,1257,1414,Shamela0001340,251,693,850,127,100
872,18,647,JK000818,520,717,1506,334,46
872,447,742,Meshkat00042488,1413,23,463,194,55
872,967,1116,Meshkat00042488,1414,1367,1516,115,100
872,835,967,Meshkat00042488,1414,0,132,108,100
872,1116,1271,Meshkat00042488,1415,685,840,127,100
872,30,563,ShamIbadiyya0000075,745,887,1599,278,41
872,870,1172,ShamIbadiyya0000075,746,915,1482,239,52
872,967,1513,Shamela0004473,8053,959,1505,438,100
872,200,967,Shia002356Vols,982,358,1014,430,66
872,967,1513,Shia002356Vols,984,523,1075,434,97
872,118,967,Shamela0010523,183,4,599,480,69
872,880,1513,Shamela0010523,184,845,1449,453,84
872,967,1414,ShamAY0034059,5256,544,997,353,97
872,30,777,Shia002380Vols,640,696,1534,421,52
872,912,1257,Shia002380Vols,641,760,1476,275,48
872,1257,1513,Shia002380Vols,642,0,294,208,87
872,967,1095,Shamela0001419,331,1493,1621,99,100
872,967,1116,JK001496,1870,494,643,115,100
872,30,657,Tafsir02102,3359,644,1292,319,48
872,912,1095,Tafsir02102,3360,1212,1583,143,49
872,524,748,Shamela0008473,3945,1219,1423,157,84
872,742,1053,Shamela0008473,3946,1131,1441,251,99
872,1116,1271,Shamela0008473,3951,666,821,127,100
872,30,758,Shia002382Vols,1501,458,1325,370,48
872,30,742,Shia002382Vols,2034,274,933,393,59
872,835,967,Shia002382Vols,2035,967,1098,107,99
872,934,1090,Shia002382Vols,2036,1302,1518,120,70
872,1090,1271,Shia002382Vols,2037,0,183,146,97
872,452,718,ShamIbadiyya0000050,4955,972,1455,156,39
872,30,1513,Shamela0023591,5718,239,1417,946,79
872,30,748,Shamela0023591,5721,58,469,327,56
872,718,1513,Shamela0023591,5729,318,1130,637,97
872,189,835,JK009266,7518,866,1458,340,56
872,835,1305,JK009266,7522,1100,1569,378,99
872,657,1116,Shamela0021821,1526,679,1267,363,77
872,1095,1513,Shamela0021821,1528,522,983,339,90
872,870,1513,Tafsir07053,190,0,636,511,98
872,835,967,Tafsir07053,192,11,143,108,100
872,967,1116,Tafsir07053,194,1319,1468,115,100
872,1106,1271,Tafsir07053,198,271,447,131,91
872,1116,1276,Shamela0009066,183,548,708,127,97
872,142,1424,JK009362,6683,483,1540,834,79
872,742,1414,JK001110,55,641,1313,541,100
872,647,962,JK001420,677,0,272,163,64
872,835,967,Shamela0022653,322,599,731,108,100
872,524,742,JK006478,7458,10,654,156,30
872,626,906,Tafsir08060,428,140,465,133,43
872,835,967,Rafed0003943Vols,647,1285,1417,108,100
872,381,835,Rafed0003943Vols,1289,1158,1514,285,77
872,835,1191,Rafed0003943Vols,1290,1244,1599,283,99
872,1191,1513,Rafed0003943Vols,1291,0,322,263,100
872,742,967,Shamela0010273,2557,21,440,164,47
872,912,1116,Shamela0010273,2559,696,1056,160,56
872,1095,1276,Shamela0010273,2561,231,431,144,89
872,967,1102,Zaydiyya0000075BK1,10,1363,1497,104,99
872,1116,1414,Zaydiyya0000075BK1,14,959,1257,239,97
872,524,742,Shamela0007798,7636,263,829,140,28
872,742,967,Shamela0007798,7638,542,835,155,64
872,967,1116,Shamela0007798,7641,35,184,115,100
872,1116,1271,Shamela0007798,7643,17,172,127,100
872,142,657,Tafsir01006,1202,541,1333,277,42
872,186,796,Tafsir06048,937,317,1126,322,42
872,796,967,Sham19Y0014404,1215,377,600,140,76
872,1083,1271,Sham19Y0014404,1216,397,667,150,68
872,1116,1271,Rafed0003799Vols,405,27,182,127,100
872,835,967,JK000379,79,1230,1362,108,100
872,452,748,Meshkat00057178,3021,481,932,133,31
872,742,982,Meshkat00057178,3022,542,1032,189,47
872,912,1116,Meshkat00057178,3024,279,577,160,68
872,1116,1271,Meshkat00057178,3025,648,803,127,100
872,524,712,Masaha000554Vols,4691,1102,1666,132,29
872,712,967,Masaha000554Vols,4692,0,251,204,98
872,967,1231,Masaha000554Vols,4698,1458,1721,206,97
872,30,758,QuranAnalysis001,188,1036,1457,338,57
872,758,1513,QuranAnalysis001,189,0,755,609,100
872,63,599,Rafed0001713Vols,2128,1279,1565,228,52
872,142,599,Rafed0001713Vols,2129,646,1436,264,40
872,835,967,Rafed0001713Vols,2131,463,595,108,100
872,967,1172,Rafed0001713Vols,2132,1337,1541,160,99
872,1172,1513,Rafed0001713Vols,2133,0,341,278,100
872,828,967,Zaydiyya0000476,242,1335,1474,110,97
872,967,1231,Tafsir04056,2927,1218,1481,209,99
872,92,599,Tafsir04056,6165,996,1495,181,32
872,784,973,Shamela0000041,2103,0,189,154,100
872,926,1271,Shamela0000041,2104,1198,1562,271,92
872,540,742,Shamela0023578,2563,0,175,140,86
872,864,1513,Shamela0023578,2566,0,649,523,100
872,926,1116,Shamela0023578,2568,1076,1301,144,82
872,447,718,JK000876,1224,484,1013,178,40
873,1299,1501,Meshkat00042485,5386,865,1122,140,67
873,1016,1554,JK000818,521,591,1014,210,44
873,1233,1558,Shia002380Vols,641,774,996,146,54
873,218,794,Tafsir01006,1203,385,1250,253,30
873,1299,1554,Tafsir01006,1204,359,658,158,61
873,1365,1551,Rafed0001713Vols,2133,389,607,128,75
874,0,429,Shia001432Vols,18942,830,1322,169,38
874,907,1524,ShamIbadiyya0000075,747,405,1009,325,52
874,1227,1532,JK000458,2804,245,844,187,37
874,0,363,Tafsir01006,1204,662,1078,155,43
874,914,1524,Tafsir01006,1205,456,1314,345,44
874,0,387,Rafed0001713Vols,2133,672,1378,196,33
874,1023,1532,Rafed0001713Vols,2135,184,919,302,45
874,1162,1532,JK000876,1228,17,585,232,48
875,466,640,JK000330,1060,16,190,142,100
875,24,682,Shia001432Vols,2508,98,567,364,68
875,134,305,Shia001432Vols,22316,186,323,98,73
875,60,305,Shamela0023632,2928,0,245,196,100
875,305,640,Shamela0023632,2929,304,639,271,100
875,24,676,JK009268,3855,512,1145,499,95
875,24,165,Sham19Y0023618,1386,1369,1509,112,99
875,305,640,Sham19Y0023618,1387,774,1109,271,100
875,24,330,Shamela0023628,2891,827,1133,246,100
875,222,640,Shamela0023628,2893,799,1360,337,73
875,24,606,Rafed0003257Vols,4407,1015,1596,469,99
875,466,606,Sham19Y0020891,5123,625,955,107,40
875,134,356,JK009270,4072,317,540,178,98
875,330,640,JK009270,4075,1151,1452,242,97
875,24,640,Meshkat0014420,3820,308,923,496,99
875,148,365,JK006476,1440,0,226,175,96
875,365,567,JK006476,1440,1263,1477,161,94
875,134,305,Sham19Y0147312,1651,1154,1325,137,100
875,305,640,Sham19Y0147312,1652,1058,1406,193,58
875,134,450,Shamela0006947,4442,38,354,254,100
875,134,305,Sham19Y0132524,771,75,246,137,100
875,134,450,Shamela0037458,3480,441,757,254,100
875,402,643,Shamela0037458,3483,1215,1475,166,79
875,43,698,JK000791,1907,0,706,528,92
875,134,305,Shamela0000922,1029,125,296,137,100
875,32,265,JK007018,618,1224,1465,185,95
875,265,640,JK007018,619,0,694,298,53
875,466,606,JK000906,8831,1147,1651,108,25
875,24,305,JK009396,1266,1190,1471,225,100
875,128,640,JK009396,1267,336,930,306,52
875,24,305,Sham19Y0023608,3225,743,1024,225,100
875,282,640,Sham19Y0023608,3228,61,426,278,94
875,862,1024,Shamela0021715,2117,34,526,118,30
875,276,497,JK000381,4075,1424,1647,161,90
875,82,309,Meshkat00042488,1417,6,313,180,73
875,466,606,Meshkat00042488,1418,831,971,115,100
875,484,676,Shamela0004473,3830,0,188,131,77
875,134,305,Shamela0022371,253,459,630,137,100
875,427,606,ShamAY0033108,1486,741,1106,145,49
875,134,282,Shia002356Vols,985,1434,1581,117,98
875,282,640,Shia002356Vols,986,0,358,288,98
875,89,606,Shamela0010523,185,0,517,417,100
875,119,309,Noorlib0015842,39,284,481,144,92
875,157,526,Shia002380Vols,642,625,1546,285,38
875,134,305,JK001496,1873,904,1076,137,99
875,305,526,Shamela0008473,2437,414,635,177,100
875,24,305,Shamela0008473,3953,169,450,225,100
875,212,640,Shamela0008473,3954,810,1447,345,66
875,356,582,Shia002382Vols,1505,715,1544,178,26
875,24,322,Shia002382Vols,2038,347,652,230,93
875,356,640,Shia002382Vols,2039,523,921,206,63
875,123,640,Shamela0023591,5719,0,517,417,100
875,24,682,Shamela0023591,5737,337,1012,510,93
875,32,466,JK009266,7531,147,581,348,100
875,305,640,JK009266,7537,14,463,235,60
875,32,305,Shamela0021821,1529,146,419,219,100
875,228,620,Shamela0021821,1529,1029,1534,302,71
875,24,640,JK009362,6684,89,705,496,99
875,134,582,JK001420,677,716,1191,192,41
875,293,606,Shamela0011354,66,1186,1499,248,98
875,24,361,Rafed0003943Vols,1291,1268,1604,271,99
875,361,676,Rafed0003943Vols,1292,0,442,254,71
875,134,305,Shamela0010273,2566,694,865,137,100
875,261,526,Shamela0010273,2568,466,744,192,87
875,466,640,Shamela0007798,7651,593,767,142,100
875,119,305,Shamela0012293,4117,44,235,142,93
875,24,305,Sham19Y0014404,1217,989,1489,222,55
875,330,526,Sham19Y0014404,1218,893,1451,126,27
875,51,305,Meshkat00057178,3028,108,441,184,66
875,402,640,Meshkat00057178,3030,29,950,184,24
875,32,305,Masaha000554Vols,4709,934,1209,218,98
875,24,640,QuranAnalysis001,189,755,1371,496,100
875,82,305,Rafed0001713Vols,2136,404,698,178,75
875,222,640,Rafed0001713Vols,2137,212,924,336,58
875,128,305,JK000122,852,1298,1475,138,97
875,134,305,Shamela0000432,4731,417,588,137,100
875,466,606,Tafsir04056,6183,806,1350,115,25
875,212,501,Shamela0000041,2106,1219,1531,232,91
875,82,305,Shamela0000041,2106,0,223,178,100
875,501,640,Shamela0000041,2107,0,139,113,100
875,24,640,Shamela0023578,2570,104,720,496,100
875,212,640,Shamela0023578,2571,789,1547,341,55
876,671,864,Shia001432Vols,542,1243,1436,158,100
876,430,1100,Shia001432Vols,2508,438,642,162,29
876,671,882,Shamela0023632,2930,1321,1532,172,100
876,882,1100,Shamela0023632,2932,915,1133,178,100
876,1019,1346,Shamela0023632,2933,480,897,256,75
876,1346,1609,Shamela0023632,2936,725,989,212,99
876,671,1415,JK009268,3865,814,1559,606,99
876,1100,1505,JK000637,2285,347,863,301,68
876,430,882,Sham19Y0023618,1387,995,1320,266,71
876,1100,1341,Sham19Y0023618,1390,1301,1541,197,99
876,430,882,Shamela0023628,2893,1246,1570,266,71
876,882,1220,Shamela0023628,2894,0,338,277,100
876,430,882,Rafed0003257Vols,4411,545,1085,272,54
876,882,1040,Rafed0003257Vols,4412,1495,1652,130,99
876,1040,1609,Rafed0003257Vols,4413,0,570,461,99
876,0,629,Tafsir09084,2011,240,1078,240,28
876,671,882,Sham19Y0020891,5113,1132,1343,172,100
876,1019,1415,Sham19Y0020891,5122,711,1350,321,61
876,832,1290,Tafsir09068,965,343,1482,328,35
876,671,864,JK000362,232,242,435,158,100
876,671,864,JK000362,965,756,949,158,100
876,671,847,JK010001,871,1388,1563,144,99
876,1100,1415,JK010001,2625,251,566,256,100
876,671,974,JK009270,4079,86,389,248,100
876,974,1220,JK009270,4083,611,857,201,100
876,1207,1609,JK009270,4087,1116,1548,325,93
876,671,1019,Meshkat0014420,3824,56,404,285,100
876,1019,1415,Meshkat0014420,3826,721,1117,321,100
876,231,882,JK006476,1441,505,1111,307,50
876,787,1089,JK006476,1442,138,454,210,80
876,671,1377,ShamAY0036821,1627,755,1450,563,98
876,1410,1609,ShamAY0036821,1628,976,1175,160,99
876,1037,1238,Shamela0012851,455,0,269,163,74
876,915,1220,Sham19Y0147312,1655,0,305,250,100
876,1100,1415,Shia002550Vols,264,253,529,225,87
876,671,882,Shamela0006947,1704,473,684,172,100
876,662,882,Shamela0006947,3461,1166,1388,174,96
876,671,1019,Shamela0006947,4442,364,712,285,100
876,705,882,Shamela0006947,9370,0,177,146,100
876,671,864,Shamela0006947,17462,1291,1484,158,100
876,671,864,Shamela0006947,19694,995,1188,158,100
876,1077,1346,Masaha000221,87,255,516,206,94
876,671,882,Shamela0037458,3485,732,943,172,100
876,1220,1505,Shamela0037458,3494,1190,1475,229,100
876,1077,1415,Shamela0021512,69,539,864,261,95
876,832,1014,Zaydiyya0000355,25,971,1158,149,96
876,629,882,JK000791,1908,831,1108,184,82
876,867,1123,JK000791,1909,424,677,191,91
876,1290,1609,JK000791,1911,1016,1336,257,99
876,1077,1415,JK000365,280,1236,1560,261,94
876,1100,1505,JK000474,3342,710,1237,302,71
876,671,1014,Shamela0000922,1030,268,1162,280,38
876,671,885,Tafsir07076,2896,656,880,172,94
876,671,882,Tafsir07076,5495,725,936,172,100
876,671,882,Tafsir07076,7418,278,489,172,100
876,671,882,Tafsir07076,9237,572,783,172,100
876,671,882,Tafsir07076,9443,612,823,172,100
876,671,864,Tafsir07076,9497,775,968,158,100
876,671,864,Tafsir07076,9519,134,327,158,100
876,885,1415,Shamela0023644,1908,115,651,261,48
876,671,1220,JK007018,620,79,1200,432,47
876,671,882,JK009396,1268,943,1154,172,100
876,430,882,Sham19Y0023608,3230,503,1488,280,32
876,974,1415,Sham19Y0023608,3233,510,961,347,94
876,1100,1415,JK000381,2202,200,515,256,100
876,1100,1415,JK000381,3420,413,728,256,100
876,791,1190,JK000818,523,813,1584,301,47
876,538,787,Meshkat00042488,1419,17,253,147,67
876,882,1089,Meshkat00042488,1420,496,1162,165,30
876,1100,1415,Sham19Y0020587,17,929,1244,256,100
876,671,882,Shamela0004473,3457,1162,1373,172,100
876,671,1100,Shamela0022371,253,938,1434,178,36
876,671,1040,Shia002356Vols,987,172,542,284,93
876,907,1415,Shia002356Vols,988,246,747,358,81
876,606,1609,Shamela0010523,187,0,970,788,96
876,787,1019,ShamAY0034059,5281,58,296,188,95
876,974,1141,ShamAY0034059,5283,121,289,136,99
876,867,1285,Tafsir04038,535,38,600,274,60
876,0,279,Shia002380Vols,642,1323,1553,124,46
876,430,867,Shia002380Vols,643,316,895,270,49
876,882,1100,Shia002380Vols,643,1194,1600,177,53
876,1220,1609,Shia002380Vols,644,693,1415,312,53
876,257,767,JK001496,1876,748,1574,236,30
876,997,1415,JK001496,1879,613,1358,323,53
876,408,791,Tafsir02102,3364,22,737,227,35
876,856,1141,Tafsir02102,3365,886,1445,228,50
876,0,629,Shamela0008473,3955,717,1603,250,28
876,629,882,Shamela0008473,3956,66,335,190,87
876,1100,1415,Zaydiyya0000398,135,644,959,256,100
876,18,500,Shia002382Vols,1505,915,1535,170,27
876,538,867,Shia002382Vols,1506,19,500,221,51
876,18,279,Shia002382Vols,2039,924,1146,118,46
876,867,1100,Shia002382Vols,2040,1211,1438,179,92
876,538,922,Shia002382Vols,2040,44,409,236,72
876,882,1207,Shia002382Vols,2041,150,908,254,40
876,1164,1415,Tafsir07055,2714,0,251,203,100
876,882,1100,Hindawi040635716,218,1058,1276,178,100
876,671,867,Hindawi069071351,52,313,509,158,98
876,430,1609,Shamela0023591,5719,403,1456,857,89
876,629,1100,Shamela0023591,5743,1081,1555,361,93
876,1100,1415,Shamela0023591,5744,0,315,256,100
876,671,1609,JK009266,7538,80,1019,763,99
876,1100,1327,Kraken21040109,390,1139,1368,183,97
876,1321,1609,Kraken21040109,391,175,462,222,95
876,671,882,Shamela0021821,1530,797,1008,172,100
876,842,1123,Shamela0021821,1531,138,435,195,78
876,430,1539,JK009362,6684,591,1588,800,87
876,671,856,JK001110,55,1319,1503,151,99
876,1100,1463,Shamela0009292,26,0,248,185,62
876,1141,1415,Shamela0021499,18,0,274,222,100
876,430,882,JK001420,677,1135,1489,225,61
876,832,1405,JK001420,678,221,870,244,35
876,603,1117,JK000065,208,533,927,222,47
876,671,864,Shia003986,303,1118,1312,158,99
876,1074,1463,JK000055,367,871,1125,197,62
876,974,1110,JK006478,7480,37,445,96,29
876,1100,1415,Tafsir05045,198,1063,1378,256,100
876,430,787,Rafed0003943Vols,1292,165,395,188,64
876,787,974,Rafed0003943Vols,1292,1429,1615,154,99
876,974,1100,Rafed0003943Vols,1293,0,126,102,100
876,882,1089,Shamela0010273,2575,1425,1631,169,99
876,1100,1415,Shamela0010273,2577,698,1013,256,100
876,552,882,Shamela0007798,7652,366,861,229,55
876,55,737,Tafsir01006,1207,13,820,314,41
876,954,1238,Tafsir06048,941,904,1464,231,50
876,430,882,Sham19Y0014404,1219,91,1254,258,24
876,856,1089,Sham19Y0014404,1220,52,671,175,34
876,430,787,Meshkat00057178,3030,637,1066,199,47
876,974,1117,Meshkat00057178,3032,1093,1566,112,29
876,430,856,QuranAnalysis001,189,1257,1555,245,69
876,856,1609,QuranAnalysis001,190,0,754,612,99
876,1100,1415,Shamela0006886,6,645,960,256,100
876,430,797,Rafed0001713Vols,2138,888,1592,239,37
876,1019,1415,Rafed0001713Vols,2141,99,495,321,100
876,671,864,Shamela0000432,4317,15,208,158,100
876,671,907,Shamela0000432,4613,872,1088,170,88
876,1170,1609,Shamela0009065,73,0,556,355,78
876,430,922,Shamela0000041,2107,733,1141,273,64
876,832,1220,Shamela0000041,2108,598,1018,302,86
876,1297,1609,Shamela0000041,2112,223,547,251,96
876,430,1415,Shamela0023578,2570,606,1464,700,87
876,954,1141,Shamela0023578,2573,633,971,152,55
877,1227,1606,Shamela0023628,2896,6,437,160,36
877,1309,1524,Tafsir01005,4797,1016,1256,113,50
877,1402,1624,Meshkat00042485,5414,155,626,155,39
877,1171,1582,Shamela0021766,3638,185,1379,220,22
877,1073,1592,JK000818,523,1005,1439,235,47
877,32,568,ShamIbadiyya0000075,749,0,292,215,48
877,1073,1582,ShamIbadiyya0000075,749,994,1644,289,48
877,1402,1524,ShamAY0033108,1487,1328,1497,74,48
877,1042,1538,Shia002380Vols,643,1172,1613,255,53
877,28,568,Shia002380Vols,643,509,892,214,44
877,28,568,Shia002382Vols,1506,114,497,214,44
877,28,568,Shia002382Vols,2040,379,761,213,44
877,1073,1547,Shia002382Vols,2041,150,750,253,42
877,28,568,Tafsir01006,1207,754,1496,239,33
877,1042,1624,Tafsir01006,1208,260,1452,339,32
877,1402,1529,Tafsir06048,941,1195,1316,80,76
877,1073,1547,Sham19Y0014404,1220,171,853,255,41
878,519,712,Tafsir09084,2016,297,595,139,59
878,1037,1296,Meshkat00042485,5419,839,1200,166,58
878,512,673,Shamela0001466,2751,85,300,124,72
878,519,697,Sham19Y0014592,838,255,459,126,72
878,519,673,Shamela0021766,3641,506,704,117,73
878,833,1496,JK000818,524,59,766,271,36
878,1082,1291,Shia002380Vols,644,722,922,131,70
878,1007,1296,Shia002382Vols,1509,181,420,158,63
878,1007,1291,Shia002382Vols,2043,999,1234,154,63
878,512,673,JK009266,7546,1318,1532,122,71
878,1116,1484,JK000458,2811,692,1418,230,39
878,930,1401,Tafsir01006,1209,903,1617,270,45
878,526,697,Tafsir04003,3268,344,552,120,68
878,1116,1484,Sham19Y0014404,1221,542,1106,224,45
878,526,683,Rafed0001713Vols,2142,1224,1406,122,84
878,519,673,Shamela0008648,6,1353,1556,123,75
878,519,673,Shamela0000041,2110,286,495,123,73
878,519,673,Shamela0023578,2576,393,601,122,73
879,760,999,JK000330,1076,860,1097,189,97
879,500,665,Shia001432Vols,720,310,475,132,100
879,500,999,Shia001432Vols,2508,651,1062,321,80
879,987,1148,Shia001432Vols,24159,1159,1331,124,90
879,760,999,Shia002185Vols,659,899,1138,191,98
879,322,760,Shamela0023632,2938,311,749,351,99
879,760,1014,Shamela0023632,2940,557,806,200,97
879,891,1270,Shamela0023632,2941,466,925,270,69
879,229,1270,JK009268,3866,143,1170,803,95
879,229,760,Sham19Y0023618,1392,1027,1545,398,92
879,760,1270,Sham19Y0023618,1394,277,787,410,100
879,264,999,Shamela0023628,2899,21,740,580,97
879,301,760,Shamela0023628,2900,78,1211,358,39
879,912,1270,Shamela0023628,2901,428,914,282,72
879,376,665,Rafed0003257Vols,4417,209,499,231,99
879,591,1270,Rafed0003257Vols,4418,551,1450,541,74
879,294,494,Zaydiyya0000044,247,1015,1276,120,57
879,500,668,Tafsir09083,1230,51,723,130,24
879,500,665,ShamAY0035562,13,276,441,131,99
879,335,668,Tafsir09084,2021,215,1063,224,33
879,369,500,Sham19Y0020891,5132,1002,1133,103,97
879,500,668,Sham19Y0020891,5133,685,853,131,98
879,760,1148,Sham19Y0020891,5134,1000,1389,313,99
879,301,668,Tafsir09068,966,855,1568,218,37
879,500,665,JK000362,1475,1065,1230,131,99
879,494,665,JK010001,1222,167,338,132,97
879,500,665,JK010001,2707,725,890,131,99
879,992,1148,JK010001,3145,599,754,120,96
879,500,625,JK010001,3159,668,793,99,99
879,500,608,JK010001,3257,158,266,87,100
879,376,760,JK009270,4092,282,666,307,99
879,760,1128,JK009270,4096,591,907,214,67
879,999,1152,JK009270,4098,1343,1495,122,99
879,760,999,Shamela0012396BK1,724,10,249,194,100
879,229,665,Meshkat0014420,3831,504,927,323,91
879,665,1270,Meshkat0014420,3834,33,638,486,100
879,322,537,JK006476,1446,35,255,173,96
879,760,1048,JK006476,1447,994,1289,231,96
879,885,1303,JK006476,1448,379,1056,309,57
879,229,708,ShamAY0036821,1628,1123,1575,339,87
879,754,1234,ShamAY0036821,1630,756,1232,378,98
879,760,999,JK000373,293,1097,1334,189,97
879,376,665,Meshkat00042485,5425,12,1039,228,27
879,214,760,Sham19Y0147312,1657,1039,1501,353,77
879,703,1270,Sham19Y0147312,1658,559,1183,436,86
879,503,740,Shamela0022769,1289,57,909,187,27
879,294,725,Tafsir02067,800,317,1490,330,34
879,862,1148,Shamela0006947,5130,760,1046,228,98
879,475,673,Hindawi013538483,579,664,859,141,89
879,484,668,Shamela0037458,3499,0,184,145,98
879,602,999,Shamela0037458,3500,60,828,314,50
879,999,1270,Shamela0037458,3502,1106,1377,216,100
879,229,500,JK000791,1911,1284,1542,191,86
879,294,760,JK000791,1913,646,1146,269,57
879,760,999,JK000791,1914,746,983,189,97
879,922,1270,JK000791,1915,424,903,274,71
879,405,542,Shamela0021766,3646,820,1107,109,47
879,322,668,Shamela0000922,1032,225,853,276,54
879,922,1278,Shamela0000922,1034,287,790,242,60
879,760,1042,JK000368,132,17,339,219,83
879,559,1020,JK007018,622,868,1391,250,50
879,322,760,JK007018,622,28,749,334,57
879,999,1270,JK007018,623,56,327,212,97
879,359,665,Tafsir04039,2922,236,1239,236,29
879,1020,1248,Tafsir04039,2925,0,480,176,46
879,322,500,JK009396,1272,1100,1278,144,100
879,625,1004,JK009396,1273,914,1302,239,67
879,500,760,JK009396,1273,310,570,207,99
879,922,1270,JK009396,1274,647,1096,223,54
879,322,500,Sham19Y0023608,3237,744,922,144,100
879,424,760,Sham19Y0023608,3238,749,1353,269,55
879,500,631,Sham19Y0023608,3239,63,547,96,25
879,760,999,Sham19Y0023608,3240,557,796,194,100
879,949,1270,Sham19Y0023608,3242,47,529,256,66
879,760,999,Shamela0009637,49,1021,1260,194,100
879,500,665,JK000381,6108,432,597,131,99
879,234,621,JK000818,524,871,1568,281,50
879,912,1270,JK000818,525,881,1500,270,55
879,75,668,Meshkat00042488,1423,3,1410,331,28
879,999,1148,Meshkat00042488,1425,1244,1393,119,100
879,1028,1278,Meshkat00042488,1426,0,432,189,55
879,500,1057,ShamIbadiyya0000075,752,429,1539,437,48
879,1073,1264,ShamIbadiyya0000075,753,0,367,150,51
879,503,725,Rafed0003726Vols,1197,1296,1534,133,68
879,790,1270,Rafed0003726Vols,1198,72,519,270,66
879,500,665,Shamela0004473,4324,1142,1307,132,100
879,992,1148,Shamela0004473,8097,1416,1570,120,96
879,494,665,Shamela0004473,11621,1369,1540,133,97
879,999,1148,Shamela0004473,16473,737,886,119,100
879,665,1270,Shamela0022371,254,200,762,256,37
879,330,760,ShamAY0033108,1491,24,915,333,46
879,891,1270,ShamAY0033108,1492,211,1118,287,39
879,846,999,Sham19Y0145435,3189,0,153,124,100
879,229,665,Shia002356Vols,989,873,1288,313,88
879,591,1081,Shia002356Vols,990,980,1548,377,81
879,1081,1273,Shia002356Vols,991,0,193,151,98
879,229,906,Shamela0010523,187,918,1581,518,94
879,906,1270,Shamela0010523,188,0,364,291,100
879,322,548,ShamAY0034059,5301,727,956,182,98
879,500,821,ShamAY0034059,5303,1196,1520,256,98
879,760,1128,ShamAY0034059,5307,1156,1509,275,91
879,999,1278,ShamAY0034059,5311,281,570,220,95
879,359,1204,Shia002380Vols,645,0,1543,667,53
879,760,1148,JK001496,1884,913,1306,310,97
879,294,475,Tafsir02091,1737,1107,1500,143,44
879,475,760,Tafsir02091,1738,0,649,221,42
879,322,999,Tafsir02102,3366,600,1516,533,72
879,999,1273,Tafsir02102,3367,338,743,214,66
879,322,500,Shamela0008473,3972,62,239,143,99
879,500,760,Shamela0008473,3972,801,1059,205,98
879,760,999,Shamela0008473,3974,906,1145,191,98
879,922,1270,Shamela0008473,3975,918,1444,274,65
879,294,494,Shia002382Vols,1510,895,1216,161,61
879,999,1270,Shia002382Vols,1512,123,460,177,63
879,294,668,Shia002382Vols,2045,441,852,280,84
879,668,1148,Shia002382Vols,2046,871,1384,315,74
879,484,665,Tafsir07055,1281,104,287,133,88
879,500,665,Tafsir07055,2798,651,816,131,99
879,992,1148,Tafsir07055,3234,323,478,120,96
879,500,608,Tafsir07055,3345,230,338,87,100
879,271,827,Tafsir05047,734,464,1532,396,45
879,885,1204,Tafsir05047,735,183,650,250,66
879,376,665,AOCP202502141169Vols,2109,94,816,207,35
879,500,665,Shamela0003055,2429,1277,1442,132,100
879,500,665,Shamela0003055,3522,876,1041,132,100
879,229,419,Shamela0023591,5719,1404,1580,125,79
879,419,1270,Shamela0023591,5720,0,851,683,99
879,264,760,Shamela0023591,5752,0,480,386,96
879,760,1270,Shamela0023591,5757,932,1442,410,100
879,376,1004,JK009266,7555,292,920,500,99
879,999,1303,JK009266,7562,585,881,227,93
879,760,999,Shamela0010283,4873,954,1193,194,100
879,294,760,Shamela0021821,1534,597,1282,330,59
879,714,1270,Shamela0021821,1535,603,1289,438,79
879,264,500,Tafsir10066,1467,172,911,176,29
879,229,1270,JK009362,6685,19,1055,804,95
879,694,1270,JK001110,56,61,405,268,58
879,760,999,JK000911,1822,951,1188,189,97
879,390,665,JK006478,7492,173,934,215,35
879,494,665,Zaydiyya0000039,246,845,1016,132,97
879,229,1270,Rafed0003943Vols,1296,122,1151,808,96
879,322,500,Shamela0010273,2584,1312,1490,144,100
879,500,665,Shamela0010273,2585,1469,1633,131,98
879,665,1036,Shamela0010273,2587,1193,1637,270,69
879,1036,1152,Shamela0010273,2588,0,116,90,98
879,424,616,Shamela0007798,7667,1277,1556,151,66
879,665,999,Shamela0007798,7669,928,1430,242,58
879,922,1148,Shamela0007798,7671,435,831,174,55
879,891,1317,Tafsir01006,1212,204,948,290,45
879,987,1163,Shamela0012293,1140,83,254,128,92
879,760,999,Shamela0012226,191,223,474,194,95
879,405,568,Tafsir04003,3272,110,340,132,70
879,1011,1273,Tafsir04003,3274,822,1433,207,42
879,225,665,Sham19Y0014404,1222,59,1032,338,43
879,625,862,Sham19Y0014404,1223,61,634,187,40
879,922,1270,Sham19Y0014404,1224,403,1173,276,44
879,322,668,Meshkat00057178,3039,6,907,250,33
879,999,1270,Meshkat00057178,3042,427,983,216,48
879,369,760,Masaha000554Vols,4741,537,919,297,95
879,500,665,Masaha000554Vols,4743,90,681,130,27
879,760,1148,Masaha000554Vols,4746,875,1262,308,97
879,500,608,Masaha000554Vols,5535,1527,1634,87,99
879,409,703,JK000447,681,0,468,177,45
879,229,1106,QuranAnalysis001,190,702,1565,678,95
879,1106,1270,QuranAnalysis001,191,0,164,131,100
879,229,665,Rafed0001713Vols,2145,66,490,322,90
879,369,568,Rafed0001713Vols,2146,680,1469,159,24
879,760,999,Rafed0001713Vols,2148,4,243,194,100
879,999,1273,Rafed0001713Vols,2149,448,722,216,99
879,992,1148,Shamela0000432,3845,1270,1424,119,96
879,424,628,Tafsir04042,1858,0,415,153,46
879,992,1148,Tafsir04056,6201,512,788,120,54
879,500,665,JK006950,412,10,175,131,99
879,760,999,Shamela0009783BK1,3350,790,1029,194,100
879,288,728,Shamela0000041,2113,795,1516,348,59
879,229,1270,Shamela0023578,2581,86,1114,808,96
879,364,760,Shamela0023578,2583,0,583,317,67
879,922,1196,Shamela0023578,2584,885,1192,219,89
879,424,728,JK000876,1236,199,975,221,34
880,0,880,Shamela0023632,2938,413,729,254,35
880,0,968,JK009268,3866,325,661,270,34
880,0,433,JK009268,3873,1105,1551,146,34
880,0,880,Sham19Y0023618,1392,1209,1525,254,35
880,0,968,Shamela0023628,2899,165,501,270,34
880,0,986,Shamela0023628,2900,522,1235,348,39
880,0,116,Tafsir09083,1229,945,1089,63,47
880,1084,1427,Tafsir09083,1231,156,662,142,27
880,0,774,Tafsir09084,2021,444,1289,204,21
880,0,880,JK009270,4092,330,646,254,35
880,0,658,Meshkat0014420,3831,686,927,193,36
880,0,375,Meshkat00042485,5425,146,689,189,38
880,4,438,Shamela0012851,460,0,337,164,41
880,602,1553,Tafsir02104,461,626,1425,280,28
880,0,880,Sham19Y0147312,1657,1165,1481,253,35
880,0,383,Tafsir02067,800,626,1107,145,32
880,0,366,Shamela0021766,3646,849,1430,174,33
880,0,442,Shamela0000922,1032,418,1083,179,29
880,0,208,Tafsir07076,8323,1036,1516,105,25
880,0,658,Tafsir04039,2922,460,1239,237,29
880,0,202,JK000906,8845,655,1210,108,23
880,0,880,Sham19Y0023608,3238,749,1333,269,31
880,0,288,JK000465,3287,1025,1512,124,25
880,0,438,JK000818,524,1245,1568,172,40
880,0,1416,ShamAY0033108,1491,211,1385,464,35
880,0,968,Shamela0010523,187,1100,1436,269,34
880,0,116,ShamAY0034059,5302,152,355,71,43
880,0,1099,Shia002380Vols,645,117,788,328,32
880,1084,1565,Shia002380Vols,645,773,1154,163,31
880,0,968,Tafsir02102,3366,759,1221,287,36
880,0,355,Shia002382Vols,1510,1146,1589,146,32
880,1317,1565,Shia002382Vols,2047,5,208,126,52
880,0,1099,Tafsir05047,734,687,1506,350,35
880,0,968,Shamela0023591,5720,5,341,270,34
880,0,968,Shamela0023591,5752,144,480,270,34
880,0,375,JK000458,2813,220,934,178,27
880,0,968,Shamela0021821,1534,756,1282,269,30
880,0,968,JK009362,6685,201,538,267,34
880,0,658,JK006478,7492,278,934,194,24
880,0,968,Rafed0003943Vols,1296,304,641,268,34
880,160,658,Shamela0010273,2585,1469,1633,132,32
880,1103,1427,Shamela0010273,2588,533,861,92,25
880,602,1389,Tafsir01006,1211,506,1543,354,33
880,0,412,Tafsir04003,3272,158,614,182,44
880,733,1132,Meshkat00057178,3040,1004,1460,94,16
880,0,438,JK000447,681,35,396,150,33
880,0,968,QuranAnalysis001,190,884,1220,269,34
880,0,658,Rafed0001713Vols,2145,248,490,192,36
880,0,299,Rafed0001713Vols,2146,1034,1611,166,35
880,1103,1509,Rafed0001713Vols,2148,337,1266,172,19
880,0,465,Tafsir04042,1858,0,422,180,36
880,0,143,Tafsir07057,4258,1083,1387,76,31
880,0,968,Shamela0023578,2581,268,604,270,34
880,0,880,Shamela0023578,2583,60,563,255,30
881,733,926,ShamAY0037152,349,103,296,156,100
881,770,970,Shia001432Vols,1300,935,1135,162,100
881,30,512,Shamela0023632,2941,549,925,239,58
881,747,926,Shamela0023632,2944,0,179,145,100
881,926,1106,Shamela0023632,2946,139,319,146,100
881,5,512,JK009268,3866,848,1170,252,62
881,610,1106,JK009268,3876,236,728,391,94
881,5,512,Sham19Y0023618,1394,466,787,256,63
881,639,808,Sham19Y0023618,1395,1210,1379,138,100
881,593,783,Shamela0023628,2905,57,605,120,25
881,733,1013,Shamela0023628,2905,1184,1528,227,80
881,5,512,Rafed0003257Vols,4418,1129,1450,256,63
881,639,898,Rafed0003257Vols,4423,1417,1682,211,96
881,898,1106,Rafed0003257Vols,4424,0,208,169,100
881,770,970,JK000100,149,862,1062,162,100
881,770,1036,JK009270,4109,403,669,216,100
881,5,512,Meshkat0014420,3834,317,638,256,63
881,639,970,Meshkat0014420,3838,460,802,270,96
881,5,433,ShamAY0036821,1630,950,1227,217,64
881,662,1106,ShamAY0036821,1631,527,967,353,97
881,321,525,Meshkat00042485,5434,1043,1258,142,72
881,5,512,Sham19Y0147312,1658,862,1183,256,63
881,863,1106,Sham19Y0147312,1662,227,470,197,100
881,662,926,ShamAY0032827,6,171,435,214,99
881,662,926,Zaydiyya0000025,61,795,1059,215,100
881,639,808,Shamela0010517,2804,378,548,138,98
881,97,512,Shamela0037458,3502,1106,1377,216,65
881,733,980,Shamela0037458,3506,826,1069,196,97
881,5,512,JK000791,1915,517,903,270,62
881,759,1109,JK000791,1917,318,699,283,91
881,662,926,Shamela0001524,2001,345,609,215,100
881,60,512,Shamela0000922,1034,404,784,223,52
881,662,856,Sham19Y0009800,511,1351,1544,158,99
881,97,808,JK007018,623,56,844,371,49
881,662,926,JK003609,5386,1112,1376,214,99
881,118,512,Tafsir04039,2925,0,533,209,42
881,662,870,Shamela0037325,344,1288,1495,170,99
881,60,512,JK009396,1274,793,1096,226,62
881,486,808,JK009396,1275,63,446,182,56
881,808,1106,JK009396,1276,474,773,242,99
881,5,512,Sham19Y0023608,3242,47,529,266,53
881,639,1106,Sham19Y0023608,3244,712,1179,380,100
881,5,525,JK000818,525,966,1513,292,55
881,639,994,ShamAY0034797,733,785,1140,289,100
881,126,733,Meshkat00042488,1426,0,1168,314,30
881,204,525,ShamIbadiyya0000075,753,0,388,206,58
881,770,1036,ShamAY0000055,234,740,1006,216,100
881,126,512,Rafed0003726Vols,1198,295,519,170,55
881,212,512,Shia002356Vols,991,0,190,149,62
881,639,970,Shia002356Vols,992,782,1111,265,97
881,5,512,Shamela0010523,188,43,364,256,63
881,662,1106,Shamela0010523,190,297,742,361,99
881,97,512,ShamAY0034059,5311,281,555,214,64
881,5,362,Shia002380Vols,645,1162,1543,230,66
881,926,1109,JK001496,1889,197,792,147,30
881,97,512,Tafsir02102,3367,338,740,226,60
881,5,512,Shamela0008473,3975,997,1444,256,55
881,639,808,Shamela0008473,3978,616,785,138,100
881,794,1106,Shamela0008473,3979,299,634,253,93
881,126,665,Shia002382Vols,1512,0,685,289,45
881,5,697,Shia002382Vols,2047,216,1066,365,46
881,794,1096,Shia002382Vols,2049,875,1567,196,35
881,5,362,Tafsir05047,735,363,650,204,69
881,5,512,Shamela0023591,5720,530,851,256,63
881,5,512,Shamela0023591,5757,1121,1442,256,63
881,486,1106,Shamela0023591,5761,58,611,407,78
881,648,1070,Shamela0023591,5763,1142,1563,336,97
881,5,512,JK009266,7562,489,856,233,57
881,593,770,JK009266,7565,190,421,137,72
881,733,1106,JK009266,7571,419,840,297,86
881,5,512,Shamela0021821,1535,969,1289,253,62
881,787,1109,Shamela0021821,1537,1178,1532,259,89
881,5,512,JK009362,6685,727,1055,252,61
881,97,512,JK001110,56,133,405,216,65
881,770,1036,JK006876,28,646,910,214,99
881,639,1036,Shamela0003118,5517,374,881,233,49
881,770,970,Shamela0008206,374,38,238,162,100
881,770,988,Shamela0008206,412,459,689,166,90
881,5,512,Rafed0003943Vols,1296,830,1151,256,63
881,662,1036,Shamela0010273,2592,470,840,274,87
881,5,665,Tafsir01006,1212,282,1205,393,50
881,770,1036,Shamela0012293,1246,1239,1505,216,100
881,662,938,Kraken2107192213161,363,789,1066,215,95
881,109,512,Tafsir04003,3274,822,1430,214,42
881,5,512,Meshkat00057178,3042,171,983,263,34
881,673,970,Masaha000554Vols,4755,0,293,236,97
881,643,926,Shamela0008612,99,1299,1585,219,94
881,744,1013,Shamela0008612,101,637,1024,214,68
881,254,1106,QuranAnalysis001,191,0,615,492,71
881,87,521,Rafed0001713Vols,2149,885,1548,274,47
881,639,1106,Rafed0001713Vols,2151,975,1442,380,100
881,662,926,JK000764,340,338,602,214,99
881,662,970,JK000764,342,393,702,250,99
881,680,863,Shamela0000041,2116,385,577,149,95
881,821,1106,Shamela0000041,2117,532,849,218,81
881,5,512,Shamela0023578,2581,793,1114,256,63
881,5,403,Shamela0023578,2584,934,1277,218,63
881,639,1109,Shamela0023578,2587,828,1298,382,100
882,1423,1566,Tafsir09084,2027,405,550,112,95
882,316,501,Sham19Y0020891,5144,161,394,141,72
882,124,601,Shamela0003259,134,885,1113,65,14
882,332,501,JK001496,1888,9,229,135,74
882,194,501,Tafsir02102,3368,919,1261,218,71
882,281,501,Shamela0023591,5767,75,342,166,74
882,61,501,JK009266,7573,11,692,196,28
882,281,501,Tafsir07057,4267,242,510,166,74
882,893,1267,Shamela0000041,2117,1013,1304,171,51
882,281,501,JK000876,1239,408,683,165,71
883,102,851,JK000330,223,828,1576,602,99
883,102,554,JK000330,225,126,598,147,25
883,102,703,Shia001432Vols,4496,972,1572,485,99
883,703,881,Shia001432Vols,4497,0,178,141,100
883,192,432,Shia001432Vols,4505,930,1328,195,60
883,347,461,Shia001432Vols,18256,350,464,93,100
883,518,711,Shia001432Vols,20958,728,924,153,96
883,192,491,Shia001432Vols,20958,79,334,148,52
883,102,347,Shamela0023632,2947,1116,1361,200,100
883,244,554,Shamela0023632,2948,1173,1582,200,61
883,554,787,Shamela0023632,2950,766,999,183,99
883,884,1025,Shamela0023632,2952,0,140,112,99
883,216,461,Shamela0000894,156,1117,1444,170,63
883,554,783,Rafed0002679Vols,1132,1192,1421,182,100
883,192,580,Tafsir03097,1339,0,963,308,39
883,60,944,JK009268,3876,700,1569,698,98
883,102,278,Zaydiyya0000077Vols,13,83,259,143,100
883,102,495,Sham19Y0023618,1397,1169,1561,319,99
883,495,783,Sham19Y0023618,1398,0,288,229,99
883,783,1025,Sham19Y0023618,1399,1246,1487,191,99
883,554,783,Shamela0010551,345,1003,1232,182,100
883,148,518,Shamela0023628,2910,195,565,300,99
883,495,783,Shamela0023628,2911,278,595,226,89
883,811,1025,Shamela0023628,2912,370,583,169,99
883,347,461,Rafed0003257Vols,1621,853,967,92,99
883,102,400,Rafed0003257Vols,4428,1316,1613,244,99
883,461,1025,Rafed0003257Vols,4432,405,968,446,99
883,461,783,Shamela0011365,8,638,960,256,99
883,253,491,Shamela0022593,2113,0,994,178,22
883,554,711,Shamela0022666,73,396,553,125,100
883,102,291,Sham19Y0020891,5149,1316,1502,149,96
883,199,461,Sham19Y0020891,5152,309,841,155,35
883,461,599,Sham19Y0020891,5154,1013,1151,111,100
883,60,333,JK009270,4112,903,1163,205,91
883,192,688,JK009270,4116,226,731,317,67
883,688,860,JK009270,4119,1331,1500,135,98
883,554,697,PV20230913,11,567,724,111,89
883,102,319,Sham19Y0150960,787,489,747,175,83
883,199,347,Meshkat0014420,3843,0,148,119,100
883,347,586,Meshkat0014420,3844,1300,1537,192,98
883,586,940,Meshkat0014420,3845,0,352,281,99
883,130,391,JK006476,1452,750,1100,197,70
883,216,528,JK006476,1453,220,869,192,34
883,711,922,JK006476,1455,326,553,147,83
883,461,783,Shamela0002300,803,555,839,157,59
883,60,703,ShamAY0036821,1631,940,1562,498,95
883,703,1025,ShamAY0036821,1632,0,316,252,98
883,260,851,ShamAY0036821,1633,0,585,458,96
883,771,1025,ShamAY0036821,1634,1093,1340,197,97
883,102,432,Shamela0012851,464,567,1339,268,42
883,491,783,Shamela0012851,465,815,1425,229,47
883,436,711,Shamela0012851,465,36,484,217,60
883,783,940,Shamela0012851,466,19,400,124,41
883,102,285,Sham19Y0147312,1662,1195,1378,149,100
883,285,554,Sham19Y0147312,1663,800,1068,218,99
883,554,711,Sham19Y0147312,1664,635,792,125,100
883,133,884,Shamela0004445,330,0,749,602,99
883,148,333,JK010081,129,56,244,140,92
883,554,711,Shamela0012769,75,648,805,125,100
883,216,474,Shamela0037458,3513,542,801,198,94
883,461,688,Shamela0037458,3515,1235,1462,180,99
883,683,881,Shamela0037458,3517,583,784,154,97
883,881,1067,Shamela0037458,3520,109,284,127,86
883,67,461,JK000791,1919,778,1186,322,96
883,580,884,JK000791,1921,0,304,240,99
883,866,1067,JK000791,1922,931,1151,139,76
883,347,461,JK000365,1131,232,346,93,100
883,108,518,Shamela0000922,1037,732,1562,228,30
883,783,940,Shamela0000922,1038,849,1327,124,32
883,495,783,Shia003461Vols,264,270,647,227,75
883,102,319,Tafsir07076,2462,626,843,177,100
883,102,319,Tafsir07076,4601,788,1103,170,66
883,148,319,Tafsir07076,8351,405,637,135,71
883,133,711,JK007018,625,0,1236,444,44
883,179,347,ShamIbadiyya0000100,21,650,818,136,100
883,102,347,JK009396,1278,617,862,200,100
883,347,461,JK009396,1279,1058,1172,93,100
883,461,711,JK009396,1280,889,1139,199,99
883,860,1025,JK009396,1282,0,165,132,100
883,102,531,Sham19Y0023608,3247,1063,1491,348,99
883,531,783,Sham19Y0023608,3248,0,252,200,99
883,148,285,Sham19Y0023608,3249,477,957,111,28
883,783,1025,Sham19Y0023608,3256,198,439,191,99
883,554,711,JK000381,105,323,480,125,100
883,554,711,JK000381,218,1048,1204,125,99
883,554,711,JK000381,232,271,428,125,100
883,554,711,JK000381,620,484,640,125,99
883,554,688,JK000381,2902,520,654,106,100
883,554,715,JK000381,3618,430,592,125,96
883,554,711,JK000381,4726,710,867,125,100
883,554,715,JK000381,5661,937,1098,125,96
883,301,607,Meshkat00042488,1430,651,1472,222,33
883,102,474,Shia003721Vols,241,1144,1515,301,99
883,474,881,Shia003721Vols,242,0,406,323,99
883,60,586,ShamIbadiyya0000075,754,543,1443,420,57
883,88,347,Shamela0004473,7279,758,1016,205,97
883,340,461,Shamela0004473,7280,673,817,91,77
883,491,688,Shamela0004473,7281,655,955,157,65
883,102,461,Shamela0004473,11081,48,407,292,99
883,554,697,Shamela0004473,15686,696,853,111,89
883,881,1067,Shamela0004473,17060,756,931,127,86
883,102,285,Sham19Y0030863,18,1351,1534,149,100
883,102,461,ShamAY0033108,1495,60,654,290,59
883,102,547,Sham19Y0145435,1272,895,1583,245,40
883,102,884,Sham19Y0145435,5138,689,1469,627,99
883,60,554,Shia002356Vols,994,34,508,383,95
883,561,940,Shia002356Vols,996,0,383,295,95
883,60,910,Shamela0010523,190,714,1549,671,98
883,148,353,ShamAY0034059,5339,963,1169,167,99
883,409,607,ShamAY0034059,5343,1343,1544,145,89
883,518,688,ShamAY0034059,5347,234,406,133,97
883,749,871,ShamAY0034059,5352,644,767,96,99
883,216,518,Shia002380Vols,648,903,1421,241,57
883,593,1025,Shia002380Vols,649,338,1220,338,48
883,461,697,JK001496,1892,1341,1576,185,96
883,347,461,JK001496,1892,177,291,93,100
883,461,688,Shamela0011573,33,1017,1244,180,99
883,216,461,Tafsir02091,1742,121,366,198,100
883,117,368,Tafsir02102,3370,23,414,197,61
883,94,347,Shamela0008473,3985,57,308,203,98
883,222,461,Shamela0008473,3986,58,716,191,36
883,442,715,Shamela0008473,3987,11,284,216,99
883,711,881,Shamela0008473,3988,721,891,134,100
883,881,1025,Shamela0008473,3992,106,250,115,100
883,244,518,Shia002382Vols,1518,632,1177,210,47
883,216,414,Shia002382Vols,2053,1009,1215,155,93
883,216,518,Shia002382Vols,2054,293,768,212,53
883,631,940,Shia002382Vols,2055,715,1164,217,60
883,102,753,MMS00013,3000,859,1551,511,91
883,753,1233,MMS00013,3001,0,473,216,45
883,495,828,JK006474,2523,582,1147,109,19
883,244,432,Tafsir07055,3071,135,658,112,26
883,222,491,Tafsir05047,738,0,723,210,36
883,593,900,Tafsir05047,739,84,748,242,46
883,461,688,Shamela0003055,1160,1022,1249,180,99
883,60,1067,Shamela0023591,5761,583,1564,770,95
883,83,760,Shamela0023591,5769,852,1585,545,91
883,783,1067,Shamela0023591,5777,175,447,203,90
883,102,461,JK009266,7579,1129,1488,292,99
883,461,783,JK009266,7586,630,948,254,98
883,771,1025,JK009266,7592,986,1266,201,89
883,461,774,Shamela0010283,2716,1154,1508,128,46
883,60,347,Shamela0021821,1539,407,726,234,89
883,420,711,Shamela0021821,1540,0,712,232,40
883,711,884,Shamela0021821,1541,87,260,135,99
883,866,1025,Shamela0021821,1541,939,1125,127,85
883,102,285,LAL2013020402,113,786,970,146,96
883,554,715,Shamela0007663,71,1160,1324,125,95
883,102,347,Hindawi072603951,98,1273,1518,200,100
883,554,715,Shamela0008476,35,72,233,124,95
883,554,697,JK000116,86,35,192,111,89
883,285,414,Shamela0011730,673,1242,1371,106,100
883,554,711,JK000367,366,633,790,125,100
883,60,461,JK001420,680,190,691,138,25
883,783,996,JK001420,681,56,517,167,45
883,554,688,Shamela0011354,62,1236,1370,106,100
883,554,711,JK000376,8,865,1022,125,100
883,554,711,JK000376,124,517,674,125,100
883,554,703,JK000376,138,474,623,118,100
883,102,509,Tafsir05045,202,411,549,112,33
883,60,760,Tafsir08060,431,577,1599,412,44
883,244,554,Rafed0003943Vols,1299,0,310,249,99
883,554,711,Rafed0003943Vols,1299,894,1051,125,100
883,737,1067,Rafed0003943Vols,1300,0,318,239,91
883,102,461,Shamela0010273,2596,843,1202,292,99
883,461,783,Shamela0010273,2599,357,679,256,99
883,881,1025,Shamela0010273,2601,1357,1500,114,99
883,216,347,Shamela0007798,7682,450,581,105,100
883,368,554,Shamela0007798,7683,164,420,150,72
883,60,711,Tafsir06048,949,314,1533,521,52
883,491,940,Tafsir06048,950,372,1319,356,47
883,495,688,Shamela0008571,11,220,413,154,100
883,461,711,ShamAY0002038,215,915,1165,199,99
883,347,461,Sham19Y0014404,1229,428,699,93,42
883,216,420,Meshkat00057178,3051,412,1129,163,28
883,518,711,Meshkat00057178,3053,138,606,154,41
883,102,454,Masaha000554Vols,4768,86,439,284,98
883,474,940,Masaha000554Vols,4772,0,464,361,95
883,347,461,JK000447,685,494,688,75,48
883,711,996,JK000447,686,103,680,149,30
883,60,1025,QuranAnalysis001,191,587,1538,763,98
883,102,305,Shamela0007380,19,1406,1608,165,99
883,688,1067,Tafsir08090,1425,1078,1442,278,92
883,102,574,JK001019,137,500,965,372,97
883,102,285,Shamela0009182,613,298,481,149,100
883,102,461,Rafed0001713Vols,2155,919,1278,292,99
883,461,931,Rafed0001713Vols,2159,595,1065,372,99
883,347,655,Tafsir04042,1863,47,931,244,34
883,102,347,Zaydiyya0000476,530,315,560,200,100
883,102,347,Zaydiyya0000476,577,54,299,200,100
883,102,319,JK001001,12,616,833,177,100
883,102,319,Hindawi035314719,48,496,713,177,100
883,216,353,Tafsir07057,4271,752,1369,109,22
883,554,720,Tafsir07057,4274,64,228,127,95
883,102,291,Tafsir04056,6212,197,713,121,28
883,347,461,Tafsir04056,6213,1223,1604,93,29
883,414,554,Tafsir02094,3194,21,793,111,17
883,102,564,Shamela0009783BK1,500,339,1037,251,41
883,491,688,Shamela0000041,2121,1179,1376,157,100
883,263,528,Shamela0000041,2121,0,264,209,97
883,599,881,Shamela0000041,2122,575,983,221,68
883,783,1067,Shamela0000041,2123,83,722,201,39
883,60,1067,Shamela0023578,2591,199,1242,782,92
883,199,554,Shamela0023578,2594,549,1495,283,37
883,554,711,Shamela0023578,2595,147,316,125,92
884,0,974,JK000330,223,1027,1385,282,36
884,0,974,Shia001432Vols,4496,1171,1528,279,35
884,196,749,Shamela0023632,2948,1396,1582,149,33
884,0,974,JK009268,3876,927,1285,282,36
884,677,974,Tafsir01005,4825,170,676,142,30
884,1101,1229,Tafsir01005,4825,917,1184,66,31
884,402,749,Meshkat00042485,5454,900,1300,140,37
884,124,749,Shamela0004445,331,907,1384,193,35
884,221,508,Shamela0021766,3660,0,492,152,36
884,0,713,Sham19Y0023608,3247,1262,1491,181,31
884,63,827,Meshkat00042488,1430,669,1459,278,32
884,673,1064,Shamela0004473,7281,655,958,166,45
884,677,1370,Sham19Y0145435,1273,240,967,221,27
884,0,974,Shamela0010523,190,941,1299,282,36
884,1188,1370,Shamela0008473,3988,936,1281,90,30
884,677,1138,MMS00013,3005,33,445,168,33
884,0,974,Shamela0023591,5761,810,1168,281,35
884,0,974,Shamela0023591,5769,1127,1485,281,35
884,0,749,Rafed0003943Vols,1299,57,310,199,32
884,402,814,Tafsir01006,1216,254,703,162,37
884,63,376,Sham19Y0014404,1229,291,838,149,32
884,0,974,QuranAnalysis001,191,814,1172,282,36
884,0,749,JK001019,137,699,952,200,32
884,196,456,Rafed0001713Vols,2157,428,925,149,34
884,0,974,Shamela0023578,2591,488,846,281,35
884,0,749,Shamela0023578,2594,670,1495,256,32
885,1243,1552,JK000876,1244,218,799,163,34
886,194,752,Shia001432Vols,543,0,560,451,99
886,744,946,Shia001432Vols,2508,1334,1536,158,97
886,415,610,Shia001432Vols,18085,0,195,159,100
886,172,400,Shia001432Vols,18698,65,293,187,100
886,610,752,Shia001432Vols,24073,908,1046,110,97
886,390,752,Shia001432Vols,29541,317,676,287,98
886,390,752,Shia001432Vols,32585,818,1177,287,98
886,172,405,Shamela0023632,2953,1164,1397,191,100
886,400,610,Shamela0023632,2954,1061,1271,171,100
886,610,861,Shamela0023632,2956,187,438,200,100
886,930,1097,Shamela0023632,2958,0,167,134,100
886,149,752,JK009268,3877,68,661,482,98
886,744,918,JK009268,3894,1491,1666,133,94
886,918,1097,JK009268,3895,0,179,144,100
886,172,409,Sham19Y0023618,1400,1209,1458,194,95
886,294,610,Sham19Y0023618,1401,302,691,210,66
886,610,861,Sham19Y0023618,1402,122,373,200,100
886,952,1097,Sham19Y0023618,1403,0,145,117,100
886,181,331,Zaydiyya0000413Vols,3260,0,151,124,98
886,446,724,JK000440,37,707,974,172,77
886,400,610,JK001137,60,140,350,171,100
886,172,682,Shamela0023628,2913,67,577,416,100
886,682,1039,Shamela0023628,2915,1177,1533,284,99
886,29,752,Rafed0003257Vols,4437,483,1251,514,75
886,801,977,Rafed0003257Vols,4441,0,176,140,100
886,172,312,Sham19Y0020891,5166,1057,1197,115,100
886,610,752,Sham19Y0020891,5180,9,151,113,100
886,610,752,JK010001,3137,349,491,113,100
886,232,458,JK009270,4126,1311,1536,184,99
886,446,660,JK009270,4130,1292,1510,156,82
886,660,812,JK009270,4131,0,153,120,99
886,808,1097,JK009270,4134,245,534,232,100
886,149,331,Meshkat0014420,3848,840,1012,142,94
886,331,610,Meshkat0014420,3850,727,1006,227,100
886,610,977,Meshkat0014420,3852,529,896,292,100
886,172,752,JK000101,443,811,1391,471,100
886,149,493,ShamAY0036821,1632,303,633,268,94
886,149,363,ShamAY0036821,1634,1327,1526,163,92
886,363,752,ShamAY0036821,1635,0,388,311,98
886,748,1097,ShamAY0036821,1639,19,367,274,97
886,172,331,Shia001171,17,752,911,131,100
886,264,570,Shamela0012851,467,49,1024,249,31
886,610,977,Sham19Y0147312,1670,339,706,292,100
886,400,610,Shamela0006947,7597,695,905,171,100
886,286,446,Shamela0037458,3522,1017,1177,130,100
886,682,977,Shamela0037458,3530,824,1119,234,100
886,149,400,JK000791,1922,1107,1348,198,96
886,331,619,JK000791,1924,435,846,230,68
886,610,874,JK000791,1926,103,369,206,95
886,808,1097,JK000791,1927,585,872,205,88
886,29,331,Shamela0000922,1040,178,805,166,32
886,682,822,Shamela0000922,1041,1127,1363,105,56
886,172,752,JK010427,10,749,1329,470,99
886,172,400,JK007018,626,993,1230,186,95
886,682,977,JK007018,628,385,765,214,71
886,400,653,JK000906,777,624,878,206,99
886,29,400,JK009396,1282,1068,1438,212,55
886,400,619,JK009396,1283,616,847,178,94
886,610,733,JK009396,1284,1436,1558,98,99
886,744,977,JK009396,1286,36,271,179,96
886,172,400,Sham19Y0023608,3258,161,389,187,100
886,400,610,Sham19Y0023608,3259,439,649,171,100
886,610,752,Sham19Y0023608,3263,1299,1441,113,100
886,744,977,Sham19Y0023608,3265,35,264,182,98
886,400,610,JK000381,1861,1191,1401,171,100
886,400,610,JK000381,7246,859,1069,171,100
886,29,324,Meshkat00042488,1433,262,985,165,26
886,682,1057,Meshkat00042488,1436,81,1216,296,32
886,473,724,Rafed0003726Vols,1210,0,237,147,72
886,172,331,Shamela0004473,5968,1079,1238,131,100
886,400,615,Shamela0004473,9339,761,980,174,97
886,172,331,Shamela0004473,10812,382,541,131,100
886,149,446,Shamela0004473,17060,887,1174,235,96
886,697,952,ShamAY0033108,1500,390,1023,195,39
886,400,619,Sham19Y0145435,118,1108,1327,172,97
886,363,610,Shia002356Vols,998,0,249,200,98
886,596,1097,Shia002356Vols,1000,639,1141,386,95
886,149,312,ShamAY0034059,5358,32,186,126,93
886,405,574,ShamAY0034059,5367,234,404,137,98
886,537,752,ShamAY0034059,5377,67,284,170,98
886,690,874,ShamAY0034059,5381,94,380,113,45
886,808,1014,ShamAY0034059,5383,1259,1469,164,98
886,29,337,Shia002380Vols,649,1191,1535,172,53
886,733,964,Shia002380Vols,651,0,307,184,75
886,177,409,JK001496,1897,829,1072,190,95
886,615,765,JK001496,1900,1307,1461,113,93
886,172,331,Shamela0008473,349,254,413,131,100
886,187,400,Shamela0008473,550,0,213,175,100
886,172,400,Shamela0008473,1815,1217,1445,187,100
886,400,610,Shamela0008473,1952,1238,1448,171,100
886,610,752,Shamela0008473,3638,1080,1222,113,100
886,286,603,Shamela0008473,3993,1130,1582,258,69
886,172,409,Shamela0008473,3993,50,298,194,95
886,610,752,Shamela0008473,3998,602,744,113,100
886,682,977,Shamela0008473,3999,313,787,231,61
886,29,400,Shia002382Vols,1520,258,799,215,40
886,126,331,Shia002382Vols,2056,319,518,142,80
886,639,977,Shia002382Vols,2058,476,819,254,90
886,610,752,Tafsir07055,3226,277,419,113,100
886,795,1039,Tafsir05047,741,801,1294,195,49
886,216,1097,Shamela0023591,5762,0,881,711,100
886,149,752,Shamela0023591,5777,403,996,482,98
886,752,1097,Shamela0023591,5792,508,853,277,100
886,149,405,JK009266,7601,392,658,201,88
886,385,619,JK009266,7605,919,1214,186,77
886,610,765,JK009266,7612,899,1061,113,88
886,752,977,JK009266,7619,816,1041,179,100
886,33,409,Shamela0021821,1542,0,356,223,62
886,752,977,Shamela0021821,1544,983,1208,179,100
886,596,752,Shamela0021821,1544,0,170,124,91
886,172,752,JK001110,56,443,1023,471,100
886,29,331,JK001420,681,1022,1418,150,39
886,172,342,Shia003986,33,354,541,138,89
886,861,1097,JK009257,780,39,266,171,89
886,149,331,JK006478,7538,1043,1245,142,81
886,761,1097,Tafsir08060,433,0,726,242,42
886,149,331,Rafed0003943Vols,1300,274,446,142,94
886,342,757,Rafed0003943Vols,1300,1064,1509,301,83
886,757,1097,Rafed0003943Vols,1301,0,340,273,100
886,232,619,Shamela0010273,2604,838,1408,277,59
886,610,752,Shamela0010273,2607,637,779,113,100
886,623,977,Shamela0010273,2608,454,1322,278,40
886,592,752,Shamela0007798,7698,61,276,127,74
886,172,331,Sham19Y0018567,1044,362,521,131,100
886,172,752,Hindawi020604026,494,936,1516,471,100
886,29,331,Sham19Y0014404,1232,11,704,160,26
886,653,977,Sham19Y0014404,1234,353,1322,239,31
886,400,556,Shamela0037632,2,1554,1717,128,94
886,172,431,Rafed0003799Vols,423,360,620,198,93
886,795,977,Meshkat00057178,3060,100,311,145,86
886,177,400,Masaha000554Vols,4784,48,266,178,97
886,537,752,Masaha000554Vols,4796,307,640,155,58
886,752,977,Masaha000554Vols,4798,1019,1247,175,96
886,177,1097,QuranAnalysis001,192,0,920,744,100
886,149,306,Tafsir08090,1425,1398,1544,121,92
886,306,682,Tafsir08090,1426,0,374,304,99
886,761,1097,Tafsir08090,1429,0,336,270,100
886,400,610,Hindawi028069053,95,925,1135,171,100
886,149,400,Rafed0001713Vols,2162,1104,1345,198,96
886,400,615,Rafed0001713Vols,2164,910,1125,175,100
886,596,977,Rafed0001713Vols,2167,143,520,295,97
886,390,752,Shia001288,70,152,499,278,95
886,331,610,Zaydiyya0000476,502,557,917,227,77
886,331,610,Zaydiyya0000476,549,255,615,227,77
886,610,752,Zaydiyya0000476,689,353,495,113,100
886,610,752,Zaydiyya0000476,692,987,1129,113,100
886,400,610,Shamela0001032,4,650,863,171,98
886,400,610,JK001414,399,591,801,171,100
886,682,812,Tafsir04056,6230,633,1110,102,27
886,400,619,Shamela0009783BK1,12,1091,1310,172,97
886,67,493,Shamela0000041,2124,152,620,291,69
886,537,808,Shamela0000041,2126,333,683,216,77
886,808,1061,Shamela0000041,2127,275,528,200,99
886,390,870,Shia001237Vols,3843,1059,1536,380,98
886,870,1097,Shia001237Vols,3844,0,227,183,100
886,149,517,Shamela0023578,2591,1198,1555,294,97
886,517,765,Shamela0023578,2592,0,245,193,97
886,653,1097,Shamela0023578,2598,657,1203,352,80
887,1214,1614,Shamela0023628,2915,157,664,183,36
887,16,268,Meshkat00042485,5470,931,1271,142,50
887,766,953,Meshkat00042485,5473,695,1051,118,40
887,16,1027,ShamIbadiyya0000075,756,146,1405,360,27
887,1214,1614,ShamAY0033108,1499,777,1339,120,20
887,690,1053,Shia002380Vols,650,446,1009,160,29
887,1214,1614,Tafsir02091,1748,0,563,120,20
887,690,1207,Tafsir02102,3376,718,1264,220,39
887,690,1034,Shia002382Vols,1520,1304,1572,147,47
887,16,314,Shia002382Vols,1520,682,1255,163,32
887,690,1277,Shia002382Vols,2057,594,1061,219,43
887,1214,1397,JK009266,7609,363,770,118,35
887,787,1424,Shamela0010273,2606,509,1125,215,32
887,16,273,Tafsir01006,1219,136,481,140,49
887,1214,1614,Shamela0000041,2126,27,528,178,34
887,736,1183,JK000876,1246,1044,1534,164,29
888,1066,1571,Shia001432Vols,1751,281,618,269,66
888,1343,1571,Shamela0023632,2960,403,631,176,97
888,872,1573,JK009268,3895,0,399,319,56
888,1257,1571,Sham19Y0023618,1404,0,337,199,73
888,147,1151,Shamela0023628,2915,985,1533,326,39
888,1238,1573,Shamela0023628,2917,1176,1436,208,77
888,1409,1571,Shamela0023628,2918,788,1118,129,49
888,1054,1573,Rafed0003257Vols,4442,910,1264,276,65
888,779,995,Tafsir09083,1246,8,277,99,46
888,566,984,Sham19Y0020891,5182,35,345,172,43
888,726,1403,JK009270,4134,245,583,271,49
888,1403,1573,JK009270,4137,878,1047,135,98
888,273,984,Meshkat0014420,3852,572,896,252,44
888,1066,1573,Meshkat0014420,3855,419,758,273,66
888,1066,1573,ShamAY0036821,1639,249,584,269,65
888,959,1230,Meshkat00042485,5481,842,1130,155,57
888,273,984,Sham19Y0147312,1670,382,706,252,44
888,1354,1571,Sham19Y0147312,1671,822,1038,173,99
888,361,984,Shamela0037458,3530,824,1119,229,46
888,1054,1571,Shamela0037458,3533,251,605,275,65
888,529,1573,JK000791,1927,204,1092,460,45
888,713,1100,Shamela0021766,3671,636,1531,181,24
888,1354,1518,Rafed0003669Vols,828,1114,1278,131,100
888,1125,1571,JK007018,629,106,536,227,54
888,510,984,JK009396,1286,44,271,177,46
888,1242,1571,JK009396,1287,922,1271,195,68
888,1066,1571,Sham19Y0023608,3266,1065,1402,271,66
888,1066,1469,JK000001,3235,1033,1268,190,58
888,284,1194,Meshkat00042488,1436,0,1224,356,30
888,1238,1564,ShamIbadiyya0000075,758,317,773,203,49
888,1354,1571,Shamela0004473,8233,750,967,173,100
888,1333,1573,Shia002356Vols,1001,681,911,179,92
888,1354,1497,ShamAY0034059,5389,13,159,114,97
888,477,1278,Shia002380Vols,651,0,729,358,46
888,54,799,JK001496,1901,157,826,260,33
888,1368,1518,Zaydiyya0000328,576,899,1049,120,100
888,394,1011,Tafsir02102,3379,312,1115,299,41
888,1238,1571,Shamela0008473,4000,893,1328,214,61
888,767,1278,Shia002382Vols,1522,22,614,248,42
888,92,761,Shia002382Vols,2058,17,683,260,33
888,1066,1444,JK009265,167,1295,1504,169,55
888,1444,1571,JK009265,168,0,127,102,100
888,1437,1571,JK009265,190,0,134,107,100
888,1455,1571,JK009265,213,0,116,93,100
888,959,1230,ShamIbadiyya0000050,5012,182,766,167,34
888,54,618,Tafsir05047,741,205,698,210,37
888,273,1573,Shamela0023591,5762,437,1101,525,50
888,510,1571,Shamela0023591,5792,508,1070,448,52
888,1066,1571,JK009266,7623,890,1225,270,66
888,959,1230,JK000458,2834,164,728,141,29
888,1238,1571,Shamela0021821,1546,29,456,213,58
888,779,1278,JK009257,780,39,266,172,42
888,519,1437,Tafsir08060,433,0,896,404,44
888,515,1571,Rafed0003943Vols,1301,0,557,444,52
888,394,501,Shamela0010273,2608,46,150,76,89
888,549,923,Shamela0010273,2609,11,552,209,47
888,1066,1571,Shamela0010273,2610,978,1315,271,66
888,1115,1518,Shamela0007798,7705,704,1011,185,56
888,54,674,Tafsir01006,1220,954,1642,307,44
888,273,1573,QuranAnalysis001,192,476,1140,525,50
888,519,1573,Tafsir08090,1429,0,554,442,52
888,1066,1571,Rafed0001713Vols,2169,40,377,271,66
888,529,1186,Shamela0000041,2127,108,524,263,47
888,1238,1518,Shamela0000041,2128,506,710,164,72
888,788,1403,Shia001237Vols,3844,0,276,222,44
888,273,1573,Shamela0023578,2598,657,1423,548,52
888,510,923,Shamela0023578,2599,75,661,206,40
888,1418,1571,Shamela0023578,2600,681,849,122,91
888,54,906,JK000876,1247,459,1519,410,41
889,197,409,Shia001432Vols,1901,0,212,174,100
889,0,121,Shia001432Vols,2172,684,805,97,100
889,0,242,Shamela0023632,2961,1206,1447,194,99
889,0,523,JK009268,3895,399,922,428,100
889,0,121,Sham19Y0023618,1404,1072,1192,96,99
889,121,409,Sham19Y0023618,1405,882,1170,236,100
889,150,409,Shamela0023628,2919,1072,1451,211,68
889,0,334,Rafed0003257Vols,4442,1264,1596,269,99
889,0,121,Sham19Y0020891,5186,872,993,97,100
889,121,531,Tafsir09068,974,188,1053,277,39
889,150,409,JK010001,3120,96,483,211,66
889,172,341,JK009270,4141,0,169,137,100
889,319,523,JK009270,4145,758,955,157,92
889,0,242,Meshkat0014420,3855,758,999,195,99
889,0,523,ShamAY0036821,1640,431,941,415,97
889,150,341,Sham19Y0147312,1675,499,689,154,99
889,150,341,Shamela0004445,7055,486,677,154,100
889,0,154,JK010081,202,371,525,122,98
889,230,523,Shamela0037458,3540,988,1283,238,97
889,121,286,JK000087,530,1138,1303,134,100
889,0,121,JK000791,1927,1092,1213,97,100
889,100,341,JK000791,1931,68,313,189,95
889,286,523,JK000791,1932,273,539,181,82
889,242,523,Shamela0000922,1044,91,636,138,26
889,0,121,Tafsir07076,4536,330,451,97,100
889,136,523,JK007018,630,0,457,311,81
889,0,150,Rafed0000705Vols,1294,954,1103,121,99
889,0,121,JK009396,1288,1031,1152,97,100
889,71,286,JK009396,1289,786,1423,169,33
889,286,523,JK009396,1290,485,722,197,100
889,0,121,Sham19Y0023608,3269,115,235,96,99
889,121,523,Sham19Y0023608,3270,724,1126,331,100
889,150,341,Shamela0010488,33,1170,1361,154,100
889,0,121,Hindawi036246035,293,978,1099,97,100
889,121,312,Sham19Y0122173,703,1317,1508,155,100
889,165,523,Meshkat00042488,1439,20,1490,288,23
889,150,409,Shamela0004473,2812,599,1078,211,54
889,0,242,Shamela0004473,9710,624,866,195,100
889,242,523,Shia002356Vols,1003,500,781,231,98
889,121,312,JK007063,608,1363,1489,95,62
889,121,256,ShamAY0034059,5405,570,708,109,97
889,341,523,ShamAY0034059,5413,1461,1643,152,100
889,523,1042,Shia002380Vols,651,1018,1458,169,32
889,0,494,Shia002380Vols,652,125,1378,395,38
889,141,523,JK006896,9,1102,1482,310,98
889,121,286,Shamela0008473,2955,268,433,134,100
889,0,121,Shamela0008473,4001,1286,1407,97,100
889,121,267,Shamela0008473,4003,1368,1513,118,99
889,279,523,Shamela0008473,4005,8,260,202,96
889,523,1042,Shia002382Vols,1522,937,1426,171,30
889,523,1042,Shia002382Vols,2059,993,1481,172,31
889,1368,1558,Shia002382Vols,2061,406,579,85,55
889,0,150,Sham19Y0011151,470,280,429,121,99
889,121,341,JK009265,174,458,678,179,100
889,150,341,JK009265,281,206,396,153,99
889,341,523,JK009265,296,997,1179,152,100
889,279,523,JK009265,359,1136,1379,200,98
889,0,121,JK009265,489,482,603,97,100
889,150,409,Tafsir07055,3209,403,784,210,67
889,176,523,Tafsir05047,743,33,821,265,40
889,0,464,Shamela0023591,5762,1101,1563,378,99
889,0,214,Shamela0023591,5795,1354,1566,171,99
889,214,523,Shamela0023591,5796,0,309,256,100
889,0,150,JK009266,7629,453,603,122,100
889,150,523,JK009266,7633,1148,1519,305,99
889,0,121,JK007044,6152,1163,1284,96,99
889,0,121,Shamela0021821,1546,1169,1290,97,100
889,100,286,Shamela0021821,1547,1201,1405,146,88
889,286,523,Shamela0021821,1548,678,915,197,100
889,0,121,Shamela0009270,235,482,603,97,100
889,0,242,Sham19Y0017817,237,625,865,194,99
889,214,523,Rafed0003943Vols,1303,1076,1385,256,100
889,0,154,Shamela0010273,2611,1361,1514,122,98
889,150,409,Shamela0010273,2615,144,403,211,100
889,0,121,JK009237,722,1353,1474,97,100
889,286,523,Masaha000554Vols,4812,708,941,193,98
889,0,425,QuranAnalysis001,192,1140,1564,346,99
889,0,523,Tafsir08090,1429,554,1076,427,99
889,0,121,Rafed0001713Vols,2170,1354,1474,96,99
889,100,523,Rafed0001713Vols,2172,272,725,343,92
889,172,523,Tafsir04042,1869,19,1077,279,32
889,121,286,Shamela0095735,935,1281,1446,134,100
889,286,523,Zaydiyya0000476,693,636,1260,191,36
889,523,834,ShamAY0035035,9869,1131,1554,167,48
889,0,136,Shamela0000041,2129,74,202,102,93
889,121,286,Shamela0000041,2130,450,615,134,100
889,150,436,Shamela0023578,2602,1248,1533,233,99
889,150,364,Shamela0023578,2603,845,1550,172,30
889,364,523,Shamela0023578,2604,1004,1350,130,45
890,62,779,Shia001432Vols,1922,499,948,142,20
890,198,543,Shia001432Vols,19707,245,792,140,29
890,798,975,Tafsir09083,1251,494,723,128,70
890,807,1152,Tafsir09084,2042,447,874,198,51
890,802,956,Tafsir09084,2160,1318,1502,118,81
890,577,688,JK009270,4423,888,1112,79,45
890,577,688,Shamela0021765,2771,530,753,79,45
890,8,430,Meshkat00042485,5492,567,1194,155,27
890,755,1056,Sham19Y0132973,447,190,598,176,51
890,543,732,Shamela0004445,7055,415,677,110,46
890,1324,1588,Shamela0037458,3543,832,1217,116,37
890,437,772,JK000791,1932,8,380,93,20
890,802,975,JK000906,8964,386,596,125,75
890,1346,1588,JK009396,1291,1184,1437,70,24
890,286,789,Shia002380Vols,652,668,1029,176,35
890,553,681,Shamela0008473,4004,1250,1476,93,51
890,807,1152,Shamela0008473,4007,201,592,195,53
890,807,975,Shamela0008473,4208,617,833,123,72
890,577,732,JK009265,174,415,678,99,43
890,543,732,JK009265,281,141,396,110,48
890,807,956,JK006474,2528,1307,1479,114,83
890,807,975,JK006474,2595,468,681,121,72
890,807,975,Shamela0012884,4247,1241,1447,123,76
890,553,681,Shamela0007798,7714,216,374,101,81
890,807,1056,Shamela0007798,7716,144,477,162,58
890,0,430,Tafsir01006,1223,692,1419,193,31
890,467,789,Rafed0001713Vols,2173,189,552,135,38
890,77,772,Shamela0000041,2130,740,1477,249,29
890,1328,1588,Shamela0000041,2133,8,163,93,43
891,0,365,Shia001432Vols,2509,94,364,167,52
891,79,335,Shamela0023632,2968,59,315,209,100
891,290,541,Shamela0023632,2969,53,364,199,80
891,335,534,Zaydiyya0000015,864,826,1025,157,100
891,13,704,Shia001340,333,0,698,553,98
891,0,572,JK009268,3895,976,1551,458,98
891,38,324,Sham19Y0023618,1406,1363,1648,233,99
891,290,704,Sham19Y0023618,1407,513,968,330,90
891,335,618,Tafsir06051,52,161,445,226,99
891,150,439,Shamela0023628,2924,0,289,233,100
891,388,704,Shamela0023628,2925,753,1245,252,64
891,388,662,Rafed0003257Vols,1065,632,906,218,100
891,388,541,Rafed0003257Vols,2042,183,336,121,100
891,0,335,Rafed0003257Vols,4446,1256,1591,271,100
891,306,650,Rafed0003257Vols,4448,1209,1657,274,76
891,335,697,Zaydiyya0000044,172,972,1334,288,100
891,419,704,Sham19Y0020891,5207,0,285,227,99
891,38,215,JK009270,4152,992,1169,145,100
891,439,704,JK009270,4159,244,509,212,100
891,79,704,Meshkat0014420,3865,26,651,503,100
891,412,642,ShamAY0036821,1642,1369,1593,178,96
891,203,439,Shamela0012851,475,599,1168,185,40
891,79,388,Sham19Y0147312,1677,998,1307,251,100
891,388,662,Sham19Y0147312,1678,843,1117,218,100
891,388,541,Rafed0001121,10,214,404,121,80
891,378,596,JK007040,1567,227,435,141,72
891,38,335,Shamela0037458,3547,319,616,242,100
891,335,704,Shamela0037458,3550,570,939,294,100
891,55,343,JK000791,1935,102,461,226,77
891,246,704,JK000791,1936,644,1273,351,69
891,340,541,JK007004,16,0,202,159,99
891,388,541,Shamela0023833,217,890,1043,121,100
891,388,596,Shamela0000922,214,523,715,149,90
891,154,439,Shamela0000922,1045,541,840,103,35
891,388,520,Shamela0009770,203,1344,1475,104,99
891,141,541,JK007018,631,654,1320,303,56
891,150,541,JK009396,1293,349,1261,312,42
891,335,704,Sham19Y0023608,3279,369,738,294,100
891,704,1365,JK000818,532,587,1249,215,31
891,134,388,Meshkat00042488,1441,39,1066,176,21
891,310,704,Shamela0021537,81,77,465,299,92
891,388,596,Rafed0003726Vols,220,1271,1479,166,100
891,23,704,Rafed0003726Vols,1209,329,1099,296,41
891,335,556,Shamela0004473,1819,914,1131,169,96
891,388,704,Shamela0004473,1889,1277,1594,252,99
891,310,565,Shamela0004473,2869,1326,1574,188,88
891,335,547,Shamela0004473,5228,1233,1447,164,96
891,343,704,Shamela0004473,8213,928,1279,279,96
891,388,704,Shamela0004473,17061,994,1432,252,72
891,290,679,Shia002356Vols,1005,1140,1583,295,82
891,55,335,Shia002356Vols,1005,42,340,224,90
891,38,215,ShamAY0034059,5425,205,383,145,99
891,180,315,ShamAY0034059,5427,212,349,110,98
891,290,423,ShamAY0034059,5429,923,1056,105,100
891,388,534,ShamAY0034059,5432,680,827,115,99
891,126,439,Shia002380Vols,653,778,1360,252,53
891,335,704,JK001496,1912,168,540,294,99
891,388,704,Zaydiyya0000328,575,1174,1489,251,99
891,335,618,Tafsir02102,2507,990,1274,226,99
891,335,704,Shamela0008473,2620,224,594,294,99
891,388,534,Masaha002028Vols,549,486,632,115,100
891,0,708,Shamela0023591,5763,113,821,566,99
891,55,704,Shamela0023591,5804,62,758,518,92
891,55,335,JK009266,7642,1066,1371,227,91
891,306,704,JK009266,7644,249,742,317,80
891,388,541,Shamela0010283,3274,1329,1481,121,99
891,388,596,Shamela0001687,8678,346,554,166,100
891,335,541,Shamela0021821,1551,143,350,163,99
891,0,704,Tafsir07053,201,686,1378,550,97
891,79,343,Tafsir07053,203,1298,1560,211,97
891,335,662,Tafsir07053,205,1144,1474,260,99
891,51,486,Shia002389Vols,2424,450,1033,212,41
891,79,582,JK001110,56,1029,1535,404,98
891,582,708,JK001110,57,0,126,100,100
891,0,388,Tafsir08060,434,407,1080,272,48
891,38,388,Rafed0003943Vols,1304,735,1085,284,100
891,402,618,Rafed0003943Vols,1305,0,216,173,100
891,335,704,Shamela0010273,2621,830,1199,294,100
891,180,439,Tafsir06048,958,329,986,202,38
891,785,1065,Sham19Y0014404,1238,1174,1562,119,31
891,79,318,Sham19Y0014404,1239,450,1252,182,28
891,141,294,Meshkat00057178,3068,190,709,125,29
891,79,351,Masaha000554Vols,4821,149,427,210,91
891,0,704,QuranAnalysis001,193,152,857,565,99
891,388,704,Rafed0003537Vols,422,1118,1442,252,97
891,79,335,Rafed0001713Vols,2176,29,285,209,100
891,335,704,Rafed0001713Vols,2177,345,714,294,100
891,486,704,Hindawi017506357,31,0,218,175,100
891,55,388,Shamela0000041,2134,819,1365,270,60
891,388,662,Shamela0000041,2135,797,1072,218,99
891,0,704,Shamela0023578,2603,141,845,565,100
891,167,388,Shamela0023578,2606,860,1314,179,48
891,388,704,Shamela0023578,2607,101,1011,252,34
891,388,704,JK000094,123,74,392,252,99
892,1071,1239,Sham19Y0020891,5210,131,381,104,49
892,44,307,Meshkat00042485,5502,0,490,175,43
892,1117,1527,Meshkat00042485,5508,1023,1463,159,34
892,10,554,Shia002380Vols,653,806,1213,222,45
892,906,1239,JK001496,1913,542,1220,138,23
892,207,586,Tafsir01006,1226,405,868,156,34
892,1041,1340,Rafed0001713Vols,2178,710,1492,179,27
892,657,814,Tafsir07057,4300,852,1054,104,67
892,568,942,JK000876,1254,16,431,90,17
893,601,763,Shamela0008381,298,296,458,131,100
893,478,763,Shamela0008381,5925,528,813,234,100
893,908,1086,Shia001432Vols,1776,1064,1244,143,97
893,763,908,Shia001432Vols,2509,315,460,116,100
893,478,763,Shia001432Vols,26837,848,1134,234,99
893,501,821,Shia001432Vols,28192,141,461,261,100
893,478,763,Shia001432Vols,29357,850,1136,234,99
893,487,661,Shamela0023632,2971,0,174,145,100
893,763,987,Shamela0023632,2973,1118,1342,182,100
893,601,763,Sham19Y0011326,104,653,815,131,100
893,601,763,Shamela0000894,18,501,663,131,100
893,601,763,Shamela0000894,106,1116,1278,131,100
893,400,1086,JK009268,3913,8,749,522,82
893,478,763,Sham19Y0023618,1408,366,651,234,100
893,858,1086,Sham19Y0023618,1409,1314,1542,185,100
893,544,675,JK001137,64,1458,1588,107,99
893,601,763,JK000382,973,460,622,131,100
893,176,638,Shamela0023628,2926,569,1073,263,52
893,638,821,Shamela0023628,2927,1363,1546,146,100
893,797,1022,Shamela0023628,2928,1055,1366,183,72
893,821,1086,Shamela0023628,2929,755,1213,208,56
893,478,821,Rafed0003257Vols,4453,595,945,280,98
893,821,1086,Rafed0003257Vols,4457,425,690,215,100
893,858,1086,Tafsir09084,2052,52,894,172,25
893,821,1022,Sham19Y0020891,5234,613,931,151,57
893,601,746,JK010001,479,1481,1625,117,99
893,881,1042,JK010001,2993,1044,1208,120,90
893,881,1022,JK010001,3521,182,325,115,98
893,661,863,JK009270,4167,1187,1389,160,99
893,837,1022,JK009270,4172,242,421,138,91
893,547,763,Meshkat0014420,3869,0,216,176,100
893,763,959,Meshkat0014420,3872,1402,1597,159,99
893,501,763,JK001020,121,832,1094,215,100
893,501,903,ShamAY0036821,1643,61,452,309,95
893,758,1079,ShamAY0036821,1644,274,592,251,96
893,837,1099,Shamela0012851,479,193,883,199,35
893,630,1022,Tafsir02104,470,77,687,197,34
893,478,638,Sham19Y0147312,1679,962,1122,134,100
893,821,1022,Sham19Y0147312,1682,1354,1555,164,100
893,601,763,Shamela0004445,90,123,285,131,100
893,821,1086,ShamAY0035288,80,978,1244,213,98
893,478,763,JK000069,88,620,903,232,98
893,601,763,Shamela0006947,9870,1104,1266,131,100
893,478,763,Shamela0010517,2805,161,445,233,99
893,478,661,Shamela0037458,3579,441,624,152,100
893,601,837,Shamela0037458,3582,876,1101,152,80
893,918,1086,Shamela0037458,3586,0,168,137,100
893,478,763,Masaha001075,55,561,846,234,100
893,478,821,Masaha001075,165,1016,1359,280,100
893,601,763,JK000791,1939,30,192,131,100
893,763,1086,JK000791,1940,1127,1451,259,99
893,821,1086,JK000365,1649,586,852,213,98
893,601,763,Shamela0001524,1118,11,173,131,100
893,837,1022,Shamela0000922,1047,1087,1532,121,32
893,664,1022,JK007018,633,467,1060,260,54
893,593,763,Hindawi095926405Vols,1267,1268,1438,133,97
893,544,763,JK009396,1296,1050,1263,149,83
893,763,903,JK009396,1297,1443,1582,112,99
893,553,763,Sham19Y0023608,3284,1215,1463,170,83
893,763,1022,Sham19Y0023608,3286,786,1045,210,100
893,478,675,Shamela0010488,475,1384,1579,162,98
893,881,1086,Meshkat00042488,1446,56,791,155,26
893,593,758,Shamela0021537,200,1328,1492,129,96
893,501,821,Rafed0003726Vols,1221,211,789,184,37
893,593,763,Shamela0004473,736,1207,1377,133,97
893,763,987,Shamela0004473,11395,670,900,182,97
893,601,763,Shamela0004473,13106,649,811,131,100
893,735,1086,Shia002356Vols,1009,993,1328,265,92
893,501,1145,Shamela0010523,200,133,763,492,93
893,638,936,Tafsir04038,544,33,674,217,42
893,728,1086,Shia002380Vols,655,822,1524,280,49
893,821,1056,JK001496,1920,52,414,165,56
893,593,763,Tafsir02102,3920,84,254,133,97
893,601,763,Shamela0008473,133,868,1030,131,100
893,601,763,Shamela0008473,4020,239,401,131,100
893,763,1022,Shamela0008473,4021,915,1174,208,99
893,858,1086,Shamela0008473,4022,457,1084,169,33
893,562,763,Shamela0008473,4842,101,303,142,88
893,544,763,Shia002382Vols,2068,11,293,173,75
893,601,763,Tafsir07055,511,1060,1222,131,100
893,881,1042,Tafsir07055,3084,1030,1193,120,90
893,881,1022,Tafsir07055,3613,696,838,115,99
893,478,1086,Shamela0023591,5808,674,1282,495,100
893,501,763,Shamela0023591,5811,158,420,215,100
893,763,1086,Shamela0023591,5815,508,831,261,100
893,908,1086,JK000371,357,1318,1497,143,98
893,562,821,JK009266,7653,56,305,190,91
893,821,950,JK009266,7660,1395,1524,105,100
893,728,1022,Shamela0021821,1553,1178,1479,223,92
893,601,763,Shamela0021821,1553,12,174,131,100
893,423,1086,JK009362,6768,505,1123,488,88
893,161,821,JK001110,57,29,484,340,64
893,478,630,Zaydiyya0000371,35,1455,1607,127,100
893,601,763,Sham19Y0036571,5,1112,1274,131,100
893,478,763,Shia000210,25,1191,1475,232,98
893,562,763,JK006478,7614,823,1015,144,88
893,478,728,Rafed0003943Vols,1306,308,558,206,100
893,728,1086,Rafed0003943Vols,1307,54,412,289,100
893,478,753,Shamela0010273,2624,1257,1531,226,99
893,967,1086,Shamela0010273,2629,115,234,95,100
893,544,763,Shamela0007798,7727,854,1072,177,99
893,858,1022,Shamela0007798,7739,113,332,132,73
893,501,821,Shia001362Vols,471,768,1091,261,99
893,881,1052,Meshkat00057178,3075,992,1423,139,39
893,763,908,Masaha000554Vols,4856,1079,1226,114,95
893,161,1086,QuranAnalysis001,193,764,1453,546,72
893,478,763,Rafed0001713Vols,2180,136,421,234,100
893,763,1086,Rafed0001713Vols,2183,994,1317,261,100
893,544,763,Shia001288,29,735,954,178,100
893,601,763,JK006838,307,1282,1444,131,100
893,601,763,Tafsir04056,4465,227,389,131,100
893,630,821,Shamela0000041,2138,36,227,153,100
893,821,1086,Shamela0000041,2139,951,1348,209,65
893,478,1086,Shamela0023578,2608,33,641,495,100
893,821,987,Shamela0023578,2610,1225,1536,136,53
893,123,529,JK000876,1255,385,651,175,49
894,755,1338,Shamela0022769,1311,96,803,269,40
894,755,1468,Shia002380Vols,655,691,1144,243,41
894,1092,1238,JK000458,2855,399,570,100,61
895,679,1255,Shia001432Vols,1901,226,804,470,99
895,1232,1615,Shia001432Vols,2172,819,1202,310,99
895,819,1009,Shia001432Vols,22622,838,1028,154,100
895,1039,1177,Shia001432Vols,29461,886,1025,113,99
895,819,1063,Shamela0023632,2977,724,968,199,100
895,1063,1265,Shamela0023632,2979,680,884,158,95
895,1255,1438,Shamela0023632,2980,607,790,148,100
895,1438,1615,Shamela0000894,1121,207,385,141,97
895,1039,1177,Shia001340,314,449,588,113,99
895,1009,1275,Tafsir03097,1355,289,893,218,44
895,1398,1615,Tafsir03097,1356,37,818,171,27
895,474,1565,JK009268,3913,670,1636,779,87
895,819,1063,Sham19Y0023618,1411,875,1119,199,100
895,1422,1561,Sham19Y0023618,1413,1208,1347,113,100
895,1119,1422,Sham19Y0023618,1413,94,522,225,64
895,1438,1561,Shamela0010551,521,1086,1209,100,100
895,13,819,Shamela0023628,2929,816,1352,330,46
895,819,1177,Shamela0023628,2930,1155,1514,291,99
895,908,1438,Shamela0023628,2931,427,1525,427,47
895,1438,1615,Shamela0023628,2933,53,231,144,99
895,474,1438,Rafed0003257Vols,4457,611,1450,677,86
895,1438,1615,Rafed0003257Vols,4465,420,598,144,99
895,1438,1615,Zaydiyya0000044,173,1311,1489,141,97
895,882,1009,Tafsir09084,2053,1187,1541,102,35
895,787,1111,Sham19Y0020891,5236,1151,1463,248,94
895,1182,1438,Sham19Y0020891,5240,141,416,194,81
895,1428,1615,Sham19Y0020891,5244,147,338,144,93
895,527,1367,Sham19Y0020966,299,33,758,346,44
895,1292,1432,Zaydiyya0000013,240,247,387,113,100
895,819,1138,Tafsir09068,979,263,982,209,36
895,520,882,JK009270,4174,82,363,221,74
895,882,1177,JK009270,4182,528,823,239,99
895,1177,1348,JK009270,4186,840,1011,139,100
895,1348,1580,JK009270,4188,685,917,188,100
895,577,1009,Meshkat0014420,3875,509,873,296,84
895,1009,1315,Meshkat0014420,3877,1331,1636,250,99
895,1315,1438,Meshkat0014420,3878,0,123,100,100
895,1438,1615,Meshkat0014420,3881,134,312,144,99
895,825,1157,JK006476,1472,1134,1492,261,88
895,882,1150,JK006476,1473,161,968,200,30
895,1225,1615,ShamAY0036821,1645,544,929,305,96
895,1444,1615,JK000083,214,1200,1373,136,97
895,888,1324,Shamela0012851,481,236,1580,308,26
895,780,1039,Tafsir02104,470,1107,1555,176,48
895,515,901,Sham19Y0147312,1683,1247,1536,231,73
895,901,1063,Sham19Y0147312,1684,0,162,132,100
895,1063,1561,Sham19Y0147312,1684,653,1151,405,100
895,474,948,ShamAY0035288,80,1165,1512,279,72
895,948,1177,ShamAY0035288,81,0,230,188,99
895,780,1111,Shamela0037458,3590,366,697,268,100
895,1068,1398,Shamela0037458,3592,1024,1344,251,93
895,1398,1606,Shamela0037458,3596,486,694,169,100
895,1232,1438,Zaydiyya0000355,6,355,561,167,100
895,798,1454,JK000791,1944,460,1178,526,90
895,1432,1615,JK000791,1948,0,190,146,94
895,474,1177,JK000365,1649,773,1351,467,81
895,1438,1615,Hindawi016420804,32,59,237,141,97
895,1467,1606,Tafsir07076,2643,1339,1478,112,100
895,760,954,Tafsir07076,5684,1397,1590,157,99
895,679,954,Tafsir07076,6255,1036,1345,207,82
895,760,908,Tafsir07076,8693,1425,1573,121,100
895,780,954,Tafsir07076,8743,23,197,140,100
895,707,1063,Tafsir07076,9298,0,356,290,100
895,819,1063,Tafsir07076,9494,1257,1501,199,100
895,882,1177,JK007018,635,0,320,238,90
895,1255,1438,Rafed0000705Vols,1294,1114,1297,148,100
895,1467,1615,JK009234,53,504,652,116,96
895,368,819,JK009396,1299,567,1043,234,49
895,798,1089,JK009396,1300,1298,1577,224,94
895,1177,1438,JK009396,1301,1274,1536,212,99
895,1428,1615,JK009396,1303,911,1099,144,94
895,819,1039,Sham19Y0023608,1344,1158,1378,179,100
895,819,1024,Sham19Y0023608,3290,1419,1623,166,99
895,1024,1177,Sham19Y0023608,3291,0,154,125,98
895,882,999,Sham19Y0023608,3292,35,908,87,12
895,1189,1358,Sham19Y0023608,3293,1458,1626,137,99
895,1438,1615,Sham19Y0023608,3296,621,799,144,99
895,872,1150,JK000381,1909,0,279,226,99
895,1063,1292,JK000381,2903,116,277,124,66
895,1467,1615,Shamela0001340,260,520,1211,120,21
895,882,1144,Meshkat00042488,1447,792,1585,189,29
895,1144,1398,Meshkat00042488,1448,0,1433,204,17
895,1255,1412,Shamela0004473,9804,0,156,118,92
895,1438,1615,Shamela0004473,11397,115,293,144,99
895,1063,1311,Shamela0004473,13369,843,1091,199,98
895,798,1255,Shia002356Vols,1011,358,841,365,91
895,1086,1615,Shia002356Vols,1012,74,663,344,67
895,577,875,Shamela0010523,201,1290,1519,188,76
895,875,1502,Shamela0010523,202,0,627,507,99
895,1467,1615,Shamela0010523,204,1239,1388,120,99
895,679,1063,Zaydiyya0000037Vols,2664,32,423,314,98
895,679,1275,Tafsir04038,544,725,1544,306,40
895,780,1418,Shia002380Vols,656,350,1599,515,50
895,0,266,JK001496,1920,105,505,156,42
895,780,1111,JK001496,1921,0,842,268,39
895,1182,1438,JK001496,1923,84,363,194,80
895,1438,1615,JK001496,1924,1007,1186,141,97
895,882,1418,Tafsir02102,3392,116,1024,436,59
895,790,1182,Shamela0008473,4024,5,443,313,87
895,854,1111,Shamela0008473,4025,51,845,208,32
895,1097,1438,Shamela0008473,4026,451,1169,272,46
895,1422,1615,Shamela0008473,4029,623,839,152,87
895,780,1177,Shia002382Vols,1531,923,1601,320,58
895,1168,1348,Shia002382Vols,1532,38,524,143,36
895,780,1348,Shia002382Vols,2070,475,1324,454,65
895,819,1177,JK009265,212,1010,1369,290,99
895,1438,1615,JK009265,517,965,1143,141,97
895,780,1471,JK006474,2536,819,1541,278,33
895,0,736,Tafsir05047,746,75,972,303,35
895,943,1398,Tafsir05047,747,0,1093,365,41
895,780,1471,Shamela0012884,4261,783,1376,220,30
895,958,1471,Shamela0012884,4262,0,442,199,36
895,1481,1615,Shamela0012884,4267,544,670,74,63
895,474,999,Shamela0023591,5808,1203,1600,320,75
895,999,1615,Shamela0023591,5809,0,619,501,99
895,560,1255,Shamela0023591,5819,259,955,500,84
895,1182,1615,Shamela0023591,5822,574,1032,335,90
895,819,1177,JK009266,7668,408,766,291,99
895,1177,1438,JK009266,7670,451,712,212,100
895,1438,1615,Zaydiyya0000217,70,978,1156,141,97
895,801,1177,Shamela0021821,1556,548,941,300,93
895,995,1438,Shamela0021821,1557,461,1215,359,58
895,1438,1615,Shamela0021821,1558,888,1066,141,97
895,819,1039,JK009362,5568,676,896,179,100
895,474,1138,JK009362,6768,1043,1600,428,76
895,1138,1615,JK009362,6769,0,480,385,98
895,1438,1610,Shamela0010463,295,984,1133,92,66
895,1255,1398,Shamela0009292,110,393,536,115,100
895,679,1398,JK001420,685,546,1194,248,33
895,848,1255,JK006478,7634,321,730,332,99
895,1236,1467,JK006478,7637,215,480,185,86
895,342,882,Tafsir08060,435,1039,1572,252,45
895,474,1580,Rafed0003943Vols,1307,333,1526,792,73
895,679,1063,Shamela0010273,2630,160,543,313,99
895,1340,1467,Shamela0010273,2633,0,127,103,100
895,1467,1615,Shamela0010273,2635,440,589,120,99
895,1255,1398,Shamela0007798,7747,103,293,115,75
895,187,650,Tafsir01006,1232,222,966,230,36
895,882,1039,Tafsir01006,1233,607,948,104,37
895,888,1418,Tafsir06048,963,54,1365,428,40
895,882,1150,Sham19Y0014404,1245,367,1202,206,30
895,882,985,Meshkat00057178,3077,1433,1536,82,100
895,985,1255,Meshkat00057178,3078,398,1307,185,23
895,1255,1398,Meshkat00057178,3079,177,1142,115,14
895,753,1009,Masaha000554Vols,4862,220,476,199,95
895,1009,1255,Masaha000554Vols,4867,122,377,202,96
895,810,1615,QuranAnalysis001,194,0,806,656,99
895,1255,1438,SyriacStudies00001,8,1086,1269,148,100
895,819,985,Shamela0023596,149,208,374,134,100
895,187,527,Rafed0001713Vols,2185,892,1600,186,32
895,810,948,Rafed0001713Vols,2186,1482,1627,110,92
895,948,1177,Rafed0001713Vols,2187,0,230,187,99
895,1074,1438,Rafed0001713Vols,2188,102,690,295,61
895,1438,1615,Rafed0001713Vols,2190,61,239,144,99
895,1225,1489,Shamela0000432,4722,1319,1581,211,98
895,1168,1348,Tafsir04042,1879,279,651,110,35
895,819,1009,Tafsir04056,5863,1228,1418,154,100
895,780,916,Shamela0000041,2140,1140,1275,106,97
895,888,1275,Shamela0000041,2141,649,1089,315,87
895,1150,1438,Shamela0000041,2142,69,476,231,70
895,1438,1615,Shamela0000041,2143,247,425,141,97
895,1292,1438,Hindawi050597179,7,1351,1497,118,100
895,744,1444,Shamela0023578,2611,859,1597,568,94
895,1444,1615,Shamela0023578,2612,0,172,139,99
895,875,1340,Shamela0023578,2613,425,1205,373,58
895,679,1053,Zaydiyya0000388,33,366,741,305,99
896,791,1306,Shia001432Vols,1923,8,862,237,30
896,0,145,Shia001432Vols,2172,1202,1347,118,100
896,0,120,Shia001432Vols,2221,1203,1424,97,54
896,145,347,Shia001432Vols,2323,83,284,163,99
896,0,145,Shamela0023632,2983,1370,1515,118,100
896,120,420,Shamela0023632,2985,632,987,222,77
896,145,515,Tafsir03097,1357,259,925,294,54
896,0,496,JK009268,3914,51,547,405,100
896,0,145,Sham19Y0023618,1414,1130,1275,118,100
896,120,444,Sham19Y0023618,1415,786,1174,263,82
896,0,174,Shamela0023628,2933,231,405,141,100
896,174,496,Shamela0023628,2934,670,990,262,99
896,254,496,Shamela0023628,2935,357,1028,192,35
896,0,347,Rafed0003257Vols,4465,598,944,280,99
896,254,496,Rafed0003257Vols,4467,848,1309,195,51
896,0,145,Tafsir09084,2060,261,406,118,100
896,96,218,Sham19Y0020891,5248,1172,1610,99,27
896,145,340,Zaydiyya0000013,230,866,1061,158,100
896,96,292,JK010001,2728,335,531,161,100
896,145,292,JK010001,3982,416,563,121,100
896,0,174,JK009270,4191,196,370,141,100
896,174,393,JK009270,4193,791,1010,179,100
896,0,145,Meshkat0014420,3881,312,457,118,100
896,145,393,Meshkat0014420,3883,917,1165,202,100
896,145,347,Shamela0006879,47,257,459,164,100
896,0,145,ShamAY0036821,1645,929,1073,117,99
896,655,871,Meshkat00042485,5533,1085,1470,161,48
896,1329,1614,Meshkat00042485,5537,1020,1605,151,30
896,96,347,Shamela0012851,483,1080,1558,151,35
896,145,531,Shamela0012851,484,22,1352,256,23
896,1100,1424,Shamela0001466,2828,0,783,170,25
896,46,496,Sham19Y0147312,1687,39,489,368,100
896,200,393,Shamela0006947,3208,62,263,157,96
896,0,292,Shamela0037458,3599,10,302,239,100
896,292,496,Shamela0037458,3602,782,986,166,100
896,0,145,JK000791,1948,190,335,118,100
896,129,496,JK000791,1949,1186,1594,301,89
896,145,347,JK000127,82,1112,1314,164,100
896,145,292,Tafsir07076,2915,567,919,121,41
896,0,150,Shamela0023644,1909,640,924,113,49
896,0,145,Shamela0023644,1911,432,577,118,100
896,0,150,JK009396,1303,1099,1249,119,98
896,14,496,JK009396,1304,780,1256,321,74
896,0,145,Sham19Y0023608,3296,799,944,118,100
896,210,393,Sham19Y0023608,3299,0,181,147,98
896,347,496,Sham19Y0023608,3301,64,549,122,30
896,784,1566,JK000818,536,31,1078,277,28
896,200,347,JK000001,3275,197,344,119,100
896,0,145,Meshkat00042488,1450,99,245,118,99
896,322,496,Meshkat00042488,1451,1010,1544,143,32
896,0,145,Shia002356Vols,1012,663,808,117,98
896,96,496,Shia002356Vols,1014,47,517,304,79
896,0,154,Shamela0010523,204,1388,1541,125,99
896,154,496,Shamela0010523,205,0,342,280,100
896,0,473,Tafsir04038,545,489,1213,222,35
896,1286,1640,Shia002380Vols,656,606,882,174,53
896,308,509,Shia002380Vols,658,71,503,155,43
896,103,393,JK001496,1926,743,1036,210,88
896,0,254,Tafsir02102,3393,803,1416,201,40
896,145,322,Tafsir02102,3558,942,1119,144,100
896,159,347,Shamela0008473,2618,670,832,129,85
896,145,393,Shamela0008473,3439,309,557,202,100
896,0,145,Shamela0008473,4029,839,984,118,100
896,0,393,Shamela0008473,4035,200,715,320,76
896,697,1640,Shia002382Vols,1531,416,1479,403,34
896,834,1640,Shia002382Vols,2070,475,1035,302,40
896,145,347,JK009265,384,1238,1440,164,100
896,0,145,JK009265,517,1143,1288,118,100
896,96,292,Tafsir07055,2818,1166,1362,161,100
896,145,292,Tafsir07055,4094,431,578,121,100
896,0,174,Tafsir05047,748,664,945,129,55
896,0,145,Shamela0012884,4269,1148,1293,118,100
896,0,496,Shamela0023591,5809,619,1113,403,99
896,0,145,Shamela0023591,5822,1032,1177,118,100
896,245,496,Shamela0023591,5829,0,250,205,99
896,0,150,JK009266,7675,96,246,119,98
896,120,325,JK009266,7679,1316,1538,157,86
896,0,145,Zaydiyya0000217,70,1156,1302,118,99
896,162,393,Tafsir10098,1303,603,1494,177,24
896,0,145,Shamela0021821,1558,1066,1211,118,100
896,46,393,Shamela0021821,1559,566,1108,283,64
896,200,347,ShamAY0034815,85,843,990,119,100
896,0,496,JK009362,6769,480,986,405,98
896,145,352,Shamela0010463,605,942,1157,164,94
896,200,347,Shamela0009292,175,118,265,119,100
896,62,496,JK006478,7642,774,1188,300,83
896,0,496,Rafed0003943Vols,1308,450,945,403,99
896,0,145,Shamela0010273,2635,589,734,118,100
896,145,496,Shamela0010273,2637,891,1240,285,99
896,145,292,Shamela0007798,7758,822,969,121,100
896,245,393,Shamela0007798,7760,494,823,119,44
896,834,1380,Tafsir01006,1233,0,677,253,40
896,129,347,Tafsir06048,965,71,596,124,26
896,884,1640,Sham19Y0014404,1245,57,1064,241,22
896,162,371,Sham19Y0014404,1248,617,1608,136,16
896,340,496,Meshkat00057178,3084,181,671,125,31
896,0,145,Masaha000554Vols,4875,151,299,117,96
896,14,200,JK000447,698,115,494,148,48
896,0,496,QuranAnalysis001,194,806,1302,405,100
896,162,347,SyriacStudies00001,11,1292,1477,151,100
896,0,145,ShamAY0033596,67,210,368,118,91
896,658,1049,Rafed0001713Vols,2186,728,1562,246,32
896,0,145,Rafed0001713Vols,2190,239,385,118,99
896,145,496,Rafed0001713Vols,2191,985,1334,285,99
896,0,145,Shamela0000432,4723,127,272,118,100
896,145,347,Shamela0095735,885,468,670,164,100
896,245,393,Tafsir04056,6270,97,702,117,23
896,0,200,Shamela0009065,368,822,1180,92,32
896,920,1640,Shamela0000041,2141,0,903,318,35
896,46,292,Shamela0000041,2144,53,287,175,86
896,292,496,Shamela0000041,2145,29,233,166,100
896,0,145,Shamela0023578,2612,172,317,118,100
896,14,496,Shamela0023578,2615,196,892,392,68
896,322,496,Shamela0023578,2616,958,1152,140,88
896,837,1436,JK000876,1260,0,923,235,27
897,687,1449,Shamela0022769,1315,751,1557,279,35
897,872,1543,ShamIbadiyya0000075,765,767,1267,223,35
897,47,406,JK006474,2536,1138,1383,144,49
897,773,1407,JK000458,2861,365,1476,262,26
897,216,497,Sham19Y0013231,3583,1118,1517,113,36
897,1037,1536,Tafsir01006,1235,55,568,226,42
897,0,302,Meshkat00057178,3078,678,1307,159,30
897,74,805,Shamela0000041,2142,0,405,229,38
898,0,166,Sham19Y0020891,5245,793,1042,79,40
898,356,620,Meshkat00042485,5546,777,1055,146,52
898,356,872,JK000791,1949,176,683,179,32
898,356,679,ShamIbadiyya0000075,766,4,205,150,53
898,138,872,ShamAY0033108,1516,341,1165,202,21
898,48,1426,Shia002380Vols,657,424,1486,481,34
898,356,929,Shia002382Vols,1533,134,481,224,45
898,1259,1442,Shia002382Vols,1533,1313,1473,92,53
898,109,929,Shia002382Vols,2072,146,989,288,29
898,7,463,Tafsir05047,748,193,812,216,37
898,248,823,Shamela0012884,4270,727,1451,198,26
898,7,463,Tafsir08060,436,524,849,157,40
898,810,1416,Tafsir08060,436,944,1241,159,29
898,48,676,Tafsir01006,1235,622,1594,289,30
899,995,1192,Shia001432Vols,3459,323,520,162,99
899,1192,1360,Shia001432Vols,3563,1392,1559,135,99
899,1360,1606,Shia001432Vols,3564,0,245,202,99
899,657,1128,Shamela0023632,2987,357,593,193,49
899,1128,1376,Shamela0023632,2988,678,928,196,97
899,1367,1577,Shamela0023632,2990,636,846,173,100
899,1192,1349,Masaha004743,25,459,617,125,98
899,1221,1559,Tafsir03097,1359,55,1191,268,29
899,631,1192,JK009268,3914,409,744,252,53
899,1192,1634,JK009268,3932,434,877,360,99
899,758,1192,Sham19Y0023618,1416,803,1423,206,30
899,1155,1315,Sham19Y0023618,1417,999,1188,114,74
899,1325,1634,Sham19Y0023618,1418,0,613,252,50
899,208,1399,Shamela0023628,2935,450,1478,524,47
899,1072,1349,Shamela0023628,2936,609,1215,202,41
899,1388,1606,Shamela0023628,2937,501,719,172,96
899,710,1192,Rafed0003257Vols,4468,559,1140,249,50
899,1174,1409,Rafed0003257Vols,4469,1404,1667,188,88
899,1409,1634,Rafed0003257Vols,4470,0,226,186,99
899,1504,1634,JK009228,152,884,1016,107,98
899,657,1192,Sham19Y0020891,5254,429,919,258,48
899,1192,1315,JK010001,1447,949,1072,98,99
899,1367,1510,JK010001,1449,309,446,112,95
899,1192,1315,JK009270,4201,318,441,98,99
899,1315,1510,JK009270,4202,1224,1418,154,96
899,1504,1634,JK009270,4205,1215,1346,107,99
899,657,1192,Meshkat0014420,3886,161,461,246,55
899,1192,1577,Meshkat0014420,3888,50,435,314,100
899,1235,1554,ShamAY0036821,1647,0,319,258,98
899,24,280,Shamela0001466,2835,874,1415,113,22
899,397,749,Shamela0001466,2836,272,879,160,26
899,989,1192,Sham19Y0147312,1687,1077,1280,165,98
899,1192,1440,Sham19Y0147312,1688,555,803,200,100
899,1440,1577,Sham19Y0147312,1689,1100,1237,114,100
899,1184,1577,Shamela0004445,204,756,1149,316,98
899,33,280,Shamela0022769,1317,1404,1581,111,54
899,995,1293,Shamela0037458,3604,66,364,244,100
899,1235,1481,Shamela0037458,3608,487,1078,200,41
899,1481,1627,Shamela0037458,3611,126,272,119,100
899,657,1192,JK000791,1951,816,1257,224,44
899,1087,1634,JK000791,1952,277,853,403,85
899,1092,1235,Shamela0009702,486,0,143,116,100
899,995,1192,JK009396,1306,455,652,163,100
899,1192,1315,JK009396,1307,19,142,99,100
899,1315,1577,JK009396,1307,1050,1312,215,100
899,995,1192,Sham19Y0023608,3302,101,298,163,100
899,1192,1459,Sham19Y0023608,3303,1165,1432,215,99
899,1459,1634,Sham19Y0023608,3305,776,952,144,99
899,379,787,JK000465,3361,533,1620,219,24
899,671,1266,Meshkat00042488,1452,3,1605,272,19
899,1293,1440,Meshkat00042488,1453,446,593,119,100
899,1453,1634,Meshkat00042488,1454,0,1120,140,15
899,995,1192,Shia003721Vols,54,1103,1300,163,100
899,1184,1577,Shia003721Vols,115,1052,1444,316,98
899,1184,1315,Shamela0021537,648,1106,1237,101,96
899,995,1174,Shamela0004473,6070,1275,1454,148,100
899,1235,1504,Shamela0004473,10813,834,1103,218,99
899,1349,1504,Shamela0004473,11870,51,206,127,100
899,995,1174,Shamela0004473,12827,823,1002,148,100
899,1192,1634,Hindawi091929150,58,437,882,360,99
899,995,1192,Sham19Y0145435,4936,377,574,163,100
899,1184,1577,Sham19Y0145435,4969,981,1374,316,98
899,995,1504,Shia002356Vols,1015,317,827,408,97
899,631,1192,Shamela0010523,205,204,539,252,53
899,1000,1235,Shamela0010523,207,1307,1579,87,34
899,1235,1634,Shamela0010523,208,0,400,326,99
899,1103,1349,Shia002380Vols,658,1118,1606,198,50
899,1184,1315,Shamela0001419,421,1340,1471,101,96
899,657,1192,JK001496,1928,749,1267,261,46
899,1192,1315,JK001496,1929,878,1002,99,99
899,1504,1634,JK001496,1933,285,725,107,29
899,758,1192,Shamela0008473,4038,466,715,206,57
899,1151,1315,Shamela0008473,4039,1062,1352,133,56
899,1235,1582,Shamela0008473,4040,236,698,283,74
899,1128,1349,Shia002382Vols,1535,447,1104,174,32
899,33,592,Shia002382Vols,2073,610,910,174,38
899,1128,1399,Shia002382Vols,2075,141,916,213,34
899,1349,1599,JK006474,2546,1039,1413,178,57
899,1192,1315,Tafsir07055,1510,1195,1318,98,99
899,1367,1510,Tafsir07055,1512,545,682,112,95
899,379,1217,Tafsir05047,749,456,1297,368,41
899,631,1510,Shamela0023591,5809,975,1627,509,69
899,631,1192,Shamela0023591,5829,112,447,252,53
899,1192,1577,Shamela0023591,5832,276,661,313,99
899,995,1192,JK009266,7684,334,531,163,100
899,1192,1402,JK009266,7685,1315,1524,168,99
899,1402,1627,JK009266,7686,0,225,184,100
899,1367,1510,Zaydiyya0000217,34,1319,1456,112,95
899,657,1192,Shamela0021821,1560,1007,1545,271,51
899,1087,1376,Shamela0021821,1561,755,1533,185,29
899,1376,1577,Shamela0021821,1562,0,201,166,100
899,1192,1349,Rafed0003793Vols,1016,966,1124,125,98
899,657,1627,JK009362,6769,883,1625,599,74
899,995,1293,JK001420,686,581,1154,192,37
899,1069,1192,JK006478,7647,0,125,100,97
899,1192,1459,JK006478,7648,1159,1426,215,98
899,1459,1634,JK006478,7653,411,588,144,98
899,631,1315,Rafed0003943Vols,1308,807,1530,350,44
899,1315,1577,Rafed0003943Vols,1309,195,457,215,100
899,995,1192,Shamela0010273,2639,1318,1515,163,100
899,1192,1315,Shamela0010273,2641,88,211,98,99
899,1315,1582,Shamela0010273,2642,241,508,217,99
899,1214,1416,Shamela0007798,7766,563,912,162,57
899,33,408,Tafsir01006,1236,1179,1542,146,39
899,710,1335,Tafsir06048,966,149,1064,358,42
899,995,1184,Masaha000554Vols,4884,173,359,152,97
899,1192,1459,Masaha000554Vols,4887,796,1071,212,94
899,631,1320,QuranAnalysis001,194,1164,1626,355,61
899,1320,1634,QuranAnalysis001,195,0,315,257,99
899,508,925,Rafed0001713Vols,2193,999,1586,180,34
899,1000,1192,Rafed0001713Vols,2194,0,192,159,100
899,1174,1634,Rafed0001713Vols,2195,83,560,374,96
899,1080,1242,Shamela0000041,2145,1447,1608,131,99
899,1349,1577,Shamela0000041,2146,1258,1486,188,100
899,502,1080,Shamela0023578,2616,976,1321,203,37
899,1056,1586,Shamela0023578,2617,584,1204,423,83
900,0,438,Shamela0008381,1009,819,1257,356,100
900,0,438,Shia001432Vols,3660,61,497,351,97
900,139,348,Shamela0023632,2994,538,747,172,100
900,266,443,Shamela0023632,2996,942,1417,128,32
900,0,438,Shamela0000894,5319,991,1429,356,100
900,0,443,JK009268,3932,877,1320,360,100
900,139,443,Sham19Y0023618,1425,111,415,251,100
900,0,380,Shamela0010551,26,237,617,308,100
900,0,162,Shamela0023628,2938,105,267,128,100
900,204,443,Shamela0023628,2943,988,1305,198,75
900,0,438,Rafed0003257Vols,4470,226,665,356,99
900,0,380,JK009228,152,1016,1402,308,98
900,0,261,Zaydiyya0000044,154,155,413,209,98
900,0,266,Hindawi019640759,23,1295,1563,213,99
900,88,438,Tafsir09068,983,0,1205,239,24
900,0,380,JK010001,3001,589,994,290,87
900,11,266,JK009270,4208,892,1141,201,97
900,266,443,JK009270,4212,302,479,145,98
900,0,438,Meshkat0014420,3892,446,881,356,99
900,618,1395,Meshkat00042485,5554,916,1552,240,31
900,273,438,Shamela0012851,488,443,682,137,69
900,0,339,Sham19Y0147312,1690,1285,1620,273,98
900,0,266,Shia001663Vols,26,764,1029,212,99
900,0,438,Shamela0004445,224,750,1185,356,99
900,230,443,Shamela0037458,3619,1080,1293,171,96
900,11,438,JK000791,1955,360,787,347,100
900,139,266,JK000365,649,1227,1354,104,100
900,0,306,Sham19Y0009800,311,838,1143,225,92
900,84,380,Tafsir07076,2149,140,475,228,82
900,139,438,Tafsir07076,8588,1125,1456,209,76
900,115,438,JK009396,1310,0,323,266,100
900,11,416,Sham19Y0023608,3306,1168,1572,329,99
900,11,438,JK000381,1008,428,758,258,74
900,454,855,Meshkat00042488,1452,469,1161,199,31
900,0,438,Shia003721Vols,135,668,1104,354,99
900,0,223,Shamela0004473,6708,206,429,178,100
900,0,185,Shamela0004473,12894,1416,1600,147,99
900,0,438,Hindawi091929150,58,882,1320,356,100
900,0,273,Shamela0012828,5,1366,1638,219,99
900,0,393,Sham19Y0145435,4983,1171,1560,319,98
900,0,438,Shia002356Vols,1017,458,883,340,94
900,0,443,Shamela0010523,208,400,843,360,100
900,0,438,JK000235,385,1079,1295,158,44
900,0,368,Shamela0008473,4042,1257,1624,298,99
900,438,855,Shia002382Vols,1534,912,1432,168,31
900,438,855,Shia002382Vols,2074,202,800,170,28
900,122,266,MMS00013,2576,535,673,108,92
900,0,380,Tafsir07055,3092,421,817,288,88
900,798,1419,Tafsir05047,749,1104,1565,183,28
900,0,404,Shamela0023591,5836,1205,1608,328,99
900,0,438,Shamela0023591,5838,748,1186,356,100
900,0,356,JK009266,7693,486,836,284,98
900,0,438,Shia003749,149,617,1055,355,99
900,0,438,Shamela0021821,1563,326,764,356,100
900,11,266,Shamela0036578,1071,1109,1361,204,98
900,0,443,JK009362,6770,8,459,360,96
900,0,248,JK001110,92,390,638,198,100
900,11,438,JK006478,7657,1075,1499,347,98
900,0,348,Shamela0010273,2644,367,715,281,100
900,0,306,Sham19Y0014328,217,1296,1601,246,99
900,438,1278,Tafsir01006,1237,814,1574,312,35
900,266,605,Tafsir06048,968,1094,1457,174,46
900,266,438,Sham19Y0014404,1255,165,740,103,19
900,0,443,QuranAnalysis001,195,315,758,360,100
900,6,421,Rafed0001713Vols,2199,1125,1540,335,99
900,0,438,Shamela0000432,4458,275,712,355,99
900,289,438,Tafsir07057,2926,63,212,124,100
900,261,438,Tafsir07057,4334,84,564,147,36
900,281,438,Tafsir07057,4579,509,666,126,96
900,0,289,Tafsir04056,2669,1278,1567,232,99
900,289,438,Tafsir04056,2670,0,149,124,100
900,0,289,Tafsir04056,2682,1136,1368,168,73
900,0,438,Tafsir04056,3913,1040,1478,356,100
900,150,266,Shamela0009783BK1,208,452,568,95,100
900,118,266,Shamela0000041,2152,190,333,109,91
900,266,443,Shamela0000041,2153,49,226,147,100
900,248,443,Shamela0023578,2628,1032,1227,162,100
901,1298,1620,Zaydiyya0000413Vols,2404,402,767,210,63
901,670,1088,Meshkat00042485,5560,245,709,201,48
901,1109,1414,Shamela0021715,11237,545,951,183,51
901,1158,1620,JK001157,726,619,1156,300,64
901,976,1173,Rafed0001713Vols,2198,84,566,138,35
901,774,1026,Shamela0023578,2618,1317,1533,101,45
902,1337,1543,Shamela0021766,3714,583,1225,94,18
902,1333,1461,JK000465,3372,935,1132,57,38
903,1287,1525,Shia001432Vols,3896,249,487,198,98
903,1521,1653,Shia001432Vols,4243,1260,1393,110,99
903,748,1401,Shamela0023632,2996,942,1526,234,29
903,1401,1600,Shamela0023632,2997,619,818,166,100
903,748,1614,JK009268,3932,1143,1641,417,57
903,748,1567,Sham19Y0023618,1425,238,690,378,55
903,707,1375,Shamela0023628,2943,1095,1388,226,40
903,733,1544,Shamela0023628,2944,241,1306,428,43
903,1287,1544,Rafed0003257Vols,4476,480,738,199,91
903,1496,1653,Rafed0003257Vols,4477,1250,1464,131,73
903,1287,1473,Shamela0022593,2156,381,862,154,37
903,1427,1650,Tafsir09083,1273,65,899,179,25
903,1375,1521,Tafsir09084,2069,1214,1450,124,61
903,1287,1535,Sham19Y0020891,5283,695,936,198,94
903,1411,1653,Sham19Y0020891,5284,208,435,137,63
903,1287,1521,JK009270,4218,913,1147,197,99
903,1521,1653,JK009270,4221,102,235,110,99
903,1521,1653,Shamela0005756,9650,855,988,110,99
903,1287,1535,Meshkat0014420,3898,234,479,198,94
903,1521,1653,Meshkat0014420,3899,358,491,110,99
903,1521,1653,Sham19Y0016584,2503,308,441,110,99
903,1205,1653,ShamAY0036821,1648,618,1014,317,84
903,1069,1544,Meshkat00042485,5577,272,1124,352,49
903,755,1574,Shamela0012851,488,443,1235,370,39
903,1452,1650,Tafsir02104,475,13,465,164,43
903,1134,1547,Sham19Y0147312,1691,41,360,254,73
903,1521,1653,Sham19Y0147312,1692,1305,1438,110,99
903,1461,1653,Shamela0004445,500,567,728,121,75
903,1106,1544,Shamela0022769,1323,79,1204,300,31
903,1521,1653,Sham19Y0018176,1250,799,940,110,93
903,748,1401,Shamela0037458,3619,1116,1402,240,43
903,1375,1653,Shamela0037458,3622,610,972,234,76
903,1521,1653,JK000110,864,172,305,110,99
903,1134,1653,JK000791,1959,50,589,355,77
903,1287,1512,Shamela0009702,488,1346,1570,190,99
903,1287,1653,JK009396,1313,657,1221,308,64
903,1287,1521,Sham19Y0023608,3311,42,276,198,100
903,1482,1653,Sham19Y0023608,3312,0,289,143,59
903,1134,1567,Meshkat00042488,1457,163,1185,309,36
903,1521,1653,Shia003721Vols,409,1252,1385,110,99
903,1134,1551,ShamAY0033108,1525,53,849,278,39
903,1287,1477,Kraken210904174303,60,1201,1391,158,98
903,1287,1477,Kraken210904174303,309,150,343,155,95
903,1287,1653,Shia002356Vols,1019,709,1235,292,65
903,748,1375,Shamela0010523,208,666,926,217,41
903,1347,1653,Shamela0010523,212,221,528,258,99
903,1134,1650,Shia002380Vols,661,12,522,353,73
903,1521,1653,PV2024060602,864,172,305,110,99
903,1142,1653,JK001496,1941,43,1259,353,34
903,1134,1482,Tafsir02091,1775,924,1640,219,34
903,259,899,Tafsir02102,3399,193,851,198,25
903,1134,1521,Shamela0008473,4054,132,563,254,61
903,1375,1653,Shamela0008473,4054,995,1357,234,76
903,1313,1650,Shia002382Vols,1543,65,621,284,60
903,1313,1650,Shia002382Vols,2083,961,1514,281,60
903,1287,1477,Noorlib0017761Vols,84,161,351,158,98
903,1411,1653,Tafsir05047,753,0,605,201,39
903,1210,1653,Shamela0023591,5837,0,401,336,90
903,1287,1653,Shamela0023591,5845,21,388,308,99
903,1401,1653,JK009266,7701,1249,1511,157,64
903,1142,1521,JK009266,7701,0,607,264,50
903,1287,1521,Tafsir10098,1308,770,1339,148,31
903,1028,1347,JK000458,2875,140,870,186,30
903,969,1653,Shamela0021821,1566,413,1224,390,49
903,1142,1521,Tafsir10066,1511,60,712,222,36
903,748,1653,JK009362,6770,282,823,450,59
903,1193,1525,JK006478,7668,701,1035,219,77
903,1134,1653,Rafed0003943Vols,1312,1010,1435,356,81
903,1306,1521,Shamela0010273,2652,0,215,183,100
903,1521,1653,Shamela0010273,2652,1173,1306,110,99
903,1375,1521,Shamela0007798,7791,1198,1344,124,100
903,1427,1653,Shamela0007798,7792,162,619,184,48
903,748,1375,Tafsir06048,968,1094,1501,219,34
903,1385,1629,Tafsir06048,969,19,418,204,61
903,748,1277,Tafsir04003,3337,60,683,213,33
903,1521,1653,Sham19Y0013605,2805,860,993,110,99
903,1134,1567,Sham19Y0014404,1255,745,1629,237,28
903,1287,1600,Meshkat00057178,3094,482,1530,209,22
903,748,1653,QuranAnalysis001,195,581,1120,451,59
903,926,1521,Rafed0001713Vols,2205,772,1664,374,47
903,1287,1653,Rafed0001713Vols,2206,34,843,295,43
903,733,1521,Shamela0000041,2153,31,455,346,52
903,374,1521,Shamela0023578,2628,827,1456,383,35
903,1134,1653,Shamela0023578,2629,931,1572,383,68
904,236,558,Shia001432Vols,3896,249,483,198,72
904,0,236,Shamela0023632,2999,44,280,195,100
904,19,606,JK009268,3932,1143,1572,290,55
904,0,236,JK009268,3933,40,276,195,100
904,19,606,Sham19Y0023618,1425,238,667,290,55
904,236,606,Shamela0023628,2944,856,1306,245,58
904,19,216,Shamela0023628,2948,1433,1629,162,99
904,10,236,Rafed0003257Vols,4478,1037,1455,187,54
904,229,510,Shamela0022593,2156,375,862,178,40
904,236,558,Sham19Y0020891,5283,695,929,198,72
904,236,558,JK009270,4218,913,1147,197,72
904,224,558,Meshkat0014420,3898,223,468,202,71
904,0,236,ShamAY0036821,1648,1014,1246,191,98
904,236,854,Meshkat00042485,5577,684,1385,338,50
904,26,606,Shamela0012851,488,443,1205,291,39
904,236,558,Sham19Y0147312,1691,99,333,198,72
904,42,236,Sham19Y0147312,1693,752,946,160,100
904,236,968,Shamela0022769,1323,299,1727,401,31
904,236,606,JK000791,1959,222,479,217,69
904,309,690,Shamela0021766,3719,8,651,244,45
904,694,1157,Shamela0021766,3728,685,1477,250,34
904,229,549,Shamela0009702,488,1340,1570,193,71
904,236,558,JK009396,1313,657,891,198,72
904,388,659,JK000465,3380,80,580,148,32
904,236,558,Meshkat00042488,1457,433,667,198,72
904,229,683,ShamAY0033108,1525,236,897,253,42
904,224,514,Kraken210904174303,60,1190,1391,163,66
904,236,1136,Shia002380Vols,661,101,619,397,52
904,236,558,JK001496,1941,460,696,196,71
904,229,519,Tafsir02091,1775,1112,1640,187,41
904,464,662,Tafsir02102,3405,0,146,117,72
904,236,558,Shamela0008473,4054,329,563,198,72
904,255,1123,Shia002382Vols,1543,0,742,440,54
904,291,1123,Shia002382Vols,2083,961,1598,389,52
904,224,514,Noorlib0017761Vols,84,149,351,160,65
904,448,1105,Tafsir05047,753,0,655,272,40
904,236,606,Shamela0023591,5837,34,291,217,69
904,236,606,Shamela0023591,5845,21,278,217,69
904,236,558,JK009266,7701,373,607,197,72
904,236,558,Tafsir10098,1308,770,1339,167,34
904,464,879,JK000458,2876,92,754,170,29
904,1356,1660,JK000458,2877,81,614,206,46
904,229,558,Tafsir10066,1511,125,712,219,43
904,19,606,JK009362,6770,282,712,288,55
904,64,606,Rafed0003943Vols,1312,936,1325,261,53
904,291,558,Shamela0010273,2652,7,215,177,77
904,236,1009,Tafsir01006,1243,670,1665,418,47
904,236,723,Sham19Y0014404,1255,868,1629,271,38
904,224,558,Meshkat00057178,3094,459,1133,213,36
904,19,606,QuranAnalysis001,195,581,1010,290,55
904,236,558,Rafed0001713Vols,2205,1430,1664,198,72
904,236,606,Rafed0001713Vols,2206,34,733,271,45
904,683,879,Rafed0001713Vols,2207,93,240,75,46
904,229,690,Shamela0000041,2153,916,1544,283,51
904,0,236,Shamela0000041,2163,389,654,195,89
904,19,558,Shamela0023578,2628,1050,1456,271,56
904,236,606,Shamela0023578,2629,1072,1462,236,63
904,26,659,Shamela0023578,2630,0,588,223,29
905,291,741,Shia001432Vols,770,1025,1474,363,98
905,299,1038,Shia001432Vols,2509,478,1150,544,89
905,518,1038,Shia001432Vols,2680,278,868,130,18
905,44,299,Shia001432Vols,4622,906,1162,208,99
905,299,525,Shia001432Vols,18440,1441,1665,186,99
905,525,741,Shia001432Vols,18441,0,129,97,52
905,44,243,Shamela0023632,2999,1098,1297,162,100
905,361,518,Shamela0023632,3003,0,157,128,100
905,518,811,Shamela0023632,3004,736,1029,238,100
905,811,1109,Shamela0023632,3006,420,718,247,100
905,6,1109,JK009268,3933,264,1341,883,97
905,243,518,Sham19Y0023618,1429,426,701,226,100
905,619,909,Sham19Y0023618,1430,1155,1445,237,100
905,787,1109,Sham19Y0023618,1431,670,1130,233,61
905,275,619,Shamela0023628,2951,898,1242,283,100
905,546,872,Shamela0023628,2952,748,1222,263,68
905,741,1122,Shamela0023628,2953,803,1403,298,60
905,6,256,Rafed0003257Vols,4478,1443,1667,183,88
905,299,657,Rafed0003257Vols,4481,1235,1592,294,99
905,657,1038,Rafed0003257Vols,4482,0,381,313,100
905,299,600,Zaydiyya0000044,61,1326,1627,247,99
905,678,811,Shamela0022593,2167,1189,1365,108,75
905,44,275,Rafed0000110,169,694,924,187,99
905,299,619,Shamela0022666,3,951,1271,263,100
905,69,299,Sham19Y0020891,5287,0,229,187,99
905,299,448,Sham19Y0020891,5290,1393,1541,123,99
905,838,1109,AOCP20251117031,175,6,286,223,95
905,44,299,Hindawi019640759,47,300,555,208,100
905,44,299,JK010001,1808,170,424,207,99
905,299,518,JK010001,3152,1137,1355,180,99
905,137,299,JK009270,4227,900,1061,131,99
905,299,518,JK009270,4232,1024,1242,180,99
905,518,709,JK009270,4236,1167,1358,152,98
905,732,867,JK009270,4239,0,135,112,100
905,867,1020,JK009270,4240,614,767,127,100
905,44,299,Meshkat0014420,3901,1184,1439,208,100
905,380,518,Meshkat0014420,3905,0,138,113,100
905,518,741,Meshkat0014420,3906,672,895,181,100
905,741,1109,Meshkat0014420,3909,254,622,304,100
905,6,464,ShamAY0036821,1648,1234,1657,344,91
905,464,1109,ShamAY0036821,1649,0,636,519,98
905,11,503,ShamAY0036821,1650,90,546,370,91
905,308,518,Shamela0029677,1176,1231,1441,172,100
905,44,299,Rafed0003376Vols,1114,167,423,208,99
905,44,299,Sham19Y0147312,1694,539,794,208,100
905,291,518,Sham19Y0147312,1695,414,641,183,98
905,518,741,Sham19Y0147312,1696,866,1089,181,100
905,741,1109,Sham19Y0147312,1698,530,898,304,100
905,44,299,Shamela0004445,333,1289,1544,208,100
905,299,619,Shamela0004445,610,1291,1611,263,100
905,299,575,Sham19Y0013550,473,811,1416,180,33
905,191,417,Shamela0037458,3628,381,607,187,100
905,417,722,Shamela0037458,3631,1195,1500,247,100
905,833,1131,Shamela0037458,3637,0,310,240,93
905,102,299,JK000791,1962,0,197,161,100
905,299,678,JK000791,1965,17,396,310,100
905,610,1109,JK000791,1966,550,1174,396,76
905,619,811,Zaydiyya0000349,21,125,445,155,59
905,299,518,Shamela0022712,209,219,438,180,100
905,299,678,Shamela0000922,1055,358,1143,237,37
905,682,1067,Shamela0000922,1056,56,850,239,36
905,299,741,JK000368,120,1346,1578,184,50
905,671,811,Zaydiyya0000295Vols,637,641,813,96,69
905,44,299,JK009396,1315,338,593,208,100
905,619,797,JK009396,1318,1437,1614,143,99
905,361,619,JK009396,1318,0,258,211,100
905,811,1038,JK009396,1319,1169,1396,189,100
905,308,441,Sham19Y0023608,2773,488,621,110,100
905,44,299,Sham19Y0023608,3313,925,1180,208,100
905,291,619,Sham19Y0023608,3315,650,974,266,98
905,833,1109,Sham19Y0023608,3319,1005,1281,229,100
905,299,546,Shamela0004482,586,1387,1602,157,77
905,299,678,Shamela0009637,26,62,441,310,100
905,69,299,Sham19Y0016953Vols,1536,1121,1424,188,75
905,299,575,JK000381,526,1056,1333,227,99
905,357,619,JK000381,562,0,262,214,100
905,368,596,JK000381,893,479,719,146,75
905,299,535,JK000381,5319,1338,1573,194,99
905,417,575,Meshkat00042488,1460,1029,1187,129,100
905,927,1109,Meshkat00042488,1462,1206,1388,151,100
905,44,299,Shia003721Vols,245,776,1031,208,100
905,299,619,Shia003721Vols,519,775,1095,263,100
905,299,678,Shamela0012034,646,1103,1482,310,100
905,361,518,Shamela0004473,8162,423,580,124,96
905,299,471,Shamela0004473,10568,1191,1363,142,100
905,909,1038,Shamela0004473,17056,1167,1296,107,100
905,44,275,Shamela0012828,8,141,372,188,100
905,44,299,Sham19Y0145435,5134,325,580,208,100
905,6,299,Shia002356Vols,1020,561,827,214,88
905,291,619,Shia002356Vols,1021,400,719,259,96
905,546,1109,Shia002356Vols,1022,153,849,429,72
905,6,971,Shamela0010523,212,752,1690,770,97
905,741,1038,Tafsir04038,550,15,448,135,30
905,243,704,Shia002380Vols,662,408,1308,373,50
905,704,1038,Shia002380Vols,663,189,1078,266,36
905,27,299,JK001496,1942,1041,1316,219,97
905,275,518,JK001496,1944,801,1037,186,89
905,909,1038,JK001496,1950,351,965,107,21
905,6,299,Shamela0008473,4056,801,1135,230,82
905,282,619,Shamela0008473,4060,540,884,276,97
905,833,1038,Shamela0008473,4064,300,505,171,100
905,759,1038,Shia002382Vols,2089,466,1450,193,22
905,137,299,MMS00013,2851,0,162,132,100
905,314,575,JK006474,2557,891,1355,214,56
905,44,243,Shamela0037837,784,1310,1525,143,79
905,44,299,Tafsir07055,1876,284,538,207,99
905,299,518,Tafsir07055,3241,668,886,180,99
905,314,546,Shamela0012884,4307,630,970,190,68
905,6,1109,Shamela0023591,5837,625,1702,883,97
905,6,430,Shamela0023591,5847,1192,1623,336,91
905,518,1109,Shamela0023591,5852,516,1107,485,100
905,6,299,JK009266,7705,122,388,217,90
905,275,471,JK009266,7709,1372,1597,162,85
905,471,619,JK009266,7710,0,148,121,100
905,518,833,JK009266,7713,516,804,200,70
905,722,1109,JK009266,7717,208,765,302,63
905,333,518,Tafsir10098,1311,213,685,151,39
905,704,927,Tafsir10098,1312,85,406,184,69
905,0,299,Shamela0021821,1568,24,310,231,94
905,282,619,Shamela0021821,1569,1142,1506,277,92
905,575,797,Shamela0021821,1570,1266,1658,179,56
905,671,1038,Shamela0021821,1571,625,1601,294,36
905,44,268,AOCP20250214584Vols,17,410,693,175,73
905,66,275,Shamela0012318,273,777,1019,170,86
905,44,299,Sham19Y0005414,223,84,338,207,99
905,826,1038,Rafed0000185Vols,15,725,920,131,67
905,6,690,JK009362,6770,1046,1703,537,95
905,690,1109,JK009362,6771,0,419,346,100
905,6,299,JK006478,7672,1205,1518,235,92
905,403,619,JK006478,7678,0,215,177,99
905,575,833,JK006478,7680,516,1063,209,47
905,833,1109,JK006478,7684,17,293,229,100
905,909,1038,JK000452,24,434,580,63,54
905,57,678,Rafed0003943Vols,1313,0,947,506,65
905,704,833,Rafed0003943Vols,1314,1347,1476,106,100
905,833,1109,Rafed0003943Vols,1315,180,456,229,100
905,44,299,Shamela0010273,2654,1231,1486,208,100
905,291,619,Shamela0010273,2657,480,812,266,97
905,714,1109,Shamela0010273,2663,1269,1660,309,94
905,299,518,Shamela0007798,7809,194,882,143,23
905,299,678,JK000805,24,1120,1499,310,100
905,900,1113,JK000066,106,0,215,174,98
905,423,575,Sham19Y0014404,1259,998,1652,88,15
905,333,489,Meshkat00057178,3100,783,1290,90,20
905,44,299,Masaha000554Vols,4923,742,1002,204,94
905,299,619,Masaha000554Vols,4934,802,1116,255,96
905,600,826,Masaha000554Vols,4938,1308,1577,182,83
905,6,377,QuranAnalysis001,195,1344,1688,283,92
905,377,1109,QuranAnalysis001,196,0,732,600,100
905,619,811,Zaydiyya0000474,764,179,370,155,99
905,44,299,Hindawi084602738,147,915,1255,208,75
905,44,299,Rafed0001713Vols,2208,656,912,208,99
905,299,625,Rafed0001713Vols,2210,740,1066,265,99
905,678,1038,Rafed0001713Vols,2213,861,1274,279,82
905,44,299,Tafsir04056,6290,531,786,208,100
905,471,619,Tafsir02094,3271,482,1010,120,27
905,581,704,Tafsir02094,3272,0,256,98,48
905,417,704,Shamela0000041,2166,794,1145,230,81
905,686,909,Shamela0000041,2167,785,1053,180,81
905,821,1109,Shamela0000041,2168,0,395,239,72
905,6,1160,Shamela0023578,2643,323,1488,927,96
905,275,636,Shamela0023578,2645,434,1637,297,30
906,1007,1565,Shia001432Vols,18451,639,1259,255,41
906,271,557,Meshkat00042485,5584,193,786,140,26
906,1176,1565,Meshkat00042485,5588,42,482,242,63
906,834,1565,JK000818,544,417,1247,252,31
906,823,1557,Shia002382Vols,1546,766,1376,332,52
906,823,1551,Shia002382Vols,2087,980,1528,311,51
906,1347,1557,Shamela0010273,2658,24,281,126,56
906,448,685,Rafed0001713Vols,2210,242,557,117,43
906,1093,1514,Rafed0001713Vols,2211,433,1031,249,50
907,970,1576,Shia001432Vols,2597,383,670,139,26
907,1161,1398,Sham19Y0020891,5299,1229,1569,165,59
907,970,1547,Meshkat00042485,5592,399,920,202,36
907,956,1583,JK000818,545,180,467,119,21
907,128,1293,ShamIbadiyya0000075,771,798,1618,327,27
907,382,1547,Shia002382Vols,1547,14,682,243,22
907,351,1547,Shia002382Vols,2088,385,1146,251,20
907,137,514,Shamela0010273,2658,378,722,145,36
907,970,1547,Tafsir01006,1247,721,1253,190,33
907,970,1197,Kraken220727035853,3941,186,422,103,45
907,562,1003,Rafed0001713Vols,2212,609,1397,113,14
908,1104,1317,Sham19Y0023625,860,1237,1488,124,61
908,1148,1332,JK009268,3952,5,193,110,67
908,801,1114,Meshkat00042485,5597,800,1049,128,45
908,1104,1332,Shamela0012820,490,707,929,113,58
908,1212,1454,Shamela0000412,133,1375,1552,116,56
908,1082,1332,Zaydiyya0000062,1641,697,1043,150,48
908,806,1177,Zaydiyya0000062,1641,0,375,163,44
908,801,1209,Shamela0021766,3738,903,1523,185,31
908,480,1017,Meshkat00042488,1463,74,628,154,28
908,8,420,Shia002356Vols,1023,417,922,184,38
908,0,1032,Shia002380Vols,663,236,1193,393,35
908,1082,1396,JK001496,1951,971,1396,172,47
908,1229,1545,Tafsir02102,3412,75,354,120,42
908,458,1032,Shia002382Vols,1548,248,727,203,38
908,8,1032,Shia002382Vols,2089,466,1564,349,28
908,1209,1384,JK000458,2886,971,1180,106,64
908,1032,1467,Shia002389Vols,2473,117,641,135,26
908,8,1114,Tafsir01006,1248,0,1302,449,34
908,0,256,Sham19Y0014404,1260,1168,1619,150,37
908,1110,1573,Meshkat00057178,3104,244,950,161,27
908,0,217,Rafed0001713Vols,2213,1372,1622,140,58
908,596,1017,Rafed0001713Vols,2214,1239,1616,128,32
908,222,354,Rafed0001713Vols,2214,29,477,86,24
908,1104,1384,Rafed0001713Vols,2215,423,880,175,48
908,708,1032,JK000876,1277,1161,1591,148,39
908,1082,1573,JK000876,1278,613,1107,187,33
909,117,320,ShamAY0037152,68,1026,1229,163,100
909,117,320,ShamAY0037152,345,240,483,163,83
909,117,481,ShamAY0037152,346,260,623,291,99
909,25,385,Sham19Y0017879,291,1106,1310,75,20
909,23,394,Shia001432Vols,2509,1163,1533,294,99
909,70,602,Shia001432Vols,3193,1466,1616,115,27
909,0,210,Shamela0023632,3007,1151,1361,168,100
909,305,423,Shamela0023632,3010,0,118,93,100
909,423,625,Shamela0023632,3012,959,1161,164,100
909,511,625,Rafed0002679Vols,373,1285,1399,92,100
909,385,627,Tafsir03097,1368,400,1354,190,24
909,0,625,JK009268,3952,295,940,499,96
909,0,210,Sham19Y0023618,1432,469,679,168,100
909,210,385,Sham19Y0023618,1433,715,890,138,100
909,366,625,Sham19Y0023618,1434,803,1120,210,81
909,23,176,Shamela0010551,302,1047,1200,118,97
909,511,625,Shamela0010551,407,554,668,92,100
909,117,286,Shamela0023628,2955,1317,1485,136,99
909,302,553,Shamela0023628,2957,111,521,201,61
909,0,625,Rafed0003257Vols,4488,404,1036,501,98
909,423,625,Rafed0003257Vols,4493,67,1070,164,20
909,272,511,Sham19Y0020891,5315,1082,1378,174,73
909,511,625,Sham19Y0020891,5320,344,458,92,100
909,117,289,JK010001,3573,1296,1467,138,99
909,23,171,JK009270,4245,158,306,118,100
909,171,385,JK009270,4248,664,878,169,100
909,385,553,JK009270,4253,595,763,137,100
909,0,210,Meshkat0014420,3911,1023,1244,168,95
909,210,511,Meshkat0014420,3916,776,1077,241,100
909,117,320,Sham19Y0017581,285,794,997,163,100
909,25,205,JK000373,191,1340,1519,144,99
909,1149,1412,Meshkat00042485,5603,244,534,121,48
909,117,305,Sham19Y0147312,1701,1342,1529,151,99
909,305,481,Sham19Y0147312,1702,0,176,141,100
909,481,625,Sham19Y0147312,1702,1228,1372,116,100
909,503,627,Shamela0004445,147,1402,1541,100,89
909,481,625,Tafsir02067,827,142,676,115,26
909,511,625,JK000375,110,678,792,92,100
909,171,481,Sham19Y0013550,475,168,764,133,24
909,0,267,Zaydiyya0000062,1641,1093,1360,214,98
909,245,503,Zaydiyya0000062,1643,1187,1483,193,81
909,0,210,Shamela0037458,3642,60,270,168,100
909,210,481,Shamela0037458,3646,524,795,217,100
909,473,625,Shamela0037458,3649,62,214,118,96
909,0,117,JK000791,1968,942,1059,93,100
909,117,511,JK000791,1971,429,823,316,100
909,511,625,JK000791,1973,671,785,92,100
909,1149,1352,Shamela0021766,3740,1089,1440,122,41
909,16,161,JK009336,390,1350,1494,112,96
909,161,320,JK009336,391,0,159,127,100
909,23,320,Shamela0023833,255,325,580,156,58
909,210,426,Shamela0000922,1058,611,1165,167,38
909,426,553,Shamela0000922,1059,0,394,104,32
909,210,385,Sham19Y0009800,354,109,284,138,100
909,117,503,JK007018,646,1016,1414,304,94
909,511,625,JK007018,647,1314,1433,88,91
909,0,117,JK009396,1320,1394,1530,91,84
909,117,400,JK009396,1322,1234,1516,225,99
909,511,625,JK009396,1324,588,702,92,100
909,0,511,Sham19Y0023608,3322,216,727,409,100
909,511,625,Sham19Y0023608,3327,164,278,92,100
909,511,625,JK000381,7809,731,845,92,100
909,511,625,Shamela0001340,263,286,400,92,100
909,511,625,Shia003721Vols,56,1354,1468,92,100
909,23,542,Rafed0003726Vols,1233,422,1045,163,24
909,171,346,Shamela0004473,6,125,300,140,100
909,117,320,Shamela0004473,1560,492,695,163,100
909,320,511,Shamela0004473,1563,6,197,153,100
909,511,625,Shamela0004473,1635,612,725,91,99
909,117,320,Shamela0004473,5416,991,1194,163,100
909,210,385,Shamela0004473,9619,157,332,138,100
909,117,385,Shamela0004473,13369,1286,1554,213,100
909,511,625,Sham19Y0145435,4938,518,632,92,100
909,0,782,Shia002356Vols,1024,601,1291,334,43
909,286,625,Shia002356Vols,1026,739,1266,243,56
909,23,245,Shamela0010523,217,1358,1579,178,99
909,245,625,Shamela0010523,218,0,380,304,100
909,70,272,ShamAY0034059,5534,1336,1544,161,96
909,210,481,ShamAY0034059,5539,49,326,215,97
909,423,625,ShamAY0034059,5541,1009,1211,163,99
909,309,553,Tafsir04038,551,32,255,87,31
909,511,625,Shamela0009918,890,1319,1433,92,100
909,272,553,Shia002380Vols,665,543,1420,198,27
909,309,511,JK001496,1956,5,228,161,90
909,117,340,Zaydiyya0000328,162,633,855,177,99
909,0,117,Shamela0008473,4067,316,433,93,100
909,92,511,Shamela0008473,4069,22,433,318,92
909,272,461,Shia002382Vols,1551,599,1446,149,22
909,500,625,Shia002382Vols,1552,492,1067,97,21
909,511,625,Shamela0001404,25,931,1045,92,100
909,346,461,Tafsir07055,3110,1288,1403,91,100
909,117,366,Tafsir07055,3666,183,432,198,100
909,272,625,Tafsir05047,758,219,1445,278,28
909,23,275,Masaha002028Vols,640,1313,1478,120,59
909,0,625,Shamela0023591,5858,101,726,501,100
909,23,625,Shamela0023591,5859,26,628,482,100
909,237,511,JK009266,7728,0,274,219,100
909,23,320,Shamela0010283,3277,1077,1374,237,100
909,0,117,Shamela0021821,1573,408,526,93,99
909,117,385,Shamela0021821,1574,211,479,213,100
909,231,385,Shamela0009862,164,424,578,121,100
909,25,494,JK009362,6874,1052,1534,373,96
909,494,625,JK009362,6875,0,131,103,96
909,320,426,JK009362,8017,417,520,81,97
909,117,320,JK000385,133,1269,1472,163,100
909,511,625,Shamela0022653,107,687,801,92,100
909,320,511,JK006478,7692,1307,1502,152,97
909,0,320,Rafed0003943Vols,1316,260,580,256,100
909,320,625,Rafed0003943Vols,1318,598,903,245,100
909,23,366,JK001104,5,388,538,67,21
909,0,117,Shamela0010273,2666,887,1004,93,100
909,117,295,Shamela0010273,2667,1442,1619,143,99
909,309,511,Shamela0010273,2670,738,940,155,96
909,511,625,JK000064,214,1307,1421,92,100
909,511,625,Sham19Y0014328,349,1245,1359,92,100
909,481,625,Shamela0007798,7836,224,407,106,73
909,320,481,ShamAY0036039,24,106,267,129,100
909,963,1304,Tafsir01006,1249,1025,1545,144,30
909,511,625,Tafsir06048,977,1094,1421,92,34
909,117,320,ShamAY0007299,2545,761,964,163,100
909,171,385,ShamAY0002038,524,1220,1434,169,100
909,117,320,Rafed0003799Vols,41,1009,1212,163,100
909,286,503,Masaha000554Vols,4958,1440,1636,148,86
909,23,625,QuranAnalysis001,196,737,1339,482,100
909,231,385,JK000916,26096,1316,1470,121,100
909,23,625,ShamAY0037387,119,646,1255,478,98
909,0,210,Rafed0001713Vols,2217,1070,1280,168,100
909,210,385,Rafed0001713Vols,2220,212,387,138,100
909,385,625,Rafed0001713Vols,2221,617,857,195,100
909,117,320,JK001414,2641,722,925,163,100
909,511,625,JK006950,2111,445,559,92,100
909,511,625,Tafsir02094,3283,730,839,68,66
909,171,423,Shamela0000041,2171,538,904,198,68
909,0,320,Shamela0023578,2649,4,324,256,100
909,210,625,Shamela0023578,2652,514,1273,326,53
910,582,1162,Shia001432Vols,2598,754,1258,234,40
910,883,1441,Meshkat00042485,5611,640,1348,260,41
910,564,1441,ShamIbadiyya0000075,773,693,1554,267,26
910,313,501,Shamela0004473,14734,459,1038,123,26
910,32,617,Shamela0007663,149,879,1341,351,72
910,767,1436,Tafsir01006,1251,643,1552,300,36
910,109,629,Sham19Y0014404,1263,5,396,83,14
910,228,1506,JK000876,1280,86,1383,415,29
911,1207,1552,Shia001432Vols,4315,0,346,278,98
911,1346,1552,Shia001432Vols,32717,582,782,161,96
911,171,786,Shamela0023632,3012,959,1146,135,26
911,1033,1280,Shamela0023632,3013,1137,1383,199,99
911,1280,1552,Shamela0023632,3016,444,716,218,99
911,1280,1537,Masaha004743,84,1218,1473,205,99
911,1137,1346,Tafsir03097,1369,613,1327,171,29
911,171,1552,JK009268,3952,738,1458,574,51
911,1033,1241,Sham19Y0023618,1435,587,794,166,99
911,1033,1173,Shamela0010551,350,1296,1436,111,100
911,589,1173,Shamela0023628,2958,191,652,218,38
911,171,1118,Rafed0003257Vols,4488,834,1121,224,29
911,171,1078,Rafed0003257Vols,4493,67,1241,263,21
911,1190,1552,Rafed0003257Vols,4494,0,362,293,99
911,1280,1552,Zaydiyya0000288,629,352,625,219,99
911,1280,1552,Zaydiyya0000044,220,1066,1339,219,99
911,1280,1543,Zaydiyya0000044,261,541,804,211,100
911,1118,1280,Sham19Y0020891,5322,985,1147,133,100
911,171,597,JK009270,4253,633,763,99,28
911,708,1216,JK009270,4256,567,822,205,50
911,1216,1433,JK009270,4262,688,905,176,100
911,1137,1280,Shamela0005756,9841,1278,1420,117,99
911,1369,1552,Sham19Y0150960,1048,0,184,148,99
911,1309,1552,JK000724,8,464,689,173,88
911,708,1118,Meshkat0014420,3920,11,168,125,38
911,1118,1280,Meshkat0014420,3922,555,717,133,100
911,1280,1552,Meshkat0014420,3924,241,514,219,99
911,1280,1552,Shamela0002300,706,127,399,218,99
911,1033,1552,ShamAY0036821,1653,271,789,415,98
911,244,764,Tafsir02104,482,317,649,148,35
911,1118,1280,Sham19Y0147312,1704,328,490,133,100
911,1280,1508,Sham19Y0147312,1705,298,526,183,100
911,1137,1280,Shamela0004445,516,332,474,117,99
911,1280,1552,Shamela0004445,519,773,1045,218,99
911,555,764,Shamela0022769,1330,1034,1571,97,21
911,708,897,Zaydiyya0000062,1645,1058,1279,120,62
911,555,1118,Shamela0037458,3649,100,299,159,35
911,1118,1280,Shamela0037458,3652,764,926,133,100
911,1280,1458,Shamela0037458,3655,1381,1558,142,99
911,174,786,JK000791,1973,227,770,169,28
911,1078,1280,JK000791,1975,218,419,164,99
911,1268,1552,JK000791,1977,528,810,221,96
911,1280,1552,Shamela0001524,631,622,894,218,99
911,1137,1280,Shamela0009702,177,643,785,117,99
911,174,654,Shamela0000922,1059,0,456,139,24
911,1309,1552,Tafsir07076,5064,0,244,196,99
911,1280,1543,Tafsir07076,5516,1163,1460,211,88
911,1123,1241,Shia001373,75,1143,1260,95,99
911,1137,1552,Sham19Y0018103,2292,1039,1391,163,38
911,555,1118,JK009396,1324,588,787,159,35
911,1118,1280,JK009396,1326,978,1139,132,99
911,1280,1552,JK009396,1327,947,1219,218,99
911,1280,1483,Sham19Y0023608,3331,1348,1549,161,99
911,1280,1552,JK000381,4516,323,595,218,99
911,171,290,JK000465,3402,993,1245,78,35
911,1280,1508,Meshkat00042488,1468,1221,1448,182,99
911,1137,1284,Shia003721Vols,425,1304,1450,118,97
911,1280,1552,Shia003721Vols,429,119,391,218,99
911,555,1118,Shamela0004473,1635,612,810,158,35
911,1118,1280,Shamela0004473,1638,882,1043,132,99
911,1280,1552,Shamela0004473,2044,445,717,218,99
911,1118,1317,Shamela0004473,2048,283,529,135,66
911,1280,1537,Shamela0004473,6446,1266,1521,205,99
911,1137,1512,Sham19Y0145435,5091,1122,1564,304,84
911,1280,1552,Kraken210622021811,149,602,969,218,72
911,555,1118,Shia002356Vols,1026,1155,1351,151,33
911,1118,1552,Shia002356Vols,1028,100,539,351,98
911,171,1164,Shamela0010523,218,178,922,261,23
911,1002,1280,ShamAY0034059,5544,973,1238,208,91
911,1273,1552,Hindawi081316951,73,930,1210,221,96
911,1033,1346,Tafsir04038,551,341,697,184,58
911,0,597,Shia002380Vols,665,758,1420,212,34
911,683,1241,Shia002380Vols,666,180,984,265,33
911,1118,1280,JK001496,1958,787,951,133,98
911,1118,1261,Tafsir02102,2896,402,545,104,90
911,708,1007,Tafsir02102,3417,127,492,163,46
911,555,1137,Shamela0008473,4073,202,420,174,37
911,1137,1280,Shamela0008473,4074,296,438,117,99
911,1273,1552,Shamela0008473,4076,1129,1416,224,96
911,0,220,Shia002382Vols,1551,1141,1453,118,42
911,224,1164,Shia002382Vols,1552,7,1508,355,26
911,683,1173,Shia002382Vols,2094,980,1287,185,45
911,1103,1317,Shia002382Vols,2095,85,514,174,49
911,171,1057,Tafsir05047,758,523,1482,274,27
911,171,786,Shamela0023591,5858,524,711,135,26
911,171,786,Shamela0023591,5859,426,613,135,26
911,1033,1552,Shamela0023591,5867,946,1464,417,99
911,1033,1516,Shamela0023591,5869,1079,1559,387,99
911,555,1173,JK009266,7733,88,342,203,41
911,1173,1552,JK009266,7739,185,565,308,99
911,566,1137,Tafsir10098,1315,999,1494,175,28
911,1137,1284,Tafsir10098,1316,252,399,118,97
911,388,597,JK000458,2892,839,1168,83,33
911,555,1130,Shamela0021821,1576,9,227,162,35
911,1090,1280,Shamela0021821,1577,408,636,154,82
911,1280,1552,Shamela0021821,1579,272,544,218,99
911,1280,1552,JK000351,76,745,1017,218,99
911,1302,1552,Rafed0003793Vols,1024,0,250,201,99
911,555,1552,JK009362,6875,17,654,506,62
911,1280,1552,Sham19Y0020869,47,593,1004,219,66
911,1137,1317,Sham19Y0147597,664,964,1144,148,100
911,708,1552,JK001420,690,277,1133,326,35
911,1280,1552,Zaydiyya0000274,531,724,997,219,99
911,555,1123,JK006478,7695,1365,1572,156,34
911,1123,1280,JK006478,7696,0,159,129,98
911,1280,1552,JK006478,7705,882,1156,219,99
911,171,606,Tafsir08060,440,211,615,172,44
911,171,1118,Rafed0003943Vols,1318,701,988,224,29
911,163,528,Shamela0010273,2672,131,935,168,26
911,1078,1280,Shamela0010273,2674,701,902,164,99
911,1280,1552,Shamela0010273,2677,506,778,218,99
911,1118,1280,Shamela0007798,7842,41,202,132,99
911,212,633,Tafsir01006,1252,576,1261,168,29
911,555,750,Tafsir06048,977,1094,1246,81,50
911,1346,1552,Sham19Y0018567,1051,0,207,166,99
911,1273,1552,Rafed0003799Vols,1925,956,1233,219,96
911,1273,1552,Masaha000554Vols,4970,263,542,217,95
911,171,1273,QuranAnalysis001,196,1137,1578,351,39
911,1273,1552,QuranAnalysis001,197,0,280,225,99
911,1280,1552,Hindawi084602738,141,421,694,219,99
911,171,1289,ShamAY0037387,119,1053,1511,359,39
911,1289,1552,ShamAY0037387,120,0,265,212,99
911,1078,1284,Rafed0001713Vols,2223,895,1100,164,98
911,1261,1552,Rafed0001713Vols,2226,742,1033,234,99
911,1280,1552,Shamela0000432,4511,339,611,218,99
911,1273,1467,Sham19Y0014579,253,1365,1558,151,97
911,1118,1241,Tafsir07057,3579,83,206,100,100
911,1137,1336,Shamela0009856,1131,497,745,141,66
911,171,349,Shamela0000041,2172,498,665,113,68
911,171,1302,Shamela0023578,2652,1071,1540,373,40
911,1317,1552,Shamela0023578,2660,532,767,188,99
912,0,319,Shia001432Vols,4315,346,663,254,99
912,72,323,JK009268,3953,0,249,198,99
912,0,323,Rafed0003257Vols,4494,362,679,254,98
912,0,323,ShamAY0036821,1653,789,1108,252,96
912,124,323,Shamela0037458,3662,942,1141,158,100
912,0,319,JK000791,1977,810,1127,254,99
912,0,312,ShamIbadiyya0000075,776,832,1629,250,38
912,0,319,Hindawi081316951,73,1210,1529,256,100
912,319,477,Tafsir02102,3417,1161,1422,71,30
912,0,319,Shamela0021821,1579,544,861,254,99
912,0,323,JK009362,6875,654,984,259,97
912,0,323,QuranAnalysis001,197,280,603,259,100
912,0,323,ShamAY0037387,120,265,590,259,98
912,345,743,Rafed0001713Vols,2223,499,974,116,21
912,0,319,Rafed0001713Vols,2226,1033,1350,254,99
912,0,319,Shamela0000432,4511,611,928,254,99
912,0,323,Shamela0023578,2660,767,1088,257,99
913,19,191,Meshkat00042485,5624,949,1154,89,49
913,824,1362,Shia002356Vols,1029,1353,1554,93,18
913,19,177,JK000458,2897,1325,1533,80,41
913,1277,1433,JK006478,7719,493,860,94,30
913,466,1362,Tafsir08060,441,26,644,291,35
913,19,159,Tafsir01006,1254,1447,1613,66,40
913,167,808,Tafsir04042,1897,85,633,255,40
914,883,1148,Shia001432Vols,4352,1033,1298,212,100
914,719,888,Shia001432Vols,25801,245,413,136,98
914,719,995,Shamela0023632,3024,162,437,221,99
914,995,1165,Shamela0023632,3028,278,458,126,87
914,706,912,Masaha004743,89,670,874,145,87
914,280,1148,JK009268,3953,153,898,604,85
914,883,1148,Hindawi028570502Vols,5179,186,451,212,100
914,660,883,Sham19Y0023618,1441,882,1105,183,99
914,995,1148,Sham19Y0023618,1444,977,1130,124,100
914,706,883,Shamela0010551,81,511,686,138,96
914,711,1158,Rafed0003257Vols,4505,423,864,349,96
914,883,1115,Zaydiyya0000044,263,0,232,186,100
914,719,883,Shamela0009752,3,237,400,133,99
914,883,1158,Rafed0000110,139,873,1149,214,97
914,719,883,Sham19Y0020891,5346,222,386,134,100
914,988,1148,Sham19Y0020891,5357,397,996,127,26
914,759,1005,JK009270,4277,1259,1504,197,99
914,706,883,Meshkat0014420,3933,1029,1204,138,96
914,883,1031,Meshkat0014420,3936,1369,1516,117,99
914,365,972,ShamAY0036821,1653,1051,1570,414,84
914,365,1148,ShamAY0036821,1654,859,1556,555,87
914,706,883,Rafed0003376Vols,1109,818,992,137,95
914,931,1165,Rafed0003376Vols,1110,271,506,178,95
914,719,883,Sham19Y0147312,1708,1377,1541,134,100
914,883,1148,Sham19Y0147312,1711,209,474,212,100
914,719,1148,Shamela0004445,537,965,1393,345,99
914,995,1148,Shamela0004445,3046,881,1034,124,100
914,660,883,Shamela0037458,3665,0,223,184,100
914,883,1085,Shamela0037458,3669,1256,1458,162,100
914,698,1148,JK000791,1985,500,995,363,90
914,719,883,Noorlib0038508,153,501,664,133,99
914,995,1148,JK009313,5254,1030,1183,124,100
914,883,1085,Tafsir07076,8154,708,997,162,69
914,328,883,JK009396,1331,538,1125,387,76
914,883,1165,JK009396,1333,133,427,220,93
914,719,883,Sham19Y0023608,3340,144,307,133,99
914,1002,1148,Sham19Y0023608,3342,0,146,118,100
914,883,1036,Shia002333,103,409,562,121,100
914,926,1120,JK000381,3419,503,697,152,98
914,719,1148,Shia003721Vols,447,219,647,345,99
914,995,1165,Shia003721Vols,451,52,226,128,90
914,931,1148,Rafed0003726Vols,1566,980,1197,173,100
914,719,883,Shamela0004473,2336,210,373,133,99
914,883,1144,Shamela0004473,2338,1309,1569,209,99
914,719,1148,Sham19Y0145435,5099,520,949,346,100
914,995,1165,Sham19Y0145435,5101,1282,1456,128,90
914,719,1148,Shia002356Vols,1031,766,1194,339,97
914,660,1176,Shamela0010523,222,871,1398,351,78
914,660,931,ShamAY0034059,5571,1006,1282,222,97
914,883,1085,ShamAY0034059,5584,1145,1350,162,98
914,900,1085,Tafsir04038,556,30,258,148,81
914,719,900,JK001496,1970,940,1132,134,85
914,995,1144,JK001496,1975,533,685,121,98
914,660,883,Shamela0008473,4081,698,1104,183,54
914,883,1148,Shamela0008473,4084,123,388,212,100
914,706,883,Rafed0002654Vols,11046,1283,1457,137,95
914,280,1148,Shamela0023591,5868,81,826,604,85
914,280,1148,Shamela0023591,5878,379,1124,604,85
914,692,1148,JK009266,7758,767,1261,369,92
914,719,931,Shia003749,404,735,945,171,99
914,665,883,Shamela0021821,1582,673,977,168,67
914,883,1148,Shamela0021821,1583,778,1043,212,100
914,706,893,Rafed0003793Vols,1028,1052,1241,139,90
914,280,1077,JK009362,6875,888,1581,547,82
914,706,883,Zaydiyya0000274,538,470,645,138,96
914,719,900,JK006478,7726,1098,1292,134,84
914,883,1144,JK006478,7732,315,578,209,98
914,719,888,PV2024060601,3825,627,794,136,98
914,356,847,Rafed0003943Vols,1324,510,949,260,61
914,995,1148,Zaydiyya0000148,271,1023,1176,124,100
914,719,883,Shamela0010273,2688,244,407,133,99
914,931,1148,Shamela0010273,2690,0,217,173,100
914,706,883,Shamela0007798,7864,722,896,137,95
914,995,1148,Shamela0007798,7872,743,896,124,100
914,719,883,Sham19Y0096629,29,1293,1471,134,92
914,883,1011,Rafed0003799Vols,1651,1452,1579,101,99
914,711,900,Masaha000554Vols,4986,1130,1312,139,91
914,883,1148,Masaha000554Vols,4991,412,679,210,97
914,86,1148,QuranAnalysis001,197,404,1252,687,79
914,995,1148,Rafed0003489,334,267,420,124,100
914,280,1148,ShamAY0037387,120,494,1245,605,85
914,379,1338,Rafed0001713Vols,2231,261,1111,352,32
914,719,1148,Rafed0001713Vols,2232,808,1236,345,99
914,280,1148,Shamela0023578,2672,427,1266,604,79
916,980,1232,Meshkat00042485,5641,30,263,104,39
916,890,1317,Shia002380Vols,669,545,776,148,39
916,890,1232,Shia002382Vols,1558,1152,1333,115,40
916,1006,1232,JK000458,2908,1149,1422,86,30
917,419,597,Shamela0008381,867,1391,1568,144,99
917,427,597,Shia001432Vols,2172,1355,1524,138,99
917,597,955,Shia001432Vols,2323,333,694,285,98
917,40,253,Shia001432Vols,3851,717,927,170,98
917,601,955,Shia001432Vols,9742,331,891,222,51
917,601,955,Shia001432Vols,10430,21,554,225,53
917,689,844,Shia001432Vols,22622,1030,1186,121,98
917,31,293,Shamela0023632,3029,71,337,180,83
917,253,605,Shamela0023632,3031,1141,1493,286,98
917,597,844,Shamela0023632,3034,548,796,198,99
917,419,597,Shamela0000894,1119,988,1171,144,97
917,427,646,Rafed0002679Vols,1924,276,526,178,87
917,60,955,JK009268,3978,0,896,727,99
917,22,419,Sham19Y0023618,1444,1121,1509,315,96
917,419,838,Sham19Y0023618,1447,874,1571,337,59
917,708,955,Sham19Y0023618,1448,909,1396,154,40
917,253,475,Shamela0010551,487,756,978,185,100
917,129,543,Shamela0023628,2982,14,428,342,100
917,313,793,Shamela0023628,2983,481,1412,380,50
917,793,955,Shamela0023628,2984,1123,1285,129,100
917,689,955,Sham19Y0037562,86,112,379,212,99
917,40,253,Rafed0003257Vols,4510,674,887,172,100
917,185,419,Rafed0003257Vols,4515,311,516,166,85
917,373,955,Rafed0003257Vols,4516,645,1591,469,61
917,288,955,Tafsir09083,1298,683,1159,206,31
917,253,419,Rafed0000110,6,1114,1280,140,100
917,1058,1354,Tafsir09084,2089,661,1212,184,42
917,683,844,Tafsir09084,2093,859,1446,93,19
917,40,253,Sham19Y0020891,5359,245,458,172,100
917,373,498,Sham19Y0020891,5364,1377,1650,102,45
917,664,804,Sham19Y0020891,5367,1411,1551,112,98
917,543,664,Sham19Y0020891,5367,591,832,97,50
917,683,793,JK010001,2787,740,850,84,94
917,97,309,JK009270,4285,1079,1291,174,100
917,309,475,JK009270,4289,891,1057,137,100
917,475,737,JK009270,4292,824,1086,212,100
917,737,955,JK009270,4296,413,630,173,99
917,40,253,Meshkat0014420,3941,286,499,172,100
917,253,597,Meshkat0014420,3944,29,373,284,100
917,547,844,Meshkat0014420,3947,21,785,237,38
917,40,955,ShamAY0036821,1656,424,1326,725,97
917,419,717,ShamAY0036821,1657,1256,1550,233,96
917,717,955,ShamAY0036821,1658,0,236,188,99
917,40,266,Sham19Y0147312,1712,742,979,182,94
917,448,646,Sham19Y0147312,1716,860,1049,151,92
917,675,844,Sham19Y0147312,1718,846,1013,125,94
917,253,419,Shamela0004445,274,1443,1609,140,100
917,253,419,Sham19Y0014592,880,1133,1299,140,100
917,129,309,Shamela0037458,3676,1010,1190,148,100
917,309,601,Shamela0037458,3679,351,643,237,99
917,597,844,Shamela0037458,3682,585,832,198,100
917,708,955,Shamela0037458,3685,446,1413,193,25
917,22,253,JK000791,1985,986,1208,179,96
917,253,597,JK000791,1995,37,381,284,100
917,569,955,JK000791,1997,14,448,303,85
917,708,907,Tafsir02011,1474,47,479,154,44
917,40,253,Shamela0009702,126,689,902,172,100
917,675,928,Shamela0000922,1069,250,783,160,38
917,597,955,Tafsir07076,7236,299,658,287,99
917,597,793,Tafsir07076,8694,96,293,158,99
917,678,844,Tafsir07076,8729,231,399,125,94
917,40,266,JK007018,655,154,399,182,91
917,411,955,JK007018,657,38,821,423,67
917,597,892,Shia003744Vols,362,41,575,180,43
917,40,266,JK009396,1337,1168,1405,182,94
917,253,419,JK009396,1340,588,754,140,100
917,419,955,JK009396,1341,114,1034,427,57
917,31,253,Sham19Y0023608,3344,972,1192,174,97
917,253,448,Sham19Y0023608,3347,1022,1217,163,100
917,448,597,Sham19Y0023608,3348,1259,1408,121,100
917,597,955,Sham19Y0023608,3350,385,744,287,99
917,340,517,Meshkat00042488,1478,88,621,137,31
917,659,861,Meshkat00042488,1479,800,1484,124,22
917,40,205,Shia003721Vols,229,1370,1534,133,98
917,253,419,Shia003721Vols,236,66,231,139,99
917,253,475,Shamela0023788,387,1232,1454,185,100
917,12,300,ShamIbadiyya0000075,778,116,704,216,44
917,340,537,ShamIbadiyya0000075,778,1180,1649,163,42
917,57,253,Shamela0004473,2395,0,196,158,100
917,253,419,Shamela0004473,2397,164,330,140,100
917,419,597,Shamela0004473,2399,198,376,144,100
917,597,955,Shamela0004473,2526,641,994,274,95
917,40,253,JK010729,155,404,617,172,100
917,40,212,Sham19Y0145435,5002,1328,1499,139,99
917,12,161,Shia002356Vols,1033,1351,1510,112,81
917,208,597,Shia002356Vols,1034,1007,1410,298,87
917,543,955,Shia002356Vols,1036,155,652,322,80
917,40,356,Shamela0010523,224,1227,1542,259,99
917,356,854,Shamela0010523,225,0,496,400,99
917,793,955,Shamela0010523,227,1147,1309,129,100
917,185,379,ShamAY0034059,5604,1339,1535,161,98
917,793,955,ShamAY0034059,5616,1205,1369,129,98
917,569,955,Tafsir04038,561,93,1043,282,37
917,427,955,Shia002380Vols,671,0,1380,411,37
917,40,185,Shamela0001419,393,1202,1347,118,100
917,40,266,JK001496,1976,465,700,182,95
917,373,543,JK001496,1979,1069,1422,139,47
917,547,844,JK001496,1980,874,1318,236,66
917,419,646,Shamela0008363,271,72,299,184,100
917,22,259,Shamela0008473,4094,1041,1287,183,92
917,253,427,Shamela0008473,4097,606,780,146,100
917,356,597,Shamela0008473,4098,38,453,190,56
917,597,961,Shamela0008473,4099,340,707,290,98
917,683,928,Shamela0008473,4100,507,1306,161,24
917,346,670,Shia002382Vols,1565,534,1178,265,50
917,487,799,Shia002382Vols,2109,0,967,238,30
917,664,955,JK009265,360,0,292,232,99
917,419,670,Tafsir05047,764,545,1054,191,46
917,670,811,Rafed0003462,240,1431,1572,112,98
917,22,572,Shamela0023591,5886,961,1525,441,95
917,572,955,Shamela0023591,5887,0,384,306,99
917,34,427,Shamela0023591,5888,125,518,317,98
917,404,708,Shamela0023591,5893,1302,1607,246,99
917,708,955,Shamela0023591,5894,0,248,197,99
917,22,266,JK009266,7769,1030,1298,189,87
917,253,427,JK009266,7775,185,362,143,96
917,373,597,JK009266,7777,550,887,178,64
917,543,955,JK009266,7780,349,952,328,68
917,40,253,Shia003749,225,612,825,172,100
917,334,613,Tafsir10098,1324,437,1293,212,30
917,12,266,Shamela0021821,1585,771,1053,194,83
917,217,448,Shamela0021821,1586,876,1178,190,75
917,334,597,Shamela0021821,1587,724,1176,213,57
917,543,844,Shamela0021821,1588,53,525,240,63
917,743,955,Shamela0021821,1589,356,763,165,51
917,597,892,Shia002389Vols,2500,542,1441,211,29
917,613,931,Tafsir10066,1535,645,1397,226,36
917,22,955,JK009362,6876,63,999,746,97
917,689,844,JK009362,7923,104,260,123,99
917,427,569,Shia001174Vols,5203,751,893,117,100
917,475,646,JK001420,693,936,1481,108,24
917,40,266,JK006478,7738,926,1164,182,94
917,557,955,JK006478,7748,942,1354,312,94
917,659,781,JK006478,7750,799,1221,75,22
917,22,228,Rafed0003943Vols,1328,956,1521,159,34
917,408,955,Rafed0003943Vols,1330,0,548,440,99
917,40,266,Shamela0010273,2695,415,659,182,91
917,356,597,Shamela0010273,2699,606,901,165,69
917,597,955,Shamela0010273,2700,1227,1586,287,99
917,583,793,Shamela0007798,7890,710,965,168,82
917,675,793,Tafsir06048,990,1273,1428,94,76
917,703,892,Sham19Y0014404,1279,0,832,146,22
917,394,543,Meshkat00057178,3132,1032,1543,107,25
917,40,253,Masaha000554Vols,4999,1035,1247,169,97
917,411,601,Masaha000554Vols,5012,326,523,143,87
917,597,844,Masaha000554Vols,5014,226,482,193,93
917,670,851,Rafed0003630Vols,1691,1284,1465,143,98
917,22,387,QuranAnalysis001,197,1243,1598,289,96
917,387,955,QuranAnalysis001,198,0,568,457,100
917,427,597,SyriacStudies00001,9,420,589,138,99
917,22,408,ShamAY0037387,120,1235,1613,306,95
917,408,955,ShamAY0037387,121,0,557,440,98
917,12,205,Rafed0001713Vols,2238,1384,1577,152,96
917,234,419,Rafed0001713Vols,2241,874,1107,153,78
917,404,955,Rafed0001713Vols,2243,27,581,442,99
917,97,253,Shamela0000432,4508,509,664,126,99
917,340,517,Tafsir04042,1908,1078,1424,146,51
917,683,955,Shamela0095735,881,730,1002,212,97
917,40,253,Sham19Y0014579,380,1028,1241,172,100
917,40,253,Tafsir04056,1208,81,294,172,100
917,646,854,JK000090,21,1286,1519,159,86
917,22,266,Shamela0000041,2195,774,1009,180,91
917,313,589,Shamela0000041,2196,1316,1644,216,79
917,108,448,Shamela0000041,2196,43,568,280,64
917,670,793,Shamela0000041,2197,1140,1264,98,99
917,764,955,Shamela0000041,2198,537,786,151,75
917,22,253,Shamela0023578,2672,1257,1479,179,96
917,259,804,Shamela0023578,2686,0,548,441,98
917,793,955,Shamela0023578,2688,157,319,129,100
918,803,1472,Shamela0023632,3031,1210,1485,210,37
918,803,1561,JK009268,3978,262,574,238,37
918,803,1326,Shamela0023628,2982,207,422,163,36
918,774,1561,Shamela0023628,2983,476,1252,269,31
918,875,1561,Rafed0003257Vols,4516,645,1269,211,25
918,372,1472,Meshkat0014420,3944,23,373,286,31
918,827,1531,Tafsir02104,488,824,1393,202,31
918,803,1472,Shamela0037458,3679,364,639,210,37
918,803,1472,JK000791,1995,106,381,210,37
918,843,1561,Shamela0010523,225,0,278,223,38
918,852,1326,JK001496,1979,1005,1416,151,27
918,839,1472,Shamela0008473,4098,0,453,227,39
918,827,1561,Shia002382Vols,1565,528,1108,274,36
918,25,372,Shia002382Vols,2103,1061,1416,131,42
918,803,1392,Shamela0023591,5886,1276,1525,190,38
918,1229,1545,JK000458,2914,362,1209,179,26
918,803,1561,JK009362,6876,356,674,233,37
918,691,1464,Shamela0000041,2196,1239,1644,245,37
919,663,1056,Shamela0021766,3778,539,1403,218,29
919,807,1056,JK009257,801,65,306,114,48
919,676,1090,Sham19Y0014404,1279,368,1027,218,39
919,641,833,Shamela0000041,2198,189,333,79,47
919,917,1442,Shamela0000041,2198,848,1524,155,20
920,395,598,Shia001432Vols,2510,375,578,161,100
920,598,1094,Shia001432Vols,3304,825,1321,399,100
920,598,1094,Shia001432Vols,19671,208,701,396,98
920,490,744,Shamela0023632,3037,1169,1423,202,100
920,744,934,Shamela0023632,3039,1298,1487,149,99
920,984,1146,Shamela0023632,3041,1354,1515,130,98
920,787,911,Tafsir03097,1381,1159,1283,98,100
920,230,1056,JK009268,3978,792,1556,572,85
920,1056,1184,JK009268,3979,0,128,102,100
920,230,555,Sham19Y0023618,1448,1292,1555,170,62
920,563,857,Sham19Y0023618,1450,535,829,233,100
920,857,1127,Sham19Y0023618,1450,1263,1532,217,99
920,230,505,Shamela0023628,2984,1181,1395,131,56
920,446,813,Shamela0023628,2985,938,1466,293,69
920,601,1184,Shamela0023628,2989,0,906,464,63
920,483,663,Rafed0003257Vols,4520,1445,1624,138,97
920,663,1184,Rafed0003257Vols,4521,0,521,418,99
920,926,1260,Tafsir09068,994,792,1317,154,33
920,395,598,JK009270,4299,61,264,161,100
920,962,1184,JK009270,4307,1114,1336,180,100
920,650,911,Meshkat0014420,3954,0,260,206,98
920,911,1184,Meshkat0014420,3956,408,681,221,100
920,230,632,ShamAY0036821,1656,1224,1557,221,67
920,632,1184,ShamAY0036821,1657,0,546,435,98
920,230,521,ShamAY0036821,1658,134,359,136,57
920,490,1184,ShamAY0036821,1661,90,776,544,98
920,395,609,Sham19Y0147312,1720,792,1009,161,94
920,538,1035,Sham19Y0147312,1721,398,935,381,88
920,1035,1184,Sham19Y0147312,1722,49,198,119,100
920,490,1184,Shamela0004445,96,547,1241,554,100
920,598,1094,Shamela0004445,100,561,1057,399,100
920,230,521,Shamela0037458,3685,1309,1538,144,58
920,598,882,Shamela0037458,3689,722,1006,226,100
920,882,1184,Shamela0037458,3693,314,616,244,100
920,490,1184,JK000791,2000,440,1134,554,100
920,798,1056,Tafsir02011,1476,442,755,206,81
920,246,598,JK007018,658,746,1129,202,58
920,246,598,JK009396,1343,858,1131,184,65
920,598,1184,JK009396,1344,534,1120,470,100
920,230,598,Sham19Y0023608,3353,66,584,219,51
920,563,1094,Sham19Y0023608,3354,717,1345,426,84
920,598,1094,Hindawi036246035,285,638,1134,399,100
920,395,505,Meshkat00042488,1481,50,160,88,100
920,639,886,Meshkat00042488,1482,322,972,195,37
920,490,813,Shia003721Vols,3,1191,1513,256,99
920,813,1184,Shia003721Vols,4,0,370,297,99
920,601,1094,Shia003721Vols,8,321,814,397,100
920,395,720,Rafed0003726Vols,1234,137,579,143,38
920,352,744,Shamela0004473,2530,191,584,292,93
920,744,984,Shamela0004473,2795,1331,1571,190,100
920,795,1097,ShamAY0033108,1552,445,1175,232,39
920,490,1184,Sham19Y0145435,4925,215,908,552,99
920,598,1094,Sham19Y0145435,4928,996,1491,397,99
920,538,1184,Shia002356Vols,1038,0,637,509,98
920,230,609,Shamela0010523,227,1205,1522,212,68
920,609,1184,Shamela0010523,228,0,575,462,100
920,639,853,ShamAY0034059,5626,249,465,170,98
920,352,514,Shia002380Vols,671,1364,1544,114,78
920,813,1184,Shia002380Vols,673,14,563,297,67
920,795,1097,Tafsir02091,1807,457,1183,232,39
920,352,598,Shamela0008473,4101,731,1001,175,81
920,605,1094,Shamela0008473,4103,0,489,394,100
920,1035,1201,Shamela0008473,4104,20,544,129,30
920,757,1140,Shia002382Vols,1569,44,775,300,51
920,857,1140,Shia002382Vols,2113,945,1476,225,52
920,598,872,Tafsir05047,766,299,1013,214,37
920,230,1184,Shamela0023591,5887,280,1173,673,86
920,398,1184,Shamela0023591,5900,493,1378,600,85
920,395,521,JK009266,7788,444,570,101,100
920,521,1094,JK009266,7789,432,1003,457,99
920,684,857,Shamela0010283,2321,994,1167,138,100
920,419,598,Shamela0021821,1590,421,599,142,99
920,787,1184,Shamela0021821,1591,0,764,317,51
920,230,945,JK009362,6876,895,1558,478,81
920,945,1184,JK009362,6877,0,239,193,99
920,395,521,JK001110,57,593,719,101,100
920,744,1094,Shamela0022653,284,1049,1396,274,97
920,1035,1184,JK009257,802,958,1149,118,77
920,395,598,JK006478,7753,72,278,161,98
920,598,1094,JK006478,7757,623,1116,397,98
920,230,598,Rafed0003943Vols,1330,444,751,204,67
920,598,1140,Rafed0003943Vols,1331,125,667,434,99
920,395,598,Shamela0010273,2703,595,798,161,100
920,598,1107,Shamela0010273,2705,317,824,404,98
920,714,1184,Tafsir06048,993,120,1019,321,42
920,744,1094,JK000379,41,945,1292,274,97
920,566,911,Meshkat00057178,3137,42,1025,273,34
920,395,593,Masaha000554Vols,5019,178,375,152,96
920,598,1026,Masaha000554Vols,5022,891,1316,336,97
920,1035,1180,Masaha000554Vols,5030,1362,1506,114,98
920,563,1094,JK000447,721,476,1324,220,29
920,230,1187,QuranAnalysis001,198,464,1360,674,86
920,710,1094,Hindawi084602738,105,125,502,295,95
920,230,1184,ShamAY0037387,121,453,1345,671,86
920,395,1346,Rafed0001713Vols,2247,277,1242,668,83
920,521,857,Tafsir04042,1912,95,388,221,82
920,598,857,Tafsir04056,2850,376,635,206,100
920,281,598,Shamela0000041,2199,224,562,201,73
920,598,984,Shamela0000041,2200,697,1084,307,99
920,872,1184,Shamela0000041,2201,191,527,251,92
920,618,1035,Shamela0023578,1735,129,692,203,38
920,230,605,Shamela0023578,2688,215,528,205,66
920,237,930,Shamela0023578,2689,76,1517,482,41
920,930,1184,Shamela0023578,2690,0,254,205,99
921,530,1450,Shia001432Vols,3304,845,1321,373,50
921,530,1450,Shia001432Vols,19671,228,701,370,50
921,530,1380,JK009268,3978,1119,1556,342,50
921,530,1450,Shamela0023628,2989,17,816,396,42
921,586,1450,Rafed0003257Vols,4521,0,431,338,48
921,551,869,JK006476,1521,70,399,156,51
921,544,1450,ShamAY0036821,1657,0,457,354,48
921,530,1450,ShamAY0036821,1661,217,687,364,49
921,466,822,Meshkat00042485,5661,765,1216,191,47
921,975,1450,Meshkat00042485,5664,391,1019,260,49
921,530,1289,Sham19Y0147312,1721,519,935,325,53
921,530,1450,Shamela0004445,96,675,1151,373,50
921,530,1450,Shamela0004445,100,581,1057,373,50
921,530,1450,JK000791,2000,568,1044,373,50
921,530,1450,JK009396,1344,554,1030,373,50
921,530,1450,Sham19Y0023608,3354,869,1345,373,50
921,530,1450,Hindawi036246035,285,658,1134,373,50
921,530,1450,Shia003721Vols,8,338,814,373,50
921,0,599,ShamIbadiyya0000075,780,551,1479,174,19
921,744,1231,Shamela0004473,2795,1321,1571,191,49
921,530,1427,ShamAY0033108,1552,139,1159,386,39
921,530,1450,Sham19Y0145435,4925,343,818,371,50
921,530,1450,Sham19Y0145435,4928,1016,1491,371,50
921,530,1450,Shia002356Vols,1038,79,549,367,49
921,530,1450,Shamela0010523,228,9,485,373,50
921,416,722,JK001496,1985,350,581,142,57
921,530,1427,Tafsir02091,1807,148,1167,384,38
921,654,1155,Tafsir02102,3445,683,1269,218,35
921,530,1450,Shamela0008473,4103,13,489,373,50
921,530,802,Shia002382Vols,1568,1069,1386,161,53
921,788,1450,Shia002382Vols,1569,60,717,276,41
921,1072,1450,Shia002382Vols,2113,945,1418,205,48
921,86,292,ShamIbadiyya0000050,5141,1166,1314,71,42
921,530,1450,Shamela0023591,5887,607,1083,373,50
921,530,1450,Shamela0023591,5900,812,1288,373,50
921,530,1450,JK009266,7789,529,1003,371,50
921,530,1192,JK009362,6876,1223,1558,253,47
921,530,1450,Rafed0003943Vols,1331,145,621,373,50
921,530,1450,Shamela0010273,2705,337,813,373,50
921,360,822,Tafsir01006,1265,26,879,234,30
921,828,1289,Tafsir04003,3385,820,1388,214,37
921,83,780,Sham19Y0014404,1280,662,1513,194,19
921,530,1280,Masaha000554Vols,5022,910,1316,313,52
921,530,1450,QuranAnalysis001,198,791,1267,373,50
921,759,1450,Hindawi084602738,105,152,502,273,49
921,530,1450,ShamAY0037387,121,780,1255,371,50
921,530,1450,Rafed0001713Vols,2247,500,976,373,50
921,0,599,Rafed0001713Vols,2248,448,1506,212,21
921,530,1166,Shamela0023578,2689,1206,1514,240,47
922,800,1121,Shia001432Vols,543,863,1193,249,93
922,1052,1415,Shia001432Vols,720,761,981,160,56
922,472,804,Shia001432Vols,2510,689,1020,264,99
922,800,937,Shia001432Vols,18085,221,356,109,97
922,721,928,Shamela0023632,3045,369,576,168,100
922,928,1102,Shamela0023632,3046,281,455,138,100
922,1052,1259,Shamela0023632,3047,1169,1454,153,67
922,343,724,JK009268,3990,1052,1569,262,62
922,724,1489,JK009268,3991,0,768,612,99
922,449,928,Sham19Y0023618,1452,6,485,387,100
922,928,1259,Sham19Y0023618,1453,766,1097,264,100
922,1259,1489,Sham19Y0023618,1454,1070,1303,181,97
922,1259,1489,Shia004030Vols,1387,496,727,182,99
922,383,800,Shamela0023628,2991,292,852,320,70
922,721,1259,Shamela0023628,2992,144,863,432,74
922,1152,1489,Shamela0023628,2994,443,918,267,70
922,449,1102,Rafed0003257Vols,4525,860,1520,525,98
922,1102,1415,Rafed0003257Vols,4533,806,1120,247,99
922,1130,1415,Tafsir09084,2099,458,1276,222,34
922,363,763,Sham19Y0020891,5391,1119,1542,303,85
922,786,928,Sham19Y0020891,5398,732,873,106,92
922,928,1121,Sham19Y0020891,5400,0,194,142,87
922,668,1259,Sham19Y0020966,306,310,922,335,57
922,800,928,JK010001,1058,351,479,105,100
922,721,1034,JK009270,4321,1218,1530,253,99
922,1102,1489,JK009270,4328,202,591,308,99
922,800,928,Shamela0005756,15427,1297,1423,103,98
922,1102,1259,Shamela0005756,15429,999,1156,126,100
922,449,928,Meshkat0014420,3959,726,1216,387,97
922,800,1489,Meshkat0014420,3962,471,1188,478,80
922,556,914,JK006476,1523,763,1233,275,70
922,914,1134,JK006476,1524,588,812,175,98
922,1052,1355,JK006476,1525,30,588,236,53
922,1355,1489,JK006476,1526,177,314,108,97
922,800,986,Shia001171,17,936,1145,146,84
922,800,928,Shamela0009924,25,331,459,105,100
922,928,1259,Sham19Y0147312,1724,768,1099,264,100
922,724,928,Sham19Y0147312,1724,0,204,166,100
922,1259,1489,Sham19Y0147312,1725,378,609,182,99
922,965,1362,Tafsir02067,838,542,1505,312,40
922,1112,1259,Sham19Y0014592,1435,0,147,118,100
922,950,1102,JK000375,46,0,152,121,100
922,1102,1259,Sham19Y0013550,481,11,168,126,100
922,590,921,Zaydiyya0000062,1671,1098,1363,184,68
922,959,1252,Zaydiyya0000062,1673,0,291,232,98
922,771,928,Shamela0010517,575,687,843,114,85
922,721,1275,Shamela0037458,3699,300,854,437,98
922,1195,1489,Shamela0037458,3704,927,1339,234,71
922,928,1102,Masaha001075,253,1200,1374,138,100
922,388,800,JK000791,2003,538,950,297,90
922,721,1102,JK000791,2004,510,1310,281,43
922,1102,1415,JK000791,2005,562,1222,248,47
922,721,1102,Shamela0000922,1072,18,498,218,57
922,1052,1259,Shamela0000922,1072,1092,1459,163,55
922,800,1102,JK007018,660,697,1000,241,98
922,1102,1489,JK007018,661,128,657,302,71
922,383,800,JK009396,1345,920,1346,300,83
922,800,1102,JK009396,1346,665,967,243,100
922,1102,1415,JK009396,1347,753,1066,248,100
922,449,800,Sham19Y0023608,3357,437,788,282,100
922,800,1102,Sham19Y0023608,3359,745,1047,243,100
922,1102,1415,Sham19Y0023608,3362,223,537,247,99
922,800,965,Shamela0001340,251,324,489,134,100
922,721,1259,Meshkat00042488,1485,173,1017,432,63
922,721,928,Shia003721Vols,523,819,1026,168,100
922,108,639,ShamIbadiyya0000075,781,955,1612,261,41
922,1102,1489,ShamIbadiyya0000075,783,4,1049,303,36
922,928,1076,Shamela0004473,1474,1450,1597,118,99
922,1076,1259,Shamela0004473,1475,0,183,146,100
922,928,1102,Shamela0004473,8874,345,519,138,100
922,547,921,Shia002356Vols,1040,0,373,297,98
922,921,1489,Shia002356Vols,1041,236,803,439,96
922,472,1444,Shamela0010523,230,548,1519,777,99
922,721,1009,ShamAY0034059,5647,1223,1513,228,96
922,1102,1403,ShamAY0034059,5653,1050,1355,236,97
922,1102,1463,ShamAY0034059,5657,1115,1480,284,97
922,615,1403,Tafsir04038,564,547,1459,428,51
922,46,965,Shia002380Vols,673,328,1564,543,49
922,965,1415,Shia002380Vols,674,15,1011,356,45
922,363,804,JK001496,1989,774,1247,336,85
922,928,1102,JK001496,1992,1137,1313,138,98
922,1027,1259,JK001496,1993,897,1215,162,59
922,626,1146,Tafsir02102,3447,375,1584,403,41
922,1195,1478,Tafsir02102,3448,496,1210,224,39
922,449,800,Shamela0008473,4105,470,821,282,100
922,800,1102,Shamela0008473,4107,686,987,242,99
922,1076,1415,Shamela0008473,4108,927,1344,268,81
922,1130,1419,Shamela0008473,4109,43,847,223,35
922,1052,1238,Shia002382Vols,1572,1100,1559,148,40
922,449,800,Shia002382Vols,2115,317,1102,278,43
922,689,1102,Shia002382Vols,2116,573,1022,282,77
922,1102,1415,Shia002382Vols,2117,1077,1392,246,98
922,800,928,Tafsir07055,1114,835,963,105,100
922,928,1102,Tafsir07055,1904,743,917,138,100
922,928,1102,Tafsir07055,3711,784,971,138,93
922,363,1489,Shamela0023591,5907,323,1408,848,93
922,472,1259,Shamela0023591,5909,390,1177,632,100
922,363,721,JK009266,7798,866,1293,270,76
922,721,1489,JK009266,7804,354,1124,614,99
922,472,800,Shamela0021821,1592,944,1272,263,100
922,911,1102,Shamela0021821,1594,0,191,152,100
922,978,1278,Shamela0021821,1594,1108,1559,221,58
922,928,1102,Kraken220413194022,3012,1194,1368,134,97
922,472,747,JK009362,6972,1257,1536,220,97
922,747,1489,JK009362,6973,0,753,588,97
922,721,1121,JK001110,57,757,1159,312,97
922,449,1102,JK001420,696,377,1123,375,55
922,472,804,JK006478,7770,1171,1500,263,98
922,778,1022,JK006478,7778,1198,1499,197,79
922,1022,1259,JK006478,7779,0,237,186,98
922,449,1121,Rafed0003943Vols,1334,697,1371,532,98
922,1102,1259,Rafed0003943Vols,1335,1092,1249,126,100
922,800,1102,Shamela0010273,2715,279,581,243,100
922,947,1259,Shamela0010273,2717,418,853,172,46
922,928,1102,Shamela0007798,7911,693,867,138,100
922,1102,1259,Shamela0007798,7915,995,1152,126,100
922,108,507,Tafsir01006,1266,829,1442,205,40
922,800,928,Shamela0012293,34,492,620,105,100
922,1038,1346,Tafsir06048,995,10,785,242,39
922,721,1102,Sham19Y0014404,1283,87,1182,306,34
922,1038,1259,Sham19Y0014404,1284,255,567,175,70
922,800,928,Meshkat00057178,3141,901,1029,105,100
922,907,1102,Meshkat00057178,3142,594,855,155,74
922,1052,1259,Meshkat00057178,3143,377,680,165,68
922,1346,1489,Meshkat00057178,3144,927,1332,115,35
922,914,1252,Masaha000554Vols,5044,850,1184,255,95
922,635,1489,QuranAnalysis001,199,0,855,680,99
922,449,934,Rafed0001713Vols,2252,147,632,388,99
922,800,1102,Rafed0001713Vols,2254,882,1176,170,62
922,1067,1259,Rafed0001713Vols,2255,1162,1431,153,71
922,1172,1489,Rafed0001713Vols,2257,694,1155,251,68
922,1102,1275,JK000122,894,724,895,132,95
922,1102,1259,Shamela0000432,6155,879,1036,126,100
922,800,921,Tafsir04042,1914,1080,1450,99,32
922,928,1102,Zaydiyya0000476,464,553,727,138,100
922,928,1102,Zaydiyya0000476,479,484,658,138,100
922,928,1102,Zaydiyya0000476,670,1144,1318,138,100
922,928,1102,Zaydiyya0000476,675,15,189,138,100
922,325,737,Shamela0000041,2202,226,618,267,75
922,721,1121,Shamela0000041,2203,0,394,312,97
922,1052,1415,Shamela0000041,2204,50,462,286,87
922,449,1415,Shamela0023578,2693,344,1311,772,99
922,590,1038,Shamela0023578,2694,432,1425,325,40
922,1116,1489,Shamela0023578,2695,491,1148,277,53
922,911,1102,Noorlib0010584,34,1272,1463,142,94
923,495,895,Tafsir09084,2097,1034,1462,155,35
923,437,878,Tafsir01005,5020,7,410,132,31
923,699,1573,Sham19Y0023608,3359,23,892,278,27
923,168,867,JK000818,555,29,578,250,41
923,495,1573,ShamIbadiyya0000075,782,10,911,322,32
923,776,1337,ShamAY0033108,1554,10,671,184,27
923,128,1573,Shia002380Vols,673,653,1546,492,38
923,771,1337,Tafsir02091,1809,8,685,184,28
923,699,1416,Shia002382Vols,1571,938,1563,221,28
923,324,885,Shamela0010273,2712,774,1372,158,24
923,800,1573,Sham19Y0014404,1283,171,1027,196,19
923,800,1434,Tafsir04042,1914,723,1317,156,20
923,437,1337,Shamela0023578,2694,337,738,211,28
924,243,352,Shia001432Vols,18943,55,198,84,74
924,281,402,Meshkat00042485,5675,0,173,83,60
924,405,948,Meshkat00042485,5676,156,710,232,37
924,964,1162,Meshkat00042485,5677,692,878,95,49
924,273,869,Zaydiyya0000062,1674,0,1312,288,26
924,157,479,Shamela0021766,3787,452,1093,184,36
924,0,417,Tafsir02011,1478,1010,1379,153,37
924,0,501,JK000818,555,1020,1423,226,47
924,692,1162,ShamIbadiyya0000075,783,90,536,249,55
924,266,501,Shia002356Vols,1042,11,263,141,61
924,114,501,Tafsir04038,564,1022,1311,182,56
924,167,1285,Shia002380Vols,674,25,1034,500,44
924,243,869,JK001496,1993,806,1215,250,44
924,591,1260,JK001496,1994,111,477,177,31
924,382,848,Shia002382Vols,1572,1159,1568,174,35
924,838,1260,Shia002382Vols,1573,0,396,200,48
924,417,1260,Shia002382Vols,2118,0,876,344,35
924,266,1231,Tafsir05047,769,17,1030,424,41
924,248,465,Shamela0023591,5915,923,1257,111,40
924,0,504,Tafsir08060,444,269,528,157,38
924,114,426,Tafsir01006,1268,874,1520,204,39
924,738,1474,Tafsir01006,1269,287,1194,366,42
924,692,1118,Tafsir04003,3392,744,1404,235,42
924,738,1260,Sham19Y0014404,1284,1137,1455,214,49
924,243,657,Tafsir08090,1462,524,1181,146,24
924,243,869,Rafed0001713Vols,2255,918,1431,265,43
924,964,1277,Rafed0001713Vols,2258,22,552,143,30
924,311,1148,Shamela0023578,2695,4,926,319,32
924,178,520,JK000876,1301,710,1301,201,41
925,659,811,Shamela0008381,561,636,788,127,100
925,501,859,Shia001432Vols,2323,706,930,165,57
925,344,581,Shia001432Vols,2510,1190,1427,188,99
925,959,1110,Shia001432Vols,18610,413,564,120,100
925,344,959,Shia001432Vols,24160,137,771,489,95
925,309,581,Shamela0023632,3052,1223,1555,215,80
925,581,811,Shamela0023632,3053,991,1222,188,99
925,811,1110,Shamela0023632,3054,1192,1491,238,100
925,344,501,Sham19Y0011326,15,993,1150,123,100
925,347,469,Rafed0002679Vols,371,1418,1539,96,99
925,158,929,JK009268,3991,762,1525,597,94
925,929,1110,JK009268,3992,0,181,144,100
925,959,1102,Zaydiyya0000077Vols,14,596,739,113,100
925,227,659,Sham19Y0023618,1457,166,598,345,100
925,884,1110,Sham19Y0023618,1459,0,226,180,100
925,344,501,Shamela0010551,405,582,739,123,100
925,344,659,Shamela0023628,2996,996,1311,250,100
925,638,1133,Shamela0023628,2998,453,987,380,86
925,721,974,Shamela0023628,2999,259,877,198,39
925,309,959,Rafed0003257Vols,4539,826,1484,522,98
925,811,1110,Rafed0003257Vols,4543,159,770,238,48
925,344,581,Sham19Y0020891,5412,80,317,189,100
925,339,581,JK010001,1202,1154,1396,190,98
925,959,1110,JK010001,2951,1347,1498,120,100
925,959,1110,JK010001,4042,264,415,120,100
925,227,453,JK009270,4334,794,1015,177,97
925,450,859,JK009270,4337,887,1294,330,99
925,875,1110,JK009270,4342,0,235,187,100
925,344,477,PV20230913,11,712,845,104,100
925,344,659,Meshkat0014420,3968,490,804,250,99
925,659,816,Meshkat0014420,3970,1381,1537,131,99
925,816,982,Meshkat0014420,3971,0,166,120,90
925,959,1110,Meshkat0014420,3973,379,530,120,100
925,659,811,Meshkat0014420,3974,1187,1339,127,100
925,344,737,JK006476,1527,808,1285,282,72
925,824,1110,JK006476,1529,113,593,228,59
925,125,659,ShamAY0036821,1665,720,1205,374,86
925,659,1102,ShamAY0036821,1666,647,1086,354,99
925,227,450,Sham19Y0147312,1726,210,432,178,99
925,261,659,Sham19Y0147312,1726,867,1337,213,44
925,721,959,Sham19Y0147312,1727,942,1203,141,62
925,507,811,Sham19Y0147312,1727,0,276,162,55
925,946,1110,Sham19Y0147312,1728,699,862,124,91
925,501,659,Sham19Y0001791,4,581,740,127,99
925,659,811,Sham19Y0014592,642,298,450,127,100
925,933,1110,Sham19Y0014592,642,1326,1500,127,92
925,959,1110,Sham19Y0013550,230,437,588,120,100
925,566,803,Zaydiyya0000062,1679,115,368,191,90
925,765,1102,Zaydiyya0000062,1680,116,587,269,71
925,227,384,Shamela0037458,3708,546,703,126,100
925,384,644,Shamela0037458,3710,1194,1453,207,99
925,659,869,Shamela0037458,3713,593,800,170,98
925,959,1167,Shamela0037458,3716,0,189,139,85
925,477,1080,Sham19Y0014255,253,159,594,210,37
925,274,811,JK000791,2007,589,1356,429,69
925,783,959,JK000791,2009,639,836,129,82
925,929,1110,JK000791,2010,332,519,130,84
925,959,1110,Shamela0011363,351,1171,1322,120,100
925,959,1102,Zaydiyya0000042,188,1059,1202,113,100
925,344,659,Shamela0000922,1074,750,1536,185,29
925,598,811,Shamela0000922,1075,71,473,164,50
925,412,959,JK007018,662,500,1269,435,70
925,859,1080,JK000906,9420,176,605,145,43
925,227,412,JK009396,1349,62,247,149,100
925,412,607,JK009396,1349,1361,1555,155,99
925,607,959,JK009396,1350,0,801,286,43
925,951,1110,JK009396,1351,428,589,123,96
925,227,659,Sham19Y0023608,3365,644,1076,345,100
925,659,959,Sham19Y0023608,3368,604,905,245,99
925,859,1110,Sham19Y0023608,3369,731,1226,196,49
925,659,811,Sham19Y0016953Vols,1435,532,684,127,100
925,344,507,JK000381,2979,777,946,123,92
925,921,1110,JK000381,4840,409,598,132,88
925,765,1110,JK000818,557,451,1137,269,49
925,72,347,Meshkat00042488,1487,1111,1483,204,64
925,344,581,Meshkat00042488,1488,900,1464,189,42
925,543,811,Meshkat00042488,1489,788,1379,216,44
925,859,1086,Meshkat00042488,1490,1410,1636,180,99
925,344,501,JK000162,565,1361,1518,123,100
925,842,1096,ShamIbadiyya0000075,785,264,723,195,53
925,344,501,Shamela0004473,4978,795,952,123,100
925,921,1110,Shamela0004473,5960,1333,1516,128,82
925,959,1116,Shamela0004473,7360,400,557,122,98
925,344,477,Shamela0004473,11115,407,540,104,100
925,344,477,Shamela0004473,15686,841,974,104,100
925,344,507,Shamela0022647,20,1430,1599,123,92
925,344,863,Shia002356Vols,1043,1071,1590,410,96
925,158,344,Shamela0010523,231,40,217,130,80
925,344,685,Shamela0010523,232,1170,1510,272,99
925,685,959,Shamela0010523,233,0,274,223,100
925,959,1110,Shamela0010523,234,75,226,120,100
925,125,412,ShamAY0034059,5667,777,1028,185,77
925,384,601,ShamAY0034059,5671,550,772,173,97
925,581,869,ShamAY0034059,5675,179,470,230,95
925,298,516,Shia002380Vols,675,1250,1546,164,68
925,507,1096,Shia002380Vols,676,3,1235,474,47
925,98,344,JK001496,1995,911,1299,167,49
925,344,581,JK001496,1996,1252,1489,189,100
925,863,1110,JK001496,2000,350,899,196,44
925,412,765,Tafsir02102,3450,566,1289,280,47
925,765,1110,Tafsir02102,3451,78,496,276,82
925,959,1110,Shamela0008473,2945,414,565,120,100
925,72,412,Shamela0008473,4111,277,614,185,53
925,522,659,Shamela0008473,4112,0,137,110,100
925,771,974,Shamela0008473,4113,26,273,133,67
925,933,1110,Shamela0008473,4115,44,216,137,97
925,298,516,Shia002382Vols,1574,1256,1553,164,70
925,522,765,Shia002382Vols,1575,0,581,198,41
925,298,731,Shia002382Vols,2120,364,843,339,88
925,765,1144,Shia002382Vols,2121,530,1090,284,62
925,339,501,Tafsir07055,1261,1219,1381,124,98
925,344,501,Tafsir07055,3123,479,619,97,78
925,501,710,Tafsir07055,3126,837,1440,158,32
925,959,1110,Tafsir07055,4154,1140,1291,120,100
925,501,659,Shamela0003055,2287,796,954,127,100
925,450,581,Shamela0003055,2842,779,910,106,100
925,344,501,Shamela0003055,3099,937,1085,95,78
925,450,581,Shamela0003055,3122,1047,1178,106,100
925,412,659,ShamAY0036031,159,542,789,196,100
925,288,1110,Shamela0023591,5908,0,823,661,99
925,125,659,Shamela0023591,5917,130,623,383,88
925,621,1110,Shamela0023591,5922,549,1094,392,88
925,298,811,JK009266,7817,30,643,404,81
925,811,959,JK009266,7823,149,297,118,100
925,959,1110,JK009266,7825,444,595,120,100
925,659,811,Zaydiyya0000153,12,253,405,127,100
925,227,581,Shamela0021821,1596,1146,1499,284,99
925,453,777,Shamela0021821,1597,1044,1568,241,56
925,721,1110,Shamela0021821,1598,893,1368,278,73
925,344,507,Kraken220413194022,928,473,642,120,91
925,298,721,Shia002389Vols,2515,1171,1485,153,35
925,344,477,JK000116,86,180,313,104,100
925,125,929,JK009362,6973,747,1534,599,88
925,929,1110,JK009362,6974,0,181,144,100
925,959,1110,JK001110,57,1144,1295,120,100
925,125,412,JK001110,92,1247,1493,187,79
925,959,1102,Kraken22021802055301,36,1285,1428,112,99
925,450,1080,JK001420,697,634,1388,346,52
925,458,714,JK009257,807,0,573,164,33
925,227,659,JK006478,7790,205,636,342,97
925,659,959,JK006478,7798,354,659,245,98
925,344,685,Rafed0003943Vols,1339,124,465,256,94
925,659,859,Rafed0003943Vols,1339,1409,1609,165,99
925,859,1133,Rafed0003943Vols,1340,0,277,208,94
925,344,659,Shamela0010273,2723,1270,1585,250,100
925,929,1110,Shamela0010273,2729,310,738,144,42
925,227,581,Sham19Y0014328,369,1184,1538,284,100
925,450,581,Shamela0007798,7923,726,857,106,100
925,528,811,Shamela0007798,7924,667,1044,229,73
925,659,959,Shamela0007798,7926,866,1250,245,78
925,888,1110,Shamela0007798,7927,1203,1501,152,62
925,344,721,Shamela0008514,28,775,1011,178,59
925,334,693,Tafsir06048,996,455,1460,276,34
925,765,1080,Tafsir06048,997,208,823,250,50
925,359,836,Tafsir09065,470,0,834,294,44
925,477,659,Sham19Y0014404,1286,888,1365,146,37
925,659,811,Sham19Y0014404,1287,32,454,127,36
925,959,1110,Sham19Y0014404,1288,29,180,120,100
925,351,581,Meshkat00057178,3146,943,1193,171,83
925,621,811,Meshkat00057178,3147,1024,1299,155,68
925,829,1110,Meshkat00057178,3149,874,1417,208,47
925,219,652,Masaha000554Vols,5055,21,458,335,93
925,344,501,Shamela0009841,4,271,414,95,77
925,158,829,QuranAnalysis001,199,849,1510,517,93
925,829,1110,QuranAnalysis001,200,0,281,224,100
925,501,659,Shamela0011379,253,267,425,127,100
925,450,811,JK000028,101,23,314,232,78
925,89,674,Rafed0001713Vols,2259,147,848,444,77
925,621,959,Rafed0001713Vols,2262,0,460,275,73
925,959,1110,Rafed0001713Vols,2264,401,552,120,100
925,369,581,Tafsir04042,1919,1011,1499,165,42
925,344,501,JK001414,906,1429,1585,123,99
925,288,726,Shamela0000041,2206,534,1061,339,80
925,555,959,Shamela0000041,2207,147,782,327,63
925,959,1110,Shamela0000041,2208,779,930,120,100
925,125,547,Shamela0023578,2695,1142,1522,294,85
925,547,863,Shamela0023578,2696,0,317,255,99
925,309,528,Shamela0023578,2698,953,1480,166,39
925,859,1110,Shamela0023578,2700,135,386,200,100
926,634,771,Shia001432Vols,2323,764,864,79,72
926,63,1032,JK009268,3991,947,1361,298,36
926,63,771,Sham19Y0023618,1457,290,598,209,35
926,63,771,Shamela0023628,2996,1003,1311,209,35
926,233,696,Shamela0023628,2997,920,1510,197,36
926,63,1032,Rafed0003257Vols,4539,875,1289,298,36
926,148,1026,JK009270,4337,749,1194,258,34
926,63,771,Meshkat0014420,3968,497,804,209,35
926,63,771,ShamAY0036821,1665,901,1205,206,35
926,306,624,Tafsir02096,1724,932,1324,173,51
926,230,771,Sham19Y0147312,1726,1129,1337,164,37
926,0,756,Shamela0037458,3710,1149,1453,201,31
926,291,624,Shamela0037458,3712,209,600,155,43
926,63,1032,JK000791,2007,895,1309,298,36
926,491,893,JK000791,2008,802,1312,171,39
926,291,771,Shamela0000922,1074,1237,1536,148,39
926,737,1288,Shamela0000922,1075,107,473,148,26
926,136,682,JK009396,1349,1361,1555,154,35
926,63,771,Sham19Y0023608,3365,768,1076,209,35
926,31,1026,Shia002356Vols,1043,1061,1487,298,36
926,63,814,Shamela0010523,232,1177,1508,229,36
926,88,676,ShamAY0034059,5671,550,772,166,35
926,567,1032,Shia002380Vols,676,17,501,217,43
926,491,1032,JK001496,1998,247,1075,288,36
926,1060,1472,JK001496,1999,966,1444,179,35
926,567,771,Shamela0008473,4112,0,137,93,57
926,567,1032,Shia002382Vols,1575,0,581,228,41
926,567,814,Shia002382Vols,2120,1020,1339,150,56
926,491,1351,Tafsir05047,771,65,1103,409,40
926,634,771,Shamela0003055,2287,854,954,79,72
926,136,775,ShamAY0036031,159,542,793,193,38
926,63,1032,Shamela0023591,5908,63,477,298,36
926,63,771,Shamela0023591,5917,315,623,209,35
926,1060,1418,Shamela0023591,5923,490,972,114,24
926,63,1026,JK009266,7817,185,591,291,36
926,63,1026,JK009362,6973,937,1362,292,35
926,68,771,JK006478,7790,334,636,212,37
926,63,775,Rafed0003943Vols,1339,131,444,209,35
926,63,771,Shamela0010273,2723,1277,1585,209,35
926,291,1032,Tafsir01006,1271,19,949,356,39
926,791,1440,Sham19Y0014404,1287,152,964,217,25
926,0,363,Meshkat00057178,3146,757,1167,183,44
926,63,1321,QuranAnalysis001,199,1033,1510,346,33
926,634,771,Shamela0011379,253,325,425,79,72
926,63,771,Rafed0001713Vols,2259,517,825,209,35
926,1060,1472,Rafed0001713Vols,2263,236,739,196,37
926,0,482,Shamela0000041,2206,1140,1523,201,46
926,436,1032,Shamela0000041,2207,3,588,240,37
926,624,1032,Shamela0023578,2696,0,218,171,51
926,0,318,Shamela0023578,2698,1114,1480,147,38
926,988,1558,JK000876,1305,262,1084,297,38
927,558,1137,Shia001432Vols,2511,0,394,308,66
927,752,947,Shia001432Vols,24160,782,982,159,96
927,586,1037,Shia001432Vols,28463,1210,1476,204,56
927,489,752,Shamela0023632,3056,594,857,209,100
927,752,1037,Shamela0023632,3058,196,481,232,100
927,637,931,Tafsir03097,1392,0,1130,235,25
927,103,1194,JK009268,3992,0,886,710,81
927,535,752,Sham19Y0023618,1460,881,1144,172,82
927,752,1037,Sham19Y0023618,1462,637,922,232,100
927,362,757,Shamela0023628,3000,78,457,254,80
927,699,912,Shamela0023628,3002,1169,1517,171,60
927,752,1194,Shamela0023628,3003,377,997,348,69
927,128,1037,Rafed0003257Vols,4543,557,1318,576,76
927,791,988,Rafed0003257Vols,4547,57,732,160,29
927,791,947,Shamela0022593,2224,69,583,127,30
927,791,988,Tafsir09083,1309,148,634,154,39
927,738,947,Sham19Y0020891,5428,10,238,170,91
927,682,1137,Sham19Y0020966,308,5,465,176,37
927,489,826,Tafsir09068,999,534,1236,226,40
927,72,752,JK009270,4342,32,498,371,68
927,752,1037,JK009270,4348,817,1102,232,100
927,489,752,JK000322,51,1181,1451,208,97
927,158,826,Meshkat0014420,3973,379,867,389,72
927,826,1107,Meshkat0014420,3978,1257,1537,228,99
927,72,555,JK006476,1529,280,662,189,40
927,659,1046,JK006476,1530,792,1209,305,91
927,555,703,JK006476,1530,12,163,118,97
927,762,1025,JK006476,1531,32,610,189,40
927,489,889,ShamAY0036821,1667,1183,1621,284,79
927,889,1199,ShamAY0036821,1668,0,309,247,98
927,158,591,Sham19Y0147312,1728,711,964,199,57
927,489,1117,Sham19Y0147312,1729,506,1536,457,53
927,489,752,Sham19Y0013550,481,854,1386,209,49
927,324,757,Zaydiyya0000062,1681,701,1282,288,61
927,742,994,Zaydiyya0000062,1684,0,282,204,88
927,394,757,Shamela0037458,3718,423,783,240,83
927,791,1157,Shamela0037458,3723,0,366,297,100
927,752,1037,JK000791,2013,741,1026,232,100
927,627,1137,Shamela0000922,1077,143,982,305,46
927,152,752,JK007018,663,348,1088,325,45
927,752,1194,JK007018,664,76,689,357,71
927,489,752,Shamela0037325,1036,849,1112,209,100
927,158,600,JK009396,1351,438,703,202,57
927,752,1194,JK009396,1353,78,792,353,60
927,489,1037,Sham19Y0023608,3370,635,1183,441,100
927,791,1046,Sham19Y0023608,3373,525,1407,199,27
927,637,1075,JK000818,558,15,934,333,45
927,621,1025,ShamIbadiyya0000075,786,484,1584,323,36
927,535,947,Shamela0004473,7451,71,271,112,32
927,489,826,Shamela0022371,256,1234,1498,152,52
927,699,1037,ShamAY0033108,1561,332,1477,262,28
927,178,876,Shia002356Vols,1045,65,581,396,70
927,934,1194,Shia002356Vols,1047,0,260,208,98
927,158,1157,Shamela0010523,234,75,894,656,81
927,586,859,ShamAY0034059,5694,1206,1483,220,97
927,876,1194,ShamAY0034059,5697,408,731,258,98
927,659,947,Shia002380Vols,677,893,1541,232,44
927,738,947,JK001496,2003,1292,1523,169,89
927,699,1037,Tafsir02091,1816,384,1521,262,28
927,627,988,Tafsir02102,3452,175,1074,290,40
927,128,586,Shamela0008473,4115,49,313,210,57
927,659,947,Shamela0008473,4118,420,810,232,73
927,905,1194,Shamela0008473,4119,66,365,234,96
927,627,947,Shia002382Vols,2123,311,725,188,56
927,72,1208,Shamela0023591,5908,620,1540,728,79
927,72,586,Shamela0023591,5922,891,1191,239,58
927,540,1194,Shamela0023591,5925,571,1246,513,91
927,158,591,JK009266,7825,444,697,199,57
927,586,947,JK009266,7827,701,1062,292,100
927,876,1113,JK009266,7832,1092,1492,186,56
927,237,826,Shamela0021821,1599,461,1107,386,70
927,752,947,Shamela0021821,1601,303,589,150,64
927,659,779,Tafsir03033,501,76,311,94,51
927,103,1199,JK009362,6974,0,900,712,80
927,158,757,JK001110,57,1144,1474,224,46
927,489,708,JK006478,7807,1360,1579,176,99
927,708,1037,JK006478,7808,0,333,264,98
927,158,659,Tafsir08060,445,515,1190,257,45
927,586,1002,Rafed0003943Vols,1344,106,522,336,100
927,752,947,Shamela0010273,2734,1291,1486,160,100
927,752,1037,Shamela0007798,7932,482,1481,231,28
927,627,1037,Tafsir06048,998,149,1184,324,39
927,257,586,Sham19Y0014404,1288,741,1034,184,63
927,699,947,Sham19Y0014404,1289,569,1380,147,20
927,356,586,Meshkat00057178,3150,282,562,134,59
927,796,1037,Meshkat00057178,3153,529,1277,191,31
927,586,940,Masaha000554Vols,5070,924,1279,279,96
927,72,1199,QuranAnalysis001,200,78,990,731,80
927,158,586,Rafed0001713Vols,2264,401,649,197,57
927,562,830,Rafed0001713Vols,2265,882,1220,210,77
927,805,1037,Rafed0001713Vols,2268,186,447,185,87
927,489,752,Tafsir04056,2780,492,868,197,66
927,791,931,Tafsir02094,3358,91,798,115,19
927,158,591,Shamela0000041,2208,779,1032,199,57
927,535,752,Shamela0000041,2209,504,822,172,67
927,699,1037,Shamela0000041,2211,154,492,272,100
927,72,1041,Shamela0023578,2700,183,938,601,77
927,814,1199,Shamela0023578,2705,0,602,305,62
928,573,1370,JK009268,3992,351,700,273,42
928,573,1370,Rafed0003257Vols,4543,940,1289,273,42
928,505,1370,JK006476,1530,730,1168,301,43
928,573,1111,ShamAY0036821,1667,1395,1609,161,38
928,1016,1189,Meshkat00042485,5699,1050,1245,103,56
928,573,1256,Sham19Y0147312,1729,667,955,232,42
928,990,1370,Shamela0021766,3801,126,771,223,43
928,573,1370,Sham19Y0023608,3370,805,1154,273,42
928,573,1553,JK000818,558,44,925,353,36
928,404,1448,ShamIbadiyya0000075,786,490,1605,404,36
928,581,1313,ShamAY0033108,1561,161,1304,307,29
928,573,1111,Shia002356Vols,1045,360,581,163,38
928,742,1210,Shia002356Vols,1046,1027,1558,198,37
928,573,1370,Shamela0010523,234,396,745,273,42
928,573,1094,ShamAY0034059,5694,1279,1483,157,37
928,452,1294,Shia002380Vols,677,727,1570,371,41
928,770,1436,JK001496,2004,69,753,241,33
928,581,1313,Tafsir02091,1816,213,1350,308,29
928,452,1330,Tafsir02102,3452,185,1074,327,36
928,485,1553,Shia002382Vols,1577,212,1188,454,43
928,452,1553,Shia002382Vols,2123,321,1549,427,33
928,573,1370,Shamela0023591,5908,993,1342,273,42
928,573,1370,Shamela0023591,5925,711,1060,273,42
928,573,1256,JK009266,7827,774,1062,232,42
928,1046,1553,JK000458,2943,121,966,291,42
928,573,1370,JK009362,6974,352,710,269,41
928,726,1370,JK006478,7808,0,304,233,44
928,573,1364,Rafed0003943Vols,1344,179,522,268,42
928,573,1313,Tafsir01006,1273,649,1605,337,37
928,452,1553,Tafsir06048,998,159,1241,403,39
928,770,1309,Sham19Y0014404,1289,712,1555,262,34
928,573,1370,QuranAnalysis001,200,451,800,273,42
928,1020,1387,Rafed0001713Vols,2268,186,1105,239,32
928,717,1370,Shamela0000041,2211,154,463,244,46
928,573,1370,Shamela0023578,2700,556,905,273,42
928,485,865,Shamela0023578,2704,416,972,149,26
928,404,609,JK000876,1307,44,333,132,51
928,742,1179,JK000876,1307,823,1541,241,38
929,893,1018,Shia001432Vols,1053,1306,1429,94,95
929,886,1396,Shia001432Vols,2511,387,905,395,95
929,893,1202,Shia001432Vols,22212,1033,1340,242,98
929,713,982,Shamela0023632,3061,1207,1539,216,79
929,1018,1296,Shamela0023632,3063,843,1121,221,99
929,667,988,JK009268,4009,1250,1570,257,99
929,988,1387,JK009268,4010,0,399,321,100
929,667,893,Sham19Y0023618,1464,7,232,182,99
929,893,1252,Sham19Y0023618,1464,1191,1549,286,99
929,1252,1387,Sham19Y0023618,1465,0,135,109,100
929,667,937,Shamela0023628,3005,1200,1468,218,99
929,937,1155,Shamela0023628,3006,1270,1519,171,86
929,1155,1387,Shamela0023628,3007,0,232,188,100
929,667,1023,Rafed0003257Vols,4550,446,802,281,98
929,1018,1296,Rafed0003257Vols,4552,1079,1359,221,98
929,740,1018,Tafsir09084,2108,776,1546,216,35
929,370,740,Sham19Y0020891,5432,1081,1247,133,44
929,893,1018,JK000100,142,523,648,98,100
929,782,1018,JK009270,4357,650,886,189,100
929,1018,1387,JK009270,4360,746,1113,296,99
929,913,1018,JK000322,51,1462,1567,82,100
929,667,1018,Meshkat0014420,3983,290,641,281,100
929,1018,1387,Meshkat0014420,3986,212,580,297,99
929,849,1245,JK006476,1533,1091,1497,315,96
929,667,913,Shamela0029677,1958,1119,1365,199,100
929,1202,1387,JK000451,42,1045,1230,149,100
929,893,1060,Shamela0001397,433,408,593,101,70
929,782,1205,Sham19Y0147312,1731,1137,1527,268,79
929,1205,1413,Sham19Y0147312,1732,0,203,151,89
929,913,1018,JK009158,118,1352,1459,81,95
929,740,1202,Sham19Y0013550,483,77,716,316,61
929,680,1011,Zaydiyya0000062,1687,233,565,239,87
929,937,1287,Zaydiyya0000062,1688,710,1170,278,75
929,667,893,Shamela0037458,3727,662,888,183,100
929,814,1018,Shamela0037458,3730,1190,1381,116,72
929,951,1292,Shamela0037458,3731,703,1273,271,59
929,667,893,JK000791,2015,1017,1243,183,100
929,823,1202,JK000791,2016,922,1321,287,89
929,1122,1387,JK000791,2017,816,1038,172,80
929,667,893,JK007018,665,96,331,183,96
929,823,1292,JK007018,665,702,1197,335,84
929,667,893,JK009396,1354,1126,1352,183,100
929,823,1292,JK009396,1355,667,1277,373,76
929,667,893,Sham19Y0023608,3377,1284,1509,182,99
929,893,1292,Sham19Y0023608,3379,734,1133,318,100
929,1202,1387,Sham19Y0023608,3382,967,1490,149,35
929,893,1202,Sham19Y0016953Vols,336,611,920,246,100
929,875,1171,JK000381,7799,1259,1556,226,95
929,671,1387,JK000818,559,0,1356,552,51
929,805,1181,ShamIbadiyya0000075,788,14,693,294,54
929,1018,1387,Shamela0004473,8012,857,1238,297,96
929,913,1168,ShamAY0033108,1563,921,1229,201,82
929,667,1292,Shia002356Vols,1048,135,758,490,97
929,667,1255,Shamela0010523,235,980,1567,471,99
929,477,814,ShamAY0034059,5705,18,358,153,40
929,782,997,ShamAY0034059,5707,0,217,172,99
929,1252,1387,ShamAY0034059,5714,163,299,109,99
929,279,992,Shia002380Vols,678,690,1557,377,46
929,992,1387,Shia002380Vols,679,13,652,318,61
929,869,1018,JK001496,2008,193,358,111,86
929,913,1168,Tafsir02091,1818,991,1296,198,81
929,782,1122,Tafsir02102,3454,577,1498,260,35
929,477,893,Shamela0008473,4122,266,628,208,49
929,740,1292,Shamela0008473,4123,334,1115,437,69
929,713,1149,Shia002382Vols,1579,7,837,332,50
929,279,1136,Shia002382Vols,2125,308,1552,467,39
929,913,1387,Shia002382Vols,2126,277,698,258,61
929,893,1018,ShamAY0036031,172,429,554,98,100
929,667,1387,Shamela0023591,5930,854,1573,577,99
929,667,1495,Shamela0023591,5933,25,949,559,68
929,893,1202,JK000371,413,867,1176,246,100
929,713,1018,JK009266,7837,0,305,245,100
929,1168,1387,JK009266,7842,794,1269,172,44
929,667,893,Shamela0021821,1603,5,231,183,100
929,765,1018,Shamela0021821,1603,568,1055,196,50
929,1018,1292,Shamela0021821,1604,167,440,219,99
929,913,1033,JK001487,17,1151,1271,86,92
929,370,1296,JK009362,6974,819,1524,566,75
929,893,1011,JK001110,57,1398,1515,92,99
929,740,1018,JK006478,7826,502,781,223,99
929,913,1018,Shamela0008206,416,393,498,82,100
929,893,1387,Rafed0003943Vols,1347,622,1116,395,100
929,667,898,Shamela0010273,2739,139,369,182,97
929,740,1018,Shamela0010273,2740,1060,1511,160,41
929,1202,1387,Shamela0010273,2743,561,746,149,100
929,740,1018,Shamela0007798,7941,24,567,217,50
929,893,1023,JK000066,77,161,291,99,97
929,327,740,Sham19Y0014404,1290,965,1518,137,25
929,937,1202,Sham19Y0014404,1291,1157,1568,207,63
929,789,1002,Sham19Y0014404,1291,349,749,145,42
929,503,893,Meshkat00057178,3156,5,791,212,29
929,937,1202,Meshkat00057178,3158,401,730,210,80
929,893,1011,Masaha000554Vols,5083,916,1036,90,95
929,370,1202,QuranAnalysis001,200,909,1520,491,73
929,1202,1387,QuranAnalysis001,201,0,185,149,100
929,370,893,Rafed0001713Vols,2270,245,576,257,59
929,893,1018,Rafed0001713Vols,2272,253,378,98,100
929,1018,1387,Rafed0001713Vols,2273,106,475,297,100
929,1212,1387,Tafsir04042,1929,860,1296,138,39
929,913,1018,JK001098,12,936,1041,82,100
929,875,1202,JK006950,2101,993,1322,252,96
929,667,875,Shamela0000041,2213,1265,1472,168,99
929,985,1387,Shamela0000041,2215,0,402,323,100
929,370,1252,Shamela0023578,2705,521,1182,530,74
929,765,1387,Shamela0023578,2709,352,1473,495,54
929,1252,1387,Shamela0023578,2710,839,974,109,100
929,937,1168,JK000876,1310,647,1171,171,41
930,693,1549,Shia001432Vols,2511,418,853,341,49
930,270,874,Shamela0023632,3061,1305,1539,188,38
930,270,880,JK009268,4009,1329,1570,189,38
930,693,1353,Sham19Y0023618,1464,1206,1549,269,51
930,270,920,Rafed0003257Vols,4550,525,796,208,40
930,270,920,Tafsir09084,2108,782,1546,240,30
930,325,920,JK009270,4357,650,886,180,37
930,270,920,Meshkat0014420,3983,369,641,209,40
930,270,1110,Sham19Y0013550,483,83,682,274,32
930,325,588,Shamela0021766,3807,12,479,171,43
930,501,1461,JK009396,1355,783,1277,349,44
930,693,1461,Sham19Y0023608,3379,749,1133,300,49
930,1054,1574,ShamIbadiyya0000075,788,615,1183,225,38
930,270,1110,Shia002356Vols,1048,213,635,322,48
930,270,1356,Shamela0010523,235,1059,1567,398,45
930,325,889,ShamAY0034059,5707,0,217,166,36
930,270,884,Shia002380Vols,678,1078,1557,250,44
930,270,1461,Shamela0008473,4123,340,1115,436,39
930,1034,1574,Shia002382Vols,1579,870,1532,253,44
930,270,1119,Shia002382Vols,1579,116,972,400,46
930,0,1078,Shia002382Vols,2125,989,1552,342,36
930,554,1091,Shia002382Vols,2126,69,783,237,35
930,270,1549,Shamela0023591,5930,933,1530,470,45
930,270,1461,Shamela0023591,5933,104,649,427,44
930,270,920,JK009266,7837,33,305,209,40
930,270,1110,JK009362,6974,975,1398,327,48
930,255,920,JK006478,7826,493,781,214,40
930,693,1549,Rafed0003943Vols,1347,637,1073,343,50
930,270,920,Shamela0007798,7941,30,567,210,30
930,1233,1574,Tafsir01006,1276,813,1398,203,41
930,270,1110,QuranAnalysis001,200,1065,1487,329,49
930,486,920,Rafed0001713Vols,2272,23,378,160,35
930,270,877,Shamela0000041,2214,954,1581,250,40
930,270,1353,Shamela0023578,2705,677,1182,395,45
930,308,1549,Shamela0023578,2709,352,1430,487,39
931,716,821,Shia001432Vols,1342,1282,1387,83,100
931,540,707,Shia001432Vols,1901,869,1036,131,98
931,226,544,Shia001432Vols,2511,905,1222,255,99
931,716,1032,Shia001432Vols,22727,1083,1400,253,99
931,540,707,Shia001432Vols,24160,993,1161,130,97
931,716,821,Shia001432Vols,29079,711,816,83,100
931,447,707,Shamela0023632,3066,1096,1356,208,100
931,616,1032,Shamela0023632,3067,620,1114,317,80
931,716,821,Rafed0002679Vols,767,797,902,83,100
931,0,1032,JK009268,4010,363,1337,781,94
931,0,353,Sham19Y0023618,1465,99,395,237,83
931,257,1032,Sham19Y0023618,1467,32,780,573,92
931,400,780,Shamela0023628,3009,1026,1529,300,74
931,854,1032,Shamela0023628,3011,0,238,144,74
931,540,716,Sham19Y0037562,85,935,1111,140,100
931,716,868,Rafed0003257Vols,4125,1533,1684,120,99
931,868,1032,Rafed0003257Vols,4126,0,164,133,100
931,0,447,Rafed0003257Vols,4554,343,733,313,87
931,447,859,Rafed0003257Vols,4556,1257,1667,328,99
931,859,1032,Rafed0003257Vols,4557,0,173,140,100
931,794,1032,Tafsir09084,2113,251,959,187,32
931,528,716,Sham19Y0020891,5451,845,1033,143,91
931,686,821,Sham19Y0020891,5452,852,992,91,83
931,821,1032,Sham19Y0020891,5455,1204,1416,170,99
931,716,821,JK010001,1189,30,135,83,100
931,821,958,JK010001,3461,729,866,111,100
931,93,362,JK009270,4364,441,710,211,98
931,353,788,JK009270,4367,1063,1497,349,99
931,914,1032,JK009270,4373,0,118,95,100
931,93,447,Meshkat0014420,3988,213,567,285,100
931,447,983,Meshkat0014420,3990,407,945,414,95
931,629,788,Meshkat0014420,3991,1118,1423,111,45
931,794,978,Meshkat0014420,3992,312,787,114,30
931,447,836,JK006476,1535,691,1051,277,87
931,741,1032,JK006476,1536,388,896,218,54
931,624,875,Tafsir01005,5047,542,1440,195,27
931,540,716,Shamela0006879,49,529,705,140,98
931,716,1032,ShamAY0036821,1670,511,823,249,98
931,470,741,Meshkat00042485,5720,0,433,208,60
931,84,353,Sham19Y0147312,1732,571,842,210,94
931,297,1032,Sham19Y0147312,1733,78,1140,563,65
931,716,862,Sham19Y0014592,1864,1373,1518,115,99
931,447,707,Zaydiyya0000062,1692,263,525,208,98
931,677,950,Zaydiyya0000062,1693,562,900,218,80
931,1032,1270,Shamela0037458,3733,954,1544,81,14
931,294,716,Shamela0037458,3735,852,1274,340,100
931,686,1032,Shamela0037458,3738,639,1044,274,84
931,413,716,JK000791,2019,0,302,243,99
931,691,1032,JK000791,2019,1152,1524,273,91
931,716,978,Shamela0000922,1080,195,747,200,44
931,716,821,Tafsir07076,1418,627,732,83,100
931,309,735,JK007018,666,1014,1566,337,75
931,735,1032,JK007018,667,0,306,236,96
931,322,1037,JK009396,1357,0,1282,573,55
931,98,447,Sham19Y0023608,3383,0,349,281,100
931,447,691,Sham19Y0023608,3387,1335,1578,196,99
931,624,905,Sham19Y0023608,3389,921,1502,222,47
931,716,821,Sham19Y0023608,3390,822,927,83,100
931,821,1007,Sham19Y0023608,3391,113,1041,146,19
931,716,950,Shamela0001340,248,1293,1526,187,99
931,540,958,Shamela0001340,267,907,1469,264,60
931,226,892,JK000818,560,223,1493,522,51
931,577,821,Meshkat00042488,1499,7,630,182,37
931,773,1032,Meshkat00042488,1500,0,308,175,63
931,540,1025,ShamIbadiyya0000075,790,32,901,376,54
931,1032,1536,Shia002356Vols,1049,1040,1565,175,32
931,0,447,Shia002356Vols,1049,603,991,309,85
931,413,978,Shia002356Vols,1050,355,909,417,91
931,226,540,Shamela0011162,26,708,1022,254,100
931,0,447,Shamela0010523,237,1138,1527,313,86
931,447,1032,Shamela0010523,238,0,585,469,100
931,294,510,ShamAY0034059,5723,1284,1502,176,99
931,447,716,ShamAY0034059,5726,1116,1386,214,98
931,764,937,ShamAY0034059,5729,0,176,137,97
931,1032,1530,Shia002380Vols,679,688,1477,206,26
931,315,1032,Shia002380Vols,680,6,1377,569,51
931,677,943,Shamela0001419,334,0,205,130,56
931,814,1032,JK001496,2015,127,346,172,97
931,540,1032,Tafsir02102,3456,566,1289,393,68
931,144,447,Shamela0008473,4126,694,1094,239,74
931,408,716,Shamela0008473,4127,515,873,246,85
931,450,883,Shamela0008473,4129,710,1446,289,46
931,883,1032,Shamela0008473,4130,0,149,120,100
931,431,1032,Shia002382Vols,1581,13,1053,472,56
931,362,1032,Shia002382Vols,2128,596,1492,519,72
931,735,1020,Shia002382Vols,2129,0,526,228,54
931,716,821,Tafsir07055,1248,317,422,83,100
931,821,958,Tafsir07055,3552,1189,1326,111,100
931,111,1032,Shamela0023591,5931,0,920,738,99
931,0,707,Shamela0023591,5937,780,1430,521,91
931,716,1032,Shamela0023591,5941,206,522,253,100
931,93,450,JK009266,7843,857,1216,286,98
931,447,1043,JK009266,7846,757,1355,470,98
931,544,741,JK000458,2951,119,700,139,30
931,301,716,Shamela0021821,1606,238,643,306,92
931,686,1032,Shamela0021821,1607,57,415,264,92
931,0,1043,JK009362,6975,55,1055,782,92
931,598,716,Zaydiyya0000185,97,0,118,94,100
931,540,958,Shamela0007853,16,1312,1494,146,43
931,624,1004,JK007094,525,504,1087,120,19
931,0,353,JK006478,7831,1224,1523,237,82
931,461,716,JK006478,7835,0,257,205,99
931,624,1032,JK006478,7836,650,1252,321,66
931,294,540,Rafed0003943Vols,1349,208,692,196,50
931,540,707,Rafed0003943Vols,1350,130,297,132,100
931,716,1037,Rafed0003943Vols,1351,98,419,255,99
931,1004,1341,Shamela0010273,2744,482,856,154,53
931,540,707,Shamela0010273,2749,1167,1334,132,100
931,716,958,Shamela0010273,2751,294,536,194,100
931,488,821,Shamela0007798,7948,17,1154,206,22
931,788,958,Shamela0007798,7949,751,939,120,79
931,341,716,JK001017,42,286,659,296,98
931,748,1032,Sham19Y0018567,320,0,439,106,24
931,540,716,ShamAY0002038,9,727,903,140,100
931,1239,1472,Sham19Y0014404,1293,535,1303,135,22
931,662,821,Sham19Y0014404,1295,7,285,126,57
931,741,1032,Sham19Y0014404,1295,590,1311,233,40
931,624,821,Meshkat00057178,3163,586,862,124,57
931,821,958,Meshkat00057178,3164,537,674,111,100
931,353,707,Masaha000554Vols,5098,589,945,280,97
931,794,1043,Masaha000554Vols,5101,0,257,196,94
931,624,821,JK000447,731,736,1083,122,44
931,0,1032,QuranAnalysis001,201,149,1124,781,94
931,528,707,Rafed0001713Vols,2277,134,313,135,91
931,691,821,Rafed0001713Vols,2277,1276,1484,101,60
931,821,1032,Rafed0001713Vols,2278,0,211,170,100
931,553,716,Tafsir04042,1932,241,454,126,74
931,519,716,Tafsir04056,2481,553,770,150,87
931,716,1032,Tafsir04056,5875,574,889,251,99
931,821,1004,Tafsir04056,6382,84,914,143,21
931,875,1004,Tafsir02094,3374,586,905,105,40
931,456,748,Shamela0000041,2217,1246,1602,233,80
931,748,914,Shamela0000041,2218,0,161,110,84
931,794,1032,Shamela0000041,2218,945,1301,188,65
931,192,1032,Shamela0023578,2710,0,839,673,99
931,447,624,Shamela0023578,2712,438,622,143,96
931,633,1043,Shamela0023578,2713,3,575,303,65
932,776,1152,Shamela0023632,3066,1096,1340,185,61
932,776,1152,JK009268,4010,753,996,185,61
932,776,1152,Sham19Y0023618,1467,196,440,185,61
932,776,1152,Shamela0023628,3009,1198,1442,185,61
932,766,1152,Rafed0003257Vols,4556,1250,1501,188,61
932,776,1152,JK009270,4367,1157,1401,185,61
932,766,1152,Meshkat0014420,3990,375,651,194,59
932,799,1383,Meshkat00042485,5720,0,416,231,43
932,301,641,Shamela0001466,2953,551,1071,192,44
932,776,1152,Sham19Y0147312,1733,220,464,185,61
932,776,1152,Shamela0037458,3735,1005,1249,185,61
932,776,1152,JK000791,2019,34,277,185,61
932,1050,1462,Shamela0021766,3811,1147,1500,141,34
932,756,1152,JK009396,1357,235,504,189,58
932,776,1152,Sham19Y0023608,3387,1335,1578,185,61
932,101,380,JK000818,560,412,667,160,65
932,762,1152,Shia002356Vols,1050,380,635,190,61
932,776,1152,Shamela0010523,238,0,244,185,61
932,776,1152,Shamela0008473,4127,605,848,184,61
932,149,380,Shamela0008473,4127,0,588,137,28
932,776,1152,Shamela0023591,5931,336,580,185,61
932,776,1152,Shamela0023591,5937,1170,1414,185,61
932,776,1152,JK009266,7846,757,1001,185,61
932,776,1152,Shamela0021821,1606,375,618,184,61
932,790,1152,JK006478,7835,0,232,172,59
932,776,1152,JK001017,42,391,634,185,61
932,101,1087,Sham19Y0014404,1294,0,1283,379,29
932,776,1152,QuranAnalysis001,201,539,783,185,61
932,239,912,Rafed0001713Vols,2276,142,752,211,26
932,776,1152,Shamela0023578,2710,255,499,185,61
932,776,1045,Shamela0023578,2712,438,622,146,67
933,1243,1487,Shia001432Vols,1901,1061,1306,192,99
933,1323,1487,Shamela0023632,3070,780,945,128,99
933,1066,1278,Shamela0008353,362,578,789,170,99
933,537,1264,JK009268,4010,1093,1528,349,59
933,1264,1487,JK009268,4011,0,224,175,99
933,1066,1323,JK000903,1,653,910,206,100
933,1131,1487,Sham19Y0023618,1469,507,833,223,72
933,1243,1400,Zaydiyya0000413Vols,3099,1362,1517,122,98
933,1139,1484,Tafsir06051,522,0,343,271,99
933,1066,1484,Tafsir06051,613,723,1269,328,75
933,755,1131,Shamela0023628,3011,5,716,210,33
933,1072,1487,Rafed0003257Vols,4561,837,1253,329,99
933,555,1003,Tafsir09083,1316,635,1401,246,36
933,543,1157,Tafsir09084,2113,251,1101,232,28
933,722,1049,Sham19Y0020891,5455,1228,1416,151,57
933,1061,1487,Sham19Y0020891,5459,307,1018,276,49
933,1171,1331,JK009270,4375,1458,1619,125,96
933,957,1216,Meshkat0014420,3992,1315,1531,174,83
933,1323,1487,Meshkat0014420,3995,663,827,127,98
933,1323,1487,JK000101,39,554,719,128,99
933,1061,1213,Shamela0002300,1388,1346,1497,122,99
933,1061,1323,Shamela0002300,2776,951,1213,210,100
933,1066,1323,Shamela0002300,3626,67,324,206,100
933,1061,1323,Shamela0002300,4708,481,744,205,97
933,537,1487,ShamAY0036821,1670,581,1234,515,68
933,1072,1389,Sham19Y0147312,1734,128,443,251,99
933,1061,1316,Shamela0004445,1263,1232,1480,199,97
933,569,1139,Tafsir02067,845,522,1223,264,40
933,1161,1323,Shamela0006947,11181,0,162,130,100
933,1061,1243,Shamela0010517,1975,712,894,146,100
933,1061,1243,Shamela0010517,2512,488,670,146,100
933,1307,1487,Shamela0037458,3745,0,181,140,98
933,1139,1484,ShamIbadiyya0000281,114,1113,1464,251,91
933,555,1323,JK000791,2020,337,1374,465,50
933,1090,1487,JK000791,2021,672,1113,188,50
933,1178,1368,Shamela0011363,380,66,256,150,100
933,1061,1323,Shamela0023833,295,428,720,210,89
933,1061,1323,Sham19Y0009800,504,224,486,210,100
933,1061,1323,JK009313,1219,339,631,210,89
933,1213,1484,Tafsir07076,9391,1159,1439,199,90
933,1075,1323,Shamela0009770,262,985,1233,199,100
933,537,1049,JK007018,667,53,306,196,48
933,1072,1487,JK009396,1358,182,598,329,99
933,1097,1487,Sham19Y0023608,3392,0,391,309,99
933,1013,1323,JK000381,3694,573,878,211,77
933,1178,1487,JK000381,4846,1159,1397,186,76
933,569,1108,ShamIbadiyya0000075,790,597,981,228,48
933,1178,1484,Shamela0021537,821,714,1020,240,99
933,1178,1484,Shamela0021537,5999,518,824,240,99
933,1323,1487,Kraken210904174303,976,1177,1341,118,89
933,631,1487,Shia002356Vols,1051,756,1468,458,62
933,537,1323,Shamela0010523,238,341,836,396,62
933,1323,1487,Zaydiyya0000037Vols,1944,893,1057,127,98
933,251,716,ShamAY0034059,5729,704,1438,197,28
933,852,1243,ShamAY0034059,5730,1189,1512,255,80
933,1072,1389,ShamAY0034059,5738,642,960,252,99
933,537,1178,Shia002380Vols,680,975,1527,316,51
933,1178,1368,Shia002380Vols,681,98,302,149,92
933,1178,1487,JK001496,2016,590,899,244,99
933,1072,1487,Zaydiyya0000328,553,72,488,328,99
933,537,1058,Tafsir02102,3456,866,1301,253,52
933,1108,1392,Tafsir02102,3457,0,549,222,50
933,1108,1487,Shamela0008473,4131,0,380,300,99
933,1075,1323,Shamela0008473,4136,210,458,199,100
933,537,1178,Shia002382Vols,1581,651,1203,323,55
933,537,1049,Shia002382Vols,2128,1239,1492,196,48
933,537,1243,Shia002382Vols,2129,136,700,365,60
933,1072,1323,Sham19Y0018318,75,55,305,201,99
933,1061,1316,Masaha002028Vols,725,817,1102,204,89
933,537,1487,Shamela0023591,5931,676,1336,524,69
933,537,1323,Shamela0023591,5941,278,773,396,62
933,1323,1487,Shamela0023591,5945,24,189,128,99
933,977,1487,JK009266,7850,46,608,357,79
933,1072,1487,Shamela0021821,1608,0,416,329,99
933,1178,1487,Zaydiyya0000075BK25,21,458,768,241,98
933,1075,1484,Shamela0008249,40,113,579,321,86
933,1178,1484,JK000071,533,168,474,241,100
933,537,1487,JK009362,6975,792,1470,522,67
933,1061,1323,JK001110,93,85,361,206,93
933,1178,1389,Shamela0010463,180,955,1166,166,99
933,1178,1414,Zaydiyya0000265,1108,1349,1512,128,68
933,1178,1487,Shia001174Vols,2167,465,775,243,99
933,1108,1323,Shamela0022653,112,0,215,172,100
933,1075,1453,Shamela0003118,1953,1066,1432,267,82
933,957,1487,JK006478,7839,236,805,375,82
933,1359,1487,Rafed0003943Vols,1353,0,129,101,99
933,537,934,Shamela0010273,2752,344,983,199,34
933,1243,1487,Shamela0010273,2757,191,436,192,99
933,1326,1487,Zaydiyya0000093,8,221,382,125,98
933,12,941,Sham19Y0014404,1295,440,1048,335,42
933,569,1042,Masaha000554Vols,5101,5,237,180,47
933,537,1453,QuranAnalysis001,201,880,1504,496,67
933,1075,1484,JK000916,5655,267,706,324,93
933,867,1487,Rafed0001713Vols,2279,45,825,459,72
933,1066,1278,Tafsir04056,579,883,1095,170,100
933,1053,1323,Tafsir04056,2420,967,1315,211,75
933,852,1016,Tafsir02094,3374,594,917,101,36
933,925,1131,Shamela0000041,2219,0,247,145,70
933,1251,1487,Shamela0000041,2223,40,275,167,89
933,569,1487,Shamela0023578,2713,268,1005,548,74
934,0,191,Shia001432Vols,1901,1306,1496,156,99
934,130,297,Shamela0023632,3072,140,307,135,100
934,0,297,JK009268,4011,224,521,242,100
934,51,297,Sham19Y0023618,1470,390,684,178,73
934,969,1247,Shamela0023628,2279,936,1178,140,57
934,0,297,Shamela0023628,3016,270,567,242,100
934,0,191,Rafed0003257Vols,4561,1253,1444,157,100
934,0,226,JK009270,4378,1303,1529,183,100
934,0,191,Meshkat0014420,3995,827,1018,157,100
934,969,1247,JK006476,944,677,923,137,54
934,0,294,JK006476,1539,479,847,215,71
934,0,297,ShamAY0036821,1670,1234,1525,229,95
934,969,1240,Shamela0001466,1624,545,776,127,53
934,0,294,Sham19Y0147312,1735,445,739,240,100
934,941,1202,Sham19Y0014592,1248,1063,1367,85,33
934,51,285,Zaydiyya0000062,1697,346,583,189,97
934,39,297,Shamela0037458,3748,442,700,203,97
934,51,294,Shamela0000922,1082,441,930,172,42
934,51,306,JK007018,668,342,779,196,55
934,51,297,JK009396,1359,804,1050,200,100
934,130,297,Sham19Y0023608,3396,1049,1508,135,36
934,969,1261,Shamela0010488,68,262,637,165,54
934,0,162,JK000381,2298,799,961,134,100
934,15,294,Meshkat00042488,1502,249,1259,219,26
934,130,297,Shia002356Vols,1053,618,781,131,97
934,0,297,Shamela0010523,240,69,366,242,100
934,969,1261,ShamAY0034059,2475,193,565,181,60
934,0,323,ShamAY0034059,5743,45,368,247,92
934,0,297,Shia002380Vols,681,779,1371,242,50
934,0,184,Zaydiyya0000328,553,488,820,151,55
934,162,297,Tafsir02102,3458,81,306,105,58
934,983,1261,Shamela0008473,4135,970,1327,180,62
934,130,297,Shia002382Vols,1583,830,1116,134,58
934,0,294,Shia002382Vols,2131,329,692,237,79
934,1031,1261,JK006474,2577,1016,1309,168,72
934,983,1261,JK006474,2578,312,670,180,62
934,0,162,Tafsir05047,778,1243,1515,126,56
934,162,330,Tafsir05047,779,27,459,113,30
934,983,1261,Shamela0012884,4404,959,1318,180,62
934,0,177,Shamela0023591,5931,1336,1512,146,99
934,177,297,Shamela0023591,5932,0,120,96,100
934,0,294,Shamela0023591,5945,189,483,240,100
934,0,330,JK009266,7850,608,844,184,68
934,1031,1221,JK001487,84,1216,1398,113,76
934,25,297,JK009362,6976,0,280,222,97
934,0,191,Shia001174Vols,2167,775,966,155,98
934,1031,1261,ShamIbadiyya0000109,7872,828,1064,145,73
934,1031,1261,Shamela0008206,481,226,502,141,63
934,969,1247,JK009288,299,932,1193,145,64
934,0,294,Tafsir06048,1003,803,1450,239,45
934,0,297,QuranAnalysis001,202,35,332,242,100
934,0,191,Shamela0000041,2223,275,466,157,100
934,51,297,Shamela0000041,2224,0,557,200,44
934,0,393,Shamela0023578,2713,1005,1399,287,81
934,0,252,Shamela0023578,2721,398,982,205,43
935,1138,1458,Zaydiyya0000062,1697,1131,1626,118,23
935,374,1515,Shia002380Vols,681,486,1218,399,41
935,414,1515,Shia002382Vols,1583,26,963,391,35
935,414,1515,Shia002382Vols,2131,53,1243,358,25
935,366,871,JK000458,2954,34,595,239,41
936,158,305,Shia001432Vols,720,1174,1322,120,99
936,305,636,Shia001432Vols,1751,754,1085,267,99
936,158,305,Shia001432Vols,2511,1381,1527,120,99
936,204,507,Shamela0023632,3073,796,1273,225,59
936,48,636,JK009268,4011,460,996,437,91
936,48,305,Sham19Y0023618,1470,623,828,169,79
936,305,636,Sham19Y0023618,1471,219,550,268,100
936,408,636,Shamela0010551,116,857,1085,182,100
936,161,320,Shamela0010551,311,737,903,125,92
936,48,309,Shamela0023628,3016,506,715,169,78
936,255,507,Shamela0023628,3017,608,912,204,82
936,48,408,Rafed0003257Vols,4566,698,1006,255,85
936,369,625,Rafed0003257Vols,4568,1280,1636,204,70
936,408,636,Tafsir09083,1324,725,951,179,98
936,158,305,Shamela0022666,74,693,840,120,100
936,459,616,JK010001,1439,0,157,126,100
936,0,459,JK009270,4381,1097,1496,264,69
936,48,305,Meshkat0014420,4000,376,581,169,79
936,305,636,Meshkat0014420,4002,566,897,268,100
936,158,305,Sham19Y0017581,285,468,615,120,100
936,158,636,ShamAY0036821,1673,405,872,375,97
936,158,328,ShamAY0034048,77,1205,1390,138,91
936,158,305,JK000081,1192,24,171,120,100
936,158,305,Sham19Y0147312,1736,434,581,120,100
936,359,636,Sham19Y0147312,1738,307,584,204,86
936,158,305,Shamela0008555,94,288,435,120,100
936,158,305,JK000791,2023,1124,1271,120,100
936,471,636,JK000791,2025,0,165,133,100
936,161,305,JK000365,1238,1330,1474,118,100
936,408,636,Rafed0003669Vols,808,1057,1285,182,100
936,48,320,JK009396,1359,989,1217,174,76
936,315,636,JK009396,1360,790,1252,232,62
936,161,408,Sham19Y0023608,3397,0,247,204,100
936,408,645,Sham19Y0023608,3400,1016,1255,185,97
936,158,320,JK000381,5114,624,788,125,94
936,369,636,Shia002356Vols,1055,122,395,193,88
936,48,636,Shamela0010523,240,305,841,437,91
936,48,320,ShamAY0034059,5746,1010,1232,172,77
936,275,433,ShamAY0034059,5749,690,849,129,99
936,408,636,ShamAY0034059,5759,455,687,181,97
936,383,636,Shia002380Vols,682,822,1378,203,45
936,91,305,Tafsir02102,3458,261,466,155,82
936,48,305,Shamela0008473,4138,570,774,168,79
936,408,636,Shamela0008473,4143,623,850,181,99
936,408,636,JK009265,167,1057,1284,181,99
936,408,636,JK009265,189,940,1167,181,99
936,408,616,Tafsir07055,1502,93,301,166,100
936,167,305,Noorlib0017761Vols,479,0,138,113,100
936,158,305,Shamela0003055,2113,791,938,120,100
936,158,289,Shamela0003055,3095,686,817,107,100
936,48,636,Shamela0023591,5932,59,595,437,91
936,48,495,Shamela0023591,5950,1209,1640,317,87
936,495,636,Shamela0023591,5951,0,141,115,100
936,158,305,JK000371,413,1276,1423,120,100
936,48,305,JK009266,7858,1105,1310,169,79
936,158,636,JK009266,7863,393,905,319,67
936,48,305,Shamela0021821,1611,58,262,168,79
936,289,546,Shamela0021821,1611,1333,1611,206,90
936,158,305,JK000116,10,742,889,120,100
936,48,636,JK009362,6976,217,760,437,90
936,305,636,JK001110,58,434,765,268,100
936,158,305,Shamela0011211,61,1212,1359,120,100
936,48,328,JK006478,7850,380,611,173,74
936,305,636,JK006478,7854,491,825,268,99
936,408,636,JK010127,25,354,581,181,99
936,408,636,Rafed0003943Vols,1358,343,571,182,100
936,140,305,Shamela0010273,2761,5,170,135,100
936,161,408,Shamela0010273,2763,23,425,204,61
936,408,636,Shamela0010273,2765,158,386,182,100
936,48,636,QuranAnalysis001,202,271,807,437,91
936,408,668,Rafed0003537Vols,424,329,588,186,90
936,104,1311,Rafed0001713Vols,2285,83,935,295,23
936,383,636,Rafed0001713Vols,2287,735,1065,203,76
936,158,305,JK001414,2641,351,498,120,100
936,408,636,Tafsir04056,582,559,779,171,93
936,408,636,Hindawi037926480,93,1071,1302,182,98
936,48,408,Shamela0000041,2224,496,804,255,85
936,91,636,Shamela0023578,2723,71,800,423,68
937,812,1381,Shamela0012704,11,1058,1281,93,17
937,1148,1434,Shamela0008473,4143,940,1348,151,41
938,809,1310,Shia001432Vols,1902,0,500,409,99
938,572,1013,Shamela0023632,3075,954,1273,255,71
938,1013,1327,Shamela0023632,3077,255,568,250,97
938,572,1310,JK009268,4011,915,1532,499,82
938,572,1013,Sham19Y0023618,1471,469,788,255,71
938,1111,1327,Sham19Y0023618,1473,0,228,175,93
938,572,1216,Shamela0010551,116,1004,1527,421,80
938,572,1134,Shamela0023628,3019,256,695,347,75
938,774,1127,Sham19Y0037562,103,202,587,290,91
938,740,1310,Rafed0003257Vols,4569,0,545,445,95
938,774,1301,Zaydiyya0000044,181,57,584,432,100
938,774,1013,Sham19Y0020891,5485,565,804,196,100
938,774,1127,JK010001,1546,574,927,290,100
938,572,976,JK009270,4392,1269,1551,225,68
938,934,1310,JK009270,4396,995,1360,251,81
938,774,1310,Meshkat0014420,4005,835,1371,440,100
938,774,1207,Sham19Y0147312,1738,1129,1561,355,99
938,774,1013,Shamela0004445,7148,730,969,196,100
938,774,1310,Sham19Y0013550,487,427,777,227,45
938,701,1050,Zaydiyya0000062,1702,914,1333,254,73
938,939,1331,Zaydiyya0000062,1703,444,1000,305,66
938,572,1013,Shamela0037458,3756,272,592,256,71
938,1013,1331,Shamela0037458,3758,735,1058,258,97
938,701,1261,JK000791,2025,1060,1631,443,94
938,1419,1578,Shamela0021766,3827,1447,1609,120,85
938,471,1216,JK007018,669,490,1229,413,55
938,580,1183,JK009396,1361,737,1616,384,48
938,701,1039,Sham19Y0023608,3402,557,1233,242,44
938,1013,1315,Sham19Y0023608,3404,163,464,243,98
938,774,1013,JK000381,1898,1089,1328,196,100
938,362,1095,Meshkat00042488,1505,115,1029,360,41
938,572,1310,Shia002356Vols,1055,314,926,487,80
938,572,1310,Shamela0010523,240,760,1377,499,82
938,701,1039,ShamAY0034059,5762,734,1038,240,86
938,959,1180,ShamAY0034059,5765,281,502,183,100
938,774,1030,JK001496,2025,63,333,207,93
938,701,1013,Shamela0008473,4146,90,386,230,89
938,572,1106,JK009265,332,1210,1623,330,75
938,1106,1310,JK009265,333,0,204,168,100
938,774,1030,JK009265,360,303,568,204,94
938,774,1013,Noorlib0023588,308,9,247,195,99
938,774,1127,Tafsir07055,1611,1225,1578,290,100
938,572,1310,Shamela0023591,5932,514,1129,497,82
938,701,988,Shamela0023591,5957,1295,1609,209,79
938,988,1310,Shamela0023591,5958,0,321,264,99
938,572,1310,JK009266,7863,824,1441,499,82
938,774,1127,Sham19Y0026523,4680,789,1144,288,98
938,362,1310,Shamela0021821,1613,272,1578,581,48
938,572,1310,JK009362,6976,679,1311,499,81
938,774,1127,Zaydiyya0000401,16,376,728,289,99
938,1013,1266,JK001420,700,504,884,169,54
938,774,1127,Shamela0000107,832,52,405,290,100
938,580,1035,JK006478,7863,430,1116,273,45
938,1013,1243,JK006478,7864,1379,1609,189,99
938,572,1310,JK010127,25,500,1115,497,82
938,774,1127,Rafed0003943Vols,1359,91,442,288,99
938,838,1249,Shamela0010273,2767,1222,1657,238,62
938,959,1216,Shamela0007798,7976,50,618,212,45
938,731,1127,Tafsir06048,1007,320,822,295,68
938,774,1106,Sham19Y0018567,294,254,440,138,51
938,1392,1623,Sham19Y0014404,1300,6,258,144,64
938,1013,1301,Masaha000554Vols,5135,589,876,231,96
938,911,1310,Shamela0008612,103,0,399,328,100
938,572,1310,QuranAnalysis001,202,726,1343,499,82
938,774,1024,SyriacStudies00001,12,109,370,202,94
938,387,885,Rafed0001713Vols,2288,1094,1603,211,38
938,885,1605,Rafed0001713Vols,2289,0,1130,535,56
938,774,1310,JK000122,4,526,1062,440,100
938,572,1050,Hindawi037926480,93,1221,1577,284,72
938,1310,1623,Shamela0000041,2227,362,757,185,49
938,1095,1310,Shamela0000041,2228,643,858,177,100
938,572,1315,Shamela0023578,2723,719,1339,498,82
938,1379,1623,JK000876,1322,0,314,158,57
939,486,791,Zaydiyya0000062,1704,115,770,139,22
940,47,231,Shia001432Vols,2512,12,196,150,100
940,85,231,Shia001432Vols,23036,1132,1278,120,100
940,0,231,Shamela0023632,3079,197,428,187,100
940,231,594,Shamela0023632,3081,897,1260,297,99
940,0,597,JK009268,4029,324,921,484,99
940,0,231,Sham19Y0023618,1474,1285,1516,187,100
940,231,594,Sham19Y0023618,1475,1045,1408,297,99
940,47,437,Shamela0023628,3023,0,390,318,99
940,0,283,Rafed0003257Vols,4577,1061,1344,228,99
940,112,442,JK009270,4405,434,764,267,98
940,0,161,Meshkat0014420,4008,1383,1543,128,99
940,0,361,JK001020,5,777,1435,293,54
940,112,289,JK001020,118,584,761,142,98
940,0,283,Sham19Y0147312,1740,921,1204,229,100
940,47,283,Sham19Y0013550,487,857,1174,191,74
940,47,231,Shamela0011074,7,0,184,150,100
940,47,283,Shamela0037458,3765,223,459,192,100
940,237,594,JK000791,2030,1147,1515,280,88
940,12,283,JK000791,2030,174,442,203,92
940,112,442,Shamela0000922,1086,85,821,223,34
940,47,283,JK007018,670,1158,1399,192,97
940,47,283,JK009396,1364,939,1175,191,99
940,47,283,Sham19Y0023608,3408,647,883,191,99
940,47,231,JK000381,2699,206,390,150,100
940,47,209,JK000381,3721,1147,1309,132,100
940,47,231,Meshkat00042488,1508,13,197,150,100
940,112,277,Shia003721Vols,56,1486,1650,134,98
940,112,283,Sham19Y0145435,4938,650,821,140,100
940,0,231,Shia002356Vols,1057,165,392,180,96
940,0,597,Shamela0010523,243,778,1375,485,99
940,0,283,ShamAY0034059,5780,682,971,229,97
940,47,283,Shamela0008473,4158,734,970,191,99
940,56,231,Shamela0003055,269,0,175,143,100
940,47,296,Shamela0003055,2433,717,953,148,66
940,47,231,Shamela0003055,2996,894,1078,150,100
940,0,597,Shamela0023591,5960,107,704,484,99
940,0,283,Shamela0023591,5964,377,660,228,99
940,0,283,JK009266,7875,280,563,228,99
940,21,283,Shamela0021821,1615,829,1145,212,82
940,0,157,JK009362,7118,1411,1574,124,93
940,157,597,JK009362,7119,0,449,359,97
940,0,283,JK006478,7869,212,497,226,97
940,0,587,Rafed0003943Vols,1360,1034,1620,478,99
940,112,283,Shamela0010273,2772,1366,1537,139,99
940,47,231,Shamela0007798,7984,50,234,150,100
940,102,388,Sham19Y0014404,1303,161,1206,228,26
940,40,283,Masaha000554Vols,5144,896,1137,185,93
940,0,204,QuranAnalysis001,202,1412,1615,165,99
940,204,597,QuranAnalysis001,203,0,393,320,99
940,47,193,Shamela0011379,280,1136,1282,119,100
940,47,283,Rafed0001713Vols,2294,244,480,191,99
940,0,283,JK000122,4,1123,1406,228,99
940,47,231,JK000122,23,196,380,150,100
940,0,289,Shamela0023578,2734,1204,1492,233,99
940,289,663,Shamela0023578,2735,0,789,283,43
941,489,1644,Shia001432Vols,20834,270,1056,377,36
941,1112,1513,Tafsir09084,2129,760,1190,200,51
941,1112,1277,Shamela0011353,244,728,916,123,84
941,489,1049,JK000465,3505,212,901,212,29
941,6,1046,JK000818,564,107,852,339,35
941,1112,1356,Shamela0008473,4161,954,1223,138,65
941,6,529,Tafsir01006,1286,901,1380,194,38
941,502,1097,Sham19Y0014404,1304,202,832,220,31
942,418,760,Shia001432Vols,1831,1183,1524,275,99
942,7,244,Shia001432Vols,2323,1283,1520,194,100
942,7,247,Shamela0023632,3083,182,422,194,99
942,244,568,Shamela0023632,3085,557,881,258,100
942,568,785,Shamela0023632,3087,1279,1486,157,89
942,0,690,JK009268,4029,911,1600,558,99
942,247,650,Sham19Y0023618,1478,0,859,323,46
942,220,684,Shamela0023628,3028,10,538,373,87
942,69,409,Rafed0003257Vols,4583,1348,1678,264,95
942,409,568,Rafed0003257Vols,4584,0,159,126,100
942,561,785,Rafed0003257Vols,4588,85,299,160,88
942,760,1479,Tafsir09083,1327,218,631,170,23
942,7,247,Zaydiyya0000076BK7,21,514,703,125,64
942,7,274,Sham19Y0020891,5507,1043,1315,206,93
942,237,508,Sham19Y0020891,5513,466,738,213,98
942,244,494,Sham19Y0020891,5523,973,1499,148,35
942,167,428,Tafsir09068,1009,61,848,193,31
942,356,508,JK010001,858,214,366,121,100
942,0,311,JK009270,4409,825,1136,253,100
942,424,568,JK009270,4414,0,144,114,100
942,561,760,JK009270,4418,1075,1274,158,97
942,89,508,Meshkat0014420,4014,594,1013,338,100
942,522,760,Meshkat0014420,4019,0,238,192,100
942,244,508,JK001020,119,569,1002,211,60
942,522,763,JK001020,120,0,338,192,70
942,213,404,JK006476,1548,0,200,154,95
942,568,746,JK006476,1550,336,512,137,92
942,0,404,ShamAY0036821,1676,1148,1549,321,98
942,435,785,ShamAY0036821,1678,0,336,258,92
942,7,356,Sham19Y0147312,1742,738,1087,284,100
942,323,684,Sham19Y0147312,1743,1089,1445,274,94
942,356,508,Shamela0004445,6986,1451,1603,121,100
942,356,508,JK000375,2,1373,1525,121,100
942,244,428,Zaydiyya0000062,1711,377,563,147,97
942,89,356,Shamela0037458,3770,883,1150,217,100
942,449,650,Shamela0037458,3773,0,201,161,100
942,0,244,JK000791,2031,565,809,197,98
942,237,568,JK000791,2032,17,348,264,100
942,356,508,Tafsir07076,1063,1115,1267,121,100
942,7,356,JK007018,671,1190,1551,284,96
942,167,568,JK007018,672,836,1266,206,46
942,490,760,JK007018,673,405,635,171,76
942,7,356,JK009396,1366,153,502,284,100
942,356,568,JK009396,1367,1114,1326,168,100
942,490,760,JK009396,1368,1312,1566,172,72
942,159,568,Sham19Y0023608,3413,0,409,326,100
942,760,991,Sham19Y0023608,3413,1024,1519,141,32
942,568,760,Sham19Y0023608,3417,1196,1388,156,100
942,311,508,Meshkat00042488,1511,145,762,156,31
942,167,738,Rafed0003726Vols,1266,988,1471,215,41
942,0,645,Shamela0022371,259,573,1538,271,27
942,0,244,Shia002356Vols,1058,215,460,199,98
942,195,743,Shia002356Vols,1059,1037,1606,410,89
942,89,760,Shamela0010523,245,726,1397,541,100
942,7,244,ShamAY0034059,5793,497,735,194,99
942,172,356,ShamAY0034059,5796,572,757,148,99
942,311,471,ShamAY0034059,5798,365,526,128,99
942,177,418,Tafsir04038,574,776,1131,123,41
942,0,356,Shia002380Vols,684,935,1628,290,51
942,7,244,JK001496,2032,480,717,194,100
942,264,508,JK001496,2034,7,251,195,100
942,561,760,JK006896,32,711,910,158,97
942,0,356,Shamela0008473,4162,25,381,290,100
942,356,568,Shamela0008473,4165,501,713,168,100
942,568,760,Shamela0008473,4167,438,630,156,100
942,172,508,Shia002382Vols,2140,206,647,247,70
942,616,785,Shia002382Vols,2142,36,319,111,48
942,356,568,JK009265,186,27,233,163,97
942,356,760,JK009265,209,882,1296,321,96
942,7,244,JK009265,360,553,790,193,99
942,356,508,Tafsir07055,912,603,755,121,100
942,949,1497,Tafsir05047,783,1029,1258,114,24
942,22,244,JK009172,45,1314,1546,179,94
942,0,785,Shamela0023591,5960,694,1469,615,97
942,0,311,Shamela0023591,5970,1113,1424,253,100
942,311,785,Shamela0023591,5977,323,787,362,95
942,7,244,JK009266,7887,535,772,194,100
942,244,568,JK009266,7890,676,1000,258,100
942,514,760,JK009266,7895,693,986,195,82
942,7,397,Tafsir03029,107,357,576,86,26
942,7,244,Shamela0021821,1616,1261,1498,194,100
942,172,568,Shamela0021821,1617,715,1315,316,66
942,568,785,Shamela0021821,1618,1016,1223,157,89
942,356,650,Rafed0003793Vols,1050,690,1047,140,46
942,418,568,Tafsir10066,1579,334,655,119,46
942,0,785,JK009362,7119,439,1215,615,96
942,244,551,JK001110,58,1268,1574,244,99
942,53,548,JK001420,701,743,1444,227,34
942,356,508,Shamela0010784,5,182,330,118,97
942,7,244,JK006478,7886,321,558,194,100
942,311,568,JK006478,7892,221,557,205,76
942,568,722,JK006478,7900,1338,1493,126,98
942,0,760,Rafed0003943Vols,1361,0,760,614,100
942,7,244,Shamela0010273,2778,627,864,194,100
942,167,568,Shamela0010273,2780,260,914,320,61
942,457,793,Shamela0010273,2784,91,897,230,35
942,508,760,Zaydiyya0000075BK1,33,1202,1454,203,100
942,22,244,Shamela0007798,6745,774,968,129,72
942,356,508,Shamela0007798,7992,1120,1272,121,100
942,568,760,Shamela0007798,7996,115,307,156,100
942,129,435,Sham19Y0014404,1305,133,1019,244,34
942,484,760,Sham19Y0014404,1306,356,1124,202,32
942,231,428,Masaha000554Vols,5165,274,479,144,87
942,0,785,QuranAnalysis001,203,383,1158,615,97
942,0,244,Rafed0001713Vols,2298,746,990,200,100
942,244,580,Rafed0001713Vols,2300,561,899,259,96
942,568,763,Rafed0001713Vols,2302,1194,1389,156,98
942,356,508,Zaydiyya0000476,369,925,1138,121,71
942,356,508,Zaydiyya0000476,440,1073,1286,121,71
942,439,684,Zaydiyya0000476,484,1254,1499,197,100
942,439,684,Zaydiyya0000476,488,1130,1375,197,100
942,150,508,Shamela0000041,2234,67,433,283,96
942,449,785,Shamela0000041,2235,0,443,251,69
942,0,247,Shamela0023578,2735,298,545,200,99
942,60,785,Shamela0023578,2741,11,1501,559,46
942,244,435,Shamela0023578,2742,649,1084,153,43
943,198,642,Shamela0021766,3838,14,1029,252,30
943,120,481,ShamIbadiyya0000075,794,1112,1650,220,48
943,120,642,Shia002382Vols,1590,779,1560,265,37
943,302,642,Shia002382Vols,2140,650,975,164,51
943,881,1339,Shia002382Vols,2140,975,1434,175,37
943,130,634,Tafsir01006,1288,556,1410,290,40
943,130,957,Sham19Y0014404,1305,133,1225,274,24
943,1088,1564,Sham19Y0014404,1306,23,572,193,38
944,822,1047,JK000330,1063,314,539,182,100
944,606,1047,Shia001432Vols,2512,205,506,242,68
944,822,1047,Shia001432Vols,3194,168,393,181,99
944,1047,1379,Shia001432Vols,4039,89,422,269,99
944,822,1059,Shia001432Vols,4686,83,332,188,93
944,822,1047,Shia001432Vols,24160,1179,1407,182,98
944,971,1231,Shamela0023632,3090,908,1168,215,100
944,1231,1379,Shamela0023632,3091,1250,1398,117,100
944,886,1125,Tafsir03097,1409,708,1696,195,24
944,1125,1379,Tafsir03097,1410,354,1128,200,32
944,612,1047,JK009268,4030,0,295,237,67
944,1047,1258,JK009268,4043,1366,1576,174,99
944,822,1505,Sham19Y0023618,1481,163,701,403,72
944,1231,1379,Sham19Y0023618,1482,212,360,117,100
944,606,1505,Shamela0023628,3030,38,860,531,65
944,1047,1379,Shamela0011258,27,397,729,269,100
944,551,1047,Rafed0003257Vols,4588,174,509,259,64
944,924,1379,Rafed0003257Vols,4589,807,1534,366,62
944,1115,1318,Tafsir09084,2135,779,1580,157,24
944,822,1108,Shamela0001388,68,1272,1559,184,72
944,822,1047,Sham19Y0020891,5525,781,1007,182,99
944,1047,1231,Sham19Y0020891,5526,466,650,152,100
944,834,1318,JK009270,4427,0,484,393,100
944,822,1195,Meshkat0014420,4020,1148,1520,305,99
944,822,1145,Meshkat0014420,4021,780,1617,251,36
944,1151,1318,Meshkat0014420,4022,54,845,135,21
944,641,1072,JK000865,616,821,1590,249,38
944,877,1157,JK006476,1551,0,292,228,95
944,1157,1305,JK006476,1551,1207,1358,119,98
944,551,1047,ShamAY0036821,1678,211,545,257,64
944,822,1047,JK000373,293,231,456,182,100
944,924,1035,Meshkat00042485,5786,578,741,90,68
944,822,1434,Sham19Y0147312,1745,0,612,378,60
944,1231,1379,Sham19Y0147312,1745,1125,1273,117,100
944,1040,1350,Shamela0004445,377,751,1593,247,36
944,822,1059,Sham19Y0014592,47,1395,1648,189,92
944,822,1059,Sham19Y0014592,1572,563,856,188,79
944,822,1047,JK000375,109,794,1019,182,100
944,551,1040,Zaydiyya0000062,1714,229,591,253,62
944,1015,1328,Zaydiyya0000062,1715,63,407,247,87
944,756,1047,Shamela0037458,3777,14,277,207,86
944,981,1379,Shamela0037458,3779,475,1012,324,74
944,606,1231,JK000791,2034,766,1251,394,77
944,822,1379,JK000791,2035,55,880,261,36
944,924,1206,Shamela0021766,3842,269,1036,227,36
944,908,1268,Tafsir02011,1502,0,764,276,44
944,1047,1318,Shamela0000922,1088,547,1249,221,38
944,986,1379,JK007018,674,0,576,318,67
944,822,999,JK009396,1369,1438,1614,142,99
944,999,1384,JK009396,1370,0,774,307,48
944,822,1047,Sham19Y0023608,3419,583,808,182,100
944,1047,1379,Sham19Y0023608,3420,4,336,269,100
944,1231,1379,Sham19Y0016953Vols,933,41,189,117,100
944,1047,1379,JK000381,1350,1224,1556,269,100
944,1047,1323,JK000381,4172,119,338,140,63
944,895,1202,JK000465,3514,625,1480,233,33
944,843,1318,JK000818,566,0,773,378,60
944,892,1311,Meshkat00042488,1513,0,1573,314,23
944,1040,1379,Shia003721Vols,288,77,922,270,39
944,606,1226,ShamIbadiyya0000075,796,288,1249,397,49
944,822,1202,ShamAY0033108,1580,26,681,311,58
944,1047,1379,Sham19Y0145435,5073,744,1581,269,39
944,606,1379,Shia002356Vols,1061,598,1306,502,78
944,956,1379,Shamela0010523,248,0,423,343,100
944,606,1047,ShamAY0034059,5811,1017,1322,242,67
944,975,1202,ShamAY0034059,5813,168,396,189,99
944,556,1027,Shia002380Vols,685,1117,1583,241,49
944,1027,1268,Shia002380Vols,686,0,340,198,70
944,822,1047,Shamela0001419,443,779,1115,182,66
944,730,1231,JK001496,2038,27,1042,372,44
944,517,1379,Tafsir02102,3465,446,1457,521,55
944,641,1047,Shamela0008473,4168,1027,1462,237,61
944,918,1379,Shamela0008473,4169,353,1151,370,57
944,1125,1328,Shamela0008473,4170,83,982,157,21
944,756,1202,Shia002382Vols,1592,789,1530,333,53
944,641,1611,Shia002382Vols,2142,668,1321,344,38
944,1084,1379,Shia002382Vols,2143,0,389,232,73
944,641,1084,Tafsir05047,785,871,1471,261,46
944,1084,1318,Tafsir05047,786,46,787,190,31
944,764,1084,AOCP202502141169Vols,2238,166,1038,225,32
944,956,1379,Shamela0023591,5961,0,423,343,100
944,551,1047,Shamela0023591,5977,662,997,259,64
944,944,1379,Shamela0023591,5983,987,1397,289,81
944,822,1047,JK009266,7901,442,667,182,100
944,975,1379,JK009266,7902,75,523,326,89
944,924,1242,JK000458,2970,518,1353,233,33
944,551,1047,Shamela0021821,1618,1098,1433,259,64
944,759,1379,Shamela0021821,1619,638,1238,347,61
944,822,1047,Kraken220413194022,3075,204,427,181,98
944,822,1027,Tafsir10066,1581,517,1159,145,28
944,822,1047,JK009362,6894,341,567,182,99
944,551,1226,JK009362,7119,1090,1612,406,72
944,1226,1379,JK009362,7120,0,163,121,93
944,1047,1347,Shamela0022653,107,1285,1584,244,99
944,756,1047,JK006478,7901,0,266,207,85
944,1182,1379,JK006478,7907,0,196,157,98
944,1047,1379,JK000902,5,515,847,269,100
944,822,1379,Rafed0003943Vols,1369,355,912,451,100
944,837,1047,Shamela0010273,2787,0,210,170,100
944,1125,1379,Shamela0010273,2788,0,254,204,100
944,1125,1318,Shamela0007798,8001,245,621,156,51
944,924,1182,Tafsir01006,1290,1040,1628,202,41
944,517,1258,Tafsir06048,1012,505,1403,427,50
944,1226,1379,Sham19Y0020642,296,661,814,118,96
944,606,1323,Tafsir09065,477,563,1405,355,46
944,834,1305,Sham19Y0014404,1307,188,1606,338,29
944,822,1040,Masaha000554Vols,5175,1103,1322,174,97
944,971,1372,Masaha000554Vols,5177,101,882,313,48
944,551,1280,QuranAnalysis001,203,1033,1600,450,75
944,1231,1379,Shamela0011288,15,332,480,117,100
944,924,1379,Rafed0001713Vols,2305,593,1206,369,74
944,612,1231,Tafsir04042,1950,722,1575,396,53
944,1047,1379,JK001414,919,83,248,112,42
944,822,1125,Tafsir04056,6424,786,1599,208,31
944,924,1318,Shamela0000041,2236,4,415,321,95
944,915,1379,Shamela0023578,2742,0,464,376,100
944,592,1291,Shamela0023578,2744,208,1298,459,48
944,899,1236,JK000876,1331,31,683,255,48
945,1086,1512,JK000330,206,927,1354,337,99
945,204,1512,Shia001432Vols,4039,89,849,603,57
945,90,484,Shamela0023632,3090,908,1139,192,58
945,843,1239,Shamela0023632,3091,1283,1550,210,66
945,1239,1512,Shamela0023632,3094,732,1100,214,73
945,843,1512,JK009268,4044,6,548,425,80
945,25,484,Sham19Y0023618,1481,285,543,209,55
945,843,1512,Sham19Y0023618,1482,245,787,425,80
945,25,924,Shamela0023628,3030,236,610,300,41
945,712,1409,Shamela0023628,3031,358,967,381,63
945,1070,1455,Shamela0023628,3032,844,1461,198,34
945,204,1512,Shamela0011258,27,397,1156,603,57
945,25,1176,Rafed0003257Vols,4589,888,1623,420,39
945,1176,1399,Rafed0003257Vols,4590,0,223,175,100
945,1342,1512,Rafed0003257Vols,4597,41,414,135,45
945,1399,1512,Sham19Y0020891,5537,380,494,90,99
945,25,924,JK009270,4427,110,484,300,41
945,976,1451,JK009270,4431,1068,1490,333,88
945,25,477,Meshkat0014420,4020,1270,1520,203,54
945,407,924,Meshkat0014420,4022,20,845,224,31
945,1086,1512,Meshkat0014420,4023,181,606,337,99
945,1026,1404,JK000865,617,751,1517,273,45
945,229,1100,JK000865,617,6,835,322,35
945,847,1224,JK006476,1552,603,1147,202,39
945,1224,1368,JK006476,1553,745,892,112,97
945,1224,1512,JK006476,1554,8,449,219,63
945,843,1271,Sham19Y0147312,1745,1158,1458,234,69
945,25,484,Sham19Y0147312,1745,122,380,209,55
945,1271,1512,Sham19Y0147312,1746,892,1132,191,98
945,197,1005,Shamela0004445,377,751,1591,253,26
945,1026,1399,Shamela0004445,378,227,577,273,93
945,1074,1512,Sham19Y0014592,796,325,761,341,97
945,150,917,Zaydiyya0000062,1715,50,381,243,37
945,1124,1512,Zaydiyya0000062,1718,734,1149,244,68
945,94,1058,Shamela0037458,3779,450,1012,335,37
945,847,1512,Shamela0037458,3781,83,1233,432,45
945,25,484,JK000791,2034,964,1222,209,55
945,843,1512,JK000791,2035,765,1307,425,80
945,25,616,Shamela0021766,3842,325,1109,277,37
945,1399,1512,JK007004,96,321,435,90,99
945,1086,1399,Shamela0007610,55,1046,1446,245,77
945,204,924,Shamela0000922,1088,547,1276,242,29
945,1310,1512,Shamela0000922,1090,131,357,115,51
945,111,1058,JK007018,674,0,576,317,35
945,1086,1399,JK007018,674,1064,1380,245,98
945,1271,1463,Tafsir04039,3061,804,1124,143,56
945,124,1058,JK009396,1370,0,769,303,28
945,1106,1399,JK009396,1371,0,293,232,100
945,1274,1512,JK009396,1372,607,1110,185,46
945,1086,1399,Sham19Y0023608,3423,7,320,247,100
945,1342,1512,Sham19Y0023608,3425,988,1381,135,43
945,204,1140,JK000381,1350,1224,1609,309,40
945,1140,1512,JK000381,1351,0,373,294,99
945,1399,1512,JK000381,5559,401,515,90,99
945,560,950,JK000465,3515,81,667,164,35
945,25,1387,JK000818,566,138,1432,604,45
945,25,917,Meshkat00042488,1513,427,1573,334,27
945,1271,1512,Meshkat00042488,1515,55,578,191,46
945,197,1404,Shia003721Vols,288,77,1458,516,36
945,1352,1512,Shia003721Vols,291,497,667,127,94
945,25,697,ShamIbadiyya0000075,796,729,1580,282,30
945,843,1512,ShamIbadiyya0000075,797,87,1001,437,55
945,1239,1512,Shamela0004473,90,382,747,213,73
945,1086,1399,Shamela0004473,7278,769,1252,241,63
945,25,661,ShamAY0033108,1580,148,1033,305,35
945,1095,1413,Sham19Y0145435,1134,664,980,173,60
945,204,1058,Sham19Y0145435,5073,744,1581,278,28
945,1026,1399,Sham19Y0145435,5074,173,517,272,92
945,1352,1512,Sham19Y0145435,5076,685,854,127,93
945,25,1058,Shia002356Vols,1061,877,1306,330,39
945,1086,1512,Shia002356Vols,1062,461,882,331,97
945,37,1472,Shamela0010523,248,0,809,638,55
945,86,484,ShamAY0034059,5813,142,396,195,57
945,1164,1451,ShamAY0034059,5822,0,289,226,99
945,1271,1512,ShamAY0034059,5823,772,1017,191,98
945,169,666,Shia002380Vols,686,0,330,217,52
945,1261,1512,Shia002380Vols,687,198,840,198,38
945,25,661,Tafsir02091,1835,166,915,252,33
945,25,1124,Tafsir02102,3465,751,1550,410,39
945,0,1079,Shamela0008473,4169,371,1183,367,33
945,1086,1399,Shamela0008473,4171,100,413,247,100
945,1399,1512,Shamela0008473,4174,427,541,90,99
945,25,536,Shia002382Vols,1592,1147,1565,239,52
945,251,1058,Shia002382Vols,2143,0,389,250,39
945,1095,1413,MMS00013,2734,696,1014,172,64
945,1336,1451,AOCP202502141169Vols,2241,990,1252,86,41
945,1086,1512,JK000378,9,584,1011,337,99
945,37,1512,Shamela0023591,5961,0,850,674,57
945,204,1250,Shamela0023591,5983,1065,1560,396,47
945,1250,1399,Shamela0023591,5984,0,149,117,100
945,1399,1512,Shamela0023591,5991,358,472,90,99
945,90,1512,JK009266,7902,51,946,662,55
945,843,1494,Shamela0010283,2460,867,1499,370,61
945,90,1063,Shamela0021821,1619,816,1243,294,36
945,981,1451,Shamela0021821,1620,554,1041,318,79
945,1271,1512,Shamela0021821,1621,368,875,178,44
945,1399,1512,Kraken220413194022,437,385,499,89,98
945,1399,1512,JK009362,4057,284,399,90,98
945,843,1512,JK009362,7120,43,600,423,77
945,843,1399,JK001420,702,752,1280,227,41
945,204,1005,Shamela0022653,107,1285,1584,242,37
945,1247,1512,JK006478,7914,308,596,197,84
945,1399,1512,JK000082,567,259,373,90,99
945,204,1181,JK000902,5,515,942,342,43
945,25,1512,Rafed0003943Vols,1369,477,1339,683,57
945,390,1063,Shamela0010273,2788,0,259,202,37
945,1086,1404,Shamela0010273,2790,451,769,249,99
945,1399,1512,Shamela0010273,2792,566,680,90,99
945,390,924,Shamela0007798,8001,245,621,165,31
945,847,1271,Shamela0007798,8002,318,706,246,70
945,1399,1512,Shamela0007798,8005,305,419,90,99
945,25,464,Tafsir01006,1290,1060,1628,226,42
945,25,666,Tafsir06048,1012,919,1403,273,46
945,1181,1455,Tafsir06048,1013,621,1389,215,35
945,976,1239,Sham19Y0014404,1308,1171,1569,132,32
945,986,1271,Meshkat00057178,3189,564,1040,198,53
945,90,1051,Masaha000554Vols,5177,101,882,306,28
945,1086,1399,Masaha000554Vols,5182,563,875,241,96
945,25,666,QuranAnalysis001,203,1265,1579,254,48
945,859,1512,QuranAnalysis001,204,0,526,413,79
945,1399,1512,Shamela0011123,47,1407,1521,90,99
945,25,1271,Rafed0001713Vols,2305,613,1391,503,46
945,1271,1503,Rafed0001713Vols,2308,1281,1512,183,99
945,1271,1420,JK000122,23,551,700,117,100
945,25,644,Tafsir04042,1950,1098,1590,242,38
945,1399,1512,JK001414,424,1185,1299,90,99
945,1271,1494,Tafsir04056,6427,445,1305,170,25
945,1342,1494,Tafsir02094,3413,754,1283,107,25
945,1124,1478,Tafsir02094,3414,44,686,142,24
945,1095,1413,Shamela0009783BK1,309,619,936,175,61
945,25,1112,Shamela0000041,2236,24,1586,487,31
945,1070,1512,Shamela0000041,2238,128,451,247,69
945,25,1271,Shamela0023578,2742,29,649,492,49
945,8,903,Shamela0023578,2744,609,1324,353,41
945,1124,1512,Shamela0023578,2746,259,636,238,78
945,0,633,JK000876,1331,85,683,275,42
946,0,109,JK000330,206,1354,1462,85,99
946,109,532,JK000330,207,0,422,334,99
946,0,244,Shia001432Vols,4039,849,1091,190,99
946,120,244,Shia001432Vols,22547,0,124,96,100
946,0,109,Shamela0023632,3094,1100,1209,85,100
946,109,360,Shamela0023632,3097,340,591,198,100
946,109,345,Tafsir03097,1411,277,1051,184,30
946,0,532,JK009268,4044,548,1080,421,100
946,0,109,Sham19Y0023618,1482,787,896,85,100
946,109,297,Sham19Y0023618,1484,1362,1549,148,99
946,297,532,Sham19Y0023618,1485,0,235,188,100
946,0,266,Shamela0023628,3033,58,332,195,90
946,186,532,Shamela0023628,3034,403,907,272,67
946,0,342,Shamela0011258,27,1156,1497,269,99
946,342,532,Shamela0011258,28,0,195,152,97
946,0,360,Rafed0003257Vols,4597,414,774,283,100
946,109,258,Sham19Y0020891,5539,1397,1545,117,99
946,0,244,JK009270,4436,1106,1348,189,99
946,244,532,JK009270,4440,1062,1348,230,99
946,109,360,Meshkat0014420,4026,1120,1371,198,100
946,109,244,Noorlib18399BK2,30,490,625,105,100
946,61,189,JK006476,1555,0,131,98,97
946,141,342,JK006476,1555,1218,1506,156,68
946,213,365,JK000101,292,178,333,121,98
946,109,532,ShamAY0036821,1680,593,1004,318,95
946,41,244,Tafsir02104,502,1157,1440,126,53
946,0,244,Sham19Y0147312,1746,1132,1375,190,99
946,244,527,Sham19Y0147312,1748,207,489,227,99
946,238,527,Shamela0004445,382,0,547,211,48
946,0,244,Sham19Y0014592,796,761,1004,190,99
946,34,238,Zaydiyya0000062,1720,198,403,155,97
946,7,169,Shamela0037458,3785,1341,1502,126,99
946,169,410,Shamela0037458,3786,0,241,191,100
946,0,145,JK000791,2035,1307,1451,114,99
946,141,527,JK000791,2039,544,1073,301,72
946,41,266,Shamela0000922,1090,1051,1319,130,53
946,0,360,JK007018,675,1115,1485,278,95
946,0,109,Masaha003027,73,1106,1215,85,100
946,0,349,JK009396,1372,1110,1458,274,99
946,95,360,Sham19Y0023608,3426,0,265,208,100
946,0,532,JK000381,1351,373,905,421,100
946,0,109,JK000381,8033,54,163,85,100
946,527,1404,JK000818,566,965,1477,262,36
946,7,431,JK000818,567,306,1412,319,36
946,58,244,Meshkat00042488,1516,114,374,143,71
946,0,360,Shia003721Vols,291,667,1025,283,99
946,141,553,Shia003721Vols,292,666,1337,275,51
946,0,109,Shia003636Vols,9728,35,144,85,100
946,132,532,ShamIbadiyya0000075,798,0,675,312,58
946,0,114,Shamela0004473,90,747,861,87,98
946,90,244,Shamela0004473,11111,375,529,110,92
946,0,360,Sham19Y0145435,5076,854,1213,283,99
946,141,360,Sham19Y0145435,5077,898,1263,147,52
946,0,244,Shia002356Vols,1062,882,1128,188,96
946,218,532,Shia002356Vols,1064,54,407,234,81
946,0,532,Shamela0010523,249,963,1495,421,100
946,109,244,Noorlib0015842,22,1159,1294,105,100
946,41,328,ShamAY0034059,5826,469,763,225,97
946,244,532,ShamAY0034059,5829,936,1232,231,97
946,7,410,Shia002380Vols,687,897,1495,317,67
946,109,360,JK001496,2044,332,583,197,98
946,0,360,Shamela0008473,4174,541,901,283,100
946,527,911,Shia002382Vols,1593,779,1474,160,25
946,7,169,Shia002382Vols,1594,1104,1505,126,40
946,90,501,Shia002382Vols,1595,70,689,293,58
946,34,360,Shia002382Vols,2145,646,958,226,88
946,288,532,Shia002382Vols,2146,0,236,180,91
946,114,238,AOCP20251117018,344,121,238,90,92
946,0,266,JK000378,9,1011,1277,208,100
946,0,532,Shamela0023591,5961,850,1382,421,100
946,0,532,Shamela0023591,5991,472,1004,421,100
946,0,360,JK009266,7902,946,1304,282,99
946,0,109,Shamela0010283,2461,19,128,85,100
946,0,109,Shamela0010283,4505,854,963,85,100
946,109,244,Tafsir10098,1137,187,322,105,100
946,1163,1431,JK000458,2973,0,564,156,33
946,0,109,Shamela0021821,1621,875,984,85,100
946,58,360,Shamela0021821,1622,83,422,221,84
946,0,532,JK009362,7120,600,1155,421,95
946,7,360,JK001420,703,91,496,165,47
946,109,365,Shamela0022653,283,929,1185,202,100
946,58,360,JK006478,7917,655,1000,235,86
946,1163,1372,Tafsir08060,450,443,729,105,41
946,0,169,Rafed0003943Vols,1369,1339,1507,132,99
946,169,532,Rafed0003943Vols,1370,0,363,289,100
946,0,109,Shamela0010273,2792,680,789,85,100
946,141,360,Shamela0010273,2794,0,219,172,100
946,58,244,Shamela0007798,8009,308,608,142,61
946,41,355,Tafsir06048,1014,531,1274,244,41
946,34,166,Sham19Y0014404,1310,1122,1471,99,36
946,109,365,JK000379,40,817,1073,202,100
946,81,244,Meshkat00057178,3193,5,165,118,93
946,109,306,Masaha000554Vols,5189,1423,1618,149,95
946,0,532,QuranAnalysis001,204,526,1058,421,100
946,0,109,JK000372,14,985,1093,84,99
946,0,109,JK000028,318,494,603,85,100
946,0,374,Rafed0001713Vols,2309,10,399,291,95
946,1147,1431,Rafed0001713Vols,2309,442,844,152,43
946,81,323,Tafsir04042,1953,0,652,189,36
946,141,323,Tafsir07057,4475,571,1114,142,33
946,0,109,JK006950,2334,1027,1136,85,100
946,0,109,Shamela0009783BK1,2372,116,225,85,100
946,34,360,Shamela0000041,2239,299,627,252,98
946,0,527,Shamela0023578,2746,636,1163,417,100
946,51,338,Shamela0023578,2747,1003,1507,219,55
946,338,532,Shamela0023578,2748,121,711,148,31
946,979,1436,JK000876,1333,679,1459,202,31
947,749,962,ShamIbadiyya0000193,3594,276,875,129,28
947,10,570,JK009268,4044,448,673,177,40
947,10,570,Shamela0011258,27,1056,1281,177,40
947,10,570,Rafed0003257Vols,4597,314,539,177,40
947,287,591,Meshkat00042485,5798,638,1028,152,43
947,565,1087,Shamela0022769,1378,241,731,210,42
947,10,279,Shamela0037458,3785,563,1007,131,31
947,287,577,Shamela0037458,3785,1341,1466,97,43
947,10,577,JK000791,2035,1207,1439,182,40
947,10,570,JK009396,1372,1010,1235,177,40
947,10,570,JK000381,1351,273,498,177,40
947,10,570,Shia003721Vols,291,567,790,175,39
947,89,570,Shamela0010523,249,901,1088,144,38
947,17,1428,Shia002380Vols,687,548,1495,474,38
947,10,804,Shia002382Vols,1594,733,1514,265,27
947,804,1463,Shia002382Vols,1595,140,569,232,39
947,10,1090,Shia002382Vols,2145,107,1442,391,28
947,10,570,JK000378,9,911,1136,177,40
947,10,570,Shamela0023591,5961,750,975,177,40
947,0,570,Shamela0023591,5991,344,597,184,39
947,448,1058,JK000458,2974,379,1191,270,34
947,10,577,Rafed0003943Vols,1369,1239,1471,182,40
947,767,1077,Shamela0010273,2794,991,1497,145,33
947,72,997,Tafsir01006,1293,29,1209,404,35
947,767,1087,Sham19Y0014404,1311,257,575,140,45
947,10,570,QuranAnalysis001,204,426,651,177,40
947,243,570,Rafed0001713Vols,2309,0,135,106,41
947,287,962,Rafed0001713Vols,2310,324,1299,307,34
947,438,1087,Shamela0000041,2239,627,1258,254,40
947,10,570,Shamela0023578,2746,536,761,177,40
948,120,1036,JK000330,207,321,1056,584,79
948,820,1354,Shia001432Vols,2324,0,461,362,82
948,396,772,Shia001432Vols,4039,1105,1479,299,99
948,772,1036,Shia001432Vols,4040,0,264,214,100
948,1029,1194,Shia001432Vols,22622,1186,1351,129,97
948,1036,1208,Shia001432Vols,22873,1192,1368,136,96
948,722,962,Shia001432Vols,24161,0,248,187,94
948,120,613,Shamela0023632,3098,834,1147,244,62
948,613,962,Shamela0023632,3100,60,409,280,100
948,962,1354,Shamela0023632,3101,866,1258,314,98
948,613,848,Sham19Y0011326,9,83,318,188,100
948,351,869,Tafsir03097,1412,138,1496,382,35
948,1036,1296,Tafsir03097,1413,876,1478,210,43
948,120,765,JK009268,4044,979,1443,366,71
948,765,1349,JK009268,4045,0,584,472,100
948,120,613,Sham19Y0023618,1485,134,447,244,62
948,613,1349,Sham19Y0023618,1486,407,1143,594,100
948,396,617,Shamela0010551,304,130,351,174,99
948,120,613,Shamela0023628,3034,806,1119,244,62
948,472,1036,Shamela0023628,3035,724,1475,433,71
948,992,1349,Shamela0023628,3037,258,743,289,73
948,120,1036,Rafed0003257Vols,4599,509,1245,585,79
948,613,824,Rafed0003257Vols,4602,194,1052,160,23
948,1071,1349,Rafed0003257Vols,4606,0,278,224,100
948,613,791,Shamela0022593,2265,1011,1535,137,32
948,613,936,Tafsir09083,1337,9,1098,245,28
948,613,740,Tafsir09083,1347,1424,1549,101,98
948,613,780,JK001150,191,1064,1190,96,72
948,554,811,Tafsir09084,2141,0,601,190,39
948,613,740,Sham19Y0020891,5545,1215,1342,102,100
948,684,910,Sham19Y0020891,5546,1091,1313,149,84
948,1036,1194,JK000362,1287,604,762,127,100
948,1036,1194,JK010001,773,44,202,127,100
948,533,820,JK010001,3064,329,980,130,22
948,547,910,JK009270,4445,0,361,290,99
948,892,1349,JK009270,4449,416,866,360,97
948,613,848,PV20230913,11,879,1114,188,100
948,1036,1187,Kraken22021802055303,338,469,617,110,92
948,1036,1199,Shamela0012094,194,641,811,131,95
948,139,613,Meshkat0014420,4028,622,925,238,62
948,435,945,Meshkat0014420,4030,377,1482,401,45
948,613,740,Meshkat0014420,4031,905,1209,98,40
948,1036,1337,Meshkat0014420,4033,1249,1549,244,99
948,481,936,JK000865,619,300,1312,347,43
948,120,547,JK006476,1556,1207,1463,191,55
948,396,910,JK006476,1557,589,1315,402,69
948,613,981,JK006476,1558,55,857,290,44
948,613,1344,ShamAY0036821,1682,308,1036,585,98
948,554,992,Tafsir02104,503,460,1304,291,42
948,962,1349,Tafsir02104,504,8,512,240,50
948,396,740,Sham19Y0147312,1749,677,1018,273,98
948,968,1194,Sham19Y0147312,1751,1246,1472,141,66
948,396,638,Shamela0004445,383,766,1010,179,93
948,613,1036,Shamela0004445,384,5,428,341,100
948,449,910,Tafsir02067,855,429,1494,351,41
948,396,842,Sham19Y0014592,796,1025,1467,354,98
948,842,962,Sham19Y0014592,797,0,120,97,100
948,613,848,Shamela0012769,7,530,765,188,100
948,195,608,Zaydiyya0000062,1722,197,690,226,53
948,613,902,Zaydiyya0000062,1723,162,453,231,97
948,791,1141,Zaydiyya0000062,1724,227,807,264,53
948,1036,1199,Shamela0037458,2093,684,847,131,100
948,396,664,Shamela0037458,3790,753,1021,214,100
948,664,962,Shamela0037458,3792,130,428,239,100
948,951,1260,Shamela0037458,3793,1007,1321,248,97
948,185,613,JK000791,2040,819,1215,230,64
948,613,1036,JK000791,2041,449,872,341,100
948,1036,1349,JK000791,2043,301,614,253,100
948,621,910,Tafsir02011,1506,590,1383,226,35
948,396,715,Shamela0022712,254,415,716,145,51
948,740,1036,Shamela0000922,1092,39,653,173,33
948,627,848,Tafsir07076,8858,964,1410,157,43
948,396,740,JK007018,676,1137,1493,275,96
948,740,1036,JK007018,677,3,309,237,96
948,1057,1349,JK007018,678,0,301,234,96
948,120,518,JK009396,1373,1278,1495,168,53
948,613,1094,JK009396,1374,1080,1560,389,99
948,1094,1349,JK009396,1375,0,255,205,100
948,1036,1194,Sham19Y0023608,2104,577,735,127,100
948,401,1036,Sham19Y0023608,3431,0,635,510,100
948,396,613,Sham19Y0023608,3432,394,1124,173,29
948,613,824,Sham19Y0023608,3433,142,773,146,29
948,1036,1349,Sham19Y0023608,3435,618,931,253,100
948,613,848,Sham19Y0016953Vols,1106,738,973,188,100
948,936,1194,JK000381,434,881,1003,91,44
948,1036,1199,JK000381,1909,578,741,131,100
948,1036,1225,JK000381,1967,121,316,138,86
948,613,801,JK000381,2299,22,210,150,100
948,1036,1194,JK000465,2015,167,325,127,100
948,598,801,JK000465,3524,67,813,149,24
948,120,981,JK000818,568,5,1215,547,52
948,120,624,Meshkat00042488,1517,516,1161,272,48
948,613,848,Meshkat00042488,1518,86,893,188,29
948,430,638,Shia003721Vols,294,0,194,146,88
948,608,1040,Shia003721Vols,294,732,1164,343,98
948,747,1036,Shia003721Vols,295,0,746,232,38
948,120,733,ShamIbadiyya0000075,798,567,1479,344,39
948,747,1344,ShamIbadiyya0000075,799,35,894,478,68
948,396,857,Shamela0004473,90,1124,1481,281,76
948,848,962,Shamela0004473,827,131,245,92,100
948,613,848,Shamela0004473,15686,1008,1243,188,100
948,1036,1199,Shamela0022371,261,52,279,131,71
948,621,848,Shia003686,51,780,982,163,88
948,206,613,Shia002356Vols,1064,340,617,214,65
948,613,1036,Shia002356Vols,1065,763,1185,335,96
948,1036,1349,Shia002356Vols,1066,1072,1388,245,95
948,424,664,Shamela0010523,250,0,240,192,100
948,613,1214,Shamela0010523,251,943,1543,484,99
948,410,608,Zaydiyya0000037Vols,2511,970,1167,156,97
948,442,664,ShamAY0034059,5834,1267,1491,177,98
948,740,1036,ShamAY0034059,5838,507,808,238,98
948,941,1337,ShamAY0034059,5844,358,752,308,94
948,992,1194,Tafsir04038,576,789,991,115,61
948,613,916,Shamela0009918,970,172,474,239,98
948,120,962,Shia002380Vols,688,27,1196,524,49
948,992,1349,Shia002380Vols,689,413,973,284,62
948,684,910,JK001496,2047,1114,1345,151,83
948,1137,1354,JK001496,2050,118,708,175,36
948,449,801,Tafsir02102,3469,56,819,277,45
948,1036,1199,Shamela0008473,2621,771,939,131,97
948,1040,1199,Shamela0008473,4024,489,662,124,89
948,502,1036,Shamela0008473,4177,731,1346,429,86
948,365,613,Shamela0008473,4177,32,261,182,92
948,1036,1349,Shamela0008473,4182,690,1004,253,99
948,144,787,Shia002382Vols,1595,616,1544,407,51
948,992,1349,Shia002382Vols,1598,392,1221,286,42
948,206,897,Shia002382Vols,2146,562,1248,424,72
948,722,962,Shia002382Vols,2147,162,457,147,64
948,1036,1377,Shia002382Vols,2149,867,1224,255,88
948,889,1349,JK009265,360,777,1240,357,92
948,1036,1194,Tafsir07055,824,813,971,127,100
948,533,820,Tafsir07055,3154,459,1110,130,22
948,424,820,Tafsir05047,789,203,1157,302,39
948,477,848,Shamela0012884,4452,768,1322,197,39
948,936,1194,JK000378,213,907,1029,91,44
948,495,613,Sham19Y0013572,1490,0,118,94,100
948,495,1349,Shamela0023591,5962,0,854,688,100
948,120,634,Shamela0023591,5991,903,1235,245,60
948,613,1349,Shamela0023591,5997,71,807,594,100
948,571,1036,JK009266,7921,0,463,375,99
948,1036,1349,JK009266,7927,684,997,253,100
948,613,962,Shamela0010283,2461,276,676,280,87
948,533,801,Tafsir10098,1371,741,1446,202,36
948,120,613,Shamela0021821,1623,143,456,244,62
948,518,1036,Shamela0021821,1624,9,668,409,76
948,992,1349,Shamela0021821,1625,821,1317,289,71
948,613,801,JK000116,86,347,535,150,100
948,396,664,JK009362,4057,487,754,212,98
948,1036,1208,JK009362,4401,19,184,131,95
948,149,706,JK009362,7120,1065,1476,303,64
948,706,1349,JK009362,7121,0,685,516,92
948,664,824,JK009362,7188,433,710,91,39
948,442,617,JK001110,93,394,569,137,98
948,1194,1354,Shamela0010463,600,820,980,130,100
948,1194,1354,Shamela0010463,601,989,1149,130,100
948,1036,1199,JK000065,441,1074,1236,130,99
948,621,1194,Shamela0022653,110,590,1125,289,47
948,396,769,JK006478,7925,1170,1540,295,95
948,910,1354,JK006478,7931,736,1193,356,96
948,1036,1194,Zaydiyya0000039,968,1317,1477,127,98
948,910,1194,JK000902,8,56,442,230,73
948,144,1354,Tafsir08060,451,18,932,420,38
948,413,997,Rafed0003943Vols,1370,1009,1539,361,73
948,120,613,Rafed0003943Vols,1370,262,575,244,62
948,997,1349,Rafed0003943Vols,1371,0,352,285,100
948,488,613,Shamela0010273,2797,0,125,99,100
948,413,1036,Shamela0010273,2798,407,1008,387,65
948,1036,1312,Shamela0010273,2801,1285,1560,223,99
948,1194,1354,Shamela0002908,16,730,890,130,100
948,613,740,Shamela0007798,8014,1287,1414,102,100
948,621,892,Shamela0007798,8015,434,1158,177,30
948,848,962,Shamela0007798,8017,191,305,92,100
948,992,1194,Shamela0007798,8020,1166,1418,163,80
948,144,910,Tafsir06048,1015,201,1438,491,45
948,951,1349,Tafsir06048,1016,761,1483,301,51
948,627,780,Tafsir04003,3440,40,610,118,25
948,621,740,JK009237,3980,688,807,96,100
948,454,726,Sham19Y0014404,1312,731,1378,146,25
948,664,1036,Sham19Y0014404,1313,67,1237,294,31
948,1009,1359,Sham19Y0014404,1314,221,1251,265,31
948,396,613,Meshkat00057178,3196,510,1168,173,32
948,613,740,Meshkat00057178,3197,0,126,102,99
948,740,848,Meshkat00057178,3197,690,798,86,100
948,1036,1194,Masaha000554Vols,2814,138,296,127,100
948,396,613,Masaha000554Vols,5195,159,1030,169,24
948,613,1029,Masaha000554Vols,5196,925,1346,329,95
948,1029,1377,Masaha000554Vols,5202,1168,1555,265,84
948,613,801,JK000447,743,4,155,79,55
948,120,787,QuranAnalysis001,204,957,1443,383,71
948,787,1349,QuranAnalysis001,205,0,562,455,100
948,396,613,Zaydiyya0000473,95,379,596,173,100
948,120,613,Rafed0001713Vols,2311,576,889,244,62
948,613,1036,Rafed0001713Vols,2313,225,648,341,100
948,1009,1349,Rafed0001713Vols,2315,779,1131,260,91
948,664,833,Shia002374Vols,385,891,1291,96,30
948,477,706,Tafsir04042,1954,958,1427,179,48
948,743,962,Tafsir04042,1955,701,1295,172,36
948,951,1467,Tafsir04042,1957,208,1097,343,46
948,1036,1205,ShamAY0035035,7107,971,1149,130,91
948,396,617,Shamela0037475,124,58,281,174,98
948,613,740,Sham19Y0014579,1463,492,618,102,99
948,613,801,Tafsir04056,6431,70,614,146,33
948,617,801,Tafsir02094,3421,7,840,136,20
948,1036,1199,JK000090,21,1118,1281,131,100
948,120,664,Shamela0000041,2240,57,421,285,65
948,627,1036,Shamela0000041,2241,10,481,327,85
948,945,1349,Shamela0000041,2242,629,1124,290,72
948,100,1171,Shamela0023578,2748,543,1537,712,78
948,396,889,Shamela0023578,2749,617,1581,363,45
948,155,613,JK000876,1336,443,1375,249,34
948,410,608,Zaydiyya0000388,57,753,950,156,97
949,0,677,JK000330,207,512,840,246,45
949,0,628,Shia001432Vols,4039,1200,1479,219,43
949,636,1494,Shia001432Vols,4041,864,1451,299,42
949,209,677,Shamela0023632,3100,60,267,149,40
949,209,677,Sham19Y0011326,9,83,290,149,40
949,0,621,JK009268,4044,1170,1443,215,43
949,25,677,Shamela0023628,3035,748,1259,244,38
949,0,677,Rafed0003257Vols,4599,700,1029,246,45
949,209,636,JK001150,191,1064,1190,92,27
949,70,677,JK009270,4445,0,271,199,41
949,209,677,PV20230913,11,879,1086,149,40
949,0,657,JK000865,619,321,1011,246,34
949,0,677,JK006476,1557,761,1222,198,29
949,603,935,Meshkat00042485,5811,257,581,120,35
949,1164,1494,Meshkat00042485,5812,1054,1440,186,55
949,25,672,Tafsir02104,503,381,907,207,37
949,0,677,Sham19Y0014592,796,1118,1446,243,45
949,209,677,Shamela0012769,7,530,737,149,40
949,0,311,Shamela0037458,3790,848,1042,146,59
949,209,677,JK000791,2041,449,656,149,40
949,0,223,Shamela0021766,3850,95,475,141,45
949,0,568,JK007018,676,1236,1487,193,43
949,432,742,JK000906,9476,501,1396,186,25
949,643,1001,JK000906,9477,162,590,130,31
949,209,677,JK009396,1374,1080,1287,149,40
949,0,677,Sham19Y0023608,3431,90,419,246,45
949,209,677,Sham19Y0016953Vols,1106,738,945,149,40
949,209,657,JK000381,2299,22,210,146,41
949,0,657,JK000818,568,361,870,251,42
949,400,1345,Meshkat00042488,1518,594,1436,324,34
949,209,677,Shamela0004473,90,1238,1445,149,40
949,209,677,Shamela0004473,15686,1008,1215,149,40
949,824,1306,Shia002356Vols,1066,0,728,177,27
949,0,283,Shamela0010523,250,67,248,138,60
949,190,677,Shamela0010523,251,924,1150,152,39
949,209,677,Shamela0009918,970,172,379,149,40
949,0,672,Shia002380Vols,688,265,907,285,40
949,0,912,Tafsir02102,3469,146,1233,324,28
949,25,677,Shamela0008473,4177,731,1130,240,45
949,0,643,Shamela0012884,4452,782,1250,171,25
949,4,677,Shamela0023591,5962,0,325,243,45
949,209,677,Shamela0023591,5997,71,278,149,40
949,209,677,Shamela0010283,2461,276,483,149,40
949,56,767,JK000458,2976,372,1555,306,28
949,209,657,JK000116,86,347,535,146,41
949,0,278,JK009362,4057,583,754,136,61
949,209,677,Rafed0003943Vols,1370,1156,1363,149,40
949,603,1425,Shamela0010273,2799,419,1219,276,33
949,209,1241,Tafsir01006,1295,186,1499,346,25
949,400,1375,Sham19Y0014404,1313,160,820,271,28
949,209,657,JK000447,743,4,155,81,23
949,0,643,QuranAnalysis001,204,1148,1443,232,45
949,603,1001,Rafed0001713Vols,2314,20,521,152,32
949,596,912,Shia002374Vols,385,1199,1410,111,39
949,0,677,Shamela0023578,2748,858,1187,246,45
949,0,672,Shamela0023578,2749,764,1089,244,46
949,603,1297,JK000876,1337,711,1299,213,28
950,405,773,Shamela0005756,5211,264,770,160,35
950,66,411,Shamela0021766,3852,13,702,213,38
950,0,198,Shamela0021715,2259,1154,1583,148,43
950,374,1158,Shamela0021715,2260,17,851,557,80
950,470,773,JK000166,2090,424,861,146,38
950,1158,1528,Shia002382Vols,1598,455,954,172,34
950,15,198,Tafsir01006,1296,355,930,103,21
951,482,809,Shia001432Vols,2512,520,847,266,99
951,289,668,Shamela0023632,3103,573,952,307,99
951,663,938,Shamela0023632,3105,751,1026,226,100
951,244,582,JK009268,4054,1212,1580,268,88
951,582,938,JK009268,4055,0,356,291,100
951,68,663,Sham19Y0023618,1486,1039,1517,383,78
951,503,863,Sham19Y0023618,1488,894,1487,229,48
951,353,728,Shamela0023628,3038,397,868,306,79
951,728,938,Shamela0023628,3043,700,910,173,100
951,262,663,Shamela0011258,28,173,573,310,95
951,68,547,Rafed0003257Vols,4606,174,536,290,73
951,547,938,Rafed0003257Vols,4610,803,1194,319,100
951,728,863,Shamela0022593,2271,990,1577,109,22
951,728,863,Tafsir09084,2146,863,1220,111,37
951,289,547,JK009270,4453,253,511,213,100
951,547,938,JK009270,4456,650,1041,319,100
951,409,938,Meshkat0014420,4036,100,629,433,100
951,663,918,JK006476,1562,566,923,198,67
951,68,547,Sham19Y0147312,1752,974,1336,290,73
951,547,863,Sham19Y0147312,1753,559,875,257,100
951,547,863,Sham19Y0013550,490,1086,1452,189,54
951,353,656,Zaydiyya0000062,1726,677,985,247,97
951,629,856,Zaydiyya0000062,1727,971,1304,186,67
951,0,547,Shamela0037458,3796,153,588,306,62
951,547,812,Shamela0037458,3798,805,1070,216,100
951,365,938,JK000791,2044,492,1154,465,85
951,55,663,JK007018,678,199,696,380,74
951,629,853,JK007018,679,103,360,183,86
951,289,668,JK009396,1376,1176,1555,307,99
951,642,863,JK009396,1378,0,277,181,79
951,55,663,Sham19Y0023608,3437,272,773,382,76
951,403,550,Sham19Y0023608,3438,817,1287,116,30
951,621,863,Sham19Y0023608,3439,953,1359,194,57
951,262,663,JK000381,1351,888,1285,313,96
951,488,663,JK000381,5739,0,174,141,99
951,663,938,Shamela0001340,271,416,697,225,97
951,340,663,Meshkat00042488,1521,7,983,249,31
951,728,938,Meshkat00042488,1522,447,912,170,44
951,82,615,ShamIbadiyya0000075,799,809,1408,341,59
951,409,547,Rafed0003726Vols,1267,212,402,114,72
951,409,547,JK010729,155,636,775,114,99
951,144,954,Shia002356Vols,1067,193,939,556,80
951,289,938,Shamela0010523,253,621,1270,532,100
951,474,728,ShamAY0034059,5853,641,899,203,97
951,663,863,ShamAY0034059,5857,30,236,163,96
951,229,615,Shia002380Vols,689,917,1561,308,58
951,615,938,Shia002380Vols,690,25,583,263,57
951,663,938,Shamela0001419,483,589,889,225,91
951,382,547,JK001496,2051,716,1227,134,31
951,728,938,Tafsir02091,1845,155,583,173,49
951,55,663,Shamela0008473,4183,217,954,416,66
951,547,868,Shamela0008473,4186,166,711,258,58
951,431,938,Shia002382Vols,1599,60,1141,413,46
951,68,547,Shia002382Vols,2150,222,698,273,63
951,353,812,Shia002382Vols,2150,1024,1600,321,63
951,663,863,JK009265,163,1128,1327,162,99
951,68,938,Shamela0023591,5962,750,1503,609,85
951,382,931,Shamela0023591,6003,1032,1613,449,94
951,409,547,JK009266,7933,1175,1313,114,100
951,0,572,Shamela0021821,1626,101,737,321,56
951,517,899,Shamela0021821,1627,202,629,285,81
951,547,938,Tafsir07053,208,863,1249,305,95
951,547,938,Tafsir07053,210,146,537,319,100
951,68,938,JK009362,7121,575,1369,605,81
951,663,868,Zaydiyya0000074,112,223,428,168,100
951,547,899,JK006478,7939,1207,1546,264,91
951,503,938,JK006478,7943,751,1188,355,98
951,68,938,Rafed0003943Vols,1371,248,1001,609,85
951,517,668,Shamela0010273,2805,0,151,118,97
951,663,868,Shamela0010273,2807,126,331,166,99
951,409,547,Shamela0007798,8024,1084,1222,114,100
951,289,702,Tafsir06048,1017,496,1531,338,39
951,409,663,Sham19Y0014404,1315,448,1206,200,32
951,663,938,Sham19Y0014404,1316,70,848,220,34
951,547,863,Masaha000554Vols,5210,637,954,243,92
951,68,938,QuranAnalysis001,205,458,1211,609,85
951,340,547,Rafed0001713Vols,2317,368,712,161,55
951,547,938,Rafed0001713Vols,2318,350,741,319,100
951,289,663,JK006950,43,98,424,260,85
951,75,668,Shamela0000041,2243,0,600,394,74
951,1128,1600,Shamela0000041,2243,990,1473,213,42
951,68,738,Shamela0023578,2749,74,627,439,80
951,728,938,Shamela0023578,2751,323,533,173,100
952,400,759,Shia001432Vols,2512,680,836,127,42
952,1405,1599,Shamela0023632,3106,1394,1587,155,99
952,400,1636,JK009268,4055,60,588,427,42
952,1391,1636,Sham19Y0023618,1490,206,476,189,86
952,1233,1636,Shamela0023628,3044,899,1251,241,65
952,1405,1629,Shamela0023628,3045,274,812,176,41
952,400,1599,Rafed0003257Vols,4610,898,1388,396,40
952,687,1181,Shamela0022593,2271,990,1590,160,26
952,421,1019,Tafsir09084,2146,609,1194,199,30
952,400,1507,JK009270,4456,745,1143,323,35
952,400,1261,Meshkat0014420,4036,333,609,224,31
952,1405,1636,Meshkat0014420,4039,25,257,186,99
952,400,1019,Sham19Y0147312,1753,654,849,158,31
952,1200,1636,Sham19Y0147312,1754,196,503,248,70
952,491,1552,Zaydiyya0000062,1728,55,933,374,33
952,400,759,Shamela0037458,3798,900,1056,127,42
952,400,1636,JK000791,2044,858,1386,427,42
952,687,1636,JK007018,679,231,1036,356,34
952,1405,1636,JK009396,1378,1230,1462,186,99
952,1145,1636,Sham19Y0023608,3441,577,1051,278,56
952,421,1261,ShamIbadiyya0000075,800,42,718,229,28
952,687,1264,ShamAY0033108,1589,566,937,173,32
952,1405,1636,Shia002356Vols,1068,673,907,184,97
952,400,1636,Shamela0010523,253,974,1502,427,42
952,400,1289,Shia002380Vols,690,77,618,253,32
952,687,1507,Shamela0001419,483,664,991,255,38
952,687,1264,Tafsir02091,1845,155,524,174,33
952,1455,1629,Tafsir02102,3474,847,1171,137,53
952,1405,1636,Shamela0008473,4189,898,1130,186,99
952,400,1270,Shia002382Vols,1599,532,1121,254,32
952,712,1270,Shia002382Vols,2151,710,1023,165,34
952,396,1233,Tafsir05047,792,241,785,220,26
952,687,1233,AOCP202502141169Vols,2252,407,989,139,18
952,400,1491,Shamela0023591,5962,1207,1588,310,34
952,1491,1636,Shamela0023591,5963,0,146,117,99
952,400,1261,Shamela0023591,6003,1325,1601,224,31
952,1405,1636,Shamela0023591,6004,7,239,186,99
952,1384,1636,JK009266,7939,30,298,200,92
952,771,1261,JK000458,2982,120,694,160,29
952,400,1019,Shamela0021821,1627,379,573,157,31
952,1371,1636,Shamela0021821,1628,0,252,203,94
952,400,759,Tafsir07053,208,955,1108,120,40
952,1145,1636,Tafsir07053,208,1148,1478,266,66
952,400,1261,Tafsir07053,210,241,517,224,31
952,1405,1636,Tafsir07053,213,1385,1616,186,100
952,400,1609,JK009362,7121,1058,1574,402,40
952,1405,1636,JK001110,59,23,255,186,99
952,687,1507,Zaydiyya0000074,112,288,536,194,29
952,991,1592,JK006478,7941,1284,1658,254,49
952,400,1261,JK006478,7943,889,1168,223,31
952,400,1636,Rafed0003943Vols,1371,705,1233,427,42
952,1405,1636,Shamela0010273,2809,304,536,186,99
952,745,1261,Tafsir01006,1298,1007,1575,174,32
952,421,1261,Sham19Y0014404,1316,0,828,246,24
952,1405,1636,Meshkat00057178,3204,653,1524,144,19
952,400,1636,QuranAnalysis001,205,915,1443,427,42
952,400,1261,Rafed0001713Vols,2318,445,721,224,31
952,687,1223,Rafed0001713Vols,2319,254,1059,194,25
952,1405,1617,Rafed0001713Vols,2320,1033,1275,165,85
952,687,1193,Tafsir07057,4486,832,1446,141,20
952,1405,1636,JK000090,35,1248,1480,186,99
952,1384,1636,Shamela0000041,2248,77,330,204,99
952,687,1636,Shamela0023578,2751,323,765,357,46
952,1200,1636,Shamela0023578,2752,897,1480,268,47
952,681,1289,JK000876,1340,817,1365,213,32
953,0,485,Shia001432Vols,544,125,625,378,93
953,244,392,Shia001432Vols,18938,148,296,118,100
953,110,392,Shamela0023632,3108,0,282,225,100
953,81,235,Sham19Y0011326,15,1326,1479,121,99
953,0,453,JK009268,4055,588,1047,360,98
953,0,448,Sham19Y0023618,1490,476,1252,355,57
953,0,235,Shamela0023628,3044,1251,1485,188,99
953,235,673,Shamela0023628,3045,0,461,250,61
953,89,448,Shamela0023628,3046,4,842,260,39
953,110,448,Rafed0003257Vols,4614,0,338,269,100
953,126,337,Rafed0003257Vols,4615,744,1524,163,26
953,244,385,Zaydiyya0000044,165,421,562,112,100
953,303,448,Shamela0022593,2274,900,1484,98,21
953,244,448,Tafsir09084,2149,55,619,158,35
953,69,244,Sham19Y0020891,5565,642,837,114,72
953,244,392,Sham19Y0020891,5566,540,688,118,100
953,244,392,JK010001,1836,1056,1204,118,100
953,64,453,JK009270,4466,31,441,272,82
953,148,453,Meshkat0014420,4040,1047,1358,240,97
953,160,378,Meshkat0014420,4041,859,1542,161,29
953,210,448,JK006476,1564,0,244,189,97
953,24,244,Tafsir01005,5100,1012,1517,154,37
953,148,453,ShamAY0036821,1684,939,1247,237,96
953,136,235,Zaydiyya0000386,43,122,222,77,98
953,0,453,Sham19Y0147312,1754,503,956,360,99
953,196,448,Tafsir02067,859,15,705,192,35
953,244,392,Sham19Y0014592,2480,846,994,118,100
953,244,448,Sham19Y0013550,491,615,828,162,95
953,69,385,Zaydiyya0000062,1730,665,1020,224,77
953,0,244,Shamela0037458,3803,355,599,196,100
953,160,453,Shamela0037458,3804,872,1360,229,59
953,0,244,JK000791,2044,1386,1629,196,99
953,244,448,JK000791,2045,0,204,162,100
953,69,431,Shamela0021766,3865,586,1534,262,34
953,0,269,JK007018,679,1036,1561,213,50
953,269,453,JK007018,680,0,196,143,91
953,644,882,JK000906,9496,110,457,136,46
953,103,513,JK009396,1379,0,442,317,88
953,0,359,JK000818,570,886,1466,281,61
953,148,453,Meshkat00042488,1524,9,1173,240,25
953,89,442,ShamIbadiyya0000075,801,63,716,275,52
953,0,715,Shia002356Vols,1068,907,1465,405,69
953,89,392,Shamela0010523,254,0,303,241,100
953,89,453,Shamela0010523,256,128,569,202,59
953,64,303,ShamAY0034059,5869,485,723,179,95
953,244,453,ShamAY0034059,5873,27,243,163,94
953,42,244,Shamela0012027,419,899,1101,161,100
953,24,223,Shia002380Vols,690,1189,1620,147,42
953,223,453,Shia002380Vols,691,0,380,176,58
953,244,392,Shamela0001419,401,1306,1454,118,100
953,244,400,JK001496,2055,1042,1208,124,93
953,244,392,Shia001186,15,1169,1317,118,100
953,148,448,Tafsir02102,3475,466,1189,228,40
953,69,448,Shamela0008473,4191,333,707,289,96
953,155,448,Shia002382Vols,1601,0,429,228,67
953,0,244,Shia002382Vols,2152,1121,1368,193,96
953,24,453,Shia002382Vols,2153,59,729,293,52
953,89,303,ShamIbadiyya0000050,5257,116,814,149,27
953,244,392,Tafsir07055,1905,359,507,118,100
953,5,448,Tafsir05047,793,111,1234,327,36
953,0,453,Shamela0023591,5963,146,605,360,98
953,89,453,Shamela0023591,6009,50,451,268,83
953,69,462,JK009266,7942,60,456,288,88
953,288,448,JK009266,7943,356,741,117,37
953,235,392,Shamela0010283,238,394,563,124,91
953,1240,1561,JK000458,2983,482,1069,202,42
953,103,448,Shamela0021821,1629,15,365,275,98
953,139,453,Tafsir07053,209,0,316,242,95
953,132,244,Tafsir07053,218,1133,1245,89,100
953,244,453,Tafsir07053,219,92,301,163,98
953,244,392,Shia001122Vols,10,110,258,118,100
953,0,453,JK009362,7122,28,499,359,95
953,0,485,JK001110,59,255,653,299,75
953,244,392,Shia001174Vols,94,375,523,118,100
953,0,485,Shamela0007853,11,434,700,180,43
953,0,392,JK006478,7946,651,1044,314,99
953,244,392,PV2024060601,10,110,258,118,100
953,148,453,Rafed0003943Vols,1375,464,775,240,97
953,833,1274,Shamela0010273,2810,67,903,233,32
953,148,323,Shamela0010273,2811,1421,1595,137,99
953,323,458,Shamela0010273,2812,0,135,103,95
953,192,392,Shamela0007798,8032,25,390,158,54
953,0,453,Tafsir06048,1019,108,857,342,56
953,34,368,Sham19Y0014404,1317,699,1524,257,39
953,244,392,Rafed0003799Vols,283,533,681,118,100
953,0,235,Masaha000554Vols,5220,1066,1301,184,96
953,0,155,QuranAnalysis001,205,1443,1597,125,99
953,155,453,QuranAnalysis001,206,0,304,235,97
953,0,448,Rafed0001713Vols,2321,982,1430,358,100
953,69,373,Rafed0001713Vols,2322,768,1485,194,33
953,244,392,Tafsir07057,5448,758,906,118,100
953,126,416,Shamela0000041,2248,1238,1527,231,99
953,148,453,Shamela0000041,2249,172,634,234,63
953,0,453,Shamela0023578,2751,765,1224,360,98
953,24,453,Shamela0023578,2753,53,676,333,66
953,654,1550,JK000876,1341,551,1565,394,40
953,69,448,JK000876,1342,0,746,239,37
954,30,603,Shia001432Vols,544,273,573,227,50
954,738,912,Shia001432Vols,763,472,647,138,99
954,685,1019,Shia001432Vols,2324,523,857,270,100
954,631,1257,Shia001432Vols,2512,956,1239,210,42
954,1091,1246,Shia001432Vols,3194,488,643,123,100
954,30,515,Shamela0023632,3108,38,282,186,48
954,542,912,Shamela0023632,3109,248,581,265,89
954,823,1246,Shamela0023632,3110,873,1523,332,64
954,30,1144,JK009268,4055,736,1544,636,71
954,1144,1257,JK009268,4056,0,107,83,92
954,636,1091,Sham19Y0023618,1491,180,636,367,99
954,1091,1257,Sham19Y0023618,1492,66,226,125,94
954,171,685,Shamela0023628,3045,0,262,199,48
954,30,1025,Shamela0023628,3046,58,1498,556,42
954,1025,1485,Shamela0023628,3047,0,343,238,59
954,30,603,Rafed0003257Vols,4614,38,338,227,50
954,580,1246,Rafed0003257Vols,4616,833,1514,508,93
954,314,603,Shamela0022593,2274,991,1484,122,29
954,180,412,Tafsir09084,2149,55,272,90,36
954,636,1091,Shamela0001388,82,339,501,126,34
954,626,969,Sham19Y0020891,5567,1209,1553,270,97
954,1045,1246,Sham19Y0020891,5572,917,1120,137,84
954,35,738,JK009270,4466,133,532,309,55
954,738,1091,JK009270,4469,1093,1447,284,99
954,1091,1257,JK009270,4473,1208,1368,125,94
954,636,1091,JK009270,5042,1009,1185,122,32
954,35,805,Meshkat0014420,4040,1050,1516,364,59
954,805,1147,Meshkat0014420,4042,1219,1560,273,99
954,493,805,Meshkat0014420,4042,104,667,199,44
954,35,936,JK006476,1564,520,1443,477,57
954,636,1174,JK006476,1565,64,1144,401,46
954,1066,1263,Tafsir01005,5104,86,535,150,41
954,26,903,ShamAY0036821,1684,939,1498,428,61
954,380,685,Meshkat00042485,5834,976,1392,183,53
954,30,1019,Sham19Y0147312,1754,651,1411,537,65
954,1103,1257,Sham19Y0147312,1756,0,148,115,94
954,180,515,Sham19Y0014592,2480,846,1290,141,32
954,1091,1257,JK000375,109,1114,1284,126,89
954,180,738,Sham19Y0013550,491,615,992,244,52
954,35,508,Zaydiyya0000062,1730,785,1020,179,47
954,250,798,Zaydiyya0000062,1731,450,1177,309,46
954,738,1084,Zaydiyya0000062,1732,719,1295,276,59
954,1045,1257,Zaydiyya0000062,1733,854,1053,139,81
954,1091,1246,Shamela0010517,142,833,988,123,100
954,44,685,Shamela0037458,3804,872,1401,258,40
954,685,969,Shamela0037458,3806,526,810,228,100
954,969,1257,Shamela0037458,3808,1067,1349,225,96
954,180,603,JK000791,2045,0,204,152,45
954,454,1257,JK000791,2046,451,1134,522,79
954,35,586,Shamela0021766,3865,802,1534,294,45
954,1091,1253,Shamela0000922,1093,438,600,123,96
954,685,1091,Tafsir07076,8893,992,1437,112,25
954,205,1257,JK007018,680,0,947,618,64
954,636,1257,JK009396,1379,800,1416,492,98
954,30,603,JK009396,1379,45,345,227,50
954,542,1019,Sham19Y0023608,3446,488,1278,359,56
954,1025,1284,Sham19Y0023608,3448,586,895,190,77
954,1091,1246,Shamela0001340,176,599,754,123,100
954,1091,1257,Shamela0001340,245,704,875,125,91
954,180,685,Meshkat00042488,1524,519,1214,169,24
954,1019,1246,Meshkat00042488,1526,205,691,181,46
954,35,749,ShamIbadiyya0000075,801,216,1034,333,39
954,889,1121,ShamAY0033108,1591,1045,1530,173,43
954,22,603,Shia002356Vols,1068,1046,1352,227,49
954,297,1019,Shia002356Vols,1069,446,1306,409,53
954,933,1257,Shia002356Vols,1070,211,529,218,79
954,30,515,Shamela0010523,254,59,303,186,48
954,180,1257,Shamela0010523,256,354,1173,640,74
954,30,234,ShamAY0034059,5869,568,718,116,73
954,180,741,ShamAY0034059,5873,27,338,234,52
954,685,872,ShamAY0034059,5876,722,909,150,100
954,942,1091,ShamAY0034059,5880,0,150,122,99
954,1019,1226,ShamAY0034059,5882,1316,1525,164,98
954,685,969,Tafsir04038,578,1053,1496,124,30
954,153,847,Shia002380Vols,691,0,1010,334,34
954,636,1485,JK001496,2056,332,838,378,55
954,1091,1246,JK001496,2058,356,512,123,99
954,35,542,Tafsir02091,1846,388,999,229,39
954,35,798,Tafsir02102,3475,469,1479,403,46
954,30,603,Shamela0008473,4191,407,707,227,50
954,653,1019,Shamela0008473,4192,0,366,296,100
954,749,1257,Shamela0008473,4193,189,1117,371,50
954,39,889,Shia002382Vols,1601,0,837,443,54
954,35,738,Shia002382Vols,2153,449,1414,334,37
954,1019,1257,Shia002382Vols,2155,10,397,179,57
954,685,903,JK009265,360,1371,1588,174,98
954,147,798,Tafsir05047,793,620,1543,322,38
954,749,912,Rafed0003462,262,0,164,129,99
954,30,1257,Shamela0023591,5963,294,1210,715,72
954,35,1019,Shamela0023591,6009,143,824,535,67
954,1019,1257,Shamela0023591,6013,325,557,183,96
954,35,603,JK009266,7942,145,442,226,50
954,594,1019,JK009266,7944,171,579,316,92
954,1019,1257,JK009266,7948,754,986,183,96
954,1091,1246,ShamIbadiyya0000231,52,946,1101,123,100
954,35,1485,Shamela0021821,1629,68,1263,643,45
954,884,1246,Shamela0021821,1630,33,458,250,71
954,22,1091,Tafsir07053,209,0,752,581,68
954,180,603,Tafsir07053,219,92,296,152,45
954,636,969,Tafsir07053,220,1330,1662,267,99
954,805,1019,Tafsir07053,221,988,1445,171,46
954,30,1257,JK009362,7122,177,1122,712,71
954,161,603,JK001110,59,381,613,165,46
954,969,1246,JK009257,825,181,681,209,51
954,738,912,JK006478,555,404,579,138,99
954,30,515,JK006478,7946,800,1044,186,48
954,594,1489,JK006478,7950,569,1395,444,51
954,1116,1246,JK006478,7952,0,131,103,99
954,35,1257,Rafed0003943Vols,1375,467,1380,714,73
954,35,311,Shamela0010273,2811,1424,1593,133,61
954,760,1019,Shamela0010273,2814,0,260,208,99
954,1019,1246,Shamela0010273,2816,42,269,181,100
954,636,912,Shamela0007798,8034,48,489,217,61
954,1091,1246,Shamela0007798,8037,591,746,123,100
954,276,685,Tafsir01006,1300,0,624,234,44
954,35,969,Tafsir06048,1019,428,1423,506,51
954,542,912,Sham19Y0014404,1318,503,1402,210,26
954,1025,1246,Sham19Y0014404,1319,497,948,176,49
954,912,1091,Meshkat00057178,3207,599,1186,146,30
954,1091,1257,Meshkat00057178,3208,227,394,128,96
954,636,1009,Masaha000554Vols,5227,532,912,286,92
954,1019,1246,Masaha000554Vols,5231,856,1087,181,97
954,738,912,Rafed0003630Vols,1713,46,221,138,99
954,39,1257,QuranAnalysis001,206,0,908,711,73
954,805,969,JK000028,198,303,468,129,99
954,30,603,Rafed0001713Vols,2321,1130,1430,227,50
954,30,412,Rafed0001713Vols,2322,853,1556,209,35
954,636,1485,Rafed0001713Vols,2323,624,1462,445,50
954,1084,1253,Rafed0001713Vols,2325,1158,1327,124,92
954,224,550,Tafsir07057,4490,707,1388,134,23
954,35,255,Tafsir04056,6442,916,1473,130,27
954,30,566,Shamela0000041,2248,1260,1527,202,47
954,501,1257,Shamela0000041,2249,521,1311,500,75
954,816,1257,Shamela0000041,2250,0,820,344,52
954,30,912,Shamela0023578,2751,913,1490,448,63
954,30,685,Shamela0023578,2753,177,714,283,50
954,35,738,JK000876,1342,85,1037,380,46
955,635,1520,Shamela0023628,3047,727,1497,344,39
955,122,735,Shamela0023628,3047,352,826,213,42
955,551,904,Meshkat00042485,5838,992,1511,226,50
955,226,513,Shamela0001466,3026,259,722,168,45
955,373,670,Shamela0037458,3808,157,709,123,27
955,211,1173,Shamela0021766,3867,214,1563,554,45
955,122,607,Shia002380Vols,691,517,778,161,43
955,122,400,Shia002382Vols,1601,671,837,116,52
955,122,400,Shia002382Vols,2154,126,294,117,53
955,551,812,Shia002382Vols,2154,1067,1528,173,42
955,530,1054,Sham19Y0014404,1319,22,705,246,36
955,222,1520,Shamela0000041,2250,0,815,462,41
956,211,572,JK000330,1063,550,911,291,99
956,54,211,Shia001432Vols,544,591,748,130,100
956,211,572,Shia001432Vols,3194,657,1018,291,99
956,47,340,Shamela0023632,3112,111,418,239,95
956,54,572,JK009268,4056,102,620,421,99
956,211,572,Sham19Y0023618,1492,1025,1385,291,99
956,54,211,Sham19Y0023618,1492,221,378,130,100
956,47,830,Shamela0023628,3048,49,847,543,80
956,47,401,Rafed0003257Vols,4620,1340,1693,290,99
956,0,211,Sham19Y0020891,5573,497,748,165,76
956,54,211,JK010001,863,193,350,130,100
956,54,211,JK010001,3054,1384,1541,130,100
956,177,572,JK009270,4476,1137,1532,319,99
956,54,422,Meshkat0014420,4044,1186,1553,301,99
956,177,485,JK006476,1567,81,518,244,69
956,54,211,Shia001171,17,1119,1289,130,92
956,211,590,JK000373,293,597,980,292,94
956,280,432,JK000373,298,1466,1617,123,99
956,64,577,Sham19Y0147312,1756,920,1394,346,80
956,211,507,JK000375,109,1284,1579,240,99
956,152,522,Zaydiyya0000062,1734,1239,1603,286,93
956,54,211,Shamela0037458,3808,1344,1501,130,100
956,269,577,Shamela0037458,3811,0,308,247,99
956,54,499,JK000791,2046,1129,1573,363,99
956,199,572,Shamela0022712,185,311,683,296,98
956,54,572,Shamela0000922,1093,838,1400,171,26
956,29,572,JK007018,680,939,1482,421,91
956,340,572,ShamAY0038316,146,18,250,188,100
956,54,199,JK009396,1379,1411,1555,120,99
956,211,577,JK009396,1380,517,883,293,99
956,324,577,Shamela0011216,17,169,457,194,83
956,47,211,Sham19Y0023608,3449,1146,1317,135,95
956,184,310,Sham19Y0023608,3450,1188,1618,102,29
956,310,577,Sham19Y0023608,3451,0,266,211,98
956,54,572,JK000818,572,423,1471,408,48
956,54,340,Meshkat00042488,1527,26,781,229,37
956,29,392,ShamIbadiyya0000075,802,740,1338,296,60
956,410,572,Shia002356Vols,1071,0,167,129,94
956,54,422,Shamela0010523,256,1168,1535,301,99
956,54,216,ShamAY0034059,5888,1111,1275,131,96
956,177,455,ShamAY0034059,5891,452,734,226,98
956,29,572,Shia002380Vols,692,359,1216,437,62
956,39,572,Tafsir02102,3477,492,1462,417,52
956,54,211,Shamela0008473,1868,1361,1518,130,100
956,29,211,Shamela0008473,2695,505,682,135,89
956,80,460,Shamela0008473,4194,1144,1626,311,78
956,54,211,Shamela0008473,4194,559,716,130,100
956,29,536,Shia002382Vols,2155,971,1602,399,76
956,159,572,Shia002382Vols,2156,39,726,333,59
956,54,211,Tafsir07055,917,536,693,130,100
956,54,211,Tafsir07055,3145,424,581,130,100
956,54,310,AOCP202502141169Vols,2257,593,1391,206,31
956,54,392,Shamela0023591,5963,1205,1542,277,99
956,54,572,Shamela0023591,6013,552,1069,421,99
956,54,216,JK009266,7948,981,1143,131,98
956,211,577,JK009266,7952,10,376,293,99
956,54,340,Shamela0021821,1630,876,1162,234,100
956,345,572,Shamela0021821,1631,0,227,184,100
956,54,455,JK009362,7122,1117,1533,327,95
956,54,211,JK001110,59,619,776,130,100
956,211,572,Shamela0022653,106,624,985,291,99
956,248,572,JK006478,7954,0,327,261,98
956,211,438,JK000902,3,1338,1564,184,99
956,54,216,Rafed0003943Vols,1375,1375,1536,134,99
956,216,577,Rafed0003943Vols,1376,0,360,289,99
956,47,211,Shamela0010273,2817,810,988,135,91
956,211,582,Shamela0010273,2818,1027,1397,293,98
956,54,211,Shamela0007798,8038,734,891,130,100
956,29,310,Tafsir06048,1020,934,1463,212,47
956,47,324,Sham19Y0014404,1320,61,888,207,30
956,54,340,Meshkat00057178,3209,237,486,150,65
956,194,572,Masaha000554Vols,5237,325,722,297,91
956,54,572,QuranAnalysis001,206,903,1421,422,100
956,29,837,Rafed0001713Vols,2326,390,1114,248,27
956,211,572,Rafed0001713Vols,2327,499,859,291,99
956,54,392,Tafsir04042,1965,689,1591,277,37
956,64,216,Tafsir04056,6449,11,604,123,25
956,54,572,Shamela0000041,2250,815,1520,417,72
956,211,563,Shamela0000041,2251,0,660,274,51
956,54,572,Shamela0023578,2755,284,801,421,99
957,916,1222,ShamAY0037152,412,574,1275,251,43
957,890,1200,Shia001432Vols,2512,1260,1569,254,99
957,857,1222,Shamela0023632,3114,414,792,299,96
957,902,1271,JK009268,4064,0,369,303,100
957,857,1271,Sham19Y0023618,1493,1055,1482,339,96
957,798,1297,Shamela0023628,3049,400,956,352,70
957,867,1271,Rafed0003257Vols,4624,983,1394,331,98
957,890,1088,JK010001,3378,821,1018,162,99
957,1038,1178,JK009270,4482,0,140,115,100
957,867,1280,Meshkat0014420,4047,116,534,336,98
957,140,647,JK006476,1567,1076,1507,167,33
957,932,1178,JK006476,1568,1204,1586,182,55
957,567,1049,JK006476,1568,0,601,221,40
957,932,1271,Sham19Y0147312,1758,485,850,242,81
957,430,1297,Zaydiyya0000062,1736,181,1208,475,48
957,890,1088,Shamela0006947,5289,770,968,162,100
957,857,1088,Masaha000221,95,1113,1320,170,89
957,862,1222,Shamela0037458,3814,380,740,292,98
957,764,1303,JK000791,2048,784,1357,372,79
957,857,1088,Shamela0000922,1094,82,611,189,43
957,867,1088,Shamela0009770,173,1098,1319,181,100
957,798,1088,JK007018,681,178,432,192,78
957,857,1088,JK009396,1380,1339,1582,189,95
957,1076,1261,JK009396,1381,1446,1627,145,95
957,857,1088,Sham19Y0023608,3454,901,1145,189,94
957,1088,1271,Sham19Y0023608,3456,503,686,150,100
957,932,1225,Meshkat00042488,1529,23,729,219,37
957,430,921,ShamIbadiyya0000075,803,335,755,196,39
957,867,1271,Shamela0004473,3117,187,591,331,100
957,909,1088,Shamela0022371,261,1191,1419,134,72
957,867,1493,Shia002356Vols,1072,83,703,377,65
957,956,1225,ShamAY0034059,5905,165,438,214,96
957,944,1088,Shamela0008473,4196,0,144,118,100
957,1088,1271,Shamela0008473,4199,1265,1448,150,100
957,857,1222,Shia002382Vols,2157,7,707,297,51
957,890,1088,Tafsir07055,3469,102,300,162,100
957,857,1271,Shamela0023591,6018,331,758,339,96
957,883,1271,Shamela0023591,6021,370,758,314,98
957,890,1088,JK009266,7955,0,198,162,100
957,1049,1271,JK009266,7959,329,624,182,75
957,701,1088,Shamela0021821,1631,642,1291,224,39
957,893,1271,JK009362,7251,236,633,309,94
957,617,1271,JK006478,7956,674,1323,403,69
957,617,956,Rafed0003943Vols,1376,1323,1533,116,41
957,893,1088,Rafed0003943Vols,1377,364,1014,123,21
957,1091,1271,Rafed0003943Vols,1378,0,180,148,100
957,921,1534,Shamela0010273,2821,0,557,334,67
957,867,1271,Sham19Y0014328,37,1036,1440,331,100
957,617,916,Tafsir01006,1303,7,394,160,45
957,956,1088,Sham19Y0014404,1321,1062,1323,108,50
957,956,1088,Meshkat00057178,3211,596,1136,108,24
957,312,1013,QuranAnalysis001,206,1222,1551,257,45
957,1013,1271,QuranAnalysis001,207,0,258,211,100
957,678,1426,Rafed0001713Vols,2329,17,1041,445,49
957,1088,1271,Tafsir04056,1384,1297,1480,150,100
957,617,1091,Shamela0000041,2251,625,1082,238,53
957,798,1271,Shamela0023578,2756,1027,1560,369,83
958,1372,1538,Shia001432Vols,2513,31,197,134,100
958,1358,1593,Shia001432Vols,3504,326,577,187,92
958,1372,1593,Shamela0023632,3120,304,526,179,99
958,1383,1593,Tafsir03097,1424,773,1151,170,55
958,869,1593,JK009268,4064,298,940,522,88
958,1264,1593,Sham19Y0023618,1496,1151,1481,268,99
958,15,419,Shamela0023628,3049,1219,1602,161,45
958,1264,1538,Shamela0023628,3052,602,876,223,100
958,1365,1593,Rafed0003257Vols,4635,825,1054,181,97
958,1342,1538,Sham19Y0020891,5600,572,749,139,85
958,1387,1538,Sham19Y0020891,5608,952,1103,122,100
958,1372,1538,JK010001,3018,940,1106,134,100
958,1023,1421,JK010001,3818,1041,1439,324,99
958,869,1372,JK009270,4489,331,751,343,83
958,1372,1505,JK009270,4496,1407,1539,107,99
958,1372,1593,Meshkat0014420,4054,970,1192,179,99
958,1291,1593,JK006476,1574,495,983,246,61
958,1383,1593,Tafsir01005,5114,11,469,170,45
958,1372,1593,ShamAY0036821,1688,356,574,175,97
958,1421,1543,Shamela0029677,1170,87,214,98,96
958,1372,1538,JK000373,24,407,573,134,100
958,1372,1512,JK000373,92,1332,1472,113,100
958,1226,1593,Tafsir02104,508,100,671,218,47
958,183,416,Shamela0001466,3035,1107,1260,80,42
958,1455,1593,Sham19Y0147312,1760,0,139,112,99
958,1421,1538,Sham19Y0013550,494,1465,1582,94,100
958,1327,1593,Zaydiyya0000062,1741,597,855,185,76
958,1264,1538,Shamela0037458,3822,1251,1525,223,100
958,1297,1593,JK000791,2051,998,1426,219,63
958,0,438,Shamela0021766,3871,234,991,208,35
958,1291,1593,JK007018,683,727,1039,209,81
958,1372,1593,JK009396,1385,15,237,179,99
958,1372,1531,Sham19Y0023608,3461,1434,1592,128,99
958,1372,1512,Sham19Y0023608,3462,1124,1623,113,27
958,1372,1538,Sham19Y0023608,4176,1347,1513,134,100
958,1387,1512,JK000381,4259,795,920,101,100
958,0,631,JK000818,573,268,672,227,40
958,1314,1593,JK000818,574,385,1013,218,42
958,869,1538,Shamela0004473,3117,520,1106,476,87
958,1421,1586,ShamAY0033108,1598,124,562,122,34
958,1023,1593,Shia002356Vols,1073,486,1054,453,97
958,53,707,Shia002380Vols,693,13,576,235,34
958,1383,1593,Shia002380Vols,695,46,408,170,58
958,1342,1538,JK001496,2067,357,536,139,86
958,1461,1593,Tafsir02102,3482,1257,1455,107,66
958,955,1376,Shamela0008473,4201,70,628,336,73
958,1372,1593,Shamela0008473,4205,390,612,179,99
958,1372,1538,Shamela0008473,4339,468,634,134,100
958,1348,1593,Shia002382Vols,2160,6,280,197,88
958,1372,1538,Tafsir07055,3109,492,658,134,100
958,1023,1421,Tafsir07055,3928,928,1326,324,99
958,1421,1593,Tafsir05047,798,966,1200,139,73
958,869,1593,Shamela0023591,6018,687,1329,521,88
958,869,1376,Shamela0023591,6021,687,1111,342,82
958,1372,1593,Shamela0023591,6032,1105,1327,179,99
958,77,523,JK009266,7959,103,507,168,40
958,869,1372,JK009266,7959,553,973,343,83
958,1372,1593,JK009266,7971,451,673,179,99
958,1271,1593,Shamela0021821,1634,56,1032,243,29
958,869,1593,JK009362,7251,561,1215,522,86
958,1153,1531,JK009247,40,199,988,285,44
958,1264,1481,JK001420,706,1080,1266,119,67
958,1372,1593,JK006478,7978,949,1172,179,99
958,1023,1593,Rafed0003943Vols,1378,845,1416,463,99
958,1372,1593,Shamela0010273,2827,1389,1611,179,99
958,1401,1538,Shamela0010273,2828,799,1422,109,21
958,1372,1538,Shamela0007798,8054,336,502,134,100
958,1424,1593,Shamela0007798,8055,219,756,116,25
958,379,621,Sham19Y0014404,1322,91,485,143,44
958,1395,1538,Sham19Y0014404,1324,7,220,115,67
958,1476,1593,Masaha000554Vols,5255,0,118,93,95
958,1421,1538,Masaha000554Vols,5256,525,1077,94,21
958,869,1593,QuranAnalysis001,207,187,829,522,88
958,1181,1566,Rafed0001713Vols,2333,316,692,297,95
958,1395,1593,Tafsir04042,1971,68,634,160,34
958,1421,1538,Tafsir07057,4508,604,1124,84,19
958,0,232,Shamela0000041,2251,1334,1588,136,65
958,1264,1538,Shamela0000041,2254,258,532,223,100
958,1245,1593,Shamela0023578,2759,1065,1432,277,92
958,1314,1538,Shamela0023578,2760,721,1329,180,36
959,0,179,Shia001432Vols,3504,577,757,146,99
959,71,299,Shamela0023632,3121,797,1025,190,100
959,0,299,JK009268,4064,940,1239,247,100
959,71,299,Sham19Y0023618,1497,1372,1600,190,100
959,0,179,Shamela0023628,3055,682,861,146,100
959,123,267,Shamela0023628,3056,134,336,120,71
959,0,299,Rafed0003257Vols,4635,1054,1353,247,100
959,0,169,Sham19Y0020891,5602,1338,1506,138,99
959,0,184,JK009270,4497,89,273,149,99
959,0,299,Meshkat0014420,4054,1192,1491,247,100
959,4,299,JK006476,1575,242,823,240,50
959,0,299,ShamAY0036821,1688,574,872,241,97
959,71,299,Sham19Y0147312,1760,791,1019,190,100
959,0,129,Shamela0004445,172,1420,1548,105,99
959,4,293,Zaydiyya0000062,1743,153,556,233,69
959,0,299,Shamela0037458,3825,562,861,247,100
959,0,160,JK000791,2051,1426,1585,131,99
959,160,299,JK000791,2052,0,139,116,100
959,71,267,Shamela0000922,1096,221,585,163,53
959,0,179,Sham19Y0009800,31,677,856,146,100
959,0,179,Tafsir07076,2953,366,545,146,100
959,0,299,JK007018,683,1039,1349,247,96
959,0,299,JK009396,1385,237,536,247,100
959,0,179,Sham19Y0023608,1897,465,644,146,100
959,0,299,Sham19Y0023608,3462,63,362,247,100
959,4,286,JK000818,574,1083,1573,229,56
959,71,299,Meshkat00042488,1533,48,854,186,27
959,0,179,Shia003721Vols,82,1195,1375,146,99
959,71,299,Shia002356Vols,1075,812,1039,187,98
959,0,299,ShamAY0034059,5932,37,340,247,98
959,4,299,Shia002380Vols,695,482,892,244,71
959,0,179,JK001496,2069,38,220,146,98
959,0,299,Shamela0008473,4205,612,911,247,100
959,71,302,Shia002382Vols,2160,984,1220,189,96
959,165,299,Tafsir05047,799,0,213,112,62
959,0,299,Shamela0023591,6018,1329,1628,247,100
959,0,260,Shamela0023591,6032,1327,1586,214,99
959,4,299,JK009266,7975,1219,1556,225,81
959,0,299,Shamela0021821,1634,1032,1331,247,100
959,4,267,Rafed0003793Vols,1076,827,1084,129,43
959,0,299,JK009362,7251,1215,1522,247,97
959,0,299,JK006478,7978,1172,1474,247,98
959,0,341,Rafed0003943Vols,1378,1416,1648,179,65
959,64,299,Shamela0010273,2828,0,235,196,100
959,0,179,Shamela0007798,8055,756,1328,146,31
959,0,179,Shamela0012293,4897,1392,1571,146,100
959,4,299,Tafsir06048,1024,443,1194,241,38
959,4,267,Sham19Y0014404,1325,127,788,213,39
959,0,179,Meshkat00057178,3217,125,765,146,27
959,0,172,Masaha000554Vols,5255,118,291,138,97
959,0,179,Shamela0008612,113,56,235,146,100
959,0,299,QuranAnalysis001,207,829,1128,247,100
959,0,332,Rafed0001713Vols,2335,895,1222,253,92
959,4,299,Tafsir04042,1971,684,1412,244,40
959,818,1219,Shamela0000041,2253,235,548,125,32
959,0,299,Shamela0000041,2257,604,1189,199,37
959,139,299,Shamela0000041,2258,0,373,134,42
959,0,123,Shamela0023578,2759,1432,1554,100,99
959,123,299,Shamela0023578,2760,0,176,147,100
959,71,299,Shamela0023578,2762,824,1385,168,35
960,920,1559,Shia002380Vols,695,46,426,202,37
960,867,1559,Shia002382Vols,1606,420,1070,250,33
960,920,1559,Shia002382Vols,2160,452,956,216,34
960,757,1545,Shamela0010273,2827,1138,1615,216,28
960,932,1559,Tafsir04042,1971,68,652,190,27
961,753,1182,Shia001432Vols,2066,580,1020,345,96
961,759,1005,Shia001432Vols,21502,999,1246,179,90
961,759,1068,Shamela0023632,3123,372,680,250,99
961,1068,1306,Shamela0023632,3125,516,754,193,100
961,0,1167,JK009268,4064,949,1646,563,58
961,113,780,Sham19Y0023618,1497,1372,1620,204,36
961,780,964,Sham19Y0023618,1498,0,183,149,99
961,964,1189,Sham19Y0023618,1498,1407,1631,184,99
961,237,1501,Shamela0023628,3056,8,1330,655,50
961,759,964,Shamela0012045,537,441,646,167,100
961,759,1306,Rafed0003257Vols,4639,133,679,443,99
961,905,1103,Tafsir09084,2161,680,1131,160,43
961,759,964,Sham19Y0020891,5608,1135,1339,166,99
961,1096,1306,Sham19Y0020891,5612,132,328,154,91
961,759,1061,Zaydiyya0000013,225,61,363,245,100
961,852,1123,JK010001,1064,752,1035,218,94
961,801,1123,JK010001,2626,963,1279,239,91
961,568,968,JK009270,4501,860,1171,236,70
961,964,1306,JK009270,4504,1080,1422,277,100
961,759,1084,Meshkat0014420,4057,1265,1589,264,99
961,869,1182,Shamela0006879,51,281,594,255,100
961,869,1182,Shamela0002300,817,141,454,254,99
961,759,1306,ShamAY0036821,1689,344,887,439,99
961,381,1096,Tafsir02104,508,982,1618,309,41
961,759,1068,Sham19Y0147312,1761,125,434,251,100
961,964,1306,Sham19Y0147312,1761,1159,1440,214,76
961,981,1299,Zaydiyya0000062,1745,259,707,257,70
961,0,869,Shamela0037458,3825,571,971,320,44
961,869,1123,Shamela0037458,3829,670,924,207,100
961,1068,1253,Shamela0037458,3831,1334,1520,135,89
961,451,1481,JK000791,2053,34,926,579,63
961,784,1123,Shamela0000922,1096,1278,1597,183,55
961,113,612,Shamela0000922,1096,221,568,146,26
961,780,964,Tafsir07076,78,692,889,141,88
961,801,964,Tafsir07076,3982,824,987,133,100
961,759,964,Tafsir07076,4814,1095,1300,167,100
961,683,964,Tafsir07076,8773,1257,1525,153,67
961,444,1182,JK007018,684,271,921,396,61
961,801,1068,Rafed0000705Vols,1266,951,1217,216,99
961,759,1182,JK009396,1386,377,800,345,100
961,585,1182,Sham19Y0023608,3465,347,1081,419,65
961,869,1123,Shamela0009637,23,921,1175,207,100
961,113,759,Meshkat00042488,1533,48,854,206,22
961,683,964,Shamela0004473,1397,729,962,182,79
961,759,1182,Shamela0004473,8013,241,664,345,100
961,759,1182,Shamela0004473,8158,98,521,345,100
961,759,1068,Shamela0004473,8238,471,780,251,100
961,964,1182,Shamela0004473,15334,581,799,178,100
961,113,964,Shamela0022371,262,888,1186,163,21
961,55,1123,Shia002356Vols,1075,707,1402,507,55
961,1123,1260,Shia002356Vols,1076,1411,1547,110,99
961,769,1123,ShamAY0034059,5939,664,1014,272,93
961,869,1127,Tafsir04038,582,915,1206,207,87
961,759,1182,JK007043,56,145,559,149,30
961,0,964,Shia002380Vols,695,488,1192,425,49
961,759,1412,JK001496,2070,995,1561,217,28
961,683,1498,Shamela0008473,4207,0,897,487,56
961,1061,1306,Shamela0008473,4211,603,1237,196,38
961,585,964,Shia002382Vols,1607,46,501,224,49
961,964,1306,Shia002382Vols,2162,486,889,253,77
961,801,1182,JK009265,296,478,859,311,100
961,1061,1306,JK009265,361,121,365,196,98
961,852,1123,Tafsir07055,1120,1008,1290,218,95
961,801,1123,Tafsir07055,2715,620,931,238,90
961,801,1123,Tafsir07055,4065,115,614,263,64
961,367,852,Tafsir05047,799,0,478,199,35
961,0,764,Shamela0023591,6018,1338,1632,238,37
961,764,1306,Shamela0023591,6019,0,541,439,99
961,844,1306,Shamela0023591,6038,0,462,375,100
961,759,964,JK000371,73,28,233,167,100
961,0,764,JK009266,7975,1225,1560,230,35
961,823,1123,JK009266,7980,0,300,246,100
961,1068,1306,JK009266,7982,1261,1493,175,91
961,400,1396,Shamela0021821,1635,683,1410,447,52
961,964,1306,Shamela0021821,1636,773,1257,216,56
961,0,887,JK009362,7251,1224,1649,332,45
961,887,1306,JK009362,7252,0,431,339,97
961,759,1024,JK006478,7984,1287,1551,216,99
961,1024,1182,JK006478,7985,0,159,129,99
961,568,964,Rafed0003943Vols,1381,797,1102,232,70
961,759,957,Shamela0010273,2831,1417,1613,160,98
961,957,1426,Shamela0010273,2832,0,542,258,49
961,869,1123,JK000805,22,521,775,207,100
961,823,1182,Shamela0012293,522,91,474,275,88
961,812,964,Sham19Y0014404,1325,1341,1655,125,48
961,0,801,Sham19Y0014404,1325,132,1102,257,24
961,964,1306,Sham19Y0014404,1326,393,1111,277,47
961,801,964,Meshkat00057178,3220,962,1432,132,34
961,1123,1337,Masaha000554Vols,5267,1410,1624,154,88
961,0,1260,QuranAnalysis001,207,838,1628,637,61
961,753,964,Rafed0003537Vols,463,546,767,168,93
961,884,1224,JK000916,19817,167,506,252,91
961,386,1498,Rafed0001713Vols,2336,551,1617,619,58
961,0,780,Tafsir04042,1971,689,1433,279,29
961,801,964,Tafsir04042,1972,48,211,133,100
961,0,801,Shamela0000041,2257,899,1231,268,40
961,341,1068,Shamela0000041,2258,0,860,408,49
961,964,1306,Shamela0000041,2259,147,547,277,85
961,331,869,Shamela0023578,2760,6,285,227,51
961,331,852,Shamela0023578,2762,867,1601,236,30
961,869,1306,Shamela0023578,2763,216,653,354,100
962,672,1592,Tafsir09083,1354,32,1248,390,30
962,261,963,Tafsir09084,2161,364,1254,318,37
962,538,1070,Meshkat0014420,4060,9,313,147,34
962,305,497,Shamela0008473,4209,25,269,144,71
962,305,497,JK006474,2595,1013,1256,144,71
962,861,1603,Tafsir04042,1973,242,1018,288,34
963,227,460,Shia001432Vols,2173,458,701,186,93
963,0,230,Shia001432Vols,2324,925,1155,187,98
963,247,448,Shia001432Vols,8800,257,465,154,90
963,227,448,Shia001432Vols,18441,192,413,181,100
963,227,443,Shia001432Vols,21682,590,806,177,100
963,0,339,Shamela0023632,3127,481,819,280,99
963,264,443,Sham19Y0011326,84,0,179,147,100
963,0,443,JK009268,4075,456,898,364,99
963,0,242,Sham19Y0023618,1500,1212,1467,195,92
963,227,460,Sham19Y0023618,1502,857,1100,187,94
963,0,276,Zaydiyya0000413Vols,3205,683,981,144,44
963,227,443,Shamela0023628,3059,117,333,177,100
963,0,227,Rafed0003257Vols,4641,679,905,187,99
963,0,132,Sham19Y0020891,5614,54,186,109,100
963,227,443,Sham19Y0020891,5617,1100,1316,177,100
963,227,443,JK010001,1813,1246,1462,177,100
963,227,443,JK010001,2737,596,812,177,100
963,0,339,JK009270,4509,302,641,281,100
963,0,208,Meshkat0014420,4060,1354,1561,172,99
963,227,443,Meshkat0014420,4063,1224,1440,177,100
963,0,252,JK006476,1578,782,1099,205,78
963,0,252,ShamAY0036821,1689,959,1210,204,98
963,264,443,JK000081,106,184,375,146,93
963,0,227,Sham19Y0147312,1762,778,1005,188,100
963,227,443,Sham19Y0147312,1763,245,461,177,100
963,276,443,JK000022,3812,218,358,104,77
963,0,242,Zaydiyya0000062,1746,595,842,195,94
963,0,132,Shamela0037458,3832,124,256,109,100
963,132,489,Shamela0037458,3834,1104,1456,277,94
963,230,443,Zaydiyya0000355,5,150,363,175,100
963,0,149,JK000791,2055,85,242,123,94
963,132,460,JK000791,2055,870,1205,269,97
963,443,969,Shamela0021766,3881,695,1421,303,48
963,227,460,Shamela0012014,34,117,371,185,89
963,227,443,JK000368,120,461,677,177,100
963,227,443,Tafsir07076,6079,470,686,177,100
963,0,227,JK007018,685,194,426,187,96
963,0,132,Shia003744Vols,381,1351,1483,109,100
963,0,227,JK009396,1387,520,746,187,99
963,227,460,JK009396,1388,773,1016,185,93
963,227,443,Sham19Y0023608,1827,156,372,177,100
963,227,443,Sham19Y0023608,2187,55,271,177,100
963,0,227,Sham19Y0023608,3469,625,851,187,99
963,227,470,Sham19Y0023608,3471,1054,1299,185,92
963,227,448,Sham19Y0023608,3867,510,731,178,98
963,0,132,Meshkat00042488,1535,614,1174,84,17
963,0,264,ShamIbadiyya0000075,807,1031,1503,214,55
963,227,443,Shamela0021537,247,212,428,177,100
963,227,460,Shamela0021537,446,195,438,185,93
963,227,460,Shamela0021537,1363,795,1038,185,93
963,227,448,Shamela0021537,1675,984,1205,181,100
963,227,443,Shamela0021537,2426,22,238,177,100
963,227,454,Shamela0021537,3830,639,876,184,94
963,227,448,Shamela0021537,4324,947,1168,181,100
963,227,443,Shamela0021537,5328,408,624,177,100
963,227,460,Shamela0021537,6227,1219,1476,185,88
963,227,454,Shamela0004473,2130,1262,1494,182,96
963,227,460,Shamela0004473,3489,1260,1491,185,97
963,218,443,Shamela0004473,10285,420,645,179,97
963,57,448,Shamela0022371,263,231,577,187,58
963,227,443,Shamela0038067,200,1190,1406,177,100
963,227,448,Shamela0038067,430,964,1186,179,98
963,0,443,Shia002356Vols,1077,118,561,361,98
963,132,460,ShamAY0034059,5949,632,959,263,97
963,0,188,Shia002380Vols,696,1117,1318,154,92
963,227,443,Shamela0008473,2400,621,837,177,100
963,227,443,Shamela0008473,2707,646,862,177,100
963,227,443,Shamela0008473,3442,1166,1382,177,100
963,0,227,Shamela0008473,4211,1308,1534,187,99
963,227,460,Shamela0008473,4213,595,837,186,94
963,296,448,Shamela0008473,4637,0,162,124,93
963,0,227,JK009265,361,436,663,187,99
963,227,443,Tafsir07055,2827,1388,1604,177,100
963,0,188,Tafsir05047,800,891,1105,154,86
963,0,443,Shamela0023591,6019,612,1054,364,99
963,0,227,Shamela0023591,6038,533,759,187,99
963,227,443,Shamela0023591,6044,139,355,177,100
963,57,332,JK009266,7985,1330,1604,227,99
963,227,443,Tafsir10098,1555,859,1075,177,100
963,0,173,Shamela0021821,1636,1329,1500,142,98
963,227,443,Shamela0021821,1638,6,222,177,100
963,227,443,JK000063,160,222,438,177,100
963,227,443,JK000116,50,1087,1303,177,100
963,816,1213,Tafsir10066,1614,372,840,164,36
963,0,443,JK009362,7252,504,954,365,98
963,227,443,Zaydiyya0000185,96,387,603,177,100
963,227,443,Shia001174Vols,1592,783,1001,177,99
963,227,454,Shia001174Vols,2055,122,359,183,94
963,264,448,Masaha001945,75,770,956,150,98
963,0,227,JK006478,7989,1053,1282,188,99
963,227,443,Zaydiyya0000148,577,1271,1487,177,100
963,215,443,Zaydiyya0000148,581,1427,1661,181,94
963,0,149,Shamela0010273,2835,1164,1332,123,88
963,227,448,Shamela0010273,2837,639,860,179,99
963,0,173,Tafsir06048,1026,1150,1516,142,46
963,0,117,Sham19Y0014404,1327,105,314,96,55
963,0,149,Meshkat00057178,3224,71,235,122,90
963,1003,1544,Meshkat00057178,3224,808,1353,182,27
963,0,218,Masaha000554Vols,5269,944,1164,178,97
963,0,443,QuranAnalysis001,208,117,560,365,100
963,0,227,Rafed0001713Vols,2337,1310,1536,187,99
963,188,443,Rafed0001713Vols,2338,1292,1611,210,79
963,0,132,Tafsir04042,1973,1192,1545,109,37
963,0,369,Shamela0000041,2260,71,496,289,82
963,289,443,Shamela0000041,2261,203,384,126,85
963,0,454,Shamela0023578,2763,724,1191,373,96
964,870,1206,Shia001432Vols,2513,557,893,267,100
964,870,1206,Shia001432Vols,28464,78,359,218,80
964,397,743,Shamela0023632,3132,135,481,282,100
964,705,937,Shamela0023632,3133,1238,1546,175,69
964,937,1047,Shamela0023632,3134,0,110,84,100
964,4,913,JK009268,4075,828,1619,629,84
964,913,1206,JK009268,4076,0,293,232,100
964,382,636,Sham19Y0023618,1506,1319,1571,200,96
964,680,1047,Sham19Y0023618,1509,211,656,274,78
964,256,632,Shamela0023628,3061,233,609,306,100
964,632,1047,Shamela0023628,3062,914,1329,328,100
964,15,458,Rafed0003257Vols,4643,0,324,260,73
964,441,743,Rafed0003257Vols,4647,1282,1639,242,83
964,697,1047,Rafed0003257Vols,4649,1121,1604,275,72
964,565,918,JK009270,4518,323,676,284,100
964,918,1206,JK009270,4522,104,392,227,99
964,397,870,Meshkat0014420,4068,332,805,383,100
964,810,1016,Meshkat0014420,4070,1349,1577,135,73
964,1016,1206,Meshkat0014420,4071,0,190,153,100
964,743,1107,JK001020,8,276,866,146,24
964,762,985,JK006476,1583,418,650,176,95
964,980,1107,JK006476,1584,251,381,100,96
964,743,1051,ShamAY0036821,1690,1251,1556,236,97
964,451,743,Sham19Y0147312,1764,1130,1422,234,98
964,192,458,Sham19Y0147312,1764,318,584,214,100
964,743,1206,Sham19Y0147312,1765,277,1101,368,56
964,646,1042,Zaydiyya0000062,1751,57,689,307,61
964,977,1201,Zaydiyya0000062,1752,608,918,174,69
964,902,1206,Shamela0006947,8741,500,804,241,100
964,397,918,Shamela0037458,3840,700,1221,422,100
964,918,1166,Shamela0037458,3844,1263,1510,196,99
964,192,458,JK000791,2056,1358,1624,214,100
964,522,743,JK000791,2058,0,222,179,99
964,548,977,JK000791,2058,511,1051,230,54
964,918,1196,JK000791,2059,1303,1579,190,85
964,522,977,Shamela0000922,1099,190,1215,320,38
964,409,1047,JK007018,687,358,1264,494,68
964,192,458,JK009396,1389,945,1211,214,100
964,692,1047,JK009396,1391,1054,1500,264,74
964,516,743,JK009396,1391,0,228,184,99
964,1011,1206,JK009396,1393,139,391,153,75
964,192,458,Sham19Y0023608,3473,592,858,214,100
964,458,743,Sham19Y0023608,3476,1051,1336,232,100
964,697,977,Sham19Y0023608,3478,458,920,220,60
964,977,1206,Sham19Y0023608,3480,275,504,181,99
964,632,1180,JK000818,577,480,1494,415,51
964,565,927,Meshkat00042488,1538,624,1492,279,40
964,977,1206,Meshkat00042488,1539,974,1399,181,53
964,743,873,Shamela0004473,8016,1140,1268,102,98
964,192,462,JK010729,21,591,861,217,100
964,120,506,Shia002356Vols,1078,1190,1602,277,79
964,735,1206,Shia002356Vols,1080,0,473,363,96
964,344,625,ShamAY0034059,5965,302,585,227,97
964,743,988,ShamAY0034059,5974,1392,1641,194,97
964,214,1107,Tafsir04038,584,281,1180,356,35
964,355,953,Shia002380Vols,698,374,1367,465,57
964,585,977,JK001496,2077,291,1286,283,35
964,603,902,Tafsir02102,3494,641,1518,237,33
964,424,743,Shamela0008473,4221,149,469,260,99
964,662,1047,Shamela0008473,4222,33,457,303,90
964,371,902,Shia002382Vols,1612,22,1079,416,48
964,371,746,Shia002382Vols,2167,7,403,282,87
964,565,977,Shia002382Vols,2167,712,1207,297,71
964,885,1206,Shia002382Vols,2168,105,459,224,78
964,4,759,Shamela0023591,6019,984,1620,506,81
964,759,1206,Shamela0023591,6020,0,447,354,99
964,4,743,Shamela0023591,6044,285,906,493,81
964,662,1206,Shamela0023591,6050,903,1532,427,85
964,371,743,JK009266,7992,644,1037,294,92
964,724,1051,JK009266,7995,344,727,249,83
964,534,1206,Shamela0021821,1641,0,1086,534,61
964,4,827,JK009362,7252,879,1606,557,80
964,827,1206,JK009362,7253,0,389,301,97
964,496,743,JK001110,59,1173,1421,200,99
964,192,462,JK001110,93,605,875,217,100
964,870,1180,JK001420,708,1185,1457,147,45
964,192,462,JK006478,7997,434,714,217,96
964,424,743,JK006478,8002,1214,1556,239,85
964,743,977,JK006478,8006,86,318,184,98
964,610,870,Rafed0003943Vols,1386,927,1216,200,86
964,870,1051,Rafed0003943Vols,1388,373,555,138,97
964,196,458,Zaydiyya0000148,145,768,1030,211,100
964,192,458,Shamela0010273,2839,1003,1269,214,100
964,458,743,Shamela0010273,2843,87,372,232,100
964,565,985,Shamela0010273,2844,551,1130,254,51
964,977,1206,Shamela0010273,2846,115,344,181,99
964,632,879,Sham19Y0014404,1329,973,1488,170,38
964,784,1206,Sham19Y0014404,1330,12,1012,328,41
964,4,1206,QuranAnalysis001,208,490,1575,861,88
964,234,458,Rafed0001713Vols,2339,0,224,181,100
964,4,260,Rafed0001713Vols,2340,22,430,143,39
964,424,977,Rafed0001713Vols,2341,639,1248,442,90
964,593,902,Tafsir04042,1979,683,1581,242,33
964,743,967,Tafsir04056,4432,1381,1604,178,99
964,339,870,Shamela0000041,2262,975,1517,429,97
964,375,1206,Shamela0000041,2263,139,1454,651,61
964,4,680,Shamela0023578,2769,954,1623,455,76
964,680,1206,Shamela0023578,2770,0,526,417,99
964,545,918,Shamela0023578,2772,107,919,296,45
965,697,1587,JK009268,4075,1118,1599,377,52
965,49,571,Shamela0000140,1178,0,479,348,79
965,964,1556,Meshkat00042485,5893,938,1570,334,57
965,854,1311,JK000791,2058,0,222,180,48
965,576,1594,JK000818,577,8,886,456,50
965,552,1587,ShamIbadiyya0000075,810,0,1053,492,49
965,366,1594,Shia002380Vols,698,150,1277,590,49
965,709,1311,Shamela0008473,4221,144,469,256,52
965,697,1587,Shia002382Vols,1612,66,1069,456,48
965,746,1587,Shia002382Vols,2167,403,1586,403,35
965,393,1073,JK000458,3006,38,1594,379,29
965,908,1311,Shamela0021821,1641,11,210,161,49
965,828,1311,JK001110,59,1173,1421,201,51
965,366,1044,Tafsir01006,1310,684,1608,358,47
965,854,1311,Sham19Y0014404,1329,416,1084,223,38
965,697,1587,QuranAnalysis001,208,780,1261,377,52
965,989,1476,Rafed0001713Vols,2342,772,1596,267,36
965,697,1556,Shamela0000041,2262,1058,1517,359,51
965,697,1520,Shamela0000041,2263,182,1065,387,44
965,908,1321,JK000876,1356,865,1668,214,32
966,296,1442,ShamIbadiyya0000075,811,5,890,332,30
966,176,305,Shamela0004473,9626,466,599,102,95
966,305,512,Rafed0001713Vols,2343,1300,1443,87,54
966,150,682,Shamela0000041,2264,401,960,215,41
967,517,679,Shia001432Vols,1777,226,389,130,99
967,463,748,Shia001432Vols,22724,1160,1444,228,99
967,354,695,Shamela0023632,3138,0,342,258,94
967,708,957,Shamela0023632,3140,0,249,193,100
967,517,679,JK006870,42,1359,1520,130,99
967,748,957,Shamela0000894,162,1216,1425,161,100
967,255,493,Tafsir03097,1433,695,1497,186,29
967,83,957,JK009268,4076,273,1121,671,97
967,276,522,Sham19Y0023618,1511,1338,1582,193,99
967,522,679,Sham19Y0023618,1512,0,157,126,100
967,679,957,Sham19Y0023618,1513,801,1079,217,100
967,748,957,Zaydiyya0000413Vols,3149,1351,1469,89,56
967,83,411,Shamela0023628,3064,128,430,241,92
967,482,916,Shamela0023628,3066,0,433,339,98
967,145,957,Rafed0003257Vols,4652,440,1481,635,77
967,517,748,Rafed0003257Vols,4654,437,1227,185,29
967,296,555,Tafsir09083,1361,506,1431,196,27
967,296,679,Tafsir09084,2170,82,1416,292,27
967,219,463,Sham19Y0020891,5632,638,945,193,79
967,538,679,Sham19Y0020891,5635,0,141,113,100
967,276,679,Tafsir09068,1026,545,1327,197,30
967,463,748,JK010001,1188,739,1024,229,100
967,517,679,JK010001,3263,1334,1496,130,100
967,219,463,JK009270,4527,274,518,193,100
967,463,751,JK009270,4531,510,795,229,98
967,748,957,JK009270,4535,764,973,161,100
967,276,411,Shamela0005756,15309,1104,1240,106,97
967,517,679,Shamela0012001,60,72,231,128,98
967,219,679,Meshkat0014420,4074,846,1306,366,100
967,679,888,Meshkat0014420,4077,1337,1545,165,99
967,384,600,JK006476,1586,1095,1320,166,94
967,595,806,JK006476,1587,826,1043,166,96
967,83,384,ShamAY0036821,1691,137,409,215,89
967,748,957,ShamAY0036821,1692,789,998,157,98
967,463,748,Shamela0029677,1469,1204,1394,139,61
967,360,512,Tafsir02104,512,54,406,120,43
967,219,463,Sham19Y0147312,1766,719,963,193,100
967,384,957,Sham19Y0147312,1767,255,1295,445,54
967,569,816,Shamela0022769,1403,849,1350,190,48
967,255,748,Shamela0012820,518,660,1119,240,53
967,463,748,Sham19Y0014592,932,796,937,99,43
967,239,919,Sham19Y0013550,498,30,730,385,57
967,269,451,Zaydiyya0000062,1753,1331,1513,139,95
967,373,772,Zaydiyya0000062,1754,574,1222,288,55
967,748,957,Shamela0006947,20551,1319,1534,161,97
967,276,463,Shamela0037458,3848,427,614,147,100
967,463,957,Shamela0037458,3850,55,549,390,100
967,83,438,JK000791,2060,839,1521,261,46
967,415,691,JK000791,2061,1168,1512,215,78
967,517,679,AOCP20251104049,190,480,642,129,99
967,152,748,Shamela0000922,1101,0,1311,471,45
967,463,626,Tafsir07076,5591,862,1025,129,100
967,83,463,JK007018,688,731,1370,281,53
967,463,957,JK007018,689,106,998,383,54
967,219,455,JK009396,1393,1312,1547,187,99
967,463,748,JK009396,1394,246,531,229,100
967,748,957,JK009396,1395,137,346,161,100
967,276,463,Sham19Y0023608,3486,665,852,147,100
967,411,748,Sham19Y0023608,3488,144,711,268,59
967,748,957,Sham19Y0023608,3490,1267,1476,161,100
967,411,703,Meshkat00042488,1541,1004,1450,212,58
967,239,411,Meshkat00042488,1541,4,226,137,77
967,562,833,Meshkat00042488,1542,365,1147,194,31
967,305,626,ShamIbadiyya0000075,812,0,746,252,42
967,102,725,Shia002356Vols,1081,746,1467,436,74
967,725,957,Shia002356Vols,1082,0,234,175,97
967,219,458,ShamAY0034059,5985,626,868,188,97
967,411,534,ShamAY0034059,5988,1367,1491,96,96
967,512,911,ShamAY0034059,5992,237,645,305,94
967,748,957,ShamAY0034059,5994,1078,1290,160,98
967,163,626,Shia002380Vols,699,635,1496,362,53
967,748,957,ShamAY0001202,225,801,1010,161,100
967,219,463,JK001496,2080,53,386,193,73
967,463,703,JK001496,2081,78,324,182,90
967,517,679,Tafsir02102,2567,1303,1465,130,100
967,517,679,Shamela0008473,2719,321,483,130,100
967,219,463,Shamela0008473,4224,1074,1318,193,100
967,373,748,Shamela0008473,4225,752,1385,299,59
967,517,957,Shamela0008473,4226,48,1171,341,38
967,411,684,Shia002382Vols,2169,1188,1495,199,81
967,163,517,Shia002382Vols,2169,307,683,247,76
967,493,907,Shia002382Vols,2170,79,877,301,47
967,463,748,Tafsir07055,1247,1086,1371,229,100
967,83,957,Shamela0023591,6020,427,1274,670,96
967,263,823,Shamela0023591,6057,954,1512,443,99
967,83,411,JK009266,7998,465,767,241,92
967,406,957,JK009266,8004,277,828,431,99
967,566,816,Tafsir10098,1397,32,786,192,32
967,517,679,Shamela0002386,339,329,492,130,99
967,373,738,Shamela0021821,1643,959,1504,291,66
967,186,463,Shamela0021821,1643,0,277,219,100
967,600,957,Shamela0021821,1644,636,1204,242,55
967,517,679,JK000116,455,46,208,130,100
967,463,679,Tafsir10066,1624,914,1463,148,34
967,276,411,JK009362,76,106,249,107,94
967,83,957,JK009362,7253,369,1237,668,94
967,163,308,JK001110,59,1427,1571,115,99
967,308,411,JK001110,60,0,103,82,100
967,219,463,JK001420,709,181,464,176,79
967,360,679,JK009257,834,648,1033,178,52
967,255,957,JK006478,8011,303,1009,553,98
967,411,932,Tafsir08060,456,9,891,308,43
967,463,734,Rafed0003943Vols,1389,1219,1488,192,87
967,83,463,Rafed0003943Vols,1389,6,361,281,92
967,163,463,Shamela0010273,2848,1217,1514,166,72
967,463,748,Shamela0010273,2850,137,421,228,99
967,748,957,Shamela0010273,2851,1183,1392,161,100
967,276,411,Shamela0007798,8089,703,838,107,100
967,384,517,Shamela0007798,8090,782,989,103,63
967,463,679,Shamela0007798,8091,751,1171,172,51
967,276,517,Shamela0012293,2372,1111,1352,190,100
967,289,517,Tafsir06048,1032,303,864,175,39
967,517,720,Tafsir04003,3477,648,1347,164,29
967,276,411,Sham19Y0014404,1331,1178,1313,107,100
967,325,748,Sham19Y0014404,1332,0,1262,325,32
967,276,429,Meshkat00057178,3235,808,954,113,93
967,396,517,Meshkat00057178,3236,611,757,94,82
967,493,684,Meshkat00057178,3236,1156,1422,149,70
967,269,458,Masaha000554Vols,5293,1362,1552,142,94
967,463,811,Masaha000554Vols,5295,1037,1388,266,94
967,396,720,JK000447,757,283,824,150,33
967,134,957,QuranAnalysis001,209,0,823,651,100
967,325,463,Rafed0001713Vols,2346,0,138,108,100
967,562,816,Rafed0001713Vols,2347,0,254,201,100
967,957,1311,Tafsir04042,1981,112,569,163,39
967,471,811,Tafsir04042,1982,67,1098,262,32
967,360,463,Tafsir07057,4528,436,539,81,100
967,517,703,Tafsir07057,4529,688,1304,136,27
967,354,517,Tafsir04056,6488,16,886,125,18
967,384,761,Tafsir02094,3481,1033,1383,145,37
967,325,679,Shamela0000041,2265,933,1484,281,64
967,129,411,Shamela0000041,2265,129,411,225,100
967,448,962,Shamela0000041,2266,30,918,399,57
967,83,957,Shamela0023578,2770,506,1353,670,96
967,555,844,Shamela0023578,2775,17,723,225,40
968,259,1002,Shia001432Vols,22724,1160,1459,221,37
968,12,1175,JK009268,4076,529,980,349,38
968,12,1175,Rafed0003257Vols,4652,890,1340,344,37
968,259,983,JK010001,1188,739,1024,223,38
968,246,983,JK009270,4531,455,795,236,38
968,432,1053,Meshkat00042485,5906,338,1058,309,49
968,226,1158,Sham19Y0147312,1767,425,834,292,38
968,417,983,Shamela0012820,518,877,1119,188,41
968,381,656,Zaydiyya0000062,1755,64,480,177,51
968,259,1175,Shamela0037458,3850,55,408,274,37
968,12,848,JK000791,2061,770,1512,299,33
968,259,983,JK009396,1394,230,531,230,39
968,161,983,Sham19Y0023608,3488,144,711,264,32
968,0,860,Meshkat00042488,1541,706,1450,292,32
968,12,1214,ShamIbadiyya0000075,812,71,1513,574,44
968,12,865,Shia002356Vols,1081,1114,1450,253,37
968,483,1175,ShamAY0034059,5992,282,547,199,36
968,12,563,Shia002380Vols,699,975,1478,258,49
968,620,1239,Shia002380Vols,700,11,508,237,42
968,946,1246,Tafsir02102,3498,633,1003,122,38
968,12,983,Shamela0008473,4225,715,1385,337,36
968,226,1239,Shia002382Vols,1614,20,994,412,41
968,12,841,Shia002382Vols,2169,974,1495,301,41
968,303,1158,Shia002382Vols,2170,72,778,331,44
968,259,983,Tafsir07055,1247,1086,1371,223,38
968,12,1175,Shamela0023591,6020,683,1133,344,37
968,12,1175,Shamela0023591,6057,1056,1506,344,37
968,239,1175,JK009266,8004,319,687,285,38
968,18,290,JK000458,3010,748,1455,135,23
968,356,778,JK000458,3011,309,767,179,42
968,12,973,Shamela0021821,1643,895,1504,341,40
968,12,1175,JK009362,7253,626,1090,346,37
968,12,1175,JK006478,8011,415,867,348,37
968,259,983,Shamela0010273,2850,137,421,218,37
968,161,1239,Tafsir01006,1313,87,1397,524,44
968,12,836,Sham19Y0014404,1332,129,802,323,39
968,955,1482,Sham19Y0014404,1333,128,792,154,22
968,12,1175,QuranAnalysis001,209,231,682,349,38
968,12,490,Rafed0001713Vols,2346,829,1519,217,32
968,524,1158,Rafed0001713Vols,2347,7,249,191,38
968,262,1158,Tafsir04042,1982,58,1098,286,25
968,12,836,Shamela0000041,2265,1048,1484,286,41
968,196,1209,Shamela0000041,2266,0,1187,389,34
968,12,1175,Shamela0023578,2770,762,1212,344,37
968,12,470,Shamela0023578,2774,888,1553,218,34
968,483,1175,Shamela0023578,2775,17,695,244,35
968,1088,1482,JK000876,1360,1126,1410,111,31
969,599,888,Shia001432Vols,1054,150,442,231,96
969,823,1164,Shia001432Vols,2513,981,1243,202,73
969,534,823,Shamela0023632,3142,7,272,206,88
969,823,1164,Shamela0023632,3144,51,392,272,100
969,555,798,JK009268,4087,1379,1620,185,87
969,798,1164,JK009268,4088,0,367,292,99
969,534,823,Sham19Y0023618,1514,859,1124,206,88
969,823,1121,Sham19Y0023618,1515,834,1147,236,93
969,370,669,Shamela0023628,3067,701,1399,156,28
969,613,1000,Shamela0023628,3068,838,1370,312,72
969,970,1164,Shamela0023628,3070,338,610,153,71
969,583,888,Rafed0003257Vols,4656,682,994,248,97
969,888,1090,Rafed0003257Vols,4661,1430,1631,161,99
969,516,823,Sham19Y0020891,5641,1178,1474,230,89
969,823,1000,Sham19Y0020891,5646,858,1286,143,41
969,606,823,JK009270,4539,1111,1328,176,100
969,823,1164,JK009270,4549,621,963,272,99
969,583,823,Meshkat0014420,4080,483,734,195,95
969,823,1164,Meshkat0014420,4082,615,956,272,100
969,1000,1164,JK006476,1591,1226,1393,129,98
969,606,894,JK000101,356,75,363,230,98
969,493,714,Sham19Y0147312,1768,553,723,123,69
969,714,1164,Sham19Y0147312,1769,9,459,362,100
969,714,1164,Sham19Y0013550,499,747,1101,220,56
969,735,959,Zaydiyya0000062,1758,781,1012,182,96
969,962,1159,Zaydiyya0000062,1760,0,268,155,73
969,888,1035,Shamela0006947,8436,1385,1531,118,99
969,623,1000,Shamela0037458,3856,569,1034,304,80
969,970,1164,Shamela0037458,3859,1112,1331,153,88
969,823,1164,JK000087,521,1075,1417,272,99
969,684,888,JK000791,2064,0,204,167,100
969,823,1164,JK000791,2065,834,1330,271,68
969,888,1077,Shamela0000922,1103,1117,1563,151,42
969,388,888,JK007018,690,16,466,303,69
969,959,1164,JK007018,691,0,315,161,65
969,618,888,JK009396,1396,0,270,220,100
969,888,1164,JK009396,1397,807,1293,218,56
969,534,888,Sham19Y0023608,3493,1041,1371,259,90
969,918,1090,Sham19Y0023608,3496,0,172,136,100
969,652,888,JK000381,125,1223,1487,171,78
969,754,1000,Meshkat00042488,1544,872,1500,190,37
969,659,823,Meshkat00042488,1544,168,537,134,44
969,949,1167,Meshkat00042488,1545,294,844,156,36
969,127,901,ShamIbadiyya0000075,813,336,1543,354,30
969,901,1159,ShamIbadiyya0000075,814,0,476,204,53
969,606,1130,Rafed0003726Vols,1292,853,1563,249,40
969,599,943,ShamAY0033108,1609,436,1195,242,38
969,583,966,Shia002356Vols,1083,1146,1532,308,97
969,966,1325,Shia002356Vols,1084,0,410,192,53
969,666,943,ShamAY0034059,6004,866,1148,226,98
969,953,1164,ShamAY0034059,6010,0,213,166,99
969,714,1000,Tafsir04038,586,139,646,155,31
969,345,1164,Shia002380Vols,701,19,1132,549,56
969,534,823,JK001496,2084,107,436,212,79
969,823,1000,JK001496,2086,736,1122,143,45
969,701,943,Tafsir02091,1866,120,516,162,46
969,606,862,Shamela0008363,153,1217,1472,208,99
969,652,1000,Tafsir02102,3500,543,1420,277,38
969,428,888,Shamela0008473,4228,551,1029,284,69
969,862,1090,Shamela0008473,4231,0,252,171,80
969,546,1000,Shia002382Vols,1616,4,1251,356,35
969,970,1164,Shia002382Vols,1617,60,386,153,59
969,507,1000,Shia002382Vols,2172,262,1136,375,53
969,852,1164,Shia002382Vols,2173,0,294,191,66
969,534,1164,Shamela0023591,6062,267,885,482,94
969,592,1164,Shamela0023591,6065,181,754,453,98
969,534,1164,JK009266,8009,218,918,499,88
969,516,888,Shamela0021821,1645,996,1374,262,83
969,771,1164,Shamela0021821,1646,594,1206,314,64
969,714,943,Shia002389Vols,2593,633,1228,121,22
969,613,1164,JK009362,7346,39,597,442,98
969,345,823,JK001110,60,167,506,240,63
969,606,714,Shia004695Vols,562,788,896,86,100
969,534,1090,JK001420,710,60,941,277,32
969,652,888,JK000376,29,875,1139,171,78
969,534,888,JK006478,8018,185,529,263,90
969,823,1164,JK006478,8025,692,1207,262,64
969,534,714,Rafed0003943Vols,1393,1042,1185,115,79
969,714,1090,Rafed0003943Vols,1395,171,547,304,100
969,534,823,Shamela0010273,2854,359,624,206,88
969,823,1164,Shamela0010273,2856,743,1084,272,100
969,613,823,Shamela0007798,8096,395,679,169,72
969,168,675,Tafsir01006,1314,360,1105,191,27
969,744,1000,Sham19Y0014404,1335,458,1019,204,44
969,823,1000,Meshkat00057178,3242,65,529,143,38
969,606,823,Masaha000554Vols,5308,0,217,169,94
969,809,1085,Masaha000554Vols,5312,981,1255,210,93
969,345,1164,QuranAnalysis001,209,740,1392,504,77
969,606,1164,ShamAY0037387,81,261,821,448,99
969,388,551,Rafed0001713Vols,2350,16,243,77,44
969,583,894,Rafed0001713Vols,2350,1109,1420,250,99
969,823,1164,Rafed0001713Vols,2353,680,1245,268,59
969,606,1085,Zaydiyya0000476,194,862,1181,244,63
969,606,1085,Zaydiyya0000476,248,577,896,244,63
969,943,1090,Tafsir04056,3974,1115,1262,116,100
969,714,1057,Shamela0009065,401,94,530,112,21
969,587,1000,Shamela0000041,2268,183,661,319,82
969,534,1000,Shamela0023578,2776,326,1246,367,49
969,628,1000,Shamela0023578,2779,525,1371,300,43
969,970,1164,Shamela0023578,2780,1073,1310,153,81
969,993,1164,Shamela0023578,2781,1218,1452,133,72
969,159,606,JK000876,1361,21,470,118,26
970,92,652,Shia001432Vols,1054,220,442,179,39
970,352,609,Tafsir09050,3749,904,1611,144,23
970,92,652,Rafed0003257Vols,4656,772,994,179,39
970,92,652,JK000101,356,135,357,179,39
970,541,748,Meshkat00042485,5914,1040,1227,114,61
970,70,786,Shamela0037458,3856,616,977,238,37
970,110,652,JK000791,2064,0,204,165,37
970,92,652,JK009396,1396,48,270,179,39
970,92,652,Sham19Y0023608,3493,1149,1371,179,39
970,92,662,ShamIbadiyya0000075,813,945,1510,253,42
970,1295,1586,ShamIbadiyya0000075,814,150,425,152,60
970,92,786,Shia002356Vols,1083,1231,1510,212,37
970,92,786,ShamAY0034059,6004,866,1148,216,38
970,92,796,Shia002380Vols,701,363,826,269,45
970,1295,1547,Shia002380Vols,701,913,1096,117,58
970,92,586,Shamela0008363,153,1277,1472,160,39
970,92,883,Tafsir02102,3500,570,1315,297,34
970,92,652,Shamela0008473,4228,809,1029,177,38
970,77,796,Shia002382Vols,1616,495,1158,299,40
970,1295,1547,Shia002382Vols,1617,90,351,121,49
970,92,570,Shia002382Vols,2172,1138,1578,190,37
970,92,786,Shamela0023591,6062,387,664,222,39
970,92,786,Shamela0023591,6065,256,533,222,39
970,92,786,JK009266,8009,419,696,222,39
970,92,652,Shamela0021821,1645,1154,1374,177,38
970,92,786,JK009362,7346,97,375,221,39
970,92,652,JK006478,8018,305,529,179,39
970,519,796,Tafsir01006,1315,1100,1499,150,43
970,336,671,Tafsir04003,3481,679,1070,151,36
970,342,801,Sham19Y0014404,1335,458,1192,226,32
970,1295,1547,Sham19Y0014404,1336,73,331,114,43
970,92,786,QuranAnalysis001,209,893,1170,222,39
970,92,786,ShamAY0037387,81,321,599,221,39
970,92,652,Rafed0001713Vols,2350,1192,1414,179,39
970,541,786,Rafed0001713Vols,2353,680,1024,141,44
970,92,786,Shamela0023578,2776,912,1189,222,39
970,92,786,Shamela0023578,2779,611,1269,293,38
970,512,1034,JK000876,1362,829,1531,222,31
971,648,764,JK000330,330,0,116,94,100
971,411,764,JK000330,333,57,526,215,52
971,813,1083,Shia001432Vols,323,659,806,109,50
971,784,1083,Shia001432Vols,1777,398,583,141,58
971,534,907,Shia001432Vols,2514,0,378,298,97
971,48,296,Shamela0023632,3145,615,863,201,100
971,296,585,Shamela0023632,3146,1245,1533,230,99
971,630,902,Shamela0023632,3148,434,706,220,100
971,902,1130,Shamela0023632,3149,1029,1257,186,100
971,813,1130,Rafed0002679Vols,44,257,574,257,100
971,13,1130,JK009268,4088,332,1449,900,100
971,13,296,Sham19Y0023618,1517,138,420,227,99
971,296,813,Sham19Y0023618,1518,603,1120,415,100
971,683,1130,Sham19Y0023618,1520,547,1121,323,66
971,486,630,JK000382,466,409,553,114,100
971,411,813,JK000382,515,0,402,323,100
971,813,1130,Shamela0010551,191,1279,1596,257,100
971,389,813,Hindawi070427368,61,0,424,341,100
971,13,231,Shamela0023628,3070,576,795,174,98
971,228,608,Shamela0023628,3071,1179,1558,304,99
971,608,813,Shamela0023628,3072,0,205,166,100
971,723,1003,Shamela0023628,3073,1013,1541,224,51
971,13,296,Rafed0003257Vols,4662,40,322,227,99
971,296,902,Rafed0003257Vols,4668,433,1040,486,99
971,876,1130,Rafed0003257Vols,4676,16,351,206,75
971,943,1083,Shia001172,186,566,711,114,96
971,459,630,Sham19Y0020891,5660,446,635,124,79
971,473,813,Sham19Y0020891,5661,183,649,213,57
971,764,1083,Sham19Y0020891,5663,576,891,174,64
971,636,1130,Sham19Y0020891,5664,819,1515,152,19
971,630,813,JK000362,1511,310,493,149,100
971,48,296,JK010001,3114,254,502,201,100
971,48,247,JK009270,4553,1410,1608,162,99
971,486,924,JK009270,4562,535,967,335,95
971,902,1130,JK009270,4569,305,533,186,100
971,121,813,Meshkat0014420,4085,456,1148,558,100
971,842,1130,Meshkat0014420,4091,0,288,234,100
971,13,238,JK006476,1592,462,979,165,39
971,411,764,JK006476,1594,1344,1561,135,40
971,379,661,JK006476,1594,199,477,210,91
971,965,1130,JK006476,1596,744,912,133,97
971,486,630,JK000101,135,583,727,114,100
971,367,1130,ShamAY0036821,1694,0,759,610,98
971,674,902,Shamela0029677,685,584,839,184,89
971,630,756,JK000451,43,1496,1621,102,99
971,1324,1545,Meshkat00042485,5918,1006,1324,171,64
971,630,813,JK000081,1224,963,1149,149,98
971,48,296,Sham19Y0147312,1770,182,430,201,100
971,448,813,Sham19Y0147312,1771,0,365,293,100
971,813,1016,Sham19Y0147312,1771,1268,1470,165,99
971,1016,1130,Sham19Y0147312,1772,0,114,92,100
971,902,1083,Shamela0004445,6936,1152,1333,148,100
971,630,806,Shamela0022769,1408,79,699,141,28
971,486,630,JK009158,3,1163,1307,114,100
971,630,813,Sham19Y0013550,501,1378,1561,149,100
971,630,1083,Sham19Y0013550,502,383,714,247,67
971,90,346,Zaydiyya0000062,1761,864,1137,187,84
971,534,842,Zaydiyya0000062,1763,710,1089,228,73
971,784,1083,Zaydiyya0000062,1764,831,1361,239,55
971,625,789,JK007040,4336,492,657,133,99
971,13,201,Shamela0037458,3859,1297,1483,150,98
971,296,813,Shamela0037458,3864,165,682,415,100
971,813,1130,Shamela0037458,3869,763,1080,257,100
971,48,630,JK000791,2066,508,1090,467,100
971,501,902,JK000791,2068,610,1165,303,68
971,835,1130,JK000791,2069,743,1054,210,78
971,307,630,Shamela0000922,1104,1221,1545,171,59
971,486,1083,Shamela0000922,1105,3,955,372,47
971,630,784,JK000368,382,963,1117,125,100
971,13,296,JK007018,691,281,569,225,96
971,504,813,JK007018,692,714,1186,216,57
971,490,630,JK007018,692,0,140,111,100
971,813,1083,JK007018,693,127,404,218,97
971,490,630,Shamela0037325,1326,1011,1151,111,100
971,486,630,Shamela0037325,1422,1168,1312,114,100
971,296,813,Sham19Y0029676,933,133,652,414,99
971,296,625,Sham19Y0029676,956,1196,1525,258,98
971,625,813,Sham19Y0029676,957,0,188,153,100
971,13,296,JK009396,1397,1258,1541,228,100
971,448,630,JK009396,1399,0,182,144,100
971,630,813,JK009396,1400,641,824,149,100
971,813,1088,JK009396,1401,91,366,221,99
971,296,630,Sham19Y0023608,1930,198,532,266,100
971,630,820,Sham19Y0023608,1932,646,850,155,93
971,13,296,Sham19Y0023608,3498,437,719,227,99
971,296,630,Sham19Y0023608,3501,226,560,266,100
971,581,813,Sham19Y0023608,3504,86,721,188,36
971,813,1083,Sham19Y0023608,3506,194,464,219,100
971,296,630,Sham19Y0016953Vols,1525,292,626,266,100
971,296,739,JK000381,3918,1080,1523,354,100
971,902,1039,JK000381,4923,961,1098,113,100
971,459,1130,JK000818,581,0,1439,516,44
971,965,1130,Meshkat00042488,1549,322,822,134,33
971,902,1083,Shamela0023788,435,1491,1667,135,86
971,5,186,ShamIbadiyya0000075,814,438,801,141,48
971,448,813,Rafed0003726Vols,1290,588,1321,257,44
971,897,1083,Shamela0004473,2131,597,790,148,94
971,48,296,Shamela0004473,2551,957,1241,200,86
971,85,228,Shamela0004473,15173,158,301,116,98
971,307,813,Shamela0022371,264,649,1103,302,71
971,630,813,JK010729,21,873,1056,149,100
971,52,789,Shia002356Vols,1085,671,1506,576,85
971,767,1130,Shia002356Vols,1087,179,570,278,87
971,13,214,ShamAY0034059,6012,1259,1461,158,97
971,1365,1538,ShamAY0034059,6013,1259,1510,118,58
971,121,313,ShamAY0034059,6017,1383,1578,156,97
971,296,813,ShamAY0034059,6023,844,1371,414,97
971,630,1083,ShamAY0034059,6027,795,1260,366,96
971,630,813,Zaydiyya0000142,2970,451,628,144,96
971,557,996,Tafsir04038,592,123,963,254,35
971,13,197,Shia002380Vols,701,1098,1416,147,57
971,687,1113,Shia002380Vols,703,0,1031,336,40
971,486,813,JK001496,2091,636,1100,207,56
971,813,1083,JK001496,2092,371,1030,218,40
971,630,813,JK010552,473,16,199,149,100
971,630,813,Shamela0008473,3269,342,525,149,100
971,13,280,Shamela0008473,4233,1218,1482,214,98
971,186,511,Shamela0008473,4234,977,1490,257,62
971,511,630,Shamela0008473,4235,0,119,95,100
971,605,813,Shamela0008473,4236,135,347,157,89
971,855,1083,Shamela0008473,4237,0,228,186,100
971,557,876,Shia002382Vols,1619,747,1437,244,43
971,861,1083,Shia002382Vols,1620,15,380,180,60
971,48,231,Shia002382Vols,2173,1127,1311,144,96
971,48,486,Shia002382Vols,2174,13,720,329,57
971,411,630,Shia002382Vols,2175,833,1086,143,71
971,534,902,Shia002382Vols,2176,504,1063,292,64
971,827,1130,Shia002382Vols,2177,0,341,217,79
971,902,1083,JK009265,162,223,404,148,100
971,48,296,Tafsir07055,3203,651,929,201,89
971,661,1062,Tafsir05047,809,326,1438,308,34
971,13,700,Shamela0023591,6062,851,1536,549,99
971,700,1130,Shamela0023591,6063,0,430,350,100
971,13,296,Shamela0023591,6065,720,1002,227,99
971,296,820,Shamela0023591,6071,968,1488,418,99
971,820,1130,Shamela0023591,6072,0,310,251,100
971,121,478,JK009266,8017,1169,1525,289,99
971,478,813,JK009266,8018,0,335,269,100
971,813,1130,JK009266,8024,1043,1360,257,100
971,1276,1545,JK000458,3018,754,1181,144,36
971,99,296,Shamela0021821,1648,0,195,159,98
971,356,813,Shamela0021821,1649,0,457,368,100
971,739,902,Shamela0021821,1650,754,1107,132,46
971,917,1130,Shamela0021821,1651,0,213,174,100
971,296,657,Shamela0007597,6,1073,1434,288,100
971,13,949,JK009362,7346,563,1523,748,96
971,949,1130,JK009362,7347,0,182,147,99
971,121,296,JK001110,60,512,687,143,100
971,939,1083,Shia004695Vols,1293,331,475,117,100
971,943,1083,Rafed0002565Vols,74,858,998,114,100
971,939,1083,Rafed0002565Vols,82,141,285,117,100
971,939,1083,Rafed0002565Vols,650,900,1044,117,100
971,48,247,JK001420,710,1051,1415,157,53
971,486,630,Shamela0022653,321,682,826,114,100
971,379,666,JK009257,838,1159,1576,144,41
971,666,813,JK009257,839,0,147,120,100
971,13,346,JK006478,8025,1173,1486,236,87
971,254,1130,JK006478,8036,554,1481,705,93
971,486,630,Shamela0008206,37,1238,1382,114,100
971,630,784,JK000082,201,693,847,125,100
971,296,723,JK000082,496,935,1363,339,99
971,13,296,Rafed0003943Vols,1395,1217,1499,227,99
971,296,630,Rafed0003943Vols,1398,1144,1479,266,99
971,630,1088,Rafed0003943Vols,1399,546,1004,370,99
971,296,907,Zaydiyya0000148,204,568,1179,487,99
971,296,705,Zaydiyya0000148,580,1126,1534,326,99
971,85,296,Shamela0010273,2859,0,211,172,100
971,296,630,Shamela0010273,2862,336,670,266,100
971,630,907,Shamela0010273,2865,391,668,220,98
971,764,1130,Shamela0010273,2867,387,939,263,58
971,486,630,Shamela0007798,8107,48,192,114,100
971,652,813,Shamela0007798,8108,0,161,131,100
971,912,1083,Shamela0007798,8111,460,631,140,100
971,486,630,ShamAY0036039,99,451,595,114,100
971,636,813,Zaydiyya0000373Vols,574,1366,1543,144,100
971,8,254,Sham19Y0014404,1336,613,1128,185,44
971,486,813,Sham19Y0014404,1338,501,1258,263,43
971,723,1130,Sham19Y0014404,1339,367,1449,327,37
971,486,630,JK000379,78,1252,1396,114,100
971,486,630,Meshkat00057178,3246,574,718,114,100
971,379,813,Meshkat00057178,3247,8,431,222,51
971,912,1130,Meshkat00057178,3249,100,733,163,32
971,13,291,Masaha000554Vols,5316,663,940,216,95
971,478,625,Masaha000554Vols,5324,0,148,115,97
971,395,806,Masaha000554Vols,5328,343,859,200,38
971,806,1083,Masaha000554Vols,5330,187,469,217,94
971,13,126,QuranAnalysis001,209,1357,1469,89,99
971,126,1130,QuranAnalysis001,210,0,1004,811,100
971,186,630,Sham19Y0020879,376,293,443,110,31
971,630,813,JK000916,9760,935,1118,149,100
971,13,784,ShamAY0037387,81,787,1556,617,99
971,784,1130,ShamAY0037387,82,0,347,281,99
971,33,296,Rafed0001713Vols,2355,124,379,204,96
971,1201,1545,Rafed0001713Vols,2355,791,1341,214,47
971,228,784,Rafed0001713Vols,2356,839,1494,446,84
971,965,1130,Rafed0001713Vols,2359,0,165,134,100
971,630,902,JK000122,17,928,1200,220,100
971,581,806,Zaydiyya0000476,195,140,506,182,61
971,296,630,Zaydiyya0000476,248,914,1518,266,55
971,630,806,Zaydiyya0000476,249,60,236,143,100
971,630,813,Tafsir04056,1389,1407,1590,149,100
971,965,1113,Tafsir02094,3503,436,1012,103,22
971,13,486,Shamela0000041,2270,96,569,380,100
971,379,813,Shamela0000041,2271,521,1104,346,73
971,641,1083,Shamela0000041,2272,198,1003,358,54
971,13,238,Shamela0023578,2780,1276,1499,180,99
971,238,1130,Shamela0023578,2781,0,892,719,100
971,723,939,Shamela0023578,2783,1044,1513,174,45
971,497,723,Shamela0023578,2783,45,513,180,48
971,939,1100,Shamela0023578,2784,185,458,131,58
972,78,264,Shamela0001466,3080,169,392,141,78
972,84,278,JK000906,9606,23,199,119,74
972,772,1364,Rafed0001713Vols,2357,694,1567,275,35
972,65,264,Shamela0001535,5822,384,602,141,76
973,1418,1546,Shia001432Vols,1902,825,954,106,99
973,4,578,Shia001432Vols,2514,145,378,179,38
973,0,573,Shamela0023632,3148,478,706,180,39
973,1324,1540,Shamela0023632,3151,355,577,166,93
973,472,1540,Rafed0002679Vols,44,282,834,435,50
973,0,1318,JK009268,4088,993,1524,404,38
973,1318,1546,JK009268,4089,0,229,184,99
973,472,1215,Sham19Y0023618,1520,829,1121,228,38
973,1242,1540,Sham19Y0023618,1521,1191,1489,237,100
973,472,1269,Shamela0010551,191,1304,1622,249,38
973,1269,1546,Shamela0010551,192,0,278,222,99
973,0,638,Shamela0023628,3073,719,1478,273,35
973,350,1540,Shamela0023628,3074,219,1380,554,48
973,0,573,Rafed0003257Vols,4668,812,1040,180,39
973,913,1540,Rafed0003257Vols,4676,170,650,376,74
973,0,573,JK009270,4562,723,951,180,39
973,1339,1546,JK009270,4574,574,782,168,99
973,476,1339,Meshkat0014420,4091,0,385,300,43
973,1339,1546,Meshkat0014420,4094,1002,1210,168,99
973,1208,1484,JK006476,1597,295,632,205,76
973,0,638,ShamAY0036821,1694,306,568,205,39
973,1339,1546,ShamAY0036821,1695,60,263,158,94
973,0,573,Shamela0029677,685,584,839,180,37
973,1339,1546,Sham19Y0147312,1772,806,1014,168,99
973,472,1095,Zaydiyya0000062,1764,1116,1361,194,38
973,472,1215,Shamela0037458,3869,788,1080,228,38
973,1198,1546,Shamela0037458,3872,1019,1397,267,85
973,0,573,JK000791,2068,937,1165,180,39
973,1339,1540,JK000791,2070,1342,1542,162,99
973,472,1095,JK007018,693,152,404,194,38
973,1103,1546,JK007018,693,960,1329,279,77
973,472,1095,JK009396,1401,116,361,194,38
973,1110,1449,JK009396,1401,1283,1553,204,75
973,472,1095,Sham19Y0023608,3506,219,464,194,38
973,1043,1540,Sham19Y0023608,3508,513,1168,315,53
973,0,1280,JK000818,581,504,1543,467,38
973,913,1546,Shamela0004473,2131,649,1252,203,26
973,1321,1546,Shia002356Vols,1088,261,475,163,89
973,0,606,ShamAY0034059,6027,842,1103,202,40
973,994,1445,ShamAY0034059,6032,330,653,248,69
973,13,638,Shia002380Vols,703,0,595,238,34
973,1390,1546,Shia002380Vols,704,27,309,129,55
973,514,1095,Shamela0008473,4237,0,228,182,38
973,1098,1546,Shamela0008473,4238,400,765,281,78
973,0,370,Shia002382Vols,1619,1068,1400,171,50
973,520,1339,Shia002382Vols,1620,15,966,358,36
973,1245,1540,Shia002382Vols,1621,0,625,235,47
973,342,1095,Shia002382Vols,2177,0,796,243,25
973,1110,1546,Shia002382Vols,2178,463,893,240,57
973,380,606,ShamIbadiyya0000050,5320,0,335,124,39
973,78,1131,Tafsir05047,809,468,1504,391,35
973,57,1540,Shamela0023591,6063,5,728,565,47
973,472,1339,Shamela0023591,6072,18,407,303,43
973,472,1449,JK009266,8024,1068,1566,390,50
973,1131,1445,Shamela0021821,1651,1162,1578,203,60
973,0,638,JK009362,7346,1243,1514,211,40
973,913,1546,JK009362,7347,0,488,378,73
973,0,1215,JK006478,8036,1024,1481,352,35
973,1145,1546,JK006478,8043,588,969,268,81
973,783,1488,Tafsir08060,458,547,1402,322,41
973,0,1095,Rafed0003943Vols,1399,590,999,315,35
973,1161,1540,Rafed0003943Vols,1401,866,1325,268,71
973,0,578,Zaydiyya0000148,204,946,1179,181,39
973,0,578,Shamela0010273,2865,435,668,180,38
973,1339,1540,Shamela0010273,2871,112,753,141,26
973,928,1182,Sham19Y0014404,1339,1197,1517,152,51
973,0,638,Sham19Y0014404,1339,179,829,230,31
973,1331,1546,Sham19Y0014404,1340,611,1139,169,39
973,1339,1546,Masaha000554Vols,5336,431,637,158,93
973,0,1546,QuranAnalysis001,210,548,1309,591,47
973,260,1546,ShamAY0037387,82,0,653,506,49
973,93,638,Rafed0001713Vols,2358,987,1596,187,27
973,1242,1540,Rafed0001713Vols,2361,675,981,187,69
973,0,573,JK000122,17,972,1200,180,39
973,1390,1546,Tafsir02094,3506,292,1251,129,16
973,0,1095,Shamela0000041,2272,259,1003,358,34
973,1297,1546,Shamela0000041,2274,30,270,187,92
973,0,1540,Shamela0023578,2781,436,1190,585,47
973,93,644,Shamela0023578,2783,1044,1522,243,45
973,1339,1540,Shamela0023578,2786,59,345,162,70
974,206,608,Shia001432Vols,1054,519,933,316,93
974,82,289,Shia001432Vols,2514,378,585,164,99
974,176,513,Shamela0023632,3154,307,645,274,99
974,513,657,Shamela0023632,3156,705,849,115,100
974,176,469,JK009268,4109,1285,1577,239,99
974,469,657,JK009268,4110,0,188,150,100
974,29,454,Sham19Y0023618,1523,58,495,335,93
974,428,657,Sham19Y0023618,1525,1016,1245,183,100
974,126,352,Shamela0023628,3078,346,672,181,69
974,319,578,Shamela0023628,3080,838,1182,211,75
974,29,388,Rafed0003257Vols,4680,494,855,245,74
974,428,657,Rafed0003257Vols,4685,1299,1528,183,100
974,0,214,Shia004266Vols,163,1354,1567,171,99
974,214,436,Shia004266Vols,164,0,222,175,96
974,0,289,JK009270,4574,782,1071,232,100
974,289,657,JK009270,4583,138,507,298,99
974,0,352,Meshkat0014420,4094,1210,1561,283,99
974,319,621,Meshkat0014420,4100,1217,1573,234,80
974,325,527,JK006476,1600,392,603,165,95
974,0,657,ShamAY0036821,1695,263,913,511,96
974,708,972,Meshkat00042485,5929,1235,1531,134,55
974,116,578,Sham19Y0147312,1774,437,961,349,82
974,228,657,Tafsir02067,876,309,1235,324,42
974,126,388,Zaydiyya0000062,1769,293,559,212,97
974,388,608,Zaydiyya0000062,1771,40,263,176,96
974,176,513,Shamela0037458,3879,174,511,274,100
974,513,657,Shamela0037458,3881,1138,1282,115,100
974,0,289,JK000791,2071,7,296,232,100
974,233,527,JK000791,2073,297,624,221,83
974,176,578,Shamela0000922,1107,4,751,210,31
974,179,578,JK007018,694,863,1244,258,72
974,29,289,JK009396,1402,530,790,209,100
974,186,657,JK009396,1403,632,1537,324,43
974,48,428,Sham19Y0023608,3512,0,381,308,99
974,428,657,Sham19Y0023608,3516,681,910,183,100
974,228,428,Shia002333,106,0,199,163,98
974,436,578,ShamIbadiyya0000441,178,0,142,114,100
974,469,657,Meshkat00042488,1552,921,1445,147,35
974,289,517,Meshkat00042488,1552,139,638,180,44
974,0,513,Shia002356Vols,1088,475,996,401,94
974,503,657,Shia002356Vols,1091,37,205,113,82
974,33,352,ShamAY0034059,6047,1139,1463,256,98
974,428,657,ShamAY0034059,6059,912,1147,183,97
974,513,657,JK001496,2100,252,757,115,28
974,1060,1532,Tafsir02102,3512,505,1022,264,52
974,9,388,Shamela0008473,4240,567,967,252,71
974,224,578,Shamela0008473,4246,1127,1564,281,78
974,513,657,Shamela0008473,4249,560,796,114,60
974,289,513,Shia002382Vols,2183,321,905,149,29
974,0,657,Shamela0023591,6063,734,1392,529,99
974,0,657,Shamela0023591,6077,111,769,529,99
974,0,578,JK009266,8025,98,677,467,99
974,29,428,Shamela0021821,1652,1096,1495,324,100
974,141,578,Shamela0021821,1655,225,1255,329,39
974,0,657,JK009362,7347,488,1150,529,99
974,487,657,JK001110,60,660,837,122,87
974,289,513,JK001110,93,1009,1233,183,100
974,0,428,JK006478,8043,969,1400,347,99
974,492,657,JK006478,8056,0,167,132,98
974,282,657,Tafsir08060,459,470,1001,227,48
974,388,657,Rafed0003943Vols,1404,152,407,196,91
974,176,474,Shamela0010273,2874,437,733,218,89
974,428,578,Shamela0010273,2877,697,847,120,100
974,0,428,Shia004456Vols,4475,799,1227,347,100
974,657,1171,Tafsir01006,1319,627,1367,245,39
974,352,513,Sham19Y0014404,1342,969,1347,132,42
974,428,652,Masaha000554Vols,5351,922,1148,173,95
974,0,224,QuranAnalysis001,210,1309,1532,179,99
974,224,657,QuranAnalysis001,211,0,433,351,100
974,0,657,ShamAY0037387,82,653,1315,529,99
974,1080,1515,Rafed0001713Vols,2362,173,835,263,46
974,109,428,Rafed0001713Vols,2366,50,391,223,80
974,388,657,Rafed0001713Vols,2368,87,441,216,75
974,310,517,Shamela0000041,2278,408,608,138,77
974,985,1532,Shamela0023578,2786,78,467,250,51
974,116,487,Shamela0023578,2791,1008,1424,283,83
974,513,657,Shamela0023578,2796,1198,1368,115,84
975,233,743,ShamIbadiyya0000075,817,499,1124,196,31
975,452,743,Shia002389Vols,2616,397,561,77,34
975,0,743,Sham19Y0014404,1341,469,980,180,24
975,27,743,Meshkat00057178,3254,66,644,171,21
976,704,1130,Shia001432Vols,544,1367,1530,120,34
976,1060,1243,Shia001432Vols,18672,969,1151,146,99
976,1280,1553,Shia001432Vols,21007,649,921,226,98
976,538,1165,Shamela0023632,3156,705,1068,287,57
976,1165,1479,Shamela0023632,3159,287,606,252,96
976,375,479,Sham19Y0023625,62,896,997,72,85
976,1280,1503,Sham19Y0011326,228,680,903,186,100
976,1280,1553,Shamela0008353,361,630,904,227,99
976,496,1553,JK009268,4110,23,795,621,72
976,896,1165,Sham19Y0023618,1527,684,986,189,78
976,1165,1393,Sham19Y0023618,1528,1199,1427,185,100
976,1393,1553,Sham19Y0023618,1530,387,548,134,99
976,1060,1221,JK000382,890,1407,1567,129,99
976,610,1165,Shamela0023628,3082,342,813,266,53
976,1064,1503,Shamela0023628,3083,789,1442,358,67
976,1185,1423,Shamela0023628,3084,22,671,188,35
976,1060,1204,JK000102,171,1410,1552,111,96
976,998,1243,Rafed0003257Vols,4688,0,245,194,100
976,1254,1553,Rafed0003257Vols,4691,0,300,248,99
976,32,331,Shamela0022593,2324,886,1307,165,47
976,145,668,Tafsir09083,1374,541,1401,250,33
976,368,496,Tafsir09084,2183,1401,1540,100,90
976,947,1198,Sham19Y0020891,5687,39,470,170,49
976,1333,1475,Sham19Y0020891,5691,1089,1538,120,31
976,998,1243,JK009270,4589,467,712,194,100
976,1235,1503,JK009270,4594,692,955,218,98
976,1333,1553,Sham19Y0150960,657,1082,1304,182,98
976,368,507,Meshkat0014420,4103,178,417,88,44
976,1060,1333,Meshkat0014420,4107,679,952,219,100
976,1190,1409,JK006476,1603,310,539,179,95
976,1243,1430,Tafsir01005,5167,1059,1624,122,25
976,1060,1553,ShamAY0036821,1696,647,1135,387,96
976,704,1060,Sham19Y0147312,1775,486,678,151,53
976,1070,1198,Sham19Y0147312,1776,0,128,102,100
976,1243,1553,Sham19Y0147312,1777,591,902,257,99
976,1060,1198,Shamela0004445,27,73,212,110,99
976,658,1126,Zaydiyya0000062,1772,354,736,224,50
976,998,1386,Zaydiyya0000062,1773,927,1480,309,68
976,1393,1553,Shamela0006947,5867,1002,1163,134,99
976,1393,1553,Shamela0006947,10322,385,546,134,99
976,538,1064,Shamela0037458,3881,1138,1399,204,49
976,1060,1333,Shamela0037458,3885,701,974,219,100
976,1333,1553,Shamela0037458,3888,290,511,184,99
976,40,741,JK000791,2073,969,1597,240,33
976,998,1333,JK000791,2074,831,1185,240,85
976,1243,1553,JK000791,2075,744,1121,230,74
976,690,1503,JK007018,695,0,1238,509,44
976,1060,1243,JK009396,1404,921,1104,146,100
976,1235,1503,JK009396,1405,354,617,218,98
976,496,1243,Sham19Y0023608,3516,745,1207,364,61
976,368,512,Sham19Y0023608,3518,18,172,104,85
976,1198,1503,Sham19Y0023608,3522,91,586,252,61
976,1243,1423,Sham19Y0016953Vols,1724,1408,1587,149,99
976,1060,1243,JK000381,2457,570,752,146,99
976,1280,1486,JK000381,8176,792,994,165,95
976,998,1243,JK000818,583,860,1504,180,35
976,496,984,JK000818,583,175,631,203,41
976,1243,1393,JK000060,66,179,329,122,99
976,902,1168,Meshkat00042488,1553,200,1028,190,28
976,1198,1486,Meshkat00042488,1554,36,1146,219,23
976,1060,1198,Shamela0023788,80,400,538,110,100
976,1060,1198,Shamela0023788,615,409,547,110,100
976,1107,1553,ShamIbadiyya0000075,819,0,936,352,45
976,704,1247,Rafed0003726Vols,1298,394,545,106,24
976,1333,1553,Hindawi061585791,259,1137,1358,184,99
976,1165,1393,ShamAY0033108,1618,287,1096,172,26
976,652,1243,Shia002356Vols,1091,102,503,302,63
976,1243,1553,Shia002356Vols,1092,857,1169,251,96
976,998,1198,ShamAY0034059,6067,186,389,158,98
976,1243,1503,ShamAY0034059,6072,1146,1408,216,99
976,91,542,Shia002380Vols,705,1073,1568,189,43
976,542,998,Shia002380Vols,706,0,351,188,44
976,1113,1423,Shia002380Vols,706,870,1515,236,45
976,1243,1553,Shamela0001419,103,819,1405,231,47
976,1235,1475,JK001496,2103,304,1144,190,27
976,1243,1468,Tafsir02091,1875,104,950,184,26
976,40,334,Tafsir02102,3518,117,524,116,32
976,368,600,Shamela0008473,4249,58,241,128,66
976,947,1243,Shamela0008473,4252,127,407,188,80
976,1198,1503,Shamela0008473,4253,118,477,252,84
976,159,998,Shia002382Vols,1626,25,837,335,41
976,1175,1448,Shia002382Vols,1627,620,1351,220,36
976,300,1165,Shia002382Vols,2184,13,1322,392,35
976,1060,1393,Shia002382Vols,2185,469,969,263,65
976,368,507,Tafsir05047,812,1284,1519,87,43
976,1060,1243,JK000378,266,700,883,146,100
976,496,1098,Shamela0023591,6063,1227,1543,249,51
976,1098,1553,Shamela0023591,6064,0,456,372,99
976,496,1060,Shamela0023591,6077,604,883,218,48
976,1060,1553,Shamela0023591,6085,284,778,403,99
976,704,1070,JK009266,8040,791,1005,159,53
976,998,1243,JK009266,8043,953,1375,193,57
976,1243,1553,JK009266,8048,619,930,257,99
976,1333,1553,Zaydiyya0000063,217,1095,1320,184,97
976,951,1333,Shamela0021821,1657,221,654,259,71
976,1284,1553,Shamela0021821,1658,106,378,216,93
976,375,668,Shia002389Vols,2617,381,819,122,27
976,1280,1553,JK000071,246,1130,1404,227,99
976,496,1320,JK009362,7347,984,1532,422,63
976,1320,1553,JK009362,7348,0,235,195,99
976,1060,1185,JK009362,8166,75,201,100,99
976,538,1165,JK001110,60,693,948,194,38
976,1243,1549,JK001110,93,1239,1544,253,99
976,1280,1553,Shamela0010463,199,375,649,227,99
976,1070,1400,JK001420,712,695,1527,220,32
976,368,486,Shamela0022653,337,402,526,83,81
976,1280,1486,JK000008,86,350,550,163,94
976,375,486,JK000057,157,1255,1364,77,86
976,1015,1503,JK006478,8061,652,1252,395,80
976,1060,1243,Rafed0003943Vols,1405,817,999,142,97
976,1243,1553,Rafed0003943Vols,1406,5,316,257,99
976,1060,1243,Shamela0010273,2882,984,1167,146,100
976,1095,1453,Shamela0010273,2883,1048,1599,250,56
976,1280,1495,Sham19Y0014328,196,1456,1670,179,99
976,1165,1333,Shamela0007798,8129,491,659,135,100
976,300,507,Tafsir04003,3494,325,794,116,30
976,990,1243,Sham19Y0014404,1344,467,1455,192,24
976,1228,1461,Sham19Y0014404,1345,103,972,192,26
976,368,486,JK000379,94,1061,1185,83,81
976,375,507,Meshkat00057178,3249,940,1069,83,79
976,1165,1333,Meshkat00057178,3258,714,1297,135,28
976,496,1553,QuranAnalysis001,211,268,1040,621,72
976,496,1168,ShamAY0037387,82,1149,1537,300,56
976,1168,1553,ShamAY0037387,83,0,388,317,99
976,375,734,Rafed0001713Vols,2369,0,976,200,24
976,947,1243,Rafed0001713Vols,2370,142,439,235,99
976,1228,1495,Rafed0001713Vols,2371,1321,1613,220,90
976,387,800,Tafsir04042,1996,580,1208,147,25
976,1280,1486,JK006950,2478,131,333,165,95
976,998,1247,Shamela0000041,2280,928,1178,195,98
976,1204,1503,Shamela0000041,2281,565,950,247,77
976,538,1095,Shamela0023578,2796,1198,1516,227,49
976,1095,1393,Shamela0023578,2797,0,298,240,100
976,947,1348,Shamela0023578,2799,276,1511,301,30
977,0,181,Shia001432Vols,22427,954,1135,145,100
977,0,185,Shia001432Vols,23656,733,914,140,95
977,420,693,Shia000047,70,606,936,187,71
977,345,697,ShamIbadiyya0000193,3691,516,889,200,63
977,345,697,Tafsir09050,3776,1025,1415,215,67
977,0,185,JK009268,4110,795,980,147,99
977,475,693,JK000637,2293,0,240,159,85
977,461,751,Sham19Y0023618,1528,622,881,162,68
977,399,693,Zaydiyya0000413Vols,3130,466,803,210,76
977,693,1476,Shamela0023628,3083,668,1219,254,35
977,403,693,Shamela0023628,3083,73,408,212,79
977,399,693,Shamela0025794,164,626,986,206,69
977,0,181,Rafed0003257Vols,4691,300,481,145,100
977,441,864,Sham19Y0020891,5687,0,370,220,58
977,0,185,JK009270,4599,577,762,147,99
977,181,693,Sham19Y0150960,952,535,1019,248,52
977,416,693,Sham19Y0150960,1450,550,875,206,79
977,0,181,Meshkat0014420,4110,131,312,145,100
977,0,181,Sham19Y0016584,1916,0,181,145,100
977,465,693,Shamela0029677,2031,0,257,159,76
977,403,693,Shamela0001466,3101,358,702,211,77
977,0,181,Sham19Y0018176,955,972,1153,145,100
977,0,181,Shamela0006947,5867,1163,1344,145,100
977,0,181,Shamela0006947,10322,546,727,145,100
977,441,693,Masaha001028,63,24,294,153,65
977,420,668,Masaha001028,134,1236,1510,158,67
977,399,606,Shamela0037458,3883,1323,1557,158,83
977,416,628,JK010204,18,1193,1451,153,74
977,0,181,JK000110,610,492,673,145,100
977,0,181,JK000791,2075,1121,1302,145,100
977,399,693,Shamela0021766,730,76,412,209,79
977,399,693,Shamela0021766,1721,0,338,219,82
977,399,697,Shamela0021766,3916,870,1215,218,79
977,399,625,JK009313,3800,1233,1513,169,75
977,416,693,JK009313,4011,636,960,208,81
977,399,693,JK007016,297,368,605,130,47
977,0,181,Sham19Y0018103,1736,895,1076,145,100
977,399,693,JK000906,9646,760,1122,211,73
977,0,181,JK009396,1406,277,458,145,100
977,399,693,Sham19Y0023608,3520,750,1091,218,81
977,0,181,Sham19Y0023608,3525,91,272,145,100
977,0,181,Shamela0021715,3952,40,221,145,100
977,0,181,Sham19Y0016953Vols,1725,131,312,145,100
977,0,185,JK000381,810,477,663,148,99
977,399,693,JK000465,3603,3,336,210,80
977,625,1354,JK000818,583,758,1511,266,35
977,0,181,ShamIbadiyya0000441,176,451,632,145,100
977,461,693,JK000485,156,0,260,168,80
977,0,181,PV2024060602,610,492,673,145,100
977,0,181,ShamAY0001202,109,29,210,145,100
977,399,693,Shamela0008473,4250,789,1140,221,79
977,0,181,Shamela0008473,4255,79,260,145,100
977,0,181,Shamela0037837,586,487,605,92,64
977,399,693,Shamela0001404,366,865,1237,219,75
977,528,693,ShamIbadiyya0000050,5333,1068,1237,124,94
977,399,617,Shamela0012884,4508,1213,1476,160,76
977,0,185,Shamela0023591,6064,456,641,147,99
977,0,185,Shamela0023591,6085,778,963,147,99
977,407,611,JK009266,8042,1297,1566,149,70
977,0,181,Shamela0021821,1658,378,559,145,100
977,403,693,Shamela0001417,271,25,345,200,76
977,470,697,Shamela0001417,1164,443,628,142,79
977,399,693,Shamela0009567,684,922,1270,216,78
977,0,181,Sham19Y0018106,1760,220,401,145,100
977,0,185,JK009362,7348,235,422,147,98
977,403,693,JK000467,2515,502,734,144,57
977,0,181,Zaydiyya0000274,559,1261,1442,145,100
977,181,693,JK001295,728,661,1104,250,57
977,416,693,JK001295,812,930,1245,208,83
977,0,185,JK006478,8066,21,210,147,97
977,0,181,Shamela0010273,2884,101,282,145,100
977,0,181,Sham19Y0014328,197,59,240,145,100
977,0,181,ShamAY0034401,38,1425,1606,145,100
977,0,181,Sham19Y0013605,2275,1028,1209,145,100
977,0,185,QuranAnalysis001,211,1040,1225,147,99
977,0,185,ShamAY0037387,83,388,575,147,98
977,0,181,Rafed0001713Vols,2372,59,240,145,100
977,399,693,Shamela0012581,241,888,1200,183,69
977,302,797,Tafsir07057,4554,184,857,314,55
977,399,648,ShamAY0034002,91,1148,1451,157,60
977,420,999,Shamela0000041,2280,484,1069,313,52
977,0,181,Shamela0000041,2282,451,632,145,100
977,403,693,Shamela0023578,2797,1158,1462,175,64
977,0,185,Shamela0023578,2800,474,659,147,99
978,987,1587,Shamela0005756,7963,193,810,216,30
978,1239,1390,Shamela0000140,1178,490,632,104,87
978,998,1587,Meshkat00042485,5958,667,1112,186,33
978,238,973,Shamela0037458,3888,212,538,250,40
978,912,1587,ShamIbadiyya0000075,819,921,1424,205,30
978,947,1587,Shia002380Vols,707,792,1234,198,31
978,987,1587,Shia002382Vols,1628,1128,1563,138,20
978,1229,1587,Shia002382Vols,2187,954,1088,77,25
978,310,1353,Tafsir08060,460,209,884,325,36
978,891,1587,Tafsir01006,1324,82,608,211,29
978,0,813,Sham19Y0014404,1345,290,1313,266,24
978,883,1219,Shamela0000041,2282,1122,1514,176,49
978,0,490,JK000876,1373,341,809,165,32
978,883,1353,JK000876,1374,345,1065,241,37
979,0,362,Shia001432Vols,1902,1058,1417,285,98
979,273,416,Shia001432Vols,2514,594,736,112,99
979,0,273,Shia001432Vols,10364,868,1456,216,45
979,0,377,Shia001432Vols,24161,263,642,282,91
979,0,201,Shamela0023632,3162,520,721,164,100
979,201,504,Shamela0023632,3164,284,587,239,100
979,504,945,Shamela0023632,3165,224,665,351,100
979,273,362,Sham19Y0148529,284,212,301,68,100
979,416,639,Rafed0002679Vols,62,720,943,180,100
979,0,504,JK009268,4110,1017,1520,403,99
979,504,945,JK009268,4111,0,441,351,100
979,0,201,Sham19Y0023618,1531,721,922,164,100
979,201,504,Sham19Y0023618,1533,7,310,239,100
979,416,639,Shamela0010551,319,826,1049,180,100
979,124,581,Shamela0023628,3086,0,457,365,100
979,448,874,Shamela0023628,3087,27,670,340,66
979,232,362,JK000348,96,1098,1278,78,58
979,0,639,Rafed0003257Vols,4697,583,1222,512,100
979,172,362,Shamela0022593,2332,892,1403,146,36
979,362,619,Shamela0022593,2333,267,1140,181,25
979,81,362,Tafsir09083,1379,458,1316,193,28
979,86,362,Tafsir09084,2189,556,1277,209,36
979,0,273,Sham19Y0020891,5698,221,581,220,75
979,172,504,Sham19Y0020891,5699,554,985,177,50
979,43,439,Sham19Y0020966,320,1153,1507,186,53
979,273,362,JK010001,3017,20,109,68,100
979,51,504,JK009270,4603,933,1386,362,100
979,504,738,JK009270,4608,1076,1310,186,100
979,0,244,ShamAY0034106,284,858,1152,145,52
979,0,362,Meshkat0014420,4114,137,499,288,100
979,201,945,Meshkat0014420,4116,269,1064,506,78
979,0,320,JK006476,1606,277,631,174,59
979,191,487,JK006476,1607,8,312,232,97
979,0,124,ShamAY0036821,1696,1356,1479,98,97
979,93,920,ShamAY0036821,1700,595,1405,633,96
979,232,362,JK006891,97,755,936,78,58
979,945,1437,Meshkat00042485,5958,1076,1552,240,51
979,201,504,Meshkat00042485,5960,38,587,238,55
979,0,273,Sham19Y0147312,1778,472,745,220,100
979,160,639,Sham19Y0147312,1779,132,586,314,83
979,104,666,Tafsir02067,879,87,1520,424,37
979,0,268,Zaydiyya0000062,1777,916,1257,211,76
979,172,499,Zaydiyya0000062,1778,399,874,257,68
979,0,504,Shamela0037458,3893,334,838,403,100
979,362,738,Shamela0037458,3895,176,1186,299,37
979,223,639,JK000791,2078,965,1377,315,92
979,13,273,JK000791,2078,0,260,209,100
979,51,639,Shamela0000922,1109,809,1438,283,44
979,104,273,Tafsir07076,9109,1084,1502,136,40
979,0,253,JK007018,696,1280,1539,205,96
979,253,639,JK007018,697,0,879,304,43
979,71,504,JK009396,1408,671,1140,219,51
979,0,273,JK009396,1408,75,348,220,100
979,0,273,Sham19Y0023608,3527,1061,1334,220,100
979,172,639,Sham19Y0023608,3529,66,961,368,51
979,213,504,Sham19Y0023608,3530,205,1273,197,23
979,0,109,JK000381,6842,963,1072,88,100
979,244,362,Shamela0001340,279,913,1031,90,100
979,172,362,Shamela0001340,280,303,493,147,100
979,201,362,JK000465,3605,606,1242,124,25
979,78,670,JK000818,585,105,1444,455,42
979,9,201,Meshkat00042488,1556,169,447,156,69
979,172,362,Meshkat00042488,1556,944,1330,144,48
979,288,581,Meshkat00042488,1557,62,891,219,33
979,938,1138,ShamIbadiyya0000075,819,1381,1628,136,62
979,78,652,ShamIbadiyya0000075,820,46,1149,457,51
979,18,639,Rafed0003726Vols,1291,987,1536,230,35
979,51,216,Shamela0022371,265,773,938,128,95
979,104,528,ShamAY0033108,1621,539,1523,333,42
979,0,201,Shia002356Vols,1092,1395,1591,157,95
979,273,959,Shia002356Vols,1094,546,1221,524,95
979,51,504,ShamAY0034059,6091,829,1289,360,97
979,362,744,ShamAY0034059,6096,774,1160,300,96
979,0,273,Tafsir04038,596,811,1295,219,56
979,938,1327,Shia002380Vols,707,1191,1581,228,63
979,160,499,Shia002380Vols,708,0,605,267,55
979,0,273,JK001496,2105,879,1268,220,70
979,160,504,JK001496,2106,144,763,182,31
979,172,581,Tafsir02091,1878,19,901,315,45
979,0,385,Tafsir02102,3523,787,1530,303,51
979,0,273,Shamela0008473,4258,633,906,220,100
979,104,504,Shamela0008473,4259,216,892,318,59
979,9,504,Shia002382Vols,1629,683,1479,350,54
979,0,325,Shia002382Vols,2187,761,1121,194,66
979,938,1327,Shia002382Vols,2187,1045,1463,235,64
979,205,504,Shia002382Vols,2188,0,304,234,97
979,273,362,Tafsir07055,3107,1209,1298,68,100
979,273,591,Tafsir05047,816,115,864,238,40
979,0,840,Shamela0023591,6064,678,1517,670,99
979,65,725,Shamela0023591,6093,858,1529,509,94
979,0,639,JK009266,8054,138,777,512,100
979,172,504,JK000458,3033,140,1154,252,31
979,121,504,Shamela0021821,1660,710,1137,263,73
979,39,273,Shamela0021821,1660,0,234,188,100
979,273,362,Zaydiyya0000075BK25,21,841,930,68,100
979,9,239,Shia002389Vols,2623,1069,1535,182,48
979,104,598,Tafsir10066,1649,47,1553,346,29
979,273,504,Tafsir10066,1650,691,1274,181,39
979,0,945,JK009362,7348,459,1423,752,97
979,504,954,JK001110,60,954,1404,354,99
979,201,738,JK001420,713,418,883,208,46
979,13,504,JK009257,845,556,1270,219,31
979,0,273,JK006478,8066,247,521,220,99
979,273,639,JK006478,8073,21,388,292,99
979,0,273,Rafed0003943Vols,1406,1065,1338,220,100
979,273,639,Rafed0003943Vols,1407,957,1323,292,100
979,0,320,Shamela0010273,2888,1239,1558,256,99
979,320,1327,Shamela0010273,2889,0,789,365,36
979,51,201,Shamela0007798,8137,612,762,123,100
979,235,362,Shamela0007798,8139,0,127,97,100
979,78,377,Tafsir01006,1324,847,1457,219,45
979,0,362,Tafsir06048,1042,649,1442,288,45
979,0,362,Sham19Y0014404,1346,438,1406,288,37
979,307,581,Sham19Y0014404,1347,54,689,208,41
979,0,109,Meshkat00057178,3261,1037,1468,88,25
979,205,362,Meshkat00057178,3262,927,1084,121,100
979,0,268,Masaha000554Vols,5372,496,764,209,95
979,196,639,Masaha000554Vols,5374,577,1469,327,45
979,362,508,Masaha000554Vols,5375,914,1479,116,25
979,0,295,QuranAnalysis001,211,1262,1556,238,99
979,295,945,QuranAnalysis001,212,0,650,516,100
979,0,914,ShamAY0037387,83,612,1527,729,99
979,945,1298,Rafed0001713Vols,2374,969,1525,233,49
979,0,504,Rafed0001713Vols,2374,465,969,403,100
979,160,504,Rafed0001713Vols,2375,237,1369,264,29
979,109,448,Tafsir04042,2001,377,1365,266,33
979,104,362,Tafsir07057,4561,310,1559,199,20
979,172,362,Tafsir04056,6550,166,966,143,23
979,317,541,Tafsir04056,6551,82,1093,161,19
979,0,109,JK006950,1145,761,870,88,100
979,0,377,Shamela0000041,2283,229,609,293,97
979,291,738,Shamela0000041,2284,0,516,353,86
979,0,639,Shamela0023578,2800,696,1335,512,100
979,0,466,Shamela0023578,2802,531,1517,366,46
979,65,456,JK000876,1375,208,1245,298,36
980,60,678,Shamela0023632,3164,98,587,268,45
980,60,678,JK009268,4110,1189,1520,261,53
980,124,678,Sham19Y0023618,1533,7,310,238,54
980,76,914,Shamela0023628,3086,64,445,300,45
980,60,914,Rafed0003257Vols,4697,755,1152,313,46
980,60,408,Shamela0022593,2332,892,1403,159,34
980,50,408,Tafsir09083,1379,671,1316,168,34
980,60,408,Tafsir09084,2189,780,1277,161,38
980,60,683,JK009270,4603,1054,1391,262,53
980,60,408,Meshkat0014420,4114,309,499,147,54
980,124,914,Meshkat0014420,4116,269,688,208,29
980,128,648,JK006476,1607,24,312,222,54
980,53,678,ShamAY0036821,1700,666,1000,257,52
980,89,806,Meshkat00042485,5960,20,929,365,43
980,215,914,Sham19Y0147312,1779,220,516,234,42
980,60,632,Tafsir02067,879,323,1009,258,41
980,67,673,Zaydiyya0000062,1778,406,874,257,45
980,60,678,Shamela0037458,3893,506,838,261,53
980,146,914,JK000791,2078,965,1307,257,41
980,176,914,JK007018,697,0,806,250,26
980,215,678,JK009396,1408,891,1140,188,51
980,60,914,Sham19Y0023608,3529,66,891,321,33
980,167,408,Shamela0001340,279,913,1031,90,48
980,60,408,Shamela0001340,280,303,493,147,54
980,50,442,JK000465,3605,426,1275,192,29
980,60,830,JK000818,585,336,1185,337,40
980,60,408,Meshkat00042488,1556,944,1330,151,39
980,252,678,Meshkat00042488,1557,62,385,175,45
980,60,919,ShamIbadiyya0000075,820,262,1000,397,51
980,60,607,ShamAY0033108,1621,753,1374,270,48
980,60,926,Shia002380Vols,708,12,998,421,41
980,215,926,JK001496,2106,278,1270,288,29
980,60,607,Tafsir02091,1878,19,644,270,48
980,53,499,Tafsir02102,3523,1095,1530,207,51
980,60,678,Shamela0008473,4259,444,892,269,49
980,60,708,Shia002382Vols,1629,922,1509,321,51
980,617,926,Shia002382Vols,2189,4,419,172,42
980,60,914,Shamela0023591,6064,850,1247,313,46
980,60,914,Shamela0023591,6093,977,1374,313,46
980,60,914,JK009266,8054,310,707,313,46
980,76,678,Shamela0021821,1660,833,1137,217,46
980,45,914,Tafsir10066,1649,199,1493,326,28
980,215,617,Tafsir10066,1650,691,1140,169,36
980,60,914,JK009362,7348,644,1041,313,46
980,215,914,JK006478,8073,21,318,232,41
980,215,914,Rafed0003943Vols,1407,957,1253,234,42
980,371,683,Shamela0010273,2889,5,189,142,57
980,60,414,Tafsir01006,1324,1104,1453,196,59
980,50,408,Sham19Y0014404,1346,1033,1406,176,45
980,371,678,Sham19Y0014404,1347,91,357,143,54
980,60,408,Meshkat00057178,3262,793,1084,150,46
980,259,914,QuranAnalysis001,212,0,274,216,41
980,60,914,ShamAY0037387,83,785,1182,313,46
980,60,678,Rafed0001713Vols,2374,637,969,261,53
980,60,708,Rafed0001713Vols,2375,249,1399,374,38
980,60,594,Tafsir04042,2001,460,1370,228,30
980,255,830,Shamela0000041,2284,0,807,218,27
980,60,914,Shamela0023578,2800,868,1265,313,46
980,60,627,Shamela0023578,2802,1108,1517,247,50
980,60,814,JK000876,1375,497,1463,384,45
981,1143,1383,JK000330,239,806,1046,196,100
981,1143,1510,Shia001432Vols,545,125,492,299,100
981,600,1143,Shia001432Vols,2514,792,1203,315,70
981,1035,1143,Shia001432Vols,4686,321,428,86,99
981,1035,1143,Shia001432Vols,24161,638,749,85,95
981,726,1171,Shamela0023632,3167,1178,1599,278,69
981,1205,1510,Shamela0023632,3169,1254,1559,247,100
981,803,1112,JK009268,4120,1238,1584,215,73
981,1112,1558,JK009268,4121,0,447,362,99
981,803,1143,Sham19Y0023618,1537,554,1304,228,35
981,1143,1510,Sham19Y0023618,1538,1130,1497,299,100
981,690,1035,Shamela0023628,3089,7,457,196,50
981,1035,1383,Shamela0023628,3090,82,429,282,99
981,1143,1401,JK000102,159,558,845,211,89
981,881,1135,Rafed0003257Vols,4705,1409,1668,205,96
981,1143,1510,Rafed0003257Vols,4708,54,421,299,100
981,1143,1306,Sham19Y0020891,3774,913,1061,106,80
981,1035,1143,Sham19Y0020891,5712,527,634,86,99
981,1143,1323,Sham19Y0020891,5714,44,224,147,100
981,904,1104,JK009270,4621,164,364,162,100
981,1143,1492,JK009270,4627,0,349,282,99
981,1104,1556,Shamela0005756,11953,364,586,65,14
981,1064,1383,ShamAY0034106,285,1205,1508,110,30
981,881,1261,Meshkat0014420,4121,304,695,310,97
981,1261,1556,Meshkat0014420,4125,74,369,239,100
981,1143,1510,JK000101,442,1037,1404,299,100
981,904,1558,ShamAY0036821,1701,820,1467,521,98
981,701,945,Meshkat00042485,5971,0,223,142,69
981,1158,1383,JK000081,1076,346,604,161,77
981,1015,1510,Sham19Y0147312,1783,247,779,402,93
981,1035,1316,Zaydiyya0000062,1783,102,429,228,85
981,1254,1383,Shamela0006947,12851,0,129,105,100
981,726,1205,Shamela0037458,3900,337,917,313,61
981,1205,1391,Shamela0037458,3902,1410,1595,151,99
981,610,1234,JK000791,2081,1014,1592,373,64
981,1143,1510,JK000791,2083,146,607,249,66
981,1205,1487,Shamela0000922,1112,128,506,179,54
981,897,1064,Sham19Y0009800,494,172,339,132,97
981,881,1143,JK007018,698,873,1150,211,93
981,1104,1510,JK007018,699,633,1098,315,81
981,939,1143,JK009396,1411,0,204,165,100
981,1143,1510,JK009396,1412,963,1330,299,100
981,881,1143,Sham19Y0023608,3534,737,998,212,99
981,1143,1510,Sham19Y0023608,3536,978,1345,299,100
981,1210,1329,Sham19Y0023608,3537,1164,1560,93,29
981,1143,1510,JK000381,1914,152,519,299,100
981,8,695,JK000818,586,26,590,211,31
981,1035,1323,Meshkat00042488,1560,640,1297,232,43
981,1185,1438,ShamAY0033108,1625,566,1344,196,31
981,881,1261,Shia002356Vols,1096,1095,1475,305,97
981,1178,1558,Shia002356Vols,1098,30,403,262,83
981,922,1064,ShamAY0034059,6111,174,317,115,99
981,1035,1234,ShamAY0034059,6114,526,726,161,99
981,1191,1510,ShamAY0034059,6117,386,707,250,96
981,660,1143,Shia002380Vols,709,631,1436,311,45
981,1035,1465,JK001496,2111,297,1493,348,35
981,1056,1290,Tafsir02102,3526,0,513,188,44
981,654,1143,Shamela0008473,4262,548,1131,324,62
981,1135,1510,Shamela0008473,4264,342,716,301,98
981,992,1205,Shia002382Vols,2191,1057,1278,174,96
981,1035,1510,Shia002382Vols,2192,0,734,375,62
981,881,1558,Shamela0023591,6100,908,1585,549,99
981,904,1558,Shamela0023591,6104,145,799,530,99
981,1035,1510,JK009266,8068,229,704,386,100
981,881,1035,Shamela0021821,1663,1039,1194,126,99
981,1035,1329,Shamela0021821,1664,1011,1576,238,51
981,1035,1143,Sham19Y0013231,3632,525,633,87,100
981,907,1558,JK009362,7465,10,669,529,98
981,1224,1510,JK001110,61,0,286,232,100
981,1191,1383,Shamela0007853,11,907,1097,147,91
981,803,1143,JK006478,8085,69,374,238,85
981,1143,1510,JK006478,8089,242,613,299,98
981,649,1383,Rafed0003943Vols,1411,279,918,445,72
981,881,1035,Shamela0010273,2895,51,205,126,100
981,1143,1534,Shamela0010273,2897,1071,1462,304,96
981,1035,1143,Shamela0010273,2897,31,138,86,99
981,1205,1346,JK000064,189,1145,1286,114,100
981,1143,1346,JK000089,237,857,1060,166,100
981,1035,1205,Tafsir01006,1327,1160,1524,138,46
981,1210,1329,Sham19Y0014404,1350,955,1305,94,33
981,1131,1383,Meshkat00057178,3268,38,749,202,34
981,1143,1501,Masaha000554Vols,5399,154,511,280,94
981,600,1558,QuranAnalysis001,212,490,1315,651,82
981,904,1461,ShamAY0037387,361,948,1505,454,99
981,1035,1510,Rafed0001713Vols,2380,922,1396,385,99
981,1143,1311,Shia002374Vols,402,880,1048,137,100
981,1191,1510,Zaydiyya0000476,696,722,1102,256,83
981,1191,1510,Zaydiyya0000476,698,264,644,256,83
981,1035,1143,Tafsir07057,4568,188,755,87,19
981,915,1143,Tafsir04056,6567,815,1556,112,18
981,982,1205,Shamela0000041,2286,1003,1246,179,90
981,1018,1510,Shamela0000041,2287,503,1303,400,61
981,881,1558,Shamela0023578,2806,67,744,550,99
981,1023,1351,Shamela0023578,2807,1010,1549,263,59
982,671,1094,Sham19Y0023618,1538,4,474,80,15
982,671,1103,Rafed0003257Vols,4707,852,1283,110,24
982,1034,1547,JK001496,2111,297,901,226,39
982,671,1103,AOCP202502141169Vols,2308,932,1255,72,13
982,671,1103,JK000458,3038,169,637,122,25
982,251,1103,Tafsir10066,1654,305,778,180,22
982,671,1436,Tafsir01006,1327,968,1524,232,34
982,671,1436,Tafsir06048,1045,656,1346,184,20
982,671,1132,Tafsir04003,3508,215,744,123,21
982,671,1436,Rafed0001713Vols,2380,575,1091,188,24
983,930,1353,Shia001432Vols,771,47,451,322,94
983,930,1219,Shia001432Vols,2514,1242,1513,219,92
983,1219,1574,Shia001432Vols,2515,0,355,285,99
983,1359,1574,Shia001432Vols,4686,450,665,174,100
983,930,1116,Shamela0023632,3171,1314,1482,135,89
983,1187,1574,Shamela0023632,3174,441,828,311,100
983,829,1574,Tafsir03097,1454,148,839,172,18
983,930,1574,JK009268,4121,422,1049,505,96
983,13,548,JK009268,4121,117,398,224,51
983,978,1187,Sham19Y0023618,1541,0,210,170,99
983,1187,1574,Sham19Y0023618,1542,57,444,311,100
983,1296,1531,Tafsir06051,328,1161,1395,188,99
983,1152,1457,Shamela0023628,3093,0,305,244,99
983,930,1574,Rafed0003257Vols,4710,122,749,504,96
983,708,1179,Zaydiyya0000044,62,390,653,212,55
983,930,1187,JK000362,1458,1160,1400,195,92
983,1255,1506,JK010001,1151,736,1004,196,90
983,930,1109,JK009270,4632,695,856,129,89
983,1109,1413,JK009270,4636,1196,1499,245,99
983,946,1296,Meshkat0014420,4128,662,1019,272,92
983,1296,1574,Meshkat0014420,4131,856,1134,225,100
983,708,1109,JK006476,1614,683,941,152,46
983,13,548,ShamAY0036821,1701,1141,1419,217,50
983,1071,1574,ShamAY0036821,1702,0,498,391,96
983,1109,1574,ShamAY0036821,1704,392,852,361,95
983,1187,1574,Shia001171,21,1039,1426,310,99
983,691,1255,Shamela0029677,1175,292,646,278,61
983,1187,1545,Rafed002622,1080,970,1424,287,78
983,708,1187,JK000373,267,679,949,219,56
983,1194,1353,JK000343,590,44,318,115,53
983,13,548,Sham19Y0147312,1783,498,779,224,51
983,1086,1335,Sham19Y0147312,1784,1240,1495,199,96
983,1296,1574,Sham19Y0014592,1481,854,1073,167,75
983,1409,1577,Zaydiyya0000062,1788,45,690,136,25
983,1315,1531,Shamela0006947,2197,0,217,174,99
983,930,1255,Shamela0037458,3905,229,536,248,94
983,1258,1457,Shamela0037458,3909,967,1166,160,100
983,1090,1500,JK000791,2084,1137,1538,320,96
983,235,525,Shamela0021766,3930,876,1339,192,50
983,13,518,Shamela0000922,1112,152,506,166,35
983,1066,1187,Shamela0000922,1112,1051,1447,100,30
983,1109,1296,Tafsir07076,5530,1120,1313,127,70
983,930,1255,JK007018,700,104,427,247,90
983,1109,1353,Shamela0037325,2549,861,1105,198,100
983,1296,1574,Shamela0037325,2801,303,581,225,100
983,930,1165,JK009396,1413,1337,1554,176,91
983,1258,1574,JK009396,1415,0,316,256,100
983,970,1187,Shamela0011216,7,218,435,177,100
983,930,1574,Sham19Y0023608,3539,744,1371,504,96
983,1109,1284,Shamela0009637,32,1465,1639,142,99
983,708,1187,JK000381,527,640,910,219,56
983,970,1187,JK000381,736,788,1006,177,99
983,13,556,JK000818,587,271,924,275,47
983,1187,1353,Meshkat00042488,1563,933,1464,132,31
983,1109,1574,Shamela0021537,365,815,1280,377,100
983,930,1574,Rafed0003726Vols,1302,125,904,373,47
983,1296,1531,Shamela0004473,6351,251,486,189,100
983,1187,1393,Shamela0004473,10704,1290,1495,163,99
983,1353,1574,Shamela0004473,13370,80,301,179,100
983,930,1255,Shia002356Vols,1098,379,681,240,90
983,1066,1339,ShamAY0034059,6127,50,331,220,97
983,1296,1574,ShamAY0034059,6131,191,475,225,97
983,13,1109,Shia002380Vols,710,146,1422,471,36
983,1179,1457,Shia002380Vols,711,17,401,222,72
983,1187,1335,ShamAY0001202,152,1530,1677,117,99
983,930,1116,JK001496,2113,728,909,135,84
983,621,885,Tafsir02091,1883,39,356,93,29
983,930,1255,Shamela0008473,4267,526,833,248,94
983,1219,1574,Shamela0008473,4269,492,878,285,91
983,1159,1457,Shia002382Vols,1634,393,920,232,55
983,13,1066,Shia002382Vols,2192,442,1568,375,29
983,703,1296,Shia002382Vols,2193,337,1155,328,42
983,1159,1574,Shia002382Vols,2194,216,733,311,75
983,1296,1531,JK000333,104,996,1231,189,100
983,1255,1506,Tafsir07055,1210,6,273,196,91
983,1219,1574,Tafsir05047,820,8,810,264,41
983,1000,1574,Shamela0023591,6101,0,575,463,99
983,13,548,Shamela0023591,6104,469,750,224,51
983,1109,1574,Shamela0023591,6111,555,1020,376,99
983,930,1457,JK009266,8073,1000,1509,409,96
983,930,1116,Shamela0021821,1666,564,744,135,84
983,1109,1353,Shamela0021821,1667,219,463,198,100
983,1296,1574,Shamela0021821,1668,741,1157,225,66
983,1296,1531,JK009362,329,772,1007,188,99
983,930,1574,JK009362,7465,644,1290,502,93
983,13,548,JK009362,7465,338,620,224,51
983,930,1187,JK006478,8095,14,257,195,91
983,1187,1574,JK006478,8099,157,546,308,97
983,930,1315,Rafed0003943Vols,1412,1199,1566,294,94
983,1315,1574,Rafed0003943Vols,1413,0,259,210,100
983,930,1187,Shamela0010273,2900,926,1171,194,90
983,1187,1574,Shamela0010273,2902,1072,1459,311,100
983,477,1066,Shamela0007798,8153,635,1039,176,29
983,1109,1353,JK000805,31,740,984,198,100
983,13,525,Tafsir01006,1328,229,961,287,44
983,13,196,Sham19Y0014404,1350,974,1454,107,25
983,235,525,Sham19Y0014404,1351,141,678,145,27
983,714,1066,Sham19Y0014404,1351,919,1415,156,36
983,1066,1208,Sham19Y0014404,1352,107,575,112,29
983,1255,1574,Sham19Y0014404,1353,0,1198,133,12
983,1255,1457,Meshkat00057178,3272,480,748,162,75
983,1109,1305,Masaha000554Vols,4936,614,810,155,97
983,13,548,QuranAnalysis001,212,985,1266,224,51
983,930,1197,QuranAnalysis001,212,1290,1538,203,92
983,1197,1574,QuranAnalysis001,213,0,377,303,100
983,930,1574,ShamAY0037387,362,74,708,503,95
983,933,1577,Rafed0001713Vols,2383,0,627,503,96
983,1296,1531,JK000122,993,1266,1501,189,100
983,970,1187,JK001414,473,11,229,177,99
983,930,1116,Shamela0000041,2288,1076,1256,135,84
983,241,556,Shamela0000041,2288,0,306,168,54
983,1109,1305,Shamela0000041,2289,771,965,152,95
983,1238,1574,Shamela0000041,2290,316,731,271,80
983,907,1419,Shamela0023578,2808,1038,1541,385,90
983,1419,1574,Shamela0023578,2809,0,155,127,100
983,13,525,JK000876,1379,587,1505,281,35
984,309,1193,Shia002382Vols,1634,0,605,239,27
985,509,659,Shamela0008381,886,1042,1189,112,91
985,645,839,JK000062,29,196,389,159,99
985,509,847,Shia001432Vols,1408,825,1171,272,96
985,6,651,Shia001432Vols,2515,238,654,323,61
985,645,839,Shia001432Vols,22453,16,209,159,99
985,457,839,Shia001432Vols,22728,182,557,305,97
985,645,839,Shia001432Vols,24224,628,822,159,98
985,457,839,Shamela0023632,3177,201,582,312,99
985,645,839,Shia001340,386,645,839,160,100
985,6,457,JK009268,4121,932,1257,263,71
985,457,839,JK009268,4127,1018,1400,311,99
985,364,839,Sham19Y0023618,1543,462,936,387,99
985,509,839,Shamela0023628,3095,162,491,270,99
985,645,847,Shamela0012045,498,795,1003,163,95
985,364,645,Rafed0003257Vols,4717,764,1046,228,99
985,645,839,Rafed0003257Vols,4721,1253,1447,159,98
985,504,645,Sham19Y0020891,5736,273,415,115,99
985,645,839,Sham19Y0020891,5737,1414,1607,159,99
985,364,659,JK009270,4645,681,974,230,96
985,645,839,JK009270,4649,1023,1217,160,100
985,15,645,Meshkat0014420,4132,714,1584,414,54
985,712,839,Meshkat0014420,4136,0,127,105,100
985,351,545,JK006476,1617,1280,1486,157,94
985,10,839,ShamAY0036821,1702,386,1083,557,82
985,10,823,ShamAY0036821,1704,740,1421,544,81
985,645,839,ShamAY0036821,1705,1132,1323,156,97
985,277,645,Sham19Y0147312,1786,294,1131,284,41
985,645,839,Sham19Y0147312,1787,76,270,160,100
985,645,839,Shamela0004445,5362,1145,1339,160,100
985,457,847,Sham19Y0014592,915,582,975,316,98
985,457,801,Sham19Y0014592,1487,1199,1542,281,99
985,645,847,Sham19Y0014592,1859,524,732,163,95
985,220,509,Shamela0037458,3915,968,1533,235,51
985,509,774,Shamela0037458,3919,479,744,218,100
985,390,839,JK000791,2087,606,1072,332,85
985,645,839,ShamAY0035866,94,22,217,160,99
985,603,839,Shamela0000922,1115,134,733,181,37
985,457,654,Sham19Y0009800,355,1402,1598,160,99
985,654,839,Sham19Y0009800,356,0,184,152,99
985,457,645,Tafsir07076,338,495,683,153,100
985,457,645,Tafsir07076,2820,1299,1487,153,100
985,509,645,Tafsir07076,2932,1099,1235,111,100
985,509,645,Tafsir07076,5813,98,234,111,100
985,457,645,Shamela0009770,203,384,531,112,73
985,298,892,JK007018,701,0,608,462,89
985,249,839,JK009396,1415,992,1581,480,99
985,249,839,Sham19Y0023608,3545,144,733,481,99
985,620,781,Sham19Y0023608,3548,1113,1499,132,41
985,412,645,Shamela0009637,80,87,320,189,100
985,412,645,Meshkat00042488,1565,1028,1403,187,61
985,509,654,Shamela0012034,55,1362,1507,114,96
985,509,645,Shamela0021537,1803,401,537,111,100
985,509,634,Shamela0004473,6818,1588,1712,102,99
985,645,839,Shamela0004473,7048,1258,1452,160,100
985,509,645,Shamela0004473,17030,1064,1200,111,100
985,457,645,Sham19Y0030863,18,214,402,153,100
985,386,839,Shia002356Vols,1101,569,1060,336,78
985,189,401,ShamAY0034059,6133,760,958,160,90
985,364,556,ShamAY0034059,6136,52,250,155,96
985,545,839,ShamAY0034059,6140,0,298,241,98
985,6,509,Shia002380Vols,711,522,1402,334,44
985,645,839,ShamAY0001202,182,460,653,159,99
985,645,839,JK009365,205,444,638,160,100
985,457,645,Tafsir02102,3188,850,1038,153,100
985,645,839,Shamela0008473,491,906,1100,160,100
985,10,839,Shamela0008473,4270,258,1166,585,70
985,457,645,Shia002382Vols,2196,11,225,148,85
985,6,839,Shamela0023591,6101,458,1164,575,84
985,6,645,Shamela0023591,6111,903,1416,416,79
985,620,839,Shamela0023591,6118,1257,1473,164,86
985,364,645,JK009266,8083,716,997,226,99
985,620,839,JK009266,8085,977,1247,177,80
985,645,839,Sham19Y0016728,97,962,1156,160,100
985,364,839,Shamela0021821,1669,830,1306,388,99
985,645,839,ShamAY0034815,616,34,228,160,100
985,645,839,Sham19Y0132620,66,67,261,160,100
985,645,839,JK000071,408,342,536,160,100
985,645,839,Shamela0008476,438,992,1184,158,98
985,10,539,JK009362,7465,1170,1584,323,74
985,539,839,JK009362,7466,0,303,246,98
985,509,839,JK001110,94,61,391,269,99
985,509,645,JK009257,849,41,177,111,100
985,6,457,JK006478,8103,370,934,272,49
985,6,839,Rafed0003943Vols,1413,142,1386,571,51
985,1136,1475,Shamela0010273,2905,885,1584,174,26
985,457,645,Shamela0010273,2906,1450,1638,153,100
985,645,839,Shamela0010273,2909,386,579,159,99
985,412,645,Shamela0007798,8164,1009,1347,188,68
985,509,645,Sham19Y0014404,1354,1146,1282,111,100
985,504,645,Meshkat00057178,3274,1208,1349,112,97
985,457,638,Masaha000554Vols,5416,180,362,145,97
985,6,839,QuranAnalysis001,213,260,967,576,84
985,10,839,ShamAY0037387,362,594,1303,571,83
985,189,785,Rafed0001713Vols,2386,868,1576,475,81
985,645,839,JK001098,65,91,285,160,100
985,645,839,Tafsir04056,590,813,1007,160,100
985,6,367,Shamela0000041,2290,614,849,192,65
985,351,839,Shamela0000041,2291,503,1020,397,94
985,6,839,Shamela0023578,2809,38,744,575,84
985,10,287,JK000876,1383,34,397,150,42
986,1123,1576,Sham19Y0023618,1545,792,1208,242,61
986,115,250,Tafsir09084,2197,1363,1522,106,83
986,1048,1576,Tafsir09084,2199,49,844,260,32
986,1314,1576,Meshkat0014420,4138,87,347,207,96
986,1119,1542,ShamAY0036821,1705,1266,1540,222,64
986,928,1477,Shamela0037458,3921,695,1255,204,29
986,1119,1576,JK000791,2089,172,615,270,65
986,1322,1564,JK009396,1417,1343,1584,195,99
986,1322,1576,Sham19Y0023608,3549,1233,1488,205,99
986,1119,1576,Shia002356Vols,1101,1001,1311,247,66
986,1416,1576,ShamAY0034059,6146,312,473,129,99
986,1349,1576,Shia002380Vols,713,94,539,173,47
986,115,436,Shamela0008473,4271,1210,1587,174,48
986,1048,1267,Shamela0008473,4272,1004,1351,87,29
986,1048,1576,Shamela0008473,4273,540,887,263,62
986,1349,1576,Shia002382Vols,1639,266,1097,170,25
986,1119,1576,Shamela0023591,6101,1106,1419,252,68
986,1441,1576,Shamela0023591,6119,0,136,110,99
986,1322,1576,JK009266,8088,529,782,204,98
986,1119,1576,JK009362,7466,244,558,252,67
986,0,1153,Tafsir08060,462,768,1485,348,34
986,1352,1576,Rafed0003943Vols,1415,0,225,182,99
986,1322,1576,Shamela0010273,2910,902,1157,205,99
986,0,602,Tafsir09071,996,818,1446,189,28
986,447,1259,Sham19Y0014404,1355,34,833,237,24
986,1456,1576,Shamela0008612,96,0,121,98,99
986,1119,1576,QuranAnalysis001,213,909,1222,252,68
986,1119,1576,ShamAY0037387,362,1245,1558,252,67
986,602,1526,Rafed0001713Vols,2389,199,1552,467,38
986,595,968,Tafsir04042,2011,843,1082,138,40
986,1322,1576,Shamela0000041,2294,117,406,182,78
986,1322,1576,Shamela0023578,2813,959,1214,205,99
987,0,215,Shia001432Vols,2515,705,920,173,99
987,0,158,Shia001432Vols,5910,331,496,123,91
987,0,219,Shamela0023632,3181,499,717,172,97
987,0,215,JK009268,4128,83,298,175,100
987,0,149,Shamela0023628,3097,1150,1299,121,99
987,0,215,Rafed0003257Vols,4725,618,832,171,98
987,762,1069,Tafsir09083,1392,1059,1478,130,34
987,762,1315,Tafsir09084,2199,687,1024,157,30
987,0,215,JK009270,4654,1335,1550,175,100
987,0,189,Meshkat0014420,4140,1353,1541,154,99
987,349,833,Meshkat00042485,5999,380,769,183,42
987,0,149,Shia002550Vols,285,77,226,122,100
987,0,176,Shamela0037458,3924,1376,1551,143,99
987,0,149,JK000791,2090,1328,1477,122,100
987,1031,1315,Shamela0021766,3942,178,813,147,28
987,0,242,JK009396,1418,13,262,192,93
987,0,142,Sham19Y0023608,3549,1488,1629,116,99
987,0,149,ShamAY0034059,6148,1295,1446,122,98
987,309,1315,Shia002380Vols,713,103,848,332,35
987,0,242,Shamela0008473,4273,887,1159,196,88
987,762,1315,Shamela0008473,4274,978,1358,153,29
987,309,1315,Shia002382Vols,1639,275,1355,332,27
987,309,1053,Shia002382Vols,2199,1193,1563,202,29
987,937,1134,AOCP202502141169Vols,2316,349,659,75,29
987,0,173,Shamela0023591,6101,1419,1590,137,97
987,0,219,Shamela0023591,6119,136,354,172,97
987,0,149,JK009266,8094,217,366,122,100
987,964,1388,Tafsir10098,1425,351,1167,184,26
987,0,215,JK009362,7466,558,780,172,95
987,0,215,JK006478,8112,832,1048,173,97
987,362,833,Tafsir01006,1333,377,871,206,41
987,0,149,Meshkat00057178,3278,87,659,122,26
987,0,215,QuranAnalysis001,213,1222,1437,175,100
987,337,1375,Rafed0001713Vols,2390,453,1433,355,29
987,32,215,Shamela0000041,2295,227,410,149,100
987,0,215,Shamela0023578,2813,1214,1428,171,98
988,311,935,Shia001432Vols,3962,615,1236,478,92
988,311,580,Shamela0023632,3183,1041,1312,218,99
988,580,792,Shamela0023632,3184,1330,1541,168,99
988,505,767,Tafsir03097,1459,625,1259,205,40
988,311,880,JK009268,4128,298,868,460,99
988,311,665,Sham19Y0023618,1547,1093,1449,285,99
988,505,880,Sham19Y0023618,1548,320,781,232,61
988,404,580,Shamela0023628,3099,0,177,142,99
988,543,885,Shamela0023628,3100,232,640,275,83
988,604,787,Rafed0003257Vols,2061,147,332,142,97
988,311,880,Rafed0003257Vols,4727,31,603,461,99
988,1405,1555,Sham19Y0020891,5751,1090,1297,100,60
988,607,767,Sham19Y0020891,5752,0,160,126,100
988,580,767,JK010001,1575,1209,1396,147,98
988,311,665,JK009270,4659,541,892,280,98
988,665,885,JK009270,4663,957,1177,178,99
988,306,880,Meshkat0014420,4143,493,1066,462,98
988,346,880,ShamAY0036821,1709,0,526,419,96
988,665,810,JK000373,93,48,193,116,100
988,128,239,Shamela0001466,3138,34,254,85,48
988,580,705,Sham19Y0147312,1789,1368,1491,97,98
988,311,580,Sham19Y0147312,1789,93,361,217,99
988,710,880,Sham19Y0147312,1790,593,763,142,100
988,580,880,Shamela0004445,380,510,810,243,100
988,311,600,Shamela0004445,388,1339,1628,233,98
988,600,880,Shamela0004445,389,0,280,227,100
988,580,726,Sham19Y0014592,1669,487,638,107,90
988,580,767,Sham19Y0014592,1680,88,274,147,99
988,311,632,Sham19Y0014592,1689,220,555,257,94
988,228,1076,Zaydiyya0000062,1794,687,1487,343,38
988,580,880,Shamela0010517,2742,688,988,243,99
988,311,1052,Shamela0037458,3927,745,1460,362,46
988,586,885,Shamela0037458,3929,708,1001,205,84
988,311,880,JK000791,2091,936,1506,460,99
988,30,378,Shamela0021766,3944,18,250,165,55
988,484,691,Shamela0000922,1117,694,1489,163,25
988,306,653,JK007018,703,902,1513,277,55
988,311,580,JK009396,1420,50,320,217,99
988,543,880,JK009396,1420,758,1173,269,80
988,311,880,Sham19Y0023608,3555,608,1179,461,99
988,311,921,Shamela0001340,167,148,630,205,30
988,454,665,Meshkat00042488,1570,9,651,167,32
988,580,759,Shia003721Vols,290,1354,1532,140,99
988,311,915,Shia003721Vols,299,302,919,473,94
988,580,710,Shamela0004473,10807,969,1099,101,100
988,580,810,Shamela0004473,15970,750,980,183,100
988,600,767,Sham19Y0030863,20,0,167,131,100
988,580,880,Sham19Y0145435,5076,11,310,243,99
988,228,966,Shia002356Vols,1104,560,1302,513,81
988,378,580,ShamAY0034059,6154,966,1170,163,99
988,543,691,ShamAY0034059,6158,316,466,116,98
988,665,852,ShamAY0034059,6161,870,1059,152,98
988,484,835,Tafsir04038,604,329,695,189,50
988,311,815,Shia002380Vols,714,102,1217,402,44
988,517,767,JK001496,2126,1012,1240,164,83
988,62,454,Tafsir02091,1890,719,1106,214,57
988,530,852,Tafsir02102,3538,42,767,258,43
988,50,580,Shamela0008473,4276,256,756,266,52
988,491,880,Shamela0008473,4277,217,669,290,79
988,311,710,Shia002382Vols,1641,786,1548,318,52
988,416,767,Shia002382Vols,2202,961,1470,269,66
988,378,767,Tafsir07055,1641,504,808,177,47
988,311,885,Shamela0023591,6102,42,618,463,99
988,454,880,Shamela0023591,6127,0,427,346,99
988,361,892,JK009266,8096,0,543,422,95
988,505,880,Shamela0021821,1675,28,525,302,75
988,157,316,Sham19Y0013231,3652,49,542,111,29
988,311,885,JK009362,7466,780,1364,463,97
988,604,739,Shia001625,66,1318,1452,105,99
988,463,897,JK006478,8115,0,448,352,95
988,311,810,Rafed0003943Vols,1416,245,747,401,99
988,311,580,Shamela0010273,2916,1023,1294,218,99
988,580,915,Shamela0010273,2918,365,696,244,90
988,513,665,Shamela0007798,8182,0,588,120,25
988,471,665,Sham19Y0014404,1358,25,615,152,31
988,665,810,Rafed0003799Vols,210,403,548,116,100
988,484,665,JK000447,776,183,737,144,32
988,454,885,QuranAnalysis001,214,0,431,348,99
988,311,885,ShamAY0037387,363,176,755,463,98
988,429,880,Rafed0001713Vols,2393,0,453,365,99
988,604,721,Tafsir04056,2351,1318,1434,91,99
988,611,880,Tafsir04056,5162,0,221,161,74
988,683,852,Tafsir04056,6590,214,926,118,19
988,35,543,Shamela0000041,2296,681,1063,288,69
988,505,835,Shamela0000041,2297,71,521,249,68
988,409,580,Shamela0023578,2814,0,172,138,99
988,505,885,Shamela0023578,2818,179,703,305,72
989,987,1143,JK000330,193,851,1007,123,100
989,987,1226,Shia004050,313,952,1256,157,65
989,987,1187,Shia001432Vols,2515,933,1133,159,100
989,987,1242,Shia001432Vols,2684,554,860,169,69
989,1091,1477,Shia001432Vols,4497,191,453,205,65
989,987,1187,Shia001432Vols,10213,73,283,159,95
989,987,1187,Shia001432Vols,11956,440,650,159,95
989,987,1242,Shia001432Vols,11957,1103,1405,167,69
989,987,1187,Shia001432Vols,11961,497,715,158,91
989,987,1278,Shamela0023632,3187,61,352,233,100
989,1278,1568,Shamela0023632,3189,647,937,236,100
989,856,1568,JK009268,4135,49,783,507,78
989,987,1143,Sham19Y0023618,1549,433,589,123,100
989,1342,1568,Sham19Y0023618,1551,0,414,184,54
989,987,1125,Shia004030Vols,1331,1322,1458,107,98
989,987,1187,Shia004030Vols,1418,397,614,159,92
989,987,1187,Shia004030Vols,1420,193,400,158,96
989,1029,1242,Shamela0023628,3101,970,1183,171,100
989,1214,1527,Shamela0023628,3103,303,681,247,80
989,987,1242,Shia003710,264,264,838,108,23
989,987,1477,Rafed0003257Vols,4731,79,569,395,100
989,1443,1568,Rafed0003257Vols,4736,1336,1632,101,41
989,1204,1419,Tafsir09084,2205,1144,1564,171,50
989,987,1143,Sham19Y0020891,5755,853,1009,123,100
989,1301,1477,Sham19Y0020891,5763,0,176,143,100
989,1278,1477,JK010001,1443,888,1087,162,100
989,987,1117,JK010001,2995,350,480,101,100
989,683,1097,JK009270,4663,1031,1282,198,59
989,1091,1374,JK009270,4669,635,918,231,100
989,1361,1568,JK009270,4674,9,211,161,96
989,987,1527,Meshkat0014420,4148,679,1219,435,100
989,1204,1508,JK006476,1629,776,1553,231,36
989,987,1568,ShamAY0036821,1710,390,965,462,98
989,140,302,Meshkat00042485,6008,0,286,85,38
989,1143,1443,Tafsir02104,525,181,871,217,37
989,1152,1527,Sham19Y0147312,1791,1032,1420,295,93
989,963,1192,Sham19Y0147312,1791,133,353,167,92
989,1187,1412,Zaydiyya0000062,1799,630,861,183,96
989,1091,1498,Shamela0006947,11451,1090,1600,331,79
989,987,1180,Masaha000221,106,532,725,153,100
989,987,1187,Masaha000221,107,1183,1390,158,96
989,683,1094,Shamela0037458,3929,855,1103,199,59
989,1091,1242,Shamela0037458,3933,1019,1170,123,100
989,1230,1568,Shamela0037458,3935,293,657,275,92
989,918,1527,JK000791,2094,327,928,458,93
989,15,321,Shamela0021766,3945,670,1256,172,33
989,15,477,Tafsir02011,1555,501,856,128,31
989,15,214,Shamela0000922,1117,973,1119,88,51
989,1029,1374,Shamela0000922,1119,148,985,257,38
989,987,1187,Tafsir07076,5316,1330,1530,159,100
989,987,1477,JK007018,705,7,521,394,95
989,987,1187,Shia003744Vols,406,1179,1385,157,95
989,987,1477,JK009396,1422,907,1397,395,100
989,851,1527,Sham19Y0023608,3560,313,1081,497,77
989,15,223,JK000465,3630,607,1035,106,28
989,0,477,JK000818,591,176,551,163,35
989,1187,1477,Meshkat00042488,1572,528,1497,233,29
989,0,871,ShamIbadiyya0000075,827,560,1263,352,43
989,1354,1527,ShamAY0033108,1637,345,652,133,53
989,987,1187,Shia001423Vols,446,253,470,158,91
989,1301,1527,Shamela0009086,185,65,388,92,36
989,1005,1491,Shia002356Vols,1106,0,484,379,96
989,909,1164,ShamAY0034059,6165,338,544,163,79
989,1242,1460,ShamAY0034059,6172,554,775,178,98
989,0,1010,Shia002380Vols,714,530,1510,383,36
989,1010,1568,Shia002380Vols,715,589,1484,449,62
989,987,1143,JK001496,2128,1155,1312,123,99
989,1242,1477,JK001496,2131,947,1289,191,68
989,1354,1527,Tafsir02091,1893,1209,1519,133,53
989,1230,1354,Tafsir02102,3540,345,490,101,85
989,1354,1568,Tafsir02102,3541,243,1163,168,22
989,987,1242,Shamela0008473,3193,602,975,204,68
989,851,1477,Shamela0008473,4279,720,1362,454,78
989,1091,1242,Shamela0008473,4281,47,293,123,61
989,1204,1568,Shamela0008473,4284,408,1549,292,31
989,987,1187,Shia002382Vols,742,628,844,158,91
989,0,302,Shia002382Vols,1641,1217,1464,127,46
989,1091,1556,Shia002382Vols,1645,550,1258,339,55
989,1204,1568,Shia002382Vols,2207,21,375,275,89
989,1278,1477,Tafsir07055,1506,1091,1290,162,100
989,987,1117,Tafsir07055,3086,316,446,101,100
989,1187,1556,Tafsir05047,825,728,1541,289,43
989,987,1242,Masaha002028Vols,548,46,445,158,48
989,683,1568,Shamela0023591,6102,472,1194,586,81
989,987,1568,Shamela0023591,6134,171,752,469,100
989,987,1477,JK009266,8104,914,1404,395,100
989,1374,1568,JK009266,8109,700,1108,146,44
989,0,309,Shamela0021821,1675,95,328,124,42
989,987,1278,Shamela0021821,1676,954,1245,233,100
989,1214,1407,Shamela0021821,1677,1346,1548,126,70
989,1407,1568,Shamela0021821,1678,0,161,131,100
989,987,1187,Shia001122Vols,3465,740,957,159,92
989,987,1187,Shia002389Vols,1371,761,978,154,89
989,683,1218,JK009362,7466,1217,1601,300,66
989,1218,1568,JK009362,7467,0,352,285,99
989,992,1180,Zaydiyya0000003,127,994,1182,149,100
989,987,1187,Shia001174Vols,4422,58,275,159,92
989,987,1278,JK006478,8119,819,1112,233,98
989,1204,1527,JK006478,8122,1032,1511,259,66
989,0,783,Tafsir08060,463,977,1379,206,31
989,987,1187,PV2024060601,3465,740,957,159,92
989,1091,1527,Rafed0003943Vols,1418,69,505,354,100
989,305,909,Shamela0010273,2919,703,1389,253,36
989,987,1278,Shamela0010273,2920,993,1284,233,100
989,1278,1448,Shamela0010273,2923,1450,1619,139,99
989,1278,1419,Shamela0007798,8196,83,224,115,100
989,0,660,Tafsir01006,1335,91,984,269,32
989,15,477,Tafsir06048,1052,231,538,140,35
989,1192,1568,Tafsir06048,1054,308,1115,302,46
989,15,309,Tafsir04003,3523,714,1317,128,25
989,1091,1477,Sham19Y0014404,1360,108,1365,286,28
989,1143,1419,Meshkat00057178,3284,807,1424,225,44
989,1333,1568,Meshkat00057178,3285,258,997,178,29
989,1278,1419,Masaha000554Vols,3303,1105,1246,115,100
989,1242,1472,Masaha000554Vols,5442,834,1385,185,41
989,15,380,JK000447,776,539,799,115,35
989,683,1568,QuranAnalysis001,214,285,1007,586,81
989,683,1568,ShamAY0037387,363,608,1334,586,80
989,133,262,Rafed0001713Vols,2394,888,1091,74,45
989,909,1278,Rafed0001713Vols,2396,142,530,260,76
989,1230,1527,Rafed0001713Vols,2399,87,501,241,71
989,1230,1419,Tafsir04042,2020,937,1287,154,54
989,1278,1463,Zaydiyya0000476,703,1236,1535,151,61
989,1278,1419,Zaydiyya0000476,712,1294,1436,115,99
989,15,214,Tafsir04056,6589,250,427,92,46
989,1278,1443,Tafsir04056,7513,990,1155,135,100
989,15,806,Shamela0000041,2297,505,1475,352,39
989,1054,1242,Shamela0000041,2299,551,739,151,100
989,1214,1527,Shamela0000041,2300,533,872,254,92
989,683,1568,Shamela0023578,2818,557,1279,586,81
989,596,830,Shamela0023578,2819,554,835,124,49
989,1204,1568,Shamela0023578,2822,56,583,296,69
990,1298,1515,Tafsir09084,2205,1144,1363,139,66
990,801,1124,Meshkat00042485,6016,168,484,136,38
990,801,1515,Tafsir02104,525,4,525,198,27
990,801,1371,Shamela0009770,202,1090,1371,172,36
990,804,973,JK000818,592,83,354,101,44
990,801,1076,Tafsir02102,3539,581,1012,159,43
990,1298,1515,Shamela0008473,4284,408,627,139,66
990,801,948,Shia001174Vols,4423,714,984,112,50
990,801,1515,Sham19Y0014404,1360,71,831,219,25
991,1022,1204,Shamela0008381,866,1319,1501,148,100
991,656,1022,Shamela0008381,868,11,322,257,84
991,795,1042,Shia001432Vols,2173,689,949,199,92
991,1022,1207,Shia001432Vols,2324,1165,1351,146,97
991,1163,1423,Shia001432Vols,2515,1142,1403,212,99
991,61,465,Shia001432Vols,4497,277,453,136,41
991,61,795,Shamela0023632,3189,670,980,241,40
991,900,1296,Shamela0023632,3191,1095,1631,274,60
991,795,1022,Shamela0023632,3191,315,542,189,100
991,1329,1558,Shamela0023632,3194,409,638,186,99
991,1022,1204,Shamela0000894,1118,915,1097,148,100
991,656,1022,Shamela0000894,1119,1188,1499,257,84
991,61,1595,JK009268,4135,516,1625,897,71
991,201,465,Sham19Y0023618,1551,0,135,108,50
991,752,1022,Sham19Y0023618,1552,974,1244,223,100
991,1022,1423,Sham19Y0023618,1553,128,888,327,52
991,1423,1623,Sham19Y0023618,1554,400,601,163,99
991,193,947,Shamela0023628,3103,962,1557,390,57
991,947,1329,Shamela0023628,3105,21,403,311,100
991,1329,1623,Shamela0023628,3106,783,1078,241,99
991,61,465,Rafed0003257Vols,4731,393,569,136,41
991,752,1204,Rafed0003257Vols,4737,0,452,371,100
991,1204,1394,Rafed0003257Vols,4739,1448,1637,155,99
991,1394,1623,Rafed0003257Vols,4740,0,230,187,99
991,298,685,Tafsir09083,1399,430,1019,184,36
991,298,685,Tafsir09084,2206,163,667,177,37
991,61,465,Sham19Y0020891,5763,0,176,136,41
991,460,977,Sham19Y0020891,5763,1312,1633,261,61
991,1015,1204,Sham19Y0020891,5767,626,815,149,96
991,61,465,JK010001,1443,911,1087,136,41
991,656,1022,JK010001,3590,496,712,151,50
991,240,836,JK009270,4674,9,291,219,45
991,829,1163,JK009270,4681,1101,1433,273,99
991,1151,1423,JK009270,4685,324,626,223,90
991,1411,1623,JK009270,4689,806,1015,165,95
991,752,1022,Shamela0000140,2219,276,546,223,100
991,61,504,Meshkat0014420,4148,993,1200,161,44
991,883,1022,Meshkat0014420,4153,0,139,115,100
991,900,1290,Meshkat0014420,4155,179,614,248,64
991,1231,1554,Meshkat0014420,4157,895,1227,244,90
991,1432,1623,Meshkat0014420,4159,686,1266,148,31
991,989,1270,JK006476,1632,651,1042,215,68
991,1335,1602,JK006476,1634,54,330,213,93
991,61,1082,ShamAY0036821,1710,699,1288,464,55
991,1022,1623,ShamAY0036821,1711,663,1247,470,96
991,752,1015,Zaydiyya0000386,146,226,483,211,97
991,61,504,Sham19Y0147312,1791,1194,1401,161,44
991,656,952,Sham19Y0147312,1792,730,1036,194,75
991,1117,1423,Sham19Y0147312,1793,1176,1481,250,99
991,947,1117,Sham19Y0147312,1793,235,405,139,100
991,1423,1623,Sham19Y0147312,1794,1252,1453,163,99
991,1329,1524,Shamela0022769,1432,632,1134,147,36
991,61,494,Shamela0006947,11451,1307,1600,160,46
991,61,685,Shamela0037458,3935,390,645,199,39
991,752,947,Shamela0037458,3937,1042,1237,161,100
991,929,1231,Shamela0037458,3939,170,498,247,92
991,1204,1623,Shamela0037458,3941,622,1071,332,90
991,61,504,JK000791,2094,702,909,161,44
991,656,1022,JK000791,2096,555,866,257,84
991,952,1423,JK000791,2097,789,1257,345,90
991,1423,1623,JK000791,2099,1289,1490,163,99
991,752,1022,Shamela0012014,396,983,1253,223,100
991,504,1022,JK007018,706,1083,1455,286,65
991,829,1022,Rafed0000705Vols,1294,1435,1627,160,99
991,61,465,JK009396,1422,1221,1397,136,41
991,465,993,JK009396,1425,1296,1641,277,62
991,1290,1598,JK009396,1427,1252,1559,251,99
991,1022,1290,JK009396,1427,76,344,218,100
991,61,504,Sham19Y0023608,3560,855,1062,161,44
991,298,465,Sham19Y0023608,3564,256,512,89,39
991,465,1022,Sham19Y0023608,3564,1182,1569,295,64
991,1022,1290,Sham19Y0023608,3567,67,335,218,100
991,1290,1623,Sham19Y0023608,3569,803,1137,272,99
991,61,829,JK000818,592,689,1545,303,34
991,656,1022,ShamIbadiyya0000441,185,99,354,194,61
991,836,1204,Meshkat00042488,1574,126,1213,270,30
991,465,1290,Shamela0004473,8014,315,944,512,75
991,1022,1204,Shamela0004473,12803,545,725,147,98
991,233,581,ShamAY0033108,1637,345,730,156,43
991,1022,1478,Shamela0009086,185,617,945,121,26
991,61,465,Shia002356Vols,1106,294,470,136,41
991,465,1296,Shia002356Vols,1108,507,1126,495,73
991,1290,1591,Shia002356Vols,1109,1250,1544,238,97
991,795,1015,ShamAY0034059,6178,1497,1719,183,98
991,1082,1258,ShamAY0034059,6186,53,232,143,98
991,1231,1423,ShamAY0034059,6190,420,615,155,97
991,1373,1595,ShamAY0034059,6193,23,247,182,99
991,61,747,Shia002380Vols,715,1187,1494,221,38
991,752,1373,Shia002380Vols,716,86,1511,507,43
991,1373,1623,Shia002380Vols,717,16,297,203,88
991,61,465,JK001496,2131,1111,1289,136,40
991,460,1022,JK001496,2132,234,607,293,62
991,1022,1204,JK001496,2133,802,985,148,98
991,233,532,Tafsir02091,1893,1209,1541,151,51
991,1338,1541,Tafsir02091,1896,964,1511,161,35
991,894,1180,Tafsir02102,3543,683,1603,232,30
991,61,465,Shamela0008473,4279,1186,1362,136,41
991,233,685,Shamela0008473,4284,943,1538,224,37
991,752,1022,Shamela0008473,4285,0,270,223,100
991,947,1290,Shamela0008473,4288,517,995,280,71
991,1231,1623,Shamela0008473,4289,821,1298,318,81
991,947,1132,Shia002382Vols,1646,1159,1565,151,45
991,1329,1554,Shia002382Vols,1647,988,1579,153,29
991,947,1231,Shia002382Vols,2208,1061,1529,228,59
991,1022,1204,JK009265,361,685,867,148,100
991,61,465,Tafsir07055,1506,1114,1290,136,41
991,656,1022,Tafsir07055,3693,486,697,151,50
991,752,1132,Tafsir05047,826,252,1087,312,45
991,1293,1608,Tafsir05047,827,541,1160,251,49
991,947,1117,ShamAY0036031,91,947,1141,139,87
991,61,1151,Shamela0023591,6102,927,1592,534,59
991,1151,1623,Shamela0023591,6103,0,473,386,99
991,61,1022,Shamela0023591,6134,485,1022,430,54
991,1022,1450,Shamela0023591,6138,1208,1635,348,99
991,1450,1623,Shamela0023591,6139,0,174,142,99
991,61,465,JK009266,8104,1228,1404,136,41
991,253,1022,JK009266,8109,700,1376,380,51
991,989,1290,JK009266,8112,883,1544,244,45
991,1231,1623,JK009266,8116,243,779,319,72
991,752,1022,Shamela0021821,1678,1049,1319,223,100
991,929,1290,Shamela0021821,1679,646,1136,254,64
991,1379,1623,Shamela0021821,1681,24,282,188,86
991,61,1623,JK009362,7467,84,1240,919,70
991,1231,1623,JK001110,61,292,685,320,99
991,1022,1204,Shamela0000107,831,1360,1541,148,99
991,1329,1619,JK009257,855,0,908,234,31
991,752,989,Rafed0002341Vols,630,832,1069,194,98
991,61,504,JK006478,8122,1283,1492,161,44
991,102,1022,JK006478,8123,364,1445,449,43
991,1022,1290,JK006478,8126,81,350,218,98
991,1290,1623,JK006478,8129,249,589,272,97
991,61,504,Rafed0003943Vols,1418,279,486,161,44
991,947,1219,Rafed0003943Vols,1419,989,1261,222,100
991,1290,1623,Rafed0003943Vols,1420,1140,1474,272,99
991,656,1022,Shamela0010273,2925,480,791,257,84
991,1105,1290,Shamela0010273,2932,0,185,151,100
991,1290,1619,Shamela0010273,2935,93,422,268,100
991,1022,1204,Shamela0002908,16,128,310,148,100
991,947,1117,Shamela0007798,8202,682,1119,139,38
991,233,887,Tafsir06048,1054,802,1444,286,38
991,61,465,Sham19Y0014404,1360,799,1365,116,19
991,752,947,Sham19Y0014404,1361,653,1039,158,49
991,98,465,Meshkat00057178,3285,212,484,126,37
991,1042,1204,Meshkat00057178,3287,0,249,132,64
991,1293,1554,Meshkat00057178,3288,627,1162,157,32
991,61,1347,QuranAnalysis001,214,740,1601,694,65
991,1347,1623,QuranAnalysis001,215,0,277,226,99
991,752,947,SyriacStudies00001,8,1383,1579,161,99
991,61,1042,ShamAY0037387,363,1066,1624,445,54
991,1042,1623,ShamAY0037387,364,0,584,474,99
991,61,504,Rafed0001713Vols,2399,275,482,161,44
991,822,1022,Rafed0001713Vols,2400,0,200,166,100
991,989,1293,Rafed0001713Vols,2401,910,1457,245,55
991,1290,1623,Rafed0001713Vols,2403,264,598,272,99
991,61,894,Shamela0000041,2300,954,1597,368,45
991,900,1163,Shamela0000041,2302,403,643,181,84
991,1163,1423,Shamela0000041,2303,157,417,213,100
991,61,685,Shamela0023578,2818,1012,1267,199,39
991,61,685,Shamela0023578,2822,210,571,213,37
991,752,1015,Shamela0023578,2822,1377,1639,217,99
991,1015,1290,Shamela0023578,2823,0,275,224,100
991,947,1163,Shamela0023578,2825,205,809,176,35
991,1117,1623,Shamela0023578,2826,327,926,402,80
991,1329,1608,Shamela0023578,2827,740,1103,226,76
992,144,685,Shamela0008381,868,44,322,223,48
992,203,685,Shia001432Vols,2173,689,917,186,46
992,203,685,Shamela0023632,3191,315,542,186,46
992,730,1421,Shamela0023632,3191,1358,1631,221,39
992,144,685,Shamela0000894,1119,1221,1499,223,48
992,144,1454,JK009268,4135,775,1360,471,43
992,152,685,Sham19Y0023618,1552,982,1244,217,49
992,730,1454,Sham19Y0023618,1553,128,794,258,30
992,152,909,Rafed0003257Vols,4737,8,395,318,51
992,152,685,JK010001,3590,554,712,113,25
992,107,628,Shamela0000140,2219,933,1627,407,69
992,730,1411,Meshkat0014420,4155,347,614,217,39
992,152,678,Zaydiyya0000386,146,234,483,205,47
992,480,1274,Shamela0037458,3939,170,498,247,37
992,144,685,JK000791,2096,588,866,223,48
992,730,1454,JK000791,2097,856,1163,248,42
992,152,685,Shamela0012014,396,991,1253,217,49
992,720,1411,JK009396,1427,61,344,221,39
992,144,685,Sham19Y0023608,3564,1291,1569,223,48
992,730,1411,Sham19Y0023608,3567,67,335,217,39
992,244,678,Meshkat00042488,1574,126,471,155,37
992,144,1411,Shamela0004473,8014,398,944,440,42
992,152,1454,Shia002380Vols,716,94,1364,540,36
992,144,685,JK001496,2132,326,607,223,48
992,152,685,Shamela0008473,4285,8,270,217,49
992,535,894,Shia002382Vols,1646,1164,1565,157,40
992,152,406,Shia002382Vols,1646,282,631,166,53
992,152,406,Shia002382Vols,2208,72,534,167,41
992,535,817,Shia002382Vols,2208,1066,1583,117,25
992,144,685,Tafsir07055,3693,519,697,119,25
992,152,894,Tafsir05047,826,261,1087,325,38
992,144,909,Shamela0023591,6102,1186,1589,324,50
992,144,685,Shamela0023591,6134,744,1022,223,48
992,535,1454,Shamela0023591,6138,885,1515,309,34
992,144,685,JK009266,8109,1100,1376,223,49
992,541,1411,JK009266,8112,717,1544,285,28
992,152,685,Shamela0021821,1678,1057,1319,217,49
992,480,1411,Shamela0021821,1679,646,1136,239,26
992,144,909,JK009362,7467,344,753,324,50
992,144,685,JK006478,8123,1165,1445,223,48
992,535,1274,Rafed0003943Vols,1419,994,1273,227,37
992,144,685,Shamela0010273,2925,513,791,223,48
992,535,868,Shamela0007798,8202,687,1119,136,30
992,742,1252,Tafsir01006,1339,163,913,215,31
992,144,1454,QuranAnalysis001,214,999,1584,471,43
992,144,750,ShamAY0037387,363,1326,1624,239,46
992,652,1411,Rafed0001713Vols,2401,910,1454,253,32
992,762,931,Rafed0001713Vols,2402,33,545,118,29
992,535,770,Tafsir04056,6599,338,776,113,32
992,152,678,Shamela0023578,2822,1385,1639,211,48
992,730,1411,Shamela0023578,2823,7,275,217,39
992,535,909,Shamela0023578,2825,210,749,172,31
992,652,1189,JK000876,1392,305,1145,237,33
993,48,278,Shia001432Vols,2606,1080,1231,95,49
993,48,246,Shia001432Vols,20873,1341,1516,85,44
993,290,695,Shamela0023632,3194,409,634,181,54
993,258,753,JK009268,4135,1327,1625,225,55
993,54,453,JK009268,4140,19,322,143,42
993,430,1200,Sham19Y0023618,1554,400,676,218,35
993,390,1200,Rafed0003257Vols,4740,0,305,238,36
993,653,1200,Tafsir09084,2210,57,860,208,28
993,380,1040,JK009270,4689,713,1055,210,35
993,258,695,Meshkat0014420,4157,969,1227,194,54
993,296,1040,Meshkat0014420,4159,103,1306,294,25
993,258,1040,ShamAY0036821,1711,927,1287,270,42
993,217,349,Meshkat00042485,6029,7,164,83,63
993,552,924,Meshkat00042485,6031,1142,1548,192,49
993,54,281,Shamela0001466,3154,151,404,123,58
993,430,1040,Sham19Y0147312,1794,1252,1493,191,38
993,290,653,Shamela0022769,1432,632,1134,186,41
993,54,688,Zaydiyya0000062,1804,397,846,271,51
993,258,1040,Shamela0037458,3941,743,1111,278,43
993,349,1040,JK000791,2099,1053,1530,238,33
993,412,1057,Shamela0021766,3956,541,1577,285,29
993,556,1216,JK007018,708,0,259,186,35
993,243,753,JK009396,1427,1245,1557,228,54
993,258,1200,Sham19Y0023608,3569,809,1212,305,39
993,290,419,Sham19Y0023608,3571,77,460,80,24
993,430,1200,JK000818,594,0,775,281,36
993,401,1200,Meshkat00042488,1576,50,1331,291,23
993,0,334,Shia003721Vols,523,813,1120,76,19
993,349,1072,ShamIbadiyya0000075,830,8,702,332,47
993,299,1270,ShamAY0033108,1640,101,1402,377,31
993,48,516,Shia002356Vols,1110,430,863,153,34
993,349,1200,Shia002380Vols,717,16,535,309,42
993,54,290,JK001496,2135,1169,1450,127,54
993,54,677,Tafsir02091,1896,498,1518,252,26
993,258,1200,Shamela0008473,4289,972,1373,303,39
993,653,1040,Shamela0008473,4291,1081,1449,131,31
993,54,653,Shamela0008473,4291,99,878,229,31
993,54,695,Shia002382Vols,1647,790,1579,265,34
993,702,1200,Shia002382Vols,1648,12,376,151,31
993,349,1200,Shia002382Vols,2210,27,987,317,29
993,54,1028,Tafsir05047,827,455,1265,337,36
993,258,1200,Shamela0023591,6103,145,548,305,39
993,552,1200,Shamela0023591,6139,10,249,189,35
993,54,290,Shamela0023591,6141,29,296,108,48
993,258,1040,JK009266,8116,451,819,278,43
993,54,342,JK000458,3059,1114,1412,145,51
993,355,1040,Shamela0021821,1681,24,322,232,41
993,54,290,ShamAY0034694,1107,1359,1518,85,45
993,258,1040,JK009362,7467,909,1280,277,43
993,258,1200,JK001110,61,357,760,305,39
993,430,1330,JK009257,855,427,1228,265,28
993,252,1200,Rafed0003943Vols,1420,1140,1549,306,39
993,258,818,Shamela0010273,2935,99,422,246,53
993,607,836,Shamela0010273,2937,214,644,170,48
993,48,467,Tafsir01006,1340,206,789,226,43
993,252,430,Tafsir06048,1056,1386,1566,103,62
993,290,653,Tafsir04003,3533,383,1078,199,33
993,607,1275,Sham19Y0014404,1364,58,1136,280,27
993,290,695,Meshkat00057178,3288,742,1162,190,40
993,986,1427,Meshkat00057178,3289,777,1482,84,12
993,308,1200,QuranAnalysis001,215,0,352,277,38
993,258,1040,ShamAY0037387,364,255,624,278,43
993,258,1200,Rafed0001713Vols,2403,270,673,305,39
993,54,546,Rafed0001713Vols,2404,66,862,256,35
993,986,1200,Rafed0001713Vols,2405,847,1285,101,27
993,153,663,Shamela0000041,2303,1148,1546,222,50
993,258,1200,Shamela0023578,2826,598,1001,305,39
993,290,833,Shamela0023578,2827,740,1486,268,37
993,54,337,JK000876,1393,734,1300,156,34
993,430,1200,JK000876,1394,524,1223,269,34
994,386,606,Shia001432Vols,1733,22,243,179,99
994,606,978,Shia001432Vols,3962,1198,1569,300,99
994,379,606,Shia001432Vols,5560,1295,1523,185,99
994,245,360,Shia001432Vols,28968,1325,1440,93,100
994,99,418,Shamela0023632,3196,756,1075,252,98
994,413,689,Shamela0023632,3198,983,1260,223,99
994,689,970,Shamela0023632,3200,517,798,228,100
994,167,1052,JK009268,4141,0,905,693,94
994,182,649,Sham19Y0023618,1555,1001,1469,376,99
994,470,880,Sham19Y0023618,1556,871,1396,260,60
994,204,438,Shamela0023628,3108,958,1268,187,75
994,379,606,Shamela0023628,3109,1029,1387,172,59
994,606,949,Shamela0023628,3111,7,350,273,99
994,99,360,Rafed0003257Vols,4744,923,1191,210,97
994,311,606,Rafed0003257Vols,4747,989,1564,238,51
994,606,1052,Rafed0003257Vols,4749,1108,1574,341,90
994,649,789,Shamela0022593,2372,734,1427,110,20
994,233,360,Tafsir09084,2211,638,865,99,54
994,16,369,Sham19Y0020891,5776,315,678,260,87
994,606,789,Sham19Y0020891,5789,135,318,146,100
994,379,606,ShamAY0034005,951,567,879,185,72
994,108,360,JK009270,4695,481,733,195,96
994,360,571,JK009270,4701,181,392,170,100
994,571,689,JK009270,4704,958,1076,95,100
994,689,880,JK009270,4706,1086,1277,154,100
994,1095,1565,Shamela0000140,1677,45,312,204,52
994,99,360,Meshkat0014420,4161,1218,1490,210,95
994,360,606,Meshkat0014420,4164,39,285,199,100
994,606,880,Meshkat0014420,4166,635,909,220,100
994,379,606,Sham19Y0016584,3393,654,979,185,69
994,671,847,JK006476,1638,1012,1231,139,79
994,140,360,Shamela0002300,2760,519,737,174,99
994,336,679,ShamAY0036821,1714,1204,1548,277,99
994,679,847,ShamAY0036821,1715,0,169,135,99
994,16,140,Meshkat00042485,6035,36,153,86,81
994,233,379,Sham19Y0147312,1797,1218,1364,116,100
994,336,606,Sham19Y0147312,1798,688,971,198,86
994,606,789,Sham19Y0147312,1799,976,1159,146,100
994,649,949,Sham19Y0147312,1800,27,387,161,56
994,606,1052,Shamela0004445,396,367,833,341,90
994,657,880,Tafsir02067,895,811,1414,152,30
994,379,571,Sham19Y0018176,1823,1267,1475,156,91
994,395,811,Zaydiyya0000062,1809,132,541,234,59
994,99,360,Shamela0037458,3947,570,831,210,100
994,360,649,Shamela0037458,3951,961,1250,234,100
994,649,970,Shamela0037458,3955,1155,1476,259,100
994,379,606,JK000110,1320,66,391,185,69
994,99,379,JK000791,2101,851,1131,224,100
994,209,606,JK000791,2102,926,1440,240,51
994,606,1015,JK000791,2104,836,1245,331,100
994,379,606,JK009336,396,90,361,185,83
994,204,413,Shamela0000922,1122,777,1492,145,25
994,418,818,Shamela0000922,1123,329,1398,244,27
994,606,964,JK007018,710,1141,1532,287,90
994,379,606,Sham19Y0018103,3011,737,1062,185,69
994,99,360,JK009396,1430,245,520,210,94
994,360,606,JK009396,1431,919,1165,199,100
994,606,753,JK009396,1432,1427,1573,117,99
994,753,1052,JK009396,1433,0,319,224,85
994,99,379,Sham19Y0023608,3573,952,1232,224,100
994,360,606,Sham19Y0023608,3575,890,1380,199,50
994,606,1052,Sham19Y0023608,3578,230,696,341,90
994,606,763,Sham19Y0023608,3579,897,1547,122,23
994,684,880,Meshkat00042488,1580,964,1544,138,29
994,438,733,Meshkat00042488,1580,85,521,159,39
994,606,1052,Shia003721Vols,306,607,1073,341,90
994,108,571,ShamAY0033108,1642,358,1211,290,38
994,606,1052,Sham19Y0145435,5081,80,546,341,90
994,99,379,Shia002356Vols,1111,986,1264,219,97
994,238,789,Shia002356Vols,1113,97,698,375,72
994,649,818,ShamAY0034059,6217,101,272,134,98
994,259,413,ShamAY0034059,6264,721,877,121,95
994,649,780,ShamAY0034059,6275,107,239,94,90
994,182,438,Shia002380Vols,718,76,575,204,51
994,763,998,Shia002380Vols,719,448,1007,192,42
994,379,606,PV2024060602,1320,66,391,185,69
994,16,360,JK001496,2138,66,446,256,82
994,580,789,JK001496,2143,635,841,157,94
994,325,571,Tafsir02091,1899,0,561,199,43
994,296,470,Tafsir02102,3548,72,434,139,48
994,652,789,Shamela0008473,4173,0,137,109,100
994,99,360,Shamela0008473,4293,633,893,209,99
994,233,606,Shamela0008473,4294,578,1202,299,59
994,606,1052,Shamela0008473,4300,293,759,341,90
994,789,998,Shia002382Vols,1651,985,1516,171,39
994,204,438,Shia002382Vols,2212,806,1053,187,94
994,413,702,Shia002382Vols,2213,871,1323,222,61
994,571,880,Shia002382Vols,2214,128,625,235,58
994,632,733,Shamela0022650,4,766,867,80,100
994,379,611,JK009265,143,924,1156,188,99
994,413,571,Tafsir05047,830,32,480,114,31
994,470,675,ShamAY0036031,117,1317,1591,166,74
994,115,1052,Shamela0023591,6145,0,958,737,95
994,108,611,Shamela0023591,6146,1103,1606,399,98
994,611,1015,Shamela0023591,6147,0,404,327,100
994,16,379,JK009266,8123,877,1267,255,75
994,379,606,JK009266,8130,895,1122,185,100
994,657,1052,JK009266,8134,0,415,300,89
994,379,606,Tafsir10098,1437,831,1102,185,83
994,99,266,Shamela0021821,1682,630,797,134,100
994,133,606,Shamela0021821,1683,370,1101,317,49
994,379,606,Shamela0021821,1684,269,503,185,97
994,671,1015,Shamela0021821,1685,396,939,274,62
994,379,571,Sham19Y0018106,3153,1188,1397,156,91
994,379,536,Tafsir10066,1683,55,267,127,74
994,379,606,JK009362,2929,821,1049,185,99
994,379,606,JK009362,3902,1166,1394,185,99
994,160,1052,JK009362,7564,0,934,698,92
994,311,970,JK001420,719,29,1185,302,28
994,199,379,JK009257,856,890,1504,120,24
994,470,970,JK009257,857,852,1587,276,43
994,16,379,JK006478,8138,973,1320,258,82
994,249,606,JK006478,8146,0,552,246,51
994,606,1015,JK006478,8150,203,614,330,98
994,424,864,Tafsir08060,466,0,997,337,42
994,379,606,Sham19Y0013252,7028,527,874,185,65
994,155,360,Rafed0003943Vols,1423,699,926,152,84
994,360,970,Rafed0003943Vols,1424,128,1530,487,43
994,99,379,Shamela0010273,2939,1074,1354,224,100
994,238,606,Shamela0010273,2943,6,765,242,40
994,606,747,Shamela0010273,2945,1427,1567,112,99
994,747,880,Shamela0010273,2946,0,133,108,100
994,575,711,Shamela0007798,8226,0,137,93,84
994,133,360,Shamela0012293,4903,424,662,182,95
994,204,505,Tafsir06048,1058,931,1467,217,50
994,379,606,Tafsir06048,1059,858,1186,185,69
994,379,606,Sham19Y0013605,3617,369,694,185,69
994,413,571,Sham19Y0014404,1366,726,1290,123,26
994,606,733,Sham19Y0014404,1367,119,490,98,33
994,485,666,Meshkat00057178,3294,0,939,111,14
994,622,767,Meshkat00057178,3296,67,241,114,82
994,661,880,Meshkat00057178,3296,400,1265,153,21
994,606,780,Masaha000554Vols,5471,325,507,135,92
994,438,763,JK000447,783,794,1493,183,32
994,115,1052,QuranAnalysis001,215,387,1344,733,94
994,99,611,Rafed0001713Vols,2406,970,1483,411,99
994,571,883,Rafed0001713Vols,2411,164,585,250,73
994,536,880,JK001435,60,476,839,115,26
994,360,571,Tafsir04056,2569,139,351,170,99
994,204,341,Shamela0000041,2305,1354,1490,109,99
994,144,470,Shamela0000041,2306,293,711,203,51
994,559,944,Shamela0000041,2308,455,1033,310,66
994,508,693,Shamela0000041,2308,0,186,147,97
994,99,606,Shamela0023578,2829,4,512,409,99
994,187,413,Shamela0023578,2830,526,1017,167,42
994,438,1052,Shamela0023578,2832,206,1142,475,62
995,606,1253,JK009268,4141,151,363,166,32
995,606,1253,Sham19Y0023618,1555,1137,1349,166,32
995,359,1253,Rafed0003257Vols,4747,774,1487,208,19
995,648,1253,JK009270,4701,181,351,132,27
995,0,359,Shamela0000140,1677,312,668,247,83
995,648,1253,Meshkat0014420,4164,39,209,132,27
995,624,1253,ShamAY0036821,1714,1204,1399,152,30
995,946,1513,Meshkat00042485,6047,57,564,210,35
995,966,1253,Shamela0022769,1436,319,972,168,30
995,648,1253,JK009396,1431,919,1089,132,27
995,648,1253,Sham19Y0023608,3575,890,1303,136,20
995,263,1253,ShamAY0033108,1642,358,1170,233,20
995,648,1253,Shia002356Vols,1113,209,438,134,26
995,606,1413,Shia002380Vols,718,418,1512,318,27
995,613,1253,Tafsir02091,1899,0,520,163,22
995,559,1110,Tafsir02102,3548,66,434,138,25
995,296,1253,Shamela0008473,4294,590,1125,225,24
995,289,1228,Shia002382Vols,1650,373,1523,334,25
995,613,1253,Shia002382Vols,2213,0,1139,274,24
995,606,1253,Shamela0023591,6145,203,415,166,32
995,606,1253,Shamela0023591,6146,1313,1525,166,32
995,606,1253,Shamela0021821,1683,512,1025,174,23
995,8,667,Tafsir10066,1681,991,1452,165,24
995,1045,1253,Tafsir10066,1683,100,261,86,52
995,565,1253,JK009362,7564,136,372,176,32
995,648,1253,JK006478,8146,217,475,129,24
995,1045,1269,Tafsir08060,466,0,249,106,44
995,648,1253,Shamela0010273,2943,265,688,133,20
995,296,754,Tafsir01006,1342,732,1281,205,39
995,966,1513,Tafsir01006,1343,302,944,256,38
995,1045,1253,Tafsir06048,1059,903,1053,92,55
995,606,1253,QuranAnalysis001,215,590,802,166,32
995,606,1253,Rafed0001713Vols,2406,1189,1401,166,32
995,556,754,Rafed0001713Vols,2409,555,962,112,34
995,966,1340,Rafed0001713Vols,2410,618,1417,216,32
995,648,1253,Tafsir04056,2569,139,309,132,27
995,289,1121,Shamela0000041,2306,316,711,189,25
995,606,1253,Shamela0023578,2829,223,435,166,32
995,107,780,Shamela0023578,2830,548,1053,202,32
995,1045,1513,JK000876,1397,671,1397,125,16
996,163,322,Shamela0021715,1750,306,487,116,79
996,659,1504,Shia002380Vols,719,70,872,321,37
996,694,1504,Shia002382Vols,1651,505,1377,315,35
996,788,1504,Shia002382Vols,2214,628,1470,265,31
996,659,891,Sham19Y0014404,1367,167,562,140,42
996,659,1125,Shamela0000041,2308,607,919,215,54
997,972,1081,Shia001432Vols,2128,91,199,86,99
997,553,736,Shia001432Vols,3963,20,183,132,88
997,553,822,Shamela0023632,3203,330,579,200,91
997,822,1081,Shamela0023632,3205,736,995,209,100
997,553,1081,JK009268,4141,831,1339,411,96
997,553,822,Sham19Y0023618,1558,242,491,200,91
997,736,1081,Sham19Y0023618,1560,943,1514,267,57
997,553,884,Shamela0023628,3112,58,369,250,93
997,841,1081,Shamela0023628,3115,388,681,195,81
997,553,726,Rafed0003257Vols,4749,1500,1653,124,87
997,691,826,Rafed0003257Vols,4753,1278,1716,101,28
997,826,1081,Rafed0003257Vols,4754,0,255,206,100
997,709,857,Shamela0022593,2376,1059,1467,102,31
997,630,777,Tafsir09083,1410,833,1637,119,18
997,822,1081,Sham19Y0020891,5799,305,521,170,82
997,601,888,JK009270,4712,894,1305,216,65
997,955,1081,JK009270,4716,0,126,100,100
997,553,736,Meshkat0014420,4169,444,607,132,88
997,639,877,Meshkat0014420,4171,1324,1615,142,59
997,962,1081,Meshkat0014420,4173,1062,1210,94,80
997,841,1081,JK006476,1642,655,984,191,71
997,0,857,Tafsir02104,530,724,1550,348,37
997,553,736,Sham19Y0147312,1800,1211,1374,132,88
997,665,972,Sham19Y0147312,1801,618,929,221,79
997,972,1081,Sham19Y0147312,1802,38,147,86,100
997,553,736,Shamela0004445,396,759,922,132,88
997,700,822,Tafsir02067,897,221,586,96,32
997,590,877,Zaydiyya0000062,1811,930,1257,232,85
997,822,1074,Zaydiyya0000062,1813,518,829,199,78
997,590,736,Shamela0006947,20705,136,282,119,100
997,553,736,Shamela0037458,3959,395,558,132,88
997,736,1538,Shamela0037458,3961,785,1297,330,46
997,590,1333,JK000791,2107,199,972,509,72
997,116,253,Shamela0021766,3963,696,880,103,71
997,553,822,Tafsir02011,1566,639,1323,191,34
997,665,1000,Shamela0000922,1124,629,1248,186,36
997,884,1081,JK007018,713,610,818,158,93
997,972,1081,Shia003744Vols,410,680,789,86,100
997,553,736,JK009396,1433,245,408,132,88
997,736,884,JK009396,1437,30,178,120,100
997,884,1081,JK009396,1438,68,265,159,100
997,553,736,Sham19Y0023608,3578,622,785,130,87
997,665,884,Sham19Y0023608,3582,31,744,174,30
997,736,1081,Sham19Y0023608,3583,262,1483,279,28
997,1081,1439,JK000818,596,912,1363,182,43
997,665,884,Meshkat00042488,1582,7,846,173,25
997,888,1081,Meshkat00042488,1583,0,315,130,46
997,553,736,Shia003721Vols,306,999,1162,132,88
997,457,731,ShamIbadiyya0000075,832,741,1308,187,40
997,630,884,ShamAY0033108,1646,6,810,204,31
997,553,736,Sham19Y0145435,5081,472,635,132,88
997,687,1081,Shia002356Vols,1116,169,623,301,81
997,928,1081,ShamAY0034059,6240,733,887,121,98
997,457,719,Shia002380Vols,719,993,1568,157,30
997,745,1074,Shia002380Vols,720,80,694,263,52
997,822,1081,JK001496,2148,302,522,170,81
997,553,736,Shamela0008473,4300,685,848,132,88
997,736,884,Shamela0008473,4306,3,151,120,100
997,884,1081,Shamela0008473,4309,917,1113,158,99
997,350,793,Shia002382Vols,2215,262,763,209,42
997,777,1081,Shia002382Vols,2216,80,783,240,42
997,736,928,Sham19Y0013572,1058,27,218,156,99
997,553,1081,Shamela0023591,6145,884,1392,409,95
997,547,1081,Shamela0023591,6155,213,796,412,87
997,553,736,JK009266,8134,341,504,132,88
997,736,972,JK009266,8139,664,900,193,100
997,944,1081,JK009266,8142,144,317,107,78
997,639,1081,Shamela0021821,1687,0,1359,357,32
997,822,972,Tafsir10066,1688,101,505,119,35
997,884,1081,Shia003675Vols,477,352,549,158,98
997,822,1000,JK009362,5237,1408,1586,146,100
997,553,1081,JK009362,7564,855,1372,409,94
997,736,884,Shamela0010463,605,103,251,120,100
997,822,1081,JK001420,720,194,816,173,32
997,590,972,JK009257,858,379,1321,310,40
997,553,1149,JK006478,8153,628,1358,397,60
997,888,1081,JK006478,8156,873,1215,146,52
997,679,1064,Tafsir08060,467,12,759,277,45
997,653,972,Rafed0003943Vols,1425,1139,1455,253,97
997,590,736,Shamela0010273,2948,0,146,117,98
997,712,962,Shamela0010273,2951,1400,1646,191,93
997,972,1081,Shamela0010273,2954,1101,1210,86,100
997,826,972,Shamela0007798,8240,521,1030,112,27
997,972,1081,Shamela0007798,8241,213,322,86,100
997,670,1000,Tafsir06048,1061,0,754,269,43
997,972,1081,Shamela0010906,1761,895,1004,86,100
997,841,1107,Sham19Y0014404,1369,717,1403,192,34
997,756,884,Sham19Y0014404,1369,0,268,104,47
997,700,822,Meshkat00057178,3298,1021,1550,99,23
997,884,1081,Meshkat00057178,3300,859,1387,159,37
997,590,1044,JK000447,785,0,1470,294,23
997,553,877,QuranAnalysis001,215,1270,1573,246,93
997,877,1081,QuranAnalysis001,216,0,204,165,100
997,391,1055,Rafed0001713Vols,2413,865,1581,448,70
997,1055,1460,Rafed0001713Vols,2414,0,873,249,33
997,822,972,Tafsir04056,6618,469,865,123,37
997,590,884,Shamela0000041,2310,0,382,238,76
997,830,1081,Shamela0000041,2312,1074,1342,197,91
997,553,884,Shamela0023578,2832,1068,1379,250,93
997,553,841,Shamela0023578,2834,964,1542,214,44
997,830,1081,Shamela0023578,2835,764,1066,198,81
997,921,1081,Shamela0023578,2836,0,435,128,36
998,1299,1474,Shia001432Vols,2324,1361,1536,137,98
998,1326,1540,Shamela0023632,3206,1356,1570,173,100
998,635,1516,JK009268,4141,1099,1555,366,51
998,1299,1446,Sham19Y0023618,1561,920,1067,118,99
998,635,1360,Shamela0023628,3115,388,742,255,41
998,1360,1540,Shamela0023628,3116,322,503,145,99
998,1292,1540,Rafed0003257Vols,4756,1097,1346,196,97
998,1326,1540,Rafed0003257Vols,4757,353,1356,173,21
998,1299,1446,Tafsir09083,1415,517,664,118,99
998,1122,1471,Sham19Y0020891,5800,840,1119,188,66
998,1215,1540,Sham19Y0020966,326,712,1339,179,34
998,1299,1446,JK000030,264,830,977,118,99
998,1338,1471,JK010001,1849,956,1095,94,86
998,840,1348,JK009270,4716,0,175,137,33
998,1341,1540,JK009270,4719,46,246,157,97
998,1243,1471,Meshkat0014420,4173,1193,1382,152,82
998,1299,1446,Shamela0006879,52,930,1077,118,99
998,1299,1471,Sham19Y0147312,1802,1084,1256,138,100
998,1243,1540,Shamela0037458,3964,968,1227,209,86
998,984,1540,JK000791,2108,877,1287,236,53
998,715,1471,JK009396,1438,68,822,271,29
998,1353,1471,Sham19Y0023608,3447,877,1001,92,93
998,1238,1471,Sham19Y0023608,3585,598,859,156,74
998,1421,1540,Sham19Y0023608,3586,737,1113,96,31
998,993,1446,Meshkat00042488,1583,468,1299,193,25
998,635,1471,Shia002356Vols,1116,389,799,319,47
998,88,1048,Shia002380Vols,720,130,635,305,37
998,1299,1540,Shia002380Vols,720,850,1447,195,40
998,715,1471,JK001496,2148,323,1236,385,43
998,1292,1471,Shamela0008473,2618,1012,1202,142,93
998,1360,1471,Shamela0008473,3215,924,1035,88,100
998,1299,1471,Shamela0008473,4192,1206,1378,137,99
998,1243,1471,Shamela0008473,4310,389,603,155,82
998,835,1048,Shia002382Vols,1653,10,190,115,60
998,175,1048,Shia002382Vols,2216,80,923,312,32
998,1299,1471,JK009265,361,891,1063,137,99
998,1338,1471,Tafsir07055,1918,388,527,94,86
998,635,1471,Shamela0023591,6145,1152,1563,330,48
998,635,1540,Shamela0023591,6155,556,1038,387,52
998,1299,1471,JK009266,8143,687,859,137,99
998,1229,1471,Shamela0021821,1688,253,527,164,74
998,635,1490,JK009362,7564,1131,1563,343,49
998,1243,1471,JK006478,8156,1198,1389,151,81
998,1299,1449,Shamela0009789,32,1222,1372,119,98
998,1299,1446,JK010127,43,1036,1183,118,99
998,1243,1540,Rafed0003943Vols,1426,584,1179,204,39
998,1243,1471,Shamela0010273,2954,1193,1382,151,82
998,691,1314,Tafsir01006,1346,158,1012,327,41
998,175,1314,Sham19Y0014404,1369,81,1530,367,24
998,702,1540,QuranAnalysis001,216,0,446,358,52
998,1299,1474,SyriacStudies00001,12,1029,1206,139,98
998,993,1471,Rafed0001713Vols,2416,234,837,245,46
998,1229,1540,Kraken22041020274101,11,669,1003,123,35
998,1299,1446,Tafsir04056,608,290,437,118,99
998,1229,1495,Shamela0000041,2313,186,488,183,73
998,635,1540,Shamela0023578,2835,775,1308,402,53
998,1299,1471,Shamela0023578,2836,757,1520,129,21
999,0,140,Shamela0008381,865,357,497,114,100
999,0,140,Shamela0008381,868,683,823,114,100
999,728,952,JK000436,161,950,1240,148,59
999,0,140,Shia001432Vols,2173,1000,1140,114,100
999,0,194,Shamela0023632,3207,0,194,160,100
999,0,140,Shamela0000894,1120,243,383,114,100
999,0,140,Shia000812Vols,671,611,751,112,98
999,0,194,JK009268,4142,25,219,160,100
999,23,194,Sham19Y0023618,1562,1161,1332,141,100
999,0,194,Rafed0003257Vols,4756,1346,1540,160,100
999,278,706,Tafsir09084,2219,911,1490,213,40
999,728,1035,Tafsir09084,2220,143,497,177,54
999,0,140,Sham19Y0020891,5803,1157,1297,114,100
999,0,140,JK000030,251,325,465,114,100
999,0,140,JK010001,805,1072,1212,114,100
999,23,194,JK009270,4722,56,227,141,100
999,0,140,Shamela0000140,2220,399,539,114,100
999,1048,1572,Shamela0000140,2220,749,1289,377,80
999,0,194,Meshkat0014420,4176,479,673,160,100
999,0,140,Zaydiyya0000386,164,957,1097,114,100
999,0,140,Zaydiyya0000386,191,1496,1636,114,100
999,492,1078,Meshkat00042485,6064,6,437,131,19
999,1048,1526,Sham19Y0147312,1803,480,1144,156,27
999,728,1048,Shamela0037458,3966,752,1096,185,56
999,0,194,Shamela0037458,3967,1092,1286,160,100
999,0,194,JK000791,2108,1287,1481,160,100
999,728,1200,Shamela0021766,3967,397,1110,285,48
999,0,194,JK009396,1439,410,604,160,100
999,0,194,Sham19Y0023608,3586,1113,1307,160,100
999,669,952,JK000465,3665,231,591,172,56
999,0,140,Meshkat00042488,1584,786,1210,114,33
999,0,140,Shamela0021537,1237,1247,1387,114,100
999,0,140,Shamela0021537,1411,1305,1445,114,100
999,0,140,Shamela0021537,1548,143,283,114,100
999,0,140,Shamela0021537,5512,559,699,114,100
999,0,194,Shia002356Vols,1118,242,438,157,95
999,0,140,Zaydiyya0000142,405,946,1086,114,100
999,323,1370,Shia002380Vols,720,958,1549,304,34
999,0,140,JK001496,2150,346,488,114,98
999,23,174,Tafsir02102,3559,222,716,122,30
999,0,194,Shamela0008473,4311,949,1143,160,100
999,0,140,JK009265,489,769,909,114,100
999,0,140,Tafsir07055,857,1418,1558,114,100
999,669,1003,Shamela0012884,4566,567,991,180,50
999,0,194,Shamela0023591,6146,70,264,160,100
999,0,194,Shamela0023591,6155,1038,1232,160,100
999,0,194,JK009266,8145,1213,1407,160,100
999,0,140,Shamela0021821,1689,280,420,114,100
999,0,194,JK009362,7565,51,246,160,99
999,0,194,JK006478,8159,621,817,160,98
999,0,194,Shamela0010273,2957,9,203,160,100
999,0,140,Shamela0007798,8249,453,593,114,100
999,23,174,Sham19Y0014404,1371,284,671,119,37
999,23,194,JK000447,787,784,1368,105,22
999,0,194,QuranAnalysis001,216,446,640,160,100
999,0,140,SyriacStudies00001,9,22,162,114,100
999,0,197,Rafed0001713Vols,2417,1107,1304,162,100
999,0,202,Shamela0000041,2314,410,612,161,97
999,0,194,Shamela0023578,2835,1308,1502,160,100
1000,739,884,Shia001432Vols,338,1283,1428,116,100
1000,485,688,Shia001432Vols,545,505,714,159,94
1000,847,1028,Shia001432Vols,2325,0,181,144,100
1000,674,1028,Shia001432Vols,2516,208,562,283,100
1000,485,674,Shia001432Vols,22366,1296,1485,154,100
1000,739,975,Shia001432Vols,22611,247,483,188,100
1000,367,739,Shamela0023632,3209,562,965,272,83
1000,739,1028,Shamela0023632,3211,796,1085,230,100
1000,522,674,Sham19Y0013257,261,1327,1479,123,100
1000,522,683,Sham19Y0013257,690,1046,1209,124,94
1000,522,674,Sham19Y0013257,811,489,641,123,100
1000,739,884,JK000099,19,815,960,116,100
1000,176,513,Tafsir09050,3863,282,897,162,28
1000,290,1028,JK009268,4150,808,1569,535,81
1000,739,884,Sham19Y0150966,947,515,660,116,100
1000,367,828,Sham19Y0023618,1563,160,590,339,90
1000,811,1028,Sham19Y0023618,1564,181,777,171,36
1000,565,1028,Shamela0023628,3118,736,1199,372,100
1000,674,1028,Shamela0023628,3119,247,914,263,49
1000,424,739,Rafed0003257Vols,4759,510,832,257,97
1000,716,894,Rafed0003257Vols,4762,1551,1717,133,92
1000,894,1028,Rafed0003257Vols,4763,0,134,106,100
1000,884,1044,Shamela0022593,2386,496,909,113,34
1000,367,739,Sham19Y0020891,5806,1120,1481,290,95
1000,739,975,Sham19Y0020891,5811,430,666,188,100
1000,678,913,Tafsir09068,1052,1271,1648,127,41
1000,739,884,JK010001,2777,397,542,116,100
1000,739,975,JK010001,2868,808,1044,188,100
1000,485,674,JK010001,3054,378,567,154,100
1000,674,828,JK010001,3127,590,744,124,100
1000,706,828,JK010001,3235,790,912,98,100
1000,739,864,JK010001,3757,664,789,100,100
1000,447,674,JK009270,4726,674,901,185,100
1000,657,1028,JK009270,4731,737,1101,287,97
1000,463,1028,ShamAY0034106,290,233,1180,300,34
1000,0,196,Shamela0000140,2220,1289,1487,147,88
1000,424,674,Meshkat0014420,4178,1076,1337,204,95
1000,674,1028,Meshkat0014420,4180,1141,1495,283,100
1000,777,1059,JK006476,1646,1171,1474,208,85
1000,485,739,JK000101,442,267,521,207,100
1000,485,674,Shia001171,18,0,189,154,100
1000,485,674,Sham19Y0017687,77,549,738,154,100
1000,757,975,Kraken2102182324111,107,631,882,170,83
1000,757,975,Kraken2102182324111,252,493,744,170,83
1000,674,884,JK000373,285,299,509,169,100
1000,336,674,Sham19Y0147312,1804,1030,1327,227,81
1000,674,884,Sham19Y0147312,1806,702,912,169,100
1000,903,1028,Sham19Y0147312,1807,0,125,99,100
1000,797,960,Shamela0022769,1443,984,1437,127,34
1000,739,1028,Tafsir04040,1212,1259,1548,230,100
1000,695,879,Zaydiyya0000062,1817,0,184,148,98
1000,870,1023,Zaydiyya0000062,1817,1020,1191,121,88
1000,657,828,Shamela0006947,410,471,643,133,95
1000,424,762,Shamela0006947,3460,1324,1660,274,99
1000,522,683,Sham19Y0016826,1824,1173,1336,124,94
1000,372,884,Shamela0037458,3970,15,508,380,91
1000,840,1028,Shamela0037458,3972,481,696,135,76
1000,424,1028,JK000791,2111,846,1450,487,100
1000,565,1028,JK007018,715,197,678,316,73
1000,485,739,Rafed0003591Vols,240,1058,1312,207,100
1000,344,1007,Zaydiyya0000295Vols,588,958,1578,490,89
1000,657,1028,JK009396,1440,975,1339,287,97
1000,424,674,JK009396,1440,49,314,204,94
1000,367,674,Sham19Y0023608,3589,985,1261,215,86
1000,674,1037,Sham19Y0023608,3591,490,855,283,96
1000,706,884,Sham19Y0016953Vols,1438,578,756,143,100
1000,543,674,Shamela0001340,284,0,131,107,100
1000,688,1023,JK000818,599,378,1120,258,43
1000,277,674,Meshkat00042488,1585,247,764,247,51
1000,674,884,Meshkat00042488,1586,307,800,169,42
1000,485,678,JK000162,45,1318,1511,154,98
1000,811,1023,ShamIbadiyya0000075,835,532,975,167,47
1000,485,840,Rafed0003726Vols,1321,351,826,279,72
1000,447,1044,Rafed0003726Vols,1323,1125,1471,134,26
1000,456,674,JK001305,117,508,722,166,91
1000,485,739,Shamela0004473,1740,145,399,207,100
1000,485,674,Shamela0004473,5660,804,993,154,100
1000,828,975,Shamela0022371,267,603,751,117,99
1000,587,975,ShamAY0033108,1650,183,1488,302,28
1000,706,833,Shia003684Vols,2,1113,1240,99,97
1000,424,739,Shia002356Vols,1119,205,517,240,94
1000,739,1028,Shia002356Vols,1120,236,522,219,95
1000,747,1023,Zaydiyya0000037Vols,2564,449,724,220,99
1000,674,884,ShamAY0034059,6311,1176,1392,168,96
1000,739,975,ShamIbadiyya0000730,64,462,968,188,46
1000,447,1028,Tafsir04038,611,34,507,209,37
1000,66,1023,Shia002380Vols,721,147,1456,638,55
1000,485,674,Shamela0001419,492,707,896,154,100
1000,189,739,JK001496,2151,413,1150,353,55
1000,732,975,JK001496,2153,107,369,194,92
1000,739,1028,Tafsir02091,1907,11,1015,217,27
1000,522,674,Shamela0012024,266,384,536,123,100
1000,596,1028,Tafsir02102,3560,0,1059,327,38
1000,367,674,Shamela0008473,4314,723,994,217,86
1000,565,1028,Shamela0008473,4315,105,764,368,69
1000,864,1028,Shia002382Vols,1656,40,293,130,64
1000,169,333,Shia002382Vols,2218,370,772,98,28
1000,688,1028,Shia002382Vols,2219,693,1236,258,58
1000,522,828,Shia002382Vols,2219,74,397,220,78
1000,739,884,Zaydiyya0000075BK15,9,521,666,116,100
1000,739,884,Tafsir07055,2867,325,470,116,100
1000,739,975,Tafsir07055,2958,938,1174,188,100
1000,485,674,Tafsir07055,3144,1022,1211,154,100
1000,674,828,Tafsir07055,3216,736,890,124,100
1000,739,864,Tafsir07055,3864,173,298,100,100
1000,772,1028,Shamela0003055,2433,1060,1364,199,82
1000,358,1028,Shamela0023591,6162,0,638,501,92
1000,355,975,Shamela0023591,6163,979,1568,444,88
1000,367,739,JK009266,8149,964,1384,293,84
1000,720,1028,JK009266,8157,674,982,234,96
1000,485,674,Zaydiyya0000076BK16,20,612,801,154,100
1000,424,739,Shamela0021821,1690,461,775,256,99
1000,678,1028,Shamela0021821,1691,54,507,277,76
1000,485,674,Shamela0009066,210,539,729,154,99
1000,485,674,Shamela0036506,205,206,395,154,100
1000,450,1028,JK009362,7605,236,822,464,98
1000,447,683,JK001110,61,1054,1292,186,95
1000,450,706,Shia004695Vols,562,1218,1475,208,99
1000,485,674,JK000875,302,1085,1274,154,100
1000,424,683,JK001420,721,795,996,148,69
1000,674,1028,JK001420,722,50,495,192,53
1000,485,674,JK001327,288,531,720,154,100
1000,739,884,JK007060,784,322,467,116,100
1000,683,884,JK009257,860,992,1528,162,37
1000,485,683,JK001295,404,1208,1411,158,96
1000,706,1028,JK006478,8169,836,1157,246,93
1000,485,674,JK000082,258,1430,1638,150,88
1000,240,1028,Tafsir08060,468,0,556,295,43
1000,513,817,Rafed0003943Vols,1428,1262,1564,239,97
1000,828,1028,Rafed0003943Vols,1429,632,832,159,100
1000,743,884,Zaydiyya0000148,216,554,695,113,100
1000,333,739,Shamela0010273,2959,1048,1419,272,83
1000,739,1028,Shamela0010273,2963,142,431,230,100
1000,463,674,JK000064,896,5,207,158,92
1000,739,859,Zaydiyya0000075BK1,43,1334,1453,96,99
1000,859,1028,Zaydiyya0000075BK1,44,0,169,134,100
1000,532,899,Tafsir06048,1063,684,1484,286,44
1000,522,678,Sham19Y0020562,1216,558,714,123,98
1000,739,884,Rafed0003882,18,184,329,116,100
1000,485,683,JK001131,349,1219,1413,158,97
1000,565,884,Sham19Y0014404,1372,74,1480,254,22
1000,884,1028,Sham19Y0014404,1373,202,520,114,45
1000,674,884,Meshkat00057178,3306,142,987,169,24
1000,884,1028,Meshkat00057178,3307,152,590,114,32
1000,716,970,Masaha000554Vols,5503,996,1243,190,92
1000,66,1028,QuranAnalysis001,216,517,1232,577,74
1000,424,688,Rafed0001713Vols,2419,1139,1403,209,97
1000,565,1028,Rafed0001713Vols,2421,97,586,333,81
1000,688,922,Tafsir04042,2037,981,1490,188,45
1000,674,828,Zaydiyya0000132,26,118,281,124,94
1000,456,674,JK010568,213,944,1172,165,85
1000,662,879,Zaydiyya0000476,177,494,768,175,78
1000,662,879,Zaydiyya0000476,231,200,474,175,78
1000,757,960,Tafsir04056,6630,734,1344,152,31
1000,355,757,Shamela0000041,2315,579,944,288,87
1000,706,1028,Shamela0000041,2316,78,439,243,80
1000,129,1028,Shamela0023578,2838,87,1333,602,54
1000,447,1028,Shamela0023578,2839,573,1532,463,59
1000,884,1023,Zaydiyya0000388,29,1514,1653,110,100
1001,1274,1427,Shia001432Vols,467,1143,1296,123,100
1001,1274,1427,Shia001432Vols,545,709,862,123,100
1001,1006,1255,Shia001432Vols,2325,17,176,126,63
1001,516,1502,Shia001432Vols,2516,250,646,312,39
1001,578,1274,Shamela0023632,3211,796,1085,226,40
1001,1243,1401,Shamela0023632,3212,1343,1546,119,71
1001,516,1320,JK009268,4150,1257,1614,285,44
1001,1320,1561,JK009268,4151,0,242,195,99
1001,919,1427,Sham19Y0023618,1564,219,930,274,40
1001,1414,1561,Sham19Y0023618,1565,308,450,110,89
1001,516,1255,Shamela0023628,3118,887,1194,245,41
1001,302,1561,Shamela0023628,3119,251,1236,523,44
1001,1079,1427,Rafed0003257Vols,4763,5,287,225,81
1001,1026,1408,Shamela0022593,2386,496,1390,202,27
1001,1079,1388,Tafsir09084,2223,296,883,186,37
1001,1184,1430,Sham19Y0020891,5816,1086,1356,162,67
1001,516,1382,JK009270,4731,789,1228,320,45
1001,1351,1557,JK009270,4735,1103,1309,165,100
1001,1215,1557,ShamAY0034106,290,1135,1509,125,31
1001,516,1274,Meshkat0014420,4180,1183,1495,245,40
1001,1274,1414,Meshkat0014420,4182,1413,1552,112,99
1001,1414,1557,Meshkat0014420,4183,0,143,116,100
1001,1125,1474,JK006476,1647,651,1070,251,71
1001,1110,1394,Meshkat00042485,6078,518,998,204,52
1001,1083,1427,Sham19Y0147312,1807,0,278,222,80
1001,1427,1561,Sham19Y0147312,1807,1099,1234,109,99
1001,1204,1320,Shamela0022769,1444,12,214,85,52
1001,557,1274,Tafsir04040,1212,1253,1548,231,40
1001,278,1419,Zaydiyya0000062,1817,214,1344,487,41
1001,1274,1427,Shamela0006947,1376,459,611,122,99
1001,1069,1505,Shamela0037458,3972,552,927,293,83
1001,516,1401,JK000791,2111,1138,1576,350,49
1001,1427,1561,JK000791,2113,261,396,109,99
1001,1055,1274,Shamela0021766,3971,1139,1534,154,47
1001,1006,1557,JK007018,715,509,1214,355,54
1001,1239,1561,Zaydiyya0000295Vols,589,0,315,247,92
1001,516,1279,JK009396,1440,1027,1344,251,41
1001,1274,1557,JK009396,1441,235,518,228,100
1001,516,1255,Sham19Y0023608,3591,532,839,245,41
1001,1079,1557,Sham19Y0023608,3593,20,824,341,51
1001,13,840,JK000818,599,103,790,294,35
1001,1079,1502,Meshkat00042488,1587,25,1125,312,35
1001,516,1394,ShamIbadiyya0000075,835,303,1211,442,49
1001,1274,1427,Rafed0003726Vols,1322,184,337,123,100
1001,1274,1427,Shamela0004473,1740,399,552,123,100
1001,1274,1427,Shamela0004473,2407,578,731,123,100
1001,1274,1427,Shamela0004473,2752,110,263,123,100
1001,478,1427,Shia002356Vols,1120,73,679,374,45
1001,1375,1561,Shia002356Vols,1121,313,480,122,79
1001,548,1255,Zaydiyya0000037Vols,2564,412,724,229,40
1001,1314,1489,ShamAY0034059,6321,0,177,139,97
1001,1427,1561,ShamAY0034059,6324,292,428,109,98
1001,302,1379,Shia002380Vols,721,871,1631,443,45
1001,1379,1557,Shia002380Vols,722,0,457,143,38
1001,1066,1427,JK001496,2154,683,1220,198,42
1001,443,1427,Tafsir02102,3560,288,1381,383,33
1001,516,1255,Shamela0008473,4315,452,759,245,41
1001,1079,1557,Shamela0008473,4316,99,639,333,71
1001,992,1502,Shia002382Vols,1656,34,727,340,55
1001,1006,1351,Shia002382Vols,2219,1067,1316,191,67
1001,291,840,Shia002382Vols,2219,675,1067,202,37
1001,1091,1557,Shia002382Vols,2220,4,506,318,72
1001,1179,1557,Tafsir05047,835,0,660,219,38
1001,1006,1279,Shamela0003055,2433,1200,1369,130,60
1001,516,1561,Shamela0023591,6162,326,926,480,57
1001,516,1184,Shamela0023591,6163,1310,1568,207,38
1001,1215,1561,Shamela0023591,6164,8,341,268,95
1001,578,1279,JK009266,8157,693,987,232,41
1001,1184,1557,JK009266,8159,553,1383,287,43
1001,1079,1427,Shamela0021821,1691,899,1329,199,51
1001,571,1274,Shamela0021821,1691,211,507,231,41
1001,516,1561,JK009362,7605,504,1111,475,56
1001,1274,1427,JK001110,61,1287,1440,123,100
1001,1215,1502,JK000875,304,270,425,93,40
1001,1069,1502,JK001420,722,366,925,204,39
1001,1239,1557,JK006478,8171,385,727,242,87
1001,1006,1561,Rafed0003943Vols,1429,668,1494,362,48
1001,578,1279,Shamela0010273,2963,142,436,227,40
1001,1274,1427,Shamela0010273,2965,562,715,123,100
1001,1006,1427,Zaydiyya0000075BK1,44,5,322,253,75
1001,1215,1427,Shamela0007798,8257,94,748,152,27
1001,705,1394,Tafsir01006,1349,33,1076,376,42
1001,1079,1408,Tafsir06048,1064,84,612,211,48
1001,13,840,Sham19Y0014404,1372,234,1460,332,28
1001,1096,1505,Sham19Y0014404,1373,366,1528,295,31
1001,1006,1427,Meshkat00057178,3307,221,977,258,40
1001,1179,1550,Masaha000554Vols,5506,730,1077,263,84
1001,516,1561,QuranAnalysis001,216,920,1520,480,57
1001,5,1255,Rafed0001713Vols,2421,97,581,339,33
1001,1139,1427,Rafed0001713Vols,2423,0,430,222,63
1001,291,1169,Tafsir04042,2037,930,1547,267,34
1001,1006,1320,Tafsir04056,6631,445,889,122,27
1001,578,1502,Shamela0000041,2316,115,667,420,55
1001,516,1485,Shamela0023578,2838,1021,1543,418,53
1001,27,1337,Shamela0023578,2839,831,1607,442,37
1002,0,208,Shia001432Vols,4710,1037,1245,172,100
1002,0,208,Shamela0023632,3214,1213,1421,172,100
1002,0,501,JK009268,4151,242,748,412,99
1002,0,208,Sham19Y0023618,1565,450,658,172,100
1002,0,208,Shamela0023628,3119,1236,1444,172,100
1002,1126,1590,Shamela0023628,3120,636,1113,192,35
1002,0,208,Rafed0003257Vols,4767,1287,1495,172,100
1002,890,1395,Tafsir09084,2223,1109,1518,146,32
1002,0,208,Sham19Y0020891,5818,1311,1519,172,100
1002,0,266,JK009270,4739,1215,1480,219,99
1002,0,496,Meshkat0014420,4185,436,932,408,100
1002,0,401,JK006476,1649,462,1046,324,67
1002,0,208,JK000101,135,753,961,172,100
1002,0,355,JK000373,98,393,748,291,100
1002,803,1161,Meshkat00042485,6079,877,1240,153,38
1002,0,266,Sham19Y0147312,1807,1234,1499,219,99
1002,0,394,JK009158,5,302,714,323,95
1002,0,382,Shamela0006947,14176,587,969,313,100
1002,496,931,Shamela0037458,3972,696,896,159,45
1002,0,218,Shamela0037458,3974,1478,1695,180,99
1002,0,501,JK000791,2113,396,902,412,99
1002,496,948,Shamela0021766,3972,107,1209,273,30
1002,0,376,JK000365,1195,1226,1601,308,99
1002,32,355,JK000368,379,0,323,264,100
1002,6,394,JK007018,716,185,586,317,96
1002,0,394,Shamela0037325,1328,474,868,323,100
1002,0,355,Shamela0037325,1424,295,650,291,100
1002,0,501,Zaydiyya0000295Vols,589,315,828,412,96
1002,0,185,JK009396,1441,1383,1567,153,99
1002,185,394,JK009396,1442,0,209,170,100
1002,0,394,Sham19Y0023608,3596,203,597,323,100
1002,0,276,JK000381,5085,722,1003,227,98
1002,0,208,Shamela0001340,286,401,609,172,100
1002,0,237,Meshkat00042488,1588,258,836,180,38
1002,6,355,Shamela0004473,11261,63,469,248,73
1002,6,407,Shia002356Vols,1121,487,876,308,94
1002,6,276,ShamAY0034059,6331,519,792,222,98
1002,82,297,Zaydiyya0000142,1786,428,640,163,94
1002,774,1632,Shia002380Vols,722,54,722,341,42
1002,0,208,Shamela0001419,278,601,808,172,99
1002,0,208,Shamela0001419,280,5,213,170,99
1002,6,208,JK001496,2156,12,216,167,99
1002,496,931,Shamela0008473,4316,357,556,158,45
1002,0,394,Shamela0008473,4317,832,1226,323,100
1002,496,1632,Shia002382Vols,1656,328,1381,476,39
1002,496,1517,Shia002382Vols,2220,235,1582,386,28
1002,0,501,Shamela0023591,6162,926,1432,412,99
1002,0,208,Shamela0023591,6164,341,549,172,100
1002,496,931,JK009266,8159,1100,1300,159,45
1002,0,326,JK009266,8162,1292,1617,267,99
1002,0,208,Shamela0021821,1692,1136,1344,172,100
1002,6,467,JK009362,7605,1118,1592,379,96
1002,0,355,JK000367,11,325,680,291,100
1002,6,394,JK009257,862,220,815,180,30
1002,496,931,JK006478,8171,442,644,159,45
1002,6,496,JK006478,8173,980,1474,403,98
1002,0,355,Shamela0008206,39,421,776,291,100
1002,496,931,Rafed0003943Vols,1429,832,1406,159,24
1002,0,208,Shamela0010273,2969,286,494,172,100
1002,496,948,Tafsir01006,1349,821,1487,266,47
1002,496,687,Tafsir04003,3554,1090,1576,136,34
1002,496,803,Sham19Y0014404,1373,692,993,147,43
1002,0,237,Sham19Y0014404,1374,616,1003,178,56
1002,496,931,QuranAnalysis001,216,1232,1432,159,45
1002,60,501,QuranAnalysis001,217,0,446,361,98
1002,496,948,Rafed0001713Vols,2423,277,1538,274,26
1002,0,394,Rafed0001713Vols,2424,503,897,323,100
1002,0,208,Tafsir04056,2087,949,1102,116,68
1002,0,276,Shamela0000041,2317,721,997,227,100
1002,496,931,Shamela0023578,2838,1333,1533,159,45
1002,0,496,Shamela0023578,2839,77,573,408,100
1002,0,467,Shamela0023578,2841,611,1296,384,68
1003,1407,1604,Shia001432Vols,1777,930,1128,157,98
1003,1262,1516,Shamela0023632,3218,0,254,195,97
1003,1189,1604,JK009268,4151,724,1123,319,95
1003,1338,1604,Shamela0023628,3122,1056,1309,178,83
1003,1390,1604,Rafed0003257Vols,4775,1326,1536,164,95
1003,1407,1604,JK009270,4748,105,303,158,99
1003,1220,1590,Meshkat0014420,4187,1184,1554,296,100
1003,1189,1604,ShamAY0036821,1719,1089,1484,310,93
1003,1289,1604,Sham19Y0147312,1810,429,745,252,99
1003,1289,1604,Sham19Y0013550,513,986,1478,252,64
1003,1189,1583,Zaydiyya0000062,1821,69,752,313,57
1003,1338,1604,Shamela0037458,3979,931,1192,176,81
1003,1189,1490,JK000791,2115,1185,1558,210,68
1003,1490,1604,JK000791,2116,0,115,92,99
1003,1407,1590,JK007018,717,598,785,146,97
1003,1189,1590,Tafsir04039,3185,1053,1285,60,13
1003,1189,1604,Zaydiyya0000295Vols,589,803,1209,319,93
1003,1407,1604,JK009396,1443,1131,1329,158,99
1003,1407,1604,Sham19Y0023608,3602,1071,1269,158,99
1003,98,712,JK000818,600,603,1327,361,54
1003,1230,1604,Rafed0003726Vols,1324,804,1425,269,54
1003,1407,1590,Shamela0004473,10781,1086,1269,146,100
1003,1189,1604,Shia002356Vols,1122,556,959,307,91
1003,1220,1590,ShamAY0034059,6339,498,903,290,89
1003,1329,1604,Shamela0008473,4319,960,1371,217,65
1003,1189,1506,Shia002382Vols,1657,537,1375,237,34
1003,306,712,Shia002382Vols,1657,28,520,202,40
1003,1386,1604,Shamela0023591,6163,0,219,175,99
1003,1189,1604,Shamela0023591,6171,319,718,319,95
1003,1189,1604,JK009266,8164,1075,1474,319,95
1003,1220,1604,Shamela0021821,1694,834,1194,274,88
1003,1189,1604,JK009362,7606,15,417,319,94
1003,1189,1460,JK006478,8177,1362,1628,204,93
1003,1460,1604,JK006478,8178,0,147,115,97
1003,1289,1535,Rafed0003943Vols,1430,1344,1589,196,99
1003,1373,1590,Sham19Y0014404,1376,221,883,170,32
1003,1189,1604,QuranAnalysis001,217,422,821,319,95
1003,1367,1604,Rafed0001713Vols,2427,857,1171,189,74
1003,1220,1420,Shamela0000041,2318,1419,1618,160,99
1003,1220,1604,Shamela0023578,2842,946,1331,308,99
1004,1396,1528,Shia001432Vols,1903,192,325,108,99
1004,1048,1528,Shamela0023632,3220,796,1084,233,59
1004,1048,1528,JK009268,4151,1066,1354,233,59
1004,1048,1528,Sham19Y0023618,1568,595,883,233,59
1004,1048,1528,Shamela0023628,3123,1079,1564,233,42
1004,1371,1528,Sham19Y0020891,5825,272,430,129,99
1004,1129,1528,Meshkat0014420,4190,780,1026,199,61
1004,1308,1528,ShamAY0036821,1721,476,676,138,77
1004,1048,1528,JK000791,2116,58,346,233,59
1004,687,1501,Tafsir02011,1574,20,1127,338,32
1004,877,1501,Shamela0000922,1128,33,396,124,21
1004,877,1528,JK007018,717,661,1141,227,34
1004,1048,1528,Zaydiyya0000295Vols,589,1150,1443,233,58
1004,1371,1528,JK009396,1444,821,979,129,99
1004,1371,1528,Sham19Y0023608,3605,388,546,129,99
1004,503,1474,JK000818,601,478,1522,404,38
1004,1129,1512,Meshkat00042488,1591,299,1111,183,25
1004,1396,1528,Shamela0004473,8015,1423,1556,108,99
1004,1015,1528,Shia002380Vols,723,684,1130,258,50
1004,1129,1528,Tafsir02102,3565,694,1378,178,29
1004,1371,1528,Shamela0008473,4322,42,199,128,98
1004,63,945,Shia002382Vols,1657,541,1395,311,33
1004,945,1512,Shia002382Vols,1658,730,1325,280,45
1004,401,945,Shia002382Vols,2222,250,773,232,42
1004,1396,1528,JK009265,332,415,549,105,95
1004,1048,1528,Shamela0023591,6163,162,450,233,59
1004,1371,1528,Shamela0023591,6177,1085,1243,129,99
1004,1371,1528,JK009266,8173,156,314,129,99
1004,329,1528,JK009362,7606,91,650,438,45
1004,1371,1501,JK001420,723,633,815,106,71
1004,1129,1501,Rafed0003943Vols,1431,742,1277,176,31
1004,1129,1528,Shamela0010273,2979,78,324,199,61
1004,698,1239,Tafsir01006,1352,112,911,228,31
1004,73,1433,Tafsir06048,1066,151,1302,458,34
1004,1129,1501,Meshkat00057178,3313,815,1332,186,36
1004,1048,1528,QuranAnalysis001,217,764,1052,233,59
1004,508,1209,Rafed0001713Vols,2427,663,1218,281,39
1004,895,1129,Rafed0001713Vols,2428,401,712,120,45
1004,1333,1528,Rafed0001713Vols,2429,17,239,160,87
1005,0,502,Shia001432Vols,1903,325,825,401,98
1005,105,405,Shia001432Vols,22520,667,966,239,98
1005,276,497,Shia001432Vols,22629,75,235,117,65
1005,30,321,Shamela0023632,3222,957,1248,234,100
1005,330,592,Shamela0023632,3223,955,1217,216,100
1005,63,348,Tafsir03097,1478,986,1653,226,42
1005,0,233,JK009268,4151,1354,1586,189,99
1005,233,592,JK009268,4152,0,359,293,100
1005,30,330,Sham19Y0023618,1569,714,1013,240,99
1005,395,592,Sham19Y0023618,1570,0,197,163,100
1005,0,276,Shamela0023628,3124,0,276,223,100
1005,233,592,Shamela0023628,3125,0,449,292,79
1005,0,592,Rafed0003257Vols,4778,66,657,481,99
1005,176,452,Rafed0003257Vols,4780,246,1257,208,25
1005,258,438,Tafsir09083,1424,979,1502,146,34
1005,158,497,Tafsir09084,2228,10,1041,270,32
1005,0,176,Sham19Y0020891,5825,430,606,145,100
1005,0,321,Sham19Y0020891,5826,769,1132,185,59
1005,258,497,Sham19Y0020891,5827,1096,1380,165,69
1005,405,642,Tafsir09068,1057,1008,1546,171,37
1005,176,405,JK010001,2721,1177,1406,182,100
1005,0,281,JK009270,4751,393,673,224,98
1005,276,497,JK009270,4754,1216,1437,180,100
1005,0,592,Kraken22021802055303,157,697,1294,437,89
1005,105,592,Meshkat0014420,4192,365,852,396,100
1005,23,592,JK006476,1654,585,1497,439,58
1005,0,592,ShamAY0036821,1721,676,1260,462,96
1005,1254,1490,Meshkat00042485,6095,1037,1419,154,50
1005,300,558,Meshkat00042485,6098,950,1516,209,45
1005,0,208,Sham19Y0147312,1811,96,301,152,89
1005,105,597,Sham19Y0147312,1812,34,619,376,78
1005,276,542,Shamela0022769,1450,193,941,211,34
1005,105,610,Shamela0012820,539,487,1136,128,20
1005,305,567,Zaydiyya0000062,1824,585,1575,209,25
1005,176,398,Zaydiyya0000062,1824,8,232,176,98
1005,0,276,Shamela0037458,3982,507,783,223,100
1005,236,592,Shamela0037458,3985,769,1176,280,80
1005,0,176,JK000791,2116,346,522,145,100
1005,30,555,JK000791,2117,1005,1624,389,75
1005,0,363,Shamela0000922,1128,827,1477,188,36
1005,363,617,Shamela0000922,1129,0,284,126,54
1005,30,592,JK007018,718,416,999,451,94
1005,176,481,Tafsir04039,3189,24,902,242,34
1005,0,246,Zaydiyya0000295Vols,589,1443,1691,199,97
1005,246,585,Zaydiyya0000295Vols,590,0,345,277,97
1005,30,597,JK009396,1445,826,1393,460,99
1005,71,592,Sham19Y0023608,3607,0,520,422,99
1005,105,321,Sham19Y0023608,3608,566,1453,172,24
1005,330,546,Sham19Y0023608,3609,138,1382,167,16
1005,30,335,Meshkat00042488,1592,31,665,243,47
1005,387,617,Meshkat00042488,1593,5,837,175,25
1005,236,533,ShamIbadiyya0000075,838,1033,1612,238,50
1005,405,592,Rafed0003726Vols,1323,24,411,155,48
1005,276,617,ShamAY0033108,1655,0,909,263,35
1005,0,800,Shia002356Vols,1124,142,910,513,74
1005,176,410,ShamAY0034059,6358,1209,1446,182,97
1005,330,592,Tafsir04038,613,528,906,203,65
1005,592,949,Shia002380Vols,723,883,1141,153,50
1005,0,585,Shia002380Vols,724,296,1007,476,82
1005,8,592,JK001496,2160,0,1478,390,32
1005,220,578,Tafsir02091,1911,594,1587,285,35
1005,47,574,Tafsir02102,3566,0,1247,415,41
1005,0,592,Shamela0008473,4323,725,1315,478,99
1005,105,497,Shamela0008473,4324,14,1192,314,33
1005,592,1018,Shia002382Vols,1658,1044,1530,199,42
1005,0,294,Shia002382Vols,1659,1109,1497,220,68
1005,300,574,Shia002382Vols,1660,44,616,224,47
1005,592,1018,Shia002382Vols,2223,337,1338,216,25
1005,294,497,Shia002382Vols,2225,0,208,165,96
1005,0,592,JK009265,332,549,1137,478,98
1005,176,438,Tafsir07055,2812,526,832,133,43
1005,0,220,Tafsir05047,837,1193,1501,177,69
1005,0,617,Shamela0023591,6163,450,1101,494,92
1005,0,266,Shamela0023591,6177,1243,1508,214,99
1005,266,627,Shamela0023591,6178,0,345,276,93
1005,0,617,JK009266,8173,314,939,499,97
1005,176,330,Tafsir10098,1447,1272,1555,121,54
1005,30,497,Shamela0021821,1696,1015,1525,334,75
1005,0,176,Shamela0021821,1696,75,251,145,100
1005,592,1341,Tafsir10066,1706,808,1559,263,33
1005,0,592,JK009362,7606,650,1253,482,98
1005,276,497,JK001110,94,771,992,180,100
1005,176,592,JK006478,8185,149,570,337,98
1005,0,617,Rafed0003943Vols,1432,66,859,495,76
1005,0,276,Shamela0010273,2979,324,600,223,100
1005,1179,1522,Shamela0010273,2981,307,820,212,47
1005,276,592,Shamela0010273,2982,527,842,258,99
1005,363,592,Shamela0007798,8276,0,1177,185,19
1005,896,1522,Tafsir01006,1353,18,721,311,45
1005,0,373,Tafsir06048,1067,506,1433,301,40
1005,381,592,Tafsir06048,1068,0,368,171,56
1005,674,1280,Sham19Y0014404,1377,128,789,245,36
1005,1234,1514,Sham19Y0014404,1377,730,1252,134,29
1005,330,497,Sham19Y0014404,1378,78,428,137,47
1005,79,497,Meshkat00057178,3315,40,1471,312,26
1005,158,585,Masaha000554Vols,5529,131,569,336,93
1005,105,592,JK000447,791,88,494,151,31
1005,0,530,QuranAnalysis001,217,1052,1581,430,99
1005,0,800,Rafed0001713Vols,2429,239,1137,585,73
1005,1179,1522,Rafed0001713Vols,2430,171,825,231,43
1005,176,330,Tafsir04056,2481,420,574,121,100
1005,225,405,Tafsir04056,6647,855,1514,93,17
1005,405,574,Tafsir04056,6648,152,852,127,22
1005,592,860,Shamela0000041,2320,799,1572,163,25
1005,0,276,Shamela0000041,2321,28,304,223,100
1005,79,592,Shamela0000041,2321,880,1542,417,77
1005,305,592,Shamela0000041,2322,0,518,233,54
1005,0,617,Shamela0023578,2843,78,695,498,99
1005,0,276,Shamela0023578,2848,959,1546,223,46
1005,276,592,Shamela0023578,2849,11,511,258,62
1005,760,1522,JK000876,1410,138,1129,341,38
1005,352,578,JK000876,1411,44,457,162,47
1006,1323,1532,JK000330,364,138,377,120,64
1006,840,1269,Masaha002069Vols,157,172,605,341,98
1006,882,1456,Shia001432Vols,1055,0,198,148,32
1006,863,1298,Shia001432Vols,2516,1086,1521,350,99
1006,1298,1556,Shia001432Vols,2517,0,259,202,99
1006,840,1214,Shia001432Vols,8354,1136,1509,299,99
1006,1332,1456,Shia001432Vols,8389,734,858,99,100
1006,840,1269,Shia001432Vols,16645,340,772,341,98
1006,840,1269,Shia001432Vols,17580,892,1323,340,98
1006,212,682,Shamela0023632,3223,955,1217,215,55
1006,840,1259,Shamela0023632,3224,745,1165,337,99
1006,1304,1554,Shamela0023632,3227,0,250,195,100
1006,109,675,JK009268,4152,43,359,254,54
1006,811,1319,JK009268,4159,1047,1553,396,93
1006,1319,1556,JK009268,4160,0,238,185,99
1006,781,1205,Sham19Y0023618,1570,797,1189,304,89
1006,402,682,Sham19Y0023618,1570,0,197,163,70
1006,1184,1554,Sham19Y0023618,1571,910,1353,293,83
1006,1332,1456,Shia004030Vols,740,505,630,99,99
1006,1332,1456,Shia004030Vols,1034,568,692,99,100
1006,109,687,Shamela0023628,3125,134,454,257,54
1006,781,1456,Shamela0023628,3126,834,1477,507,93
1006,1108,1554,Shamela0023628,3127,437,1385,350,46
1006,109,682,Rafed0003257Vols,4778,342,657,256,54
1006,840,1332,Rafed0003257Vols,4787,935,1436,396,98
1006,1332,1556,Rafed0003257Vols,4791,440,665,175,99
1006,1332,1556,Zaydiyya0000044,207,141,366,175,99
1006,14,675,Tafsir09084,2228,247,1361,329,32
1006,1168,1456,Sham19Y0020891,5832,862,1598,212,35
1006,1168,1554,Sham19Y0020966,329,555,914,193,51
1006,412,682,Tafsir09068,1057,1008,1436,170,42
1006,1398,1556,Tafsir09068,1059,7,466,95,27
1006,1259,1554,JK009270,4764,822,1117,232,100
1006,109,675,Meshkat0014420,4192,536,852,254,54
1006,840,1045,Meshkat0014420,4194,1360,1575,167,94
1006,1205,1556,Meshkat0014420,4197,672,1024,279,99
1006,212,661,JK006476,1655,302,1001,226,36
1006,1332,1556,Shamela0029677,686,735,960,175,99
1006,901,1556,JK000373,17,241,897,521,99
1006,146,631,Meshkat00042485,6098,940,1513,282,53
1006,781,947,Meshkat00042485,6100,864,1017,125,92
1006,109,682,Sham19Y0147312,1812,298,614,258,54
1006,1123,1556,Sham19Y0147312,1814,372,1079,343,61
1006,94,618,Shamela0022769,1450,183,941,277,41
1006,1259,1438,Shamela0022769,1452,206,817,143,29
1006,1332,1456,Shia001142Vols,454,690,814,99,100
1006,901,1123,Sham19Y0013550,514,995,1353,178,62
1006,109,650,Zaydiyya0000062,1824,481,1575,286,31
1006,578,1116,Zaydiyya0000062,1825,60,582,315,64
1006,1259,1556,Zaydiyya0000062,1826,1095,1509,234,71
1006,840,1084,Rafed0001121,572,1268,1512,198,99
1006,1449,1554,JK007040,494,1096,1201,80,100
1006,1449,1554,JK007040,495,127,232,80,100
1006,109,687,Shamela0037458,3985,860,1181,259,54
1006,840,998,Shamela0037458,3987,1430,1587,130,99
1006,1332,1554,Shamela0037458,3991,0,222,173,100
1006,109,631,JK000791,2117,1346,1624,228,53
1006,212,1123,JK000791,2118,334,1258,419,41
1006,1309,1456,JK000791,2120,0,147,117,100
1006,1332,1456,Shia001153,280,10,134,98,99
1006,840,1155,Shamela0000922,1129,495,1078,213,43
1006,1205,1554,Shamela0000922,1130,370,965,210,42
1006,1259,1554,JK007018,719,564,864,232,98
1006,749,1556,Zaydiyya0000295Vols,562,732,1488,589,89
1006,114,887,Zaydiyya0000295Vols,590,36,469,308,46
1006,109,682,JK009396,1445,1072,1388,258,54
1006,840,1259,JK009396,1446,444,878,337,96
1006,1259,1554,JK009396,1447,474,769,232,100
1006,109,682,Sham19Y0023608,3607,205,520,256,54
1006,781,1259,Sham19Y0023608,3612,1199,1644,349,90
1006,1259,1554,Sham19Y0023608,3616,68,363,232,100
1006,14,682,JK000818,602,609,1455,328,41
1006,394,622,Meshkat00042488,1593,5,508,150,35
1006,1355,1556,Meshkat00042488,1595,0,627,134,26
1006,1205,1532,ShamIbadiyya0000075,840,45,896,260,38
1006,412,675,Rafed0003726Vols,1323,24,411,152,43
1006,1259,1480,Rafed0003726Vols,1328,6,458,169,47
1006,1176,1459,ShamAY0033108,1656,592,1414,225,33
1006,1095,1456,Shia002356Vols,1126,0,357,278,96
1006,1363,1556,Shia002356Vols,1127,802,1265,142,39
1006,988,1332,ShamAY0034059,6373,526,876,272,97
1006,1259,1556,ShamAY0034059,6375,888,1189,233,98
1006,212,1252,Tafsir04038,613,528,1538,477,44
1006,1332,1480,Tafsir04038,614,15,262,113,57
1006,109,1184,Shia002380Vols,724,572,1562,617,60
1006,1184,1556,Shia002380Vols,725,12,858,295,43
1006,1332,1456,Shia003692,270,742,869,99,97
1006,781,1123,JK001496,2161,271,931,247,46
1006,1332,1456,JK001496,2163,25,149,99,100
1006,1259,1459,Tafsir02091,1913,66,546,158,41
1006,14,657,Tafsir02102,3566,378,1247,322,40
1006,109,682,Shamela0008473,4323,1001,1315,254,54
1006,14,675,Shamela0008473,4324,405,1498,328,33
1006,657,1259,Shamela0008473,4325,214,801,380,73
1006,1259,1554,Shamela0008473,4327,27,322,232,100
1006,1332,1456,Shia002382Vols,1625,275,399,99,100
1006,173,1068,Shia002382Vols,1660,44,1348,527,46
1006,1332,1456,Shia002382Vols,2183,0,124,99,100
1006,173,682,Shia002382Vols,2225,6,912,258,30
1006,1220,1554,Shia002382Vols,2227,0,381,263,86
1006,109,682,JK009265,332,825,1137,254,53
1006,1168,1456,Tafsir05047,839,579,1202,210,41
1006,109,926,Shamela0023591,6163,726,1101,300,45
1006,109,682,Shamela0023591,6178,10,332,256,53
1006,223,1327,Shamela0023591,6181,567,1569,491,42
1006,1327,1556,Shamela0023591,6182,0,230,179,99
1006,863,1556,Shamela0023591,6184,20,715,552,99
1006,109,682,JK009266,8173,589,904,257,54
1006,781,1462,JK009266,8179,544,1274,528,88
1006,1259,1556,Shamela0021821,1699,277,575,234,99
1006,1442,1554,Rafed0003793Vols,1089,965,1077,82,96
1006,1332,1456,Shia002389Vols,2615,216,340,99,100
1006,840,1269,Shia002389Vols,2681,115,547,338,97
1006,1332,1456,Shia002389Vols,2682,1077,1201,99,100
1006,1259,1438,Tafsir10066,1713,130,980,140,20
1006,109,682,JK009362,7606,934,1253,255,54
1006,866,1556,JK009362,7653,862,1556,550,99
1006,840,1269,Rafed0002565Vols,387,396,829,341,98
1006,1123,1554,JK009257,864,290,1015,263,43
1006,781,1123,JK006478,8187,258,586,240,81
1006,1259,1456,JK006478,8191,0,199,158,98
1006,1367,1556,JK006478,8192,925,1391,141,38
1006,109,682,Rafed0003943Vols,1432,342,815,262,46
1006,894,1456,Rafed0003943Vols,1433,536,1100,447,98
1006,109,682,Shamela0010273,2982,527,842,256,54
1006,412,988,Shamela0010273,2984,118,402,165,32
1006,1019,1456,Shamela0010273,2986,1042,1517,239,57
1006,1342,1556,Shamela0010273,2987,582,1413,163,25
1006,412,682,Shamela0007798,8276,484,1177,126,20
1006,1282,1456,Shamela0007798,8281,303,743,137,38
1006,388,947,Tafsir06048,1068,0,622,287,46
1006,1259,1508,Tafsir06048,1069,672,1162,195,50
1006,212,697,Sham19Y0014404,1378,158,1196,241,25
1006,827,1152,Sham19Y0014404,1379,10,735,236,40
1006,1259,1554,Sham19Y0014404,1380,33,793,232,38
1006,109,532,Meshkat00057178,3315,918,1471,202,39
1006,1259,1554,Meshkat00057178,3319,22,808,227,36
1006,1243,1536,Masaha000554Vols,5537,1294,1604,224,90
1006,1413,1554,Masaha000554Vols,5539,174,590,109,33
1006,109,606,QuranAnalysis001,217,1328,1581,207,50
1006,606,1556,QuranAnalysis001,218,0,767,611,80
1006,109,682,Rafed0001713Vols,2429,515,830,256,54
1006,840,1349,Rafed0001713Vols,2431,1019,1529,410,99
1006,1349,1462,Rafed0001713Vols,2432,0,112,88,98
1006,1390,1554,Rafed0001713Vols,2434,144,509,127,44
1006,1332,1456,Shia001134,460,1057,1181,99,100
1006,185,435,Tafsir04042,2045,12,182,103,49
1006,412,657,Tafsir04056,6648,152,852,139,23
1006,1332,1456,Tafsir04056,6663,831,955,99,100
1006,3,687,Shamela0000041,2321,1185,1547,283,50
1006,178,682,Shamela0000041,2322,0,518,283,55
1006,781,1205,Shamela0000041,2322,945,1328,307,90
1006,1108,1554,Shamela0000041,2323,371,910,352,82
1006,109,682,Shamela0023578,2843,354,669,256,54
1006,781,1352,Shamela0023578,2849,1020,1558,424,92
1006,109,833,Shamela0023578,2849,11,564,311,44
1006,849,1108,Shamela0023578,2850,90,418,205,77
1006,1205,1556,Shamela0023578,2851,65,537,279,74
1006,375,863,JK000876,1411,85,744,255,39
1007,125,729,Zaydiyya0000062,1825,744,1439,241,33
1007,88,745,JK001496,2161,366,916,247,36
1007,837,1546,Shia002382Vols,1661,386,1001,265,36
1007,119,1200,Tafsir10066,1710,629,1524,363,36
1007,677,1052,Sham19Y0014404,1379,603,1321,184,29
1007,441,827,Meshkat00057178,3317,769,1173,148,36
1008,723,970,JK000818,604,124,363,125,56
1008,0,970,ShamIbadiyya0000075,840,419,1104,320,36
1008,714,970,Shamela0021821,1700,277,586,125,45
1008,0,372,Tafsir08060,470,298,686,149,39
1008,723,970,Sham19Y0014404,1381,60,450,116,30
1008,714,930,Shamela0000041,2325,1155,1453,87,28
1008,889,1404,JK000876,1414,479,796,124,25
1009,905,1066,Shamela0008381,870,440,601,133,100
1009,629,868,Shia001432Vols,1777,1281,1519,191,99
1009,905,1090,Shia001432Vols,2325,194,396,140,83
1009,0,175,Shia001432Vols,2517,386,561,142,100
1009,175,629,Shia001432Vols,21682,878,1332,369,100
1009,905,1084,Shia001432Vols,21900,40,224,130,85
1009,629,770,Shia002185Vols,1172,870,1011,113,100
1009,629,770,Shia002185Vols,2715,566,707,113,100
1009,84,530,Shamela0023632,3230,416,862,363,100
1009,530,905,Shamela0023632,3234,450,825,303,100
1009,905,1061,Shamela0023632,3237,218,374,129,100
1009,629,853,Shamela0000894,7078,53,277,179,100
1009,0,1061,JK009268,4160,365,1426,862,100
1009,0,226,Sham19Y0023618,1572,1281,1506,183,99
1009,629,905,Sham19Y0023618,1575,904,1180,222,100
1009,0,407,Shamela0023628,3131,1105,1511,332,99
1009,18,391,Shamela0023628,3132,413,1341,295,39
1009,513,782,Shamela0023628,3134,0,326,215,81
1009,751,1072,Shamela0023628,3135,311,636,251,94
1009,0,292,Rafed0003257Vols,4791,792,1084,237,100
1009,240,629,Rafed0003257Vols,4796,298,747,317,86
1009,639,840,Rafed0003257Vols,4798,1413,1612,160,99
1009,738,1061,Rafed0003257Vols,4800,352,1144,258,40
1009,655,770,Tafsir09083,1432,20,338,90,35
1009,84,315,Tafsir09084,2233,846,1272,174,49
1009,655,905,Tafsir09084,2237,794,1412,197,39
1009,905,1061,Tafsir09084,2238,29,413,93,26
1009,88,292,Sham19Y0020891,5844,0,204,167,100
1009,292,542,Sham19Y0020891,5847,1348,1597,203,99
1009,629,853,Sham19Y0020891,5850,1213,1437,179,100
1009,874,1066,Sham19Y0020891,5854,679,937,151,70
1009,629,797,JK010001,3266,1388,1554,131,97
1009,0,246,JK009270,4769,669,914,194,97
1009,240,629,JK009270,4773,1217,1606,317,100
1009,676,853,JK009270,4778,0,177,139,98
1009,853,1061,JK009270,4781,120,328,172,100
1009,0,530,Meshkat0014420,4201,252,782,430,100
1009,292,1061,Meshkat0014420,4205,68,837,625,100
1009,629,770,Sham19Y0016584,3410,983,1124,113,100
1009,315,605,JK006476,1660,1111,1404,229,97
1009,530,751,JK006476,1661,785,984,147,82
1009,655,962,JK006476,1662,169,642,248,64
1009,770,905,Tafsir01005,2283,956,1108,109,88
1009,905,1061,Shamela0006879,52,1211,1367,129,100
1009,0,461,ShamAY0036821,1724,1154,1605,365,97
1009,461,1049,ShamAY0036821,1725,0,578,463,97
1009,0,292,Shamela0001466,3208,135,424,232,96
1009,0,175,Sham19Y0147312,1815,869,1044,142,100
1009,142,629,Sham19Y0147312,1817,15,920,395,53
1009,629,905,Sham19Y0147312,1818,1120,1396,222,100
1009,874,1061,Sham19Y0147312,1819,1193,1413,150,80
1009,292,629,Sham19Y0014592,422,710,1129,274,80
1009,629,770,Sham19Y0018176,1834,1250,1391,113,100
1009,292,905,Sham19Y0013550,515,226,863,300,46
1009,629,770,Sham19Y0013550,516,322,463,113,100
1009,0,190,Zaydiyya0000062,1829,224,419,150,94
1009,148,542,Zaydiyya0000062,1829,1138,1542,310,92
1009,518,782,Zaydiyya0000062,1831,19,314,211,88
1009,0,240,Shamela0037458,3993,693,933,194,100
1009,226,536,Shamela0037458,3997,1077,1431,250,87
1009,500,853,Shamela0037458,4000,376,789,281,84
1009,0,629,JK000791,2122,671,1300,511,100
1009,530,1034,JK000791,2125,1032,1566,370,83
1009,115,265,Shamela0021766,3985,287,436,120,98
1009,629,770,Shamela0023100,552,578,719,113,100
1009,265,1090,Shamela0022712,293,0,356,245,35
1009,0,175,Shamela0000922,1131,1069,1433,142,48
1009,482,770,Shamela0000922,1133,175,807,211,40
1009,853,1066,Shamela0000922,1134,39,296,172,81
1009,292,629,Tafsir07076,4423,931,1296,274,92
1009,0,292,JK007018,720,204,506,237,96
1009,178,629,JK007018,721,206,649,307,76
1009,567,1061,JK007018,722,165,737,392,84
1009,629,770,Sham19Y0018103,3027,604,745,113,100
1009,0,1054,Zaydiyya0000295Vols,563,21,1125,852,94
1009,0,292,JK009396,1448,675,967,237,100
1009,212,647,JK009396,1450,943,1428,305,77
1009,575,1061,JK009396,1453,295,866,377,80
1009,0,292,Sham19Y0023608,3619,472,764,237,100
1009,292,629,Sham19Y0023608,3623,126,463,274,100
1009,421,1039,Sham19Y0023608,3626,1030,1575,380,71
1009,905,1078,Sham19Y0023608,3630,248,435,141,91
1009,629,770,Shamela0021715,7496,1061,1202,113,100
1009,905,1061,JK000917,1404,669,825,129,100
1009,762,905,JK000381,4120,903,1182,112,49
1009,1061,1322,JK000465,3686,773,1311,142,31
1009,62,530,Meshkat00042488,1597,157,1347,376,38
1009,601,770,Meshkat00042488,1599,31,228,133,84
1009,883,1078,Meshkat00042488,1600,8,216,149,86
1009,629,770,Hindawi047090584,50,188,329,113,100
1009,500,898,ShamIbadiyya0000075,842,169,1110,306,40
1009,629,853,Shamela0004473,12895,1434,1658,179,100
1009,864,1044,ShamAY0033108,1662,738,1175,147,40
1009,586,776,JK000961,141,1318,1489,123,81
1009,148,629,Shia002356Vols,1128,0,471,382,97
1009,542,1066,Shia002356Vols,1131,100,591,368,83
1009,0,240,ShamAY0034059,6378,928,1172,194,98
1009,292,770,ShamAY0034059,6388,985,1467,386,98
1009,629,905,ShamAY0034059,6390,57,336,222,98
1009,853,1061,ShamAY0034059,6400,628,836,172,100
1009,905,1066,Shamela0000767,2013,66,234,130,93
1009,905,1061,Tafsir04038,615,825,1044,128,70
1009,0,203,Shia002380Vols,725,1241,1522,161,70
1009,488,983,Shia002380Vols,726,663,1442,381,60
1009,0,226,JK001496,2166,1285,1513,183,98
1009,292,629,JK001496,2168,179,517,274,99
1009,629,853,JK001496,2169,779,1007,179,98
1009,667,905,JK001496,2170,819,1151,95,26
1009,142,322,Tafsir02102,3573,221,644,148,42
1009,0,292,Shamela0008473,4329,1219,1511,237,100
1009,84,629,Shamela0008473,4331,692,1468,441,69
1009,530,1061,Shamela0008473,4335,697,1357,432,80
1009,853,1061,Shamela0008473,4338,53,726,136,23
1009,292,586,JK001324,112,1228,1520,238,99
1009,0,349,Shia002382Vols,1662,736,1549,278,41
1009,629,937,Shia002382Vols,1664,380,969,243,51
1009,0,386,Shia002382Vols,2228,624,1569,281,35
1009,629,905,Shia002382Vols,2230,662,941,219,96
1009,629,744,Tafsir07055,3354,1462,1576,90,97
1009,45,322,Tafsir05047,841,752,1280,223,51
1009,905,1061,ShamAY0036031,132,1093,1249,129,100
1009,762,905,JK000378,148,1277,1556,112,49
1009,0,1061,Shamela0023591,6182,357,1418,862,100
1009,0,905,Shamela0023591,6191,205,1110,733,100
1009,905,1061,Shamela0023591,6198,862,1018,129,100
1009,0,175,JK009266,8183,362,537,142,100
1009,142,292,JK009266,8191,308,632,122,45
1009,240,647,JK009266,8192,158,575,296,86
1009,629,770,JK009266,8196,1408,1548,111,97
1009,770,905,JK009266,8197,0,135,109,100
1009,858,1061,JK009266,8199,1125,1343,142,72
1009,905,1061,Zaydiyya0000076BK16,11,1066,1222,129,100
1009,905,1061,JK007044,5613,1177,1333,129,100
1009,0,190,Shamela0021821,1700,1164,1369,147,88
1009,175,470,Shamela0021821,1701,1227,1602,240,78
1009,575,905,Shamela0021821,1703,1056,1482,256,73
1009,770,1090,Shamela0021821,1704,1096,1522,200,53
1009,292,1066,Tafsir07053,223,141,900,606,96
1009,500,738,Tafsir07053,227,463,1540,163,18
1009,530,1061,Tafsir07053,228,975,1529,323,58
1009,629,770,Sham19Y0018106,3174,738,879,113,100
1009,0,1061,JK009362,7654,123,1217,862,96
1009,629,804,JK009362,7682,651,1053,75,23
1009,0,175,JK001420,724,1101,1360,142,67
1009,120,820,JK001420,725,41,1219,479,47
1009,629,797,Shia004038,106,835,1003,135,100
1009,629,770,Shia003459BK2,33,279,420,113,100
1009,629,762,Shia003459BK1,67,1372,1504,106,99
1009,18,1061,JK006478,8193,0,1047,847,98
1009,142,629,JK006478,8201,915,1477,396,85
1009,629,910,JK006478,8214,1277,1560,226,97
1009,910,1061,JK006478,8215,0,154,125,98
1009,1061,1533,Tafsir08060,470,877,1212,168,39
1009,0,175,Rafed0003943Vols,1434,192,367,142,100
1009,292,828,Rafed0003943Vols,1435,1083,1618,432,99
1009,828,1061,Rafed0003943Vols,1436,0,233,193,100
1009,0,190,Shamela0010273,2991,743,954,146,85
1009,195,629,Shamela0010273,2994,345,797,303,82
1009,629,905,Shamela0010273,2997,599,875,222,100
1009,905,1061,Shamela0010273,2999,857,1013,129,100
1009,905,1078,Shamela0007798,8302,233,435,136,82
1009,530,770,Tafsir06048,1072,723,1123,194,60
1009,200,542,Tafsir06048,1072,52,561,251,60
1009,629,770,Sham19Y0013605,3635,842,983,113,100
1009,0,175,Sham19Y0014404,1381,704,1311,142,28
1009,513,770,Sham19Y0014404,1384,571,1238,199,37
1009,853,1078,Sham19Y0014404,1385,886,1498,179,35
1009,258,542,Meshkat00057178,3323,0,293,226,95
1009,411,770,Meshkat00057178,3324,427,1387,287,37
1009,695,937,Meshkat00057178,3325,44,426,173,56
1009,905,1093,Meshkat00057178,3326,737,928,145,92
1009,0,285,Masaha000554Vols,5542,960,1246,226,96
1009,629,898,Masaha000554Vols,5553,309,578,212,97
1009,0,647,QuranAnalysis001,218,894,1540,526,99
1009,647,1061,QuranAnalysis001,219,0,414,336,100
1009,0,178,Rafed0001713Vols,2436,988,1166,142,98
1009,292,1061,Rafed0001713Vols,2438,0,769,625,100
1009,292,558,Shia001404,292,1285,1549,215,99
1009,25,322,Tafsir04042,2048,765,1499,232,38
1009,655,969,Tafsir04042,2050,411,1278,221,31
1009,0,175,Tafsir04056,3776,69,244,142,100
1009,0,292,Shamela0000041,2327,881,1173,237,100
1009,120,770,Shamela0000041,2328,674,1285,494,93
1009,589,937,Shamela0000041,2330,18,999,265,33
1009,883,1100,Shamela0000041,2331,102,322,165,90
1009,0,175,Shamela0023578,2851,664,839,142,100
1009,344,1061,Shamela0023578,2856,0,717,581,100
1010,0,933,Shamela0023628,3132,797,1447,292,34
1010,962,1512,Sham19Y0014404,1384,0,1087,280,29
1010,933,1417,Shamela0000041,2329,749,1424,195,29
1010,867,1494,JK000876,1416,131,926,255,30
1011,895,1214,Shia001432Vols,10345,182,510,232,82
1011,895,1190,Shia001432Vols,20268,637,900,172,67
1011,895,1220,JK009229,1423,825,1152,197,67
1011,895,1220,Tafsir02100,165,568,907,236,81
1011,850,1132,Shamela0022593,2409,928,1475,146,32
1011,887,1214,Tafsir09084,2237,371,788,252,75
1011,895,1220,JK001492,869,746,1041,217,80
1011,850,1214,Shia001626Vols,474,575,1104,150,34
1011,895,1190,Shamela0096551,160,866,1091,153,60
1011,895,1214,Shamela0001524,2748,554,863,200,69
1011,980,1220,JK000906,9852,873,1192,145,57
1011,895,1214,JK000465,3695,689,992,219,80
1011,887,1127,JK000533,1565,371,523,88,43
1011,895,1214,ShamAY0038638,154,963,1334,191,57
1011,911,1214,Zaydiyya0000142,2832,0,309,217,81
1011,931,1220,JK000475,2562,0,271,185,72
1011,850,1190,Tafsir02102,3576,10,467,144,34
1011,895,1214,Shamela0008473,4337,219,547,234,83
1011,895,1214,Shamela0012884,4588,85,429,238,82
1011,904,1190,Shia003754Vols,436,673,946,159,61
1011,213,535,JK000458,3093,1114,1571,170,43
1011,895,1214,JK000467,2616,41,329,198,71
1011,213,754,Tafsir08060,471,273,594,185,42
1011,208,772,Shamela0010273,2998,203,889,275,44
1011,222,883,Sham19Y0014404,1385,58,574,239,40
1011,850,1454,Rafed0001713Vols,2440,314,1435,275,28
1011,70,772,Tafsir04042,2050,274,922,215,30
1011,895,1190,JK001421,63,4,251,166,65
1011,64,535,Shamela0000041,2330,138,433,153,37
1011,115,775,JK000876,1417,400,908,284,50
1012,308,897,Shia001432Vols,3504,771,1363,474,99
1012,728,888,Shia001432Vols,24161,1155,1316,129,99
1012,0,494,Shamela0023632,3237,265,560,239,59
1012,344,691,Shamela0023632,3238,1126,1527,206,61
1012,691,888,Shamela0023632,3239,0,197,160,100
1012,482,790,Tafsir03097,1485,844,1668,231,34
1012,308,897,JK009268,4169,457,1046,475,100
1012,80,494,Sham19Y0023618,1577,0,240,193,57
1012,344,897,Sham19Y0023618,1579,603,1257,411,78
1012,728,897,JK000382,551,696,865,137,100
1012,162,728,Shamela0023628,3137,559,1181,419,82
1012,695,897,Shamela0023628,3140,81,348,157,71
1012,301,897,Rafed0003257Vols,4802,121,716,475,98
1012,562,897,Tafsir09084,2240,427,826,168,40
1012,322,562,Sham19Y0020891,5857,685,1137,157,43
1012,562,728,Sham19Y0020891,5858,1000,1166,134,100
1012,728,888,Sham19Y0020891,5861,478,638,129,100
1012,759,897,JK000362,29,150,288,112,100
1012,728,897,JK000362,932,896,1065,137,100
1012,759,897,JK000362,1315,1117,1255,112,100
1012,593,897,JK010001,1741,696,1041,244,87
1012,428,728,JK009270,4785,173,473,243,100
1012,728,897,JK009270,4788,1145,1313,136,99
1012,308,728,Shamela0005756,9657,551,970,335,99
1012,308,728,Meshkat0014420,4209,1055,1475,338,100
1012,728,897,Meshkat0014420,4213,567,736,137,100
1012,0,478,JK006476,1663,1180,1547,214,51
1012,344,650,JK006476,1664,712,1111,230,70
1012,459,794,JK006476,1665,491,771,149,46
1012,728,897,JK000101,113,673,842,137,100
1012,308,867,ShamAY0036821,1726,1059,1612,441,97
1012,728,897,JK000081,727,1483,1652,137,100
1012,308,728,Sham19Y0147312,1820,165,585,338,100
1012,708,897,Sham19Y0147312,1821,858,1061,149,87
1012,428,728,Shamela0004445,177,1152,1452,243,100
1012,562,708,Shamela0012820,543,798,944,114,97
1012,428,650,Zaydiyya0000062,1833,1153,1378,180,98
1012,615,888,Zaydiyya0000062,1834,740,1024,219,95
1012,728,897,Shamela0006947,20477,382,553,137,98
1012,308,728,JK000791,2128,37,457,338,100
1012,728,897,JK000791,2129,686,855,137,100
1012,428,655,Shamela0021751,6658,3,406,183,56
1012,308,562,Shamela0000922,1134,808,1400,204,42
1012,676,897,Shamela0000922,1135,434,1102,180,33
1012,562,703,Tafsir07076,6686,1215,1356,113,100
1012,562,703,Tafsir07076,7169,862,1003,113,100
1012,335,1109,JK007018,723,0,723,382,52
1012,733,897,JK007018,724,0,164,133,100
1012,0,843,Zaydiyya0000295Vols,563,1023,1673,518,74
1012,728,867,ShamAY0038316,146,1459,1597,113,99
1012,403,728,JK009396,1455,0,325,263,100
1012,728,897,JK009396,1456,1259,1428,137,100
1012,759,897,Shamela0011216,17,52,190,112,100
1012,308,703,Sham19Y0023608,3631,1134,1528,317,99
1012,703,897,Sham19Y0023608,3632,0,193,156,98
1012,562,897,Shamela0009637,6,1021,1356,271,100
1012,728,903,Sham19Y0016953Vols,783,1173,1348,139,98
1012,759,897,JK000381,746,188,326,112,100
1012,728,872,JK000381,2699,1453,1596,117,99
1012,0,562,Meshkat00042488,1600,381,1522,265,26
1012,513,728,Meshkat00042488,1601,167,735,157,34
1012,691,897,Meshkat00042488,1601,1153,1422,166,75
1012,308,469,Shia003721Vols,82,1402,1564,129,98
1012,469,728,Shia003721Vols,83,0,259,209,100
1012,428,733,Shia003721Vols,88,935,1238,245,99
1012,562,888,ShamIbadiyya0000075,843,447,1162,263,45
1012,562,728,Rafed0003726Vols,1330,1212,1378,134,100
1012,728,897,Shamela0004473,13751,984,1153,137,100
1012,428,636,Shamela0009086,187,1308,1550,129,66
1012,308,897,Shia002356Vols,1132,654,1245,465,96
1012,308,562,ShamAY0034059,6402,1153,1411,204,98
1012,494,719,ShamAY0034059,6404,785,1015,181,97
1012,655,897,ShamAY0034059,6406,700,944,194,98
1012,51,897,Shia002380Vols,727,46,1325,539,45
1012,728,897,JK001496,2174,570,740,137,99
1012,728,897,Shamela0008363,65,226,395,137,100
1012,676,897,Shamela0008473,1981,1152,1373,180,100
1012,759,897,Shamela0008473,2056,1061,1199,112,100
1012,728,897,Shamela0008473,3935,513,682,137,100
1012,0,728,Shamela0008473,4338,625,1360,417,55
1012,51,562,Shia002382Vols,2231,600,1152,314,66
1012,593,897,Tafsir07055,1808,446,791,244,87
1012,759,911,Shamela0003055,2499,0,151,112,90
1012,428,897,Shamela0023591,6183,0,468,378,99
1012,0,897,Shamela0023591,6198,909,1606,563,77
1012,759,897,JK000371,72,949,1087,112,100
1012,308,708,JK009266,8201,1160,1559,321,99
1012,708,897,JK009266,8202,0,188,153,99
1012,728,897,Zaydiyya0000076BK16,5,11,180,137,100
1012,0,728,Shamela0021821,1706,754,1413,429,67
1012,719,897,Shamela0021821,1708,145,325,139,92
1012,0,645,JK009362,7654,1108,1578,361,66
1012,645,897,JK009362,7655,0,253,204,99
1012,562,770,JK001420,726,541,1152,134,25
1012,308,911,JK006478,8219,272,891,485,96
1012,728,897,Zaydiyya0000039,300,428,597,137,100
1012,0,897,Rafed0003943Vols,1436,124,821,563,77
1012,308,728,Shamela0010273,3002,195,615,338,100
1012,728,897,Shamela0010273,3004,1032,1200,135,98
1012,344,494,Shamela0007798,8306,472,851,120,39
1012,728,897,Shamela0007798,8310,56,225,137,100
1012,562,849,JK000805,5,1293,1579,232,99
1012,897,1458,Tafsir01006,1359,570,1251,316,51
1012,379,636,Tafsir06048,1073,1000,1515,203,48
1012,17,428,Sham19Y0014404,1386,581,1173,278,55
1012,379,728,Sham19Y0014404,1387,60,1350,277,26
1012,695,897,Sham19Y0014404,1388,304,625,165,62
1012,728,897,Rafed0003799Vols,200,115,284,137,100
1012,0,428,Meshkat00057178,3326,1011,1367,195,49
1012,344,728,Meshkat00057178,3327,476,1265,305,48
1012,676,897,Meshkat00057178,3328,260,550,180,76
1012,550,728,Masaha000554Vols,5259,1387,1564,138,96
1012,276,719,Masaha000554Vols,5559,179,650,355,93
1012,174,615,JK000447,795,217,934,205,32
1012,0,897,QuranAnalysis001,219,305,1003,565,77
1012,308,810,Rafed0001713Vols,2442,1004,1505,405,99
1012,1009,1458,Rafed0001713Vols,2443,528,1232,269,47
1012,728,897,JK000122,64,1096,1265,137,100
1012,728,897,JK000122,401,506,675,137,100
1012,428,538,Tafsir04056,2551,1021,1131,89,100
1012,494,703,Tafsir04056,3890,126,592,158,41
1012,428,538,Tafsir04056,6675,670,1019,89,31
1012,162,494,Shamela0000041,2333,388,750,234,78
1012,475,728,Shamela0000041,2334,10,282,204,93
1012,0,728,Shamela0023578,2856,608,1137,428,72
1012,684,897,Shamela0023578,2864,622,869,170,84
1012,599,897,JK000094,115,419,739,240,93
1013,1314,1526,Shamela0008381,116,0,213,169,99
1013,1210,1526,Shamela0008381,421,37,354,254,99
1013,1210,1526,Shamela0008381,469,332,649,254,99
1013,1210,1526,Shamela0008381,812,951,1268,254,99
1013,445,1038,Shia001432Vols,3504,1102,1366,211,44
1013,1286,1442,Shia001432Vols,5858,165,321,125,100
1013,1197,1526,Shia001432Vols,19603,1170,1511,260,94
1013,1233,1442,Shia001432Vols,19629,1142,1422,154,68
1013,1014,1308,Shamela0023632,3241,144,455,216,85
1013,1210,1481,Shamela0000894,187,835,1108,218,99
1013,445,1526,JK009268,4169,785,1510,583,66
1013,445,1026,Sham19Y0023618,1579,997,1249,203,43
1013,1063,1210,Sham19Y0023618,1580,1337,1484,120,100
1013,1210,1526,Sham19Y0023618,1581,366,683,254,99
1013,563,1210,Shamela0023628,3140,81,495,278,51
1013,1308,1526,Shamela0023628,3146,86,305,174,99
1013,445,1210,Rafed0003257Vols,4802,456,864,327,52
1013,1193,1526,Rafed0003257Vols,4805,334,722,268,85
1013,825,1210,Tafsir09084,2240,688,1490,242,34
1013,1063,1210,Sham19Y0020891,5863,445,697,120,58
1013,1193,1526,Sham19Y0020891,5865,884,1255,268,89
1013,445,1035,JK010001,1741,761,1041,212,44
1013,787,1314,JK009270,4788,1162,1562,320,74
1013,1238,1526,Shamela0005756,9583,237,526,232,99
1013,787,1406,Meshkat0014420,4213,584,1078,401,79
1013,77,801,JK000865,666,120,504,186,29
1013,1286,1526,Shamela0005550,35,1028,1308,192,85
1013,664,1093,Tafsir01005,5312,711,1114,213,51
1013,1210,1526,Shamela0002300,144,509,826,254,99
1013,787,1120,Sham19Y0147312,1821,909,1118,170,62
1013,1210,1526,Shamela0004445,75,248,565,254,99
1013,1210,1442,JK009158,318,1269,1501,187,100
1013,1063,1210,JK000375,110,1410,1557,120,100
1013,1063,1210,Shamela0012769,75,471,622,120,97
1013,140,1113,Zaydiyya0000062,1834,564,1085,304,36
1013,1286,1442,Shamela0008555,192,420,576,123,98
1013,787,1210,JK000791,2129,703,1002,243,70
1013,1210,1526,JK000791,2130,815,1132,254,99
1013,664,1120,Shamela0021766,4003,606,1457,266,35
1013,1210,1481,Shamela0001524,1847,660,931,218,100
1013,1210,1526,Shamela0001524,1939,513,830,254,99
1013,1210,1526,Shamela0001524,1943,627,944,254,99
1013,529,1210,Shamela0000922,1135,434,1391,228,23
1013,1210,1526,Sham19Y0009800,454,997,1314,254,99
1013,1210,1502,Shamela0009770,236,1075,1372,219,92
1013,787,1439,JK007018,724,12,643,425,69
1013,445,906,Zaydiyya0000295Vols,563,1465,1671,165,43
1013,955,1526,Zaydiyya0000295Vols,564,0,524,416,88
1013,787,1172,JK009396,1456,1276,1536,212,67
1013,1210,1526,JK009396,1457,517,834,254,99
1013,787,1210,Sham19Y0023608,3632,42,340,241,70
1013,1038,1182,Sham19Y0023608,3636,642,1231,104,21
1013,1182,1526,Sham19Y0023608,3637,198,703,277,68
1013,53,464,Shamela0021715,7498,834,1233,119,29
1013,445,1035,Shamela0009637,6,1095,1356,211,44
1013,1210,1526,JK000381,3493,326,643,254,99
1013,1063,1220,JK000381,4519,827,979,122,94
1013,1210,1442,JK000381,4839,187,419,187,100
1013,53,248,JK000818,606,898,1014,74,47
1013,53,596,Meshkat00042488,1601,405,735,155,32
1013,1000,1233,Meshkat00042488,1602,647,1127,145,37
1013,53,1169,ShamIbadiyya0000075,843,463,1407,395,34
1013,53,248,JK000201,3984,1253,1383,72,46
1013,1210,1526,JK000105,576,447,764,254,99
1013,1120,1394,ShamAY0034059,6408,482,761,221,98
1013,787,1246,Tafsir04038,616,964,1367,182,38
1013,1286,1442,Tafsir04038,617,320,476,125,100
1013,53,979,Shia002380Vols,727,609,1295,359,40
1013,1164,1522,Shia002380Vols,728,101,705,282,58
1013,1063,1210,JK001496,2175,186,470,120,51
1013,459,825,Tafsir02102,3578,65,652,170,32
1013,1210,1526,Shamela0008473,1857,606,923,254,99
1013,529,1120,Shamela0008473,1981,1152,1430,221,45
1013,787,1210,Shamela0008473,4342,490,789,243,70
1013,1182,1526,Shamela0008473,4343,34,471,277,78
1013,53,600,Shia002382Vols,1665,594,1003,214,39
1013,53,600,Shia002382Vols,2232,417,826,214,39
1013,747,1308,Shia002382Vols,2233,247,756,354,69
1013,445,1035,Tafsir07055,1808,511,791,212,44
1013,856,1210,Tafsir05047,844,1021,1486,218,52
1013,1286,1461,Shamela0003055,532,538,713,140,100
1013,445,1526,Shamela0023591,6183,208,932,581,66
1013,445,1026,Shamela0023591,6198,1346,1598,203,43
1013,1063,1526,Shamela0023591,6203,845,1309,374,99
1013,787,1210,JK009266,8202,37,335,240,69
1013,1210,1526,Shamela0010283,3759,1112,1429,254,99
1013,787,1210,Shamela0021821,1708,173,472,243,70
1013,1375,1526,Shamela0021821,1709,0,152,121,99
1013,1063,1220,JK000351,79,1402,1554,122,94
1013,454,1526,JK009362,7655,0,729,575,65
1013,1286,1442,Shamela0011211,24,334,490,125,100
1013,1210,1526,Shamela0021499,94,61,378,254,99
1013,445,1035,JK006478,8219,602,864,211,44
1013,1005,1210,JK006478,8223,932,1198,155,72
1013,1210,1481,JK000082,52,660,930,218,99
1013,445,1210,Rafed0003943Vols,1436,561,969,327,52
1013,787,1210,Shamela0010273,3004,1049,1347,241,70
1013,1210,1526,Shamela0010273,3006,1095,1412,254,99
1013,1063,1210,Shamela0007798,8310,1396,1543,120,100
1013,445,906,JK000805,5,1367,1571,165,44
1013,53,248,Tafsir01006,1359,1324,1516,105,55
1013,1210,1481,Shamela0012293,5781,765,1036,218,100
1013,529,1093,Tafsir06048,1074,425,867,231,44
1013,698,1210,Sham19Y0014404,1388,823,1446,272,44
1013,490,1210,Meshkat00057178,3328,166,1118,335,37
1013,787,1203,Masaha000554Vols,5563,441,733,233,68
1013,445,1526,QuranAnalysis001,219,742,1467,583,66
1013,664,1164,Tafsir08090,1526,323,693,121,22
1013,445,876,Rafed0001713Vols,2442,1332,1505,141,40
1013,876,1210,Rafed0001713Vols,2443,0,234,188,69
1013,1187,1526,Rafed0001713Vols,2446,579,975,273,85
1013,1210,1481,Shamela0000432,4531,821,1092,218,100
1013,223,841,Tafsir04042,2052,0,432,159,27
1013,1210,1481,ShamAY0035035,2892,16,286,216,99
1013,787,1210,Shamela0000041,2335,385,684,243,70
1013,552,1526,Shamela0023578,2864,622,1333,546,68
1014,113,374,Shamela0023632,3245,657,960,204,84
1014,18,374,JK009268,4170,0,358,285,99
1014,50,374,Sham19Y0023618,1582,1121,1487,213,72
1014,0,374,Rafed0003257Vols,4805,722,1097,299,99
1014,143,379,Sham19Y0020891,5871,291,736,186,51
1014,37,379,JK009270,4796,371,714,272,99
1014,135,374,Meshkat0014420,4217,0,239,192,100
1014,143,365,JK006476,1669,1156,1382,178,98
1014,374,596,Shamela0022769,1460,1241,1547,133,52
1014,32,365,Zaydiyya0000062,1838,836,1184,266,95
1014,73,374,JK000791,2133,0,302,241,99
1014,37,374,JK007018,725,252,595,269,97
1014,0,365,Zaydiyya0000295Vols,564,524,893,291,98
1014,37,374,JK009396,1459,725,1064,270,99
1014,37,374,Sham19Y0023608,3640,725,1063,270,99
1014,159,374,Meshkat00042488,1605,0,503,173,42
1014,0,274,ShamIbadiyya0000075,844,909,1361,219,60
1014,0,374,Shia002356Vols,1134,926,1298,294,97
1014,0,240,ShamAY0034059,6412,1029,1272,191,98
1014,37,350,ShamAY0034059,6414,300,617,247,97
1014,0,341,Shia002380Vols,728,730,1426,271,48
1014,37,374,Shamela0008473,4363,323,659,269,99
1014,374,1108,Shia002382Vols,1666,622,1306,280,38
1014,374,779,Shia002382Vols,2233,844,1234,186,51
1014,37,374,Shia002382Vols,2235,386,811,266,78
1014,0,374,Shamela0023591,6183,932,1307,299,99
1014,0,200,Shamela0023591,6203,1309,1508,159,99
1014,200,538,Shamela0023591,6204,0,496,237,58
1014,135,374,JK009266,8209,0,240,192,99
1014,143,341,JK009362,5087,1110,1309,159,99
1014,0,374,JK009362,7655,729,1111,298,97
1014,0,240,Rafed0003943Vols,1438,424,664,192,100
1014,374,546,Sham19Y0014404,1388,1210,1510,120,49
1014,101,374,Sham19Y0014404,1391,875,1413,207,48
1014,101,307,Meshkat00057178,3330,1199,1479,150,66
1014,128,365,Masaha000554Vols,5571,0,241,188,97
1014,88,374,QuranAnalysis001,220,0,286,229,100
1014,113,374,Rafed0001713Vols,2450,0,262,209,99
1014,0,240,Tafsir04042,2054,704,1100,192,60
1014,379,606,Tafsir07057,4669,616,996,130,42
1014,374,779,Shamela0000041,2335,1010,1456,183,46
1014,0,374,Shamela0000041,2342,400,899,299,74
1014,0,374,Shamela0023578,2871,534,936,299,93
1014,55,274,Shamela0023578,2872,32,271,159,78
1014,374,779,JK000876,1420,327,858,193,38
1015,12,322,Shamela0008381,116,61,250,150,60
1015,12,322,Shamela0008381,421,202,391,150,60
1015,12,322,Shamela0008381,469,497,686,150,60
1015,12,322,Shamela0008381,812,1116,1305,150,60
1015,12,322,Shia001432Vols,19603,1359,1548,150,60
1015,1317,1549,Shia001432Vols,20812,242,475,188,98
1015,52,565,Shamela0023632,3244,0,255,202,49
1015,1294,1549,Shamela0023632,3247,1180,1436,209,99
1015,1317,1549,Shamela0000894,158,884,1117,190,99
1015,12,294,JK009268,4169,1358,1527,135,59
1015,1059,1549,JK009268,4174,356,911,253,49
1015,12,565,Sham19Y0023618,1581,531,826,234,53
1015,1151,1549,Sham19Y0023618,1584,470,875,246,66
1015,12,565,Shamela0023628,3146,153,448,234,53
1015,1252,1549,Shamela0023628,3150,0,323,226,80
1015,12,757,Rafed0003257Vols,4805,570,991,330,55
1015,1294,1549,Rafed0003257Vols,4810,1137,1393,209,99
1015,1317,1459,Masaha003294,121,197,339,116,100
1015,1360,1549,Tafsir09084,2247,815,1455,155,29
1015,12,322,Sham19Y0020891,5865,1103,1292,150,60
1015,1265,1459,Sham19Y0020891,5873,11,203,149,93
1015,1317,1549,JK000362,626,456,689,190,99
1015,1317,1549,JK009270,4800,964,1197,190,99
1015,12,322,Shamela0005756,9583,374,563,150,60
1015,43,510,Meshkat0014420,4216,1298,1542,195,52
1015,1151,1549,Meshkat0014420,4220,200,1243,293,33
1015,12,294,Shamela0005550,35,1156,1326,135,60
1015,1294,1453,JK006476,1670,1259,1420,130,98
1015,1323,1549,JK006476,1671,367,976,102,18
1015,12,335,Shamela0002300,144,674,879,151,58
1015,1294,1549,Sham19Y0147312,1825,1045,1301,209,99
1015,12,322,Shamela0004445,75,413,602,150,60
1015,12,322,JK000791,2130,980,1169,150,60
1015,1160,1425,JK000791,2134,1057,1529,169,43
1015,1425,1549,JK000791,2135,0,125,102,99
1015,1160,1348,Shamela0021766,4008,419,990,123,26
1015,1317,1549,JK000365,910,1172,1405,190,99
1015,1317,1529,Shamela0022712,65,178,390,173,100
1015,12,322,Shamela0001524,1939,678,867,150,60
1015,12,322,Shamela0001524,1943,792,981,150,60
1015,1151,1549,Shamela0000922,1137,200,921,255,38
1015,12,340,Sham19Y0009800,454,1162,1361,155,59
1015,1303,1549,JK007018,726,0,253,197,94
1015,1199,1516,Shamela0037325,1364,1248,1471,158,61
1015,1294,1549,Zaydiyya0000295Vols,540,1182,1438,209,98
1015,12,327,JK009396,1457,682,876,152,60
1015,1298,1549,JK009396,1461,0,279,206,89
1015,12,322,Sham19Y0023608,3637,551,740,150,60
1015,1217,1549,Sham19Y0023608,3644,370,694,228,84
1015,1317,1549,JK000381,512,1141,1374,190,99
1015,12,340,JK000381,3493,491,691,156,60
1015,1317,1549,JK000381,4448,799,1032,190,99
1015,1317,1529,JK000381,4611,895,1107,173,100
1015,1059,1373,Meshkat00042488,1605,809,1370,179,36
1015,1360,1549,Meshkat00042488,1606,133,795,154,28
1015,972,1549,ShamIbadiyya0000075,845,7,593,330,57
1015,1303,1473,Shamela0004473,8015,470,632,127,91
1015,12,322,JK000105,576,612,795,145,59
1015,12,757,Shia002356Vols,1134,773,1194,326,54
1015,1126,1549,Shia002356Vols,1136,10,710,265,43
1015,204,715,ShamAY0034059,6412,983,1272,224,55
1015,12,838,Shia002380Vols,728,487,1309,414,48
1015,1160,1549,Shia002380Vols,729,0,707,279,44
1015,12,322,Shamela0008473,1857,771,960,150,60
1015,12,322,Shamela0008473,4343,319,508,150,60
1015,928,1360,Shia002382Vols,2236,667,1185,215,42
1015,12,757,Shamela0023591,6183,780,1201,330,55
1015,12,625,Shamela0023591,6203,1157,1499,271,55
1015,1160,1549,Shamela0023591,6209,1103,1444,229,66
1015,1317,1549,Shamela0023591,6213,806,1039,190,99
1015,1317,1544,JK000371,338,516,741,178,96
1015,12,510,JK009266,8208,1286,1560,219,55
1015,1317,1549,JK009266,8217,13,246,190,99
1015,12,322,Shamela0010283,3759,1277,1466,150,60
1015,1317,1549,Tafsir10098,83,355,587,189,99
1015,12,322,Shamela0021821,1709,0,189,150,60
1015,1207,1479,Shamela0021821,1711,1226,1491,176,77
1015,1343,1549,JK000351,7,672,879,169,99
1015,1317,1549,ShamAY0036178,1,1351,1584,190,99
1015,12,757,JK009362,7655,572,999,326,54
1015,1317,1549,JK009362,7710,923,1159,184,95
1015,12,335,Shamela0021499,94,226,428,152,59
1015,1352,1549,Shamela0022653,329,0,198,162,99
1015,1317,1549,JK009257,867,750,1304,186,41
1015,1317,1549,ShamAY0034385,15,1016,1288,190,85
1015,43,715,Rafed0003943Vols,1438,303,664,285,53
1015,1207,1549,Rafed0003943Vols,1440,805,1322,232,49
1015,12,322,Shamela0010273,3006,1260,1449,150,60
1015,1151,1549,Shamela0010273,3013,488,1005,280,64
1015,1207,1459,Shamela0007798,8323,1019,1247,161,70
1015,928,1335,Sham19Y0014404,1392,375,1194,212,31
1015,1430,1549,Sham19Y0014404,1393,0,379,98,31
1015,1317,1549,JK000379,86,491,724,190,99
1015,1217,1549,Meshkat00057178,3333,225,906,207,34
1015,1310,1549,Masaha000554Vols,5578,867,1106,179,90
1015,12,373,QuranAnalysis001,219,1315,1554,191,66
1015,1317,1549,QuranAnalysis001,220,294,527,190,99
1015,1059,1360,Tafsir08090,1528,173,497,121,37
1015,12,322,Rafed0001713Vols,2446,823,1012,150,60
1015,1207,1549,Rafed0001713Vols,2452,225,544,236,83
1015,52,721,Tafsir04042,2054,525,1106,280,40
1015,1317,1479,Tafsir07057,4675,267,427,126,95
1015,199,625,Shamela0000041,2342,432,715,206,59
1015,1082,1549,Shamela0000041,2344,512,1051,280,55
1015,12,335,Shamela0023578,2864,1181,1390,153,59
1015,1294,1549,Shamela0023578,2875,409,665,209,99
1016,8,392,Shia001432Vols,12122,171,608,213,48
1016,119,313,Shia001432Vols,31222,601,795,159,100
1016,227,392,Shamela0023632,3249,0,165,136,100
1016,0,538,Shamela0000894,158,1117,1541,329,74
1016,0,556,JK009268,4174,911,1481,449,96
1016,8,392,Sham19Y0023618,1585,1037,1422,315,99
1016,257,556,Shamela0023628,3155,455,899,238,65
1016,0,257,Rafed0003257Vols,4810,1393,1651,211,99
1016,257,556,Rafed0003257Vols,4816,90,403,238,92
1016,8,257,Sham19Y0020891,5876,637,887,204,99
1016,8,233,JK009270,4804,1082,1307,184,100
1016,8,233,Meshkat0014420,1611,741,966,184,100
1016,0,257,Meshkat0014420,4220,1243,1500,211,100
1016,257,435,Meshkat0014420,4225,1388,1564,146,98
1016,0,313,Sham19Y0147312,1826,292,604,257,99
1016,313,550,Sham19Y0147312,1827,414,664,194,94
1016,119,392,Zaydiyya0000041,43,650,857,155,69
1016,0,326,JK000791,2135,125,430,235,88
1016,332,556,JK000791,2137,0,238,176,90
1016,0,392,JK007018,726,817,1221,320,96
1016,166,556,Zaydiyya0000295Vols,541,0,406,310,91
1016,8,397,JK009396,1462,749,1138,316,99
1016,8,392,Sham19Y0023608,3646,1021,1406,315,99
1016,123,313,Sham19Y0016953Vols,918,704,894,156,100
1016,119,392,Meshkat00042488,1608,28,905,220,30
1016,119,313,Shamela0021537,3957,21,215,159,100
1016,8,313,JK010729,87,497,802,249,99
1016,768,1226,Shia002356Vols,1137,0,911,156,20
1016,265,563,Shia002356Vols,1138,1250,1556,210,83
1016,8,392,Tafsir04038,619,675,1115,208,44
1016,119,359,Shia002380Vols,729,1123,1682,191,41
1016,119,257,Shamela0008473,1002,792,930,113,100
1016,8,257,Shamela0008473,2107,347,596,204,100
1016,8,257,Shamela0008473,3250,1275,1524,204,100
1016,8,392,Shamela0008473,4365,1033,1417,315,100
1016,336,556,Shamela0008473,4370,110,397,170,72
1016,221,612,Shia002382Vols,1671,0,747,237,35
1016,277,465,Shamela0012884,4604,862,1335,142,36
1016,127,556,Shamela0023591,6210,0,444,345,94
1016,0,538,Shamela0023591,6213,1039,1578,441,99
1016,8,277,JK009266,8219,793,1069,211,93
1016,8,277,Shamela0021821,1712,1104,1384,213,93
1016,132,392,ShamAY0036178,2,0,260,214,100
1016,0,465,JK009362,7710,1159,1631,381,97
1016,178,538,JK009257,868,524,1305,259,40
1016,123,253,Zaydiyya0000074,63,700,830,107,100
1016,0,287,Rafed0003943Vols,1440,1322,1618,217,87
1016,257,517,Rafed0003943Vols,1441,431,691,199,93
1016,13,349,Zaydiyya0000148,51,486,824,276,98
1016,8,392,Shamela0010273,3015,1291,1676,315,99
1016,205,483,Sham19Y0014404,1394,912,1539,209,39
1016,123,313,JK010414,6,491,681,156,100
1016,213,487,Meshkat00057178,3335,147,1192,224,25
1016,0,556,QuranAnalysis001,220,527,1097,449,96
1016,8,392,Rafed0001713Vols,2453,842,1227,315,99
1016,257,556,Shamela0000041,2348,119,432,238,92
1016,0,864,Shamela0023578,2875,665,1577,573,66
1017,1264,1614,Shamela0023632,3252,150,397,203,70
1017,934,1614,JK009268,4174,1168,1550,305,54
1017,1264,1614,Sham19Y0023618,1588,397,644,203,70
1017,646,1614,Shamela0023628,3155,86,968,415,41
1017,928,1614,Rafed0003257Vols,4816,83,472,308,54
1017,896,1053,Meshkat00042485,6156,594,956,115,39
1017,1183,1614,JK000791,2137,4,307,243,68
1017,1264,1614,JK007018,727,777,1032,203,70
1017,948,1614,Zaydiyya0000295Vols,541,104,475,295,53
1017,1264,1614,JK009396,1464,863,1110,203,70
1017,928,1614,ShamIbadiyya0000075,846,139,951,349,43
1017,1224,1614,Shia002380Vols,730,0,553,250,51
1017,1183,1614,Shamela0008473,4370,110,466,247,65
1017,934,1614,Shamela0023591,6210,131,513,305,54
1017,1224,1614,JK009266,8227,896,1260,230,59
1017,1158,1614,Shamela0010273,3020,135,573,226,51
1017,934,1362,Sham19Y0014404,1394,1055,1539,211,46
1017,223,478,Sham19Y0014404,1394,127,443,106,31
1017,934,1614,QuranAnalysis001,220,784,1166,305,54
1017,896,1250,Rafed0001713Vols,2455,733,1640,204,26
1017,934,1614,Shamela0023578,2875,923,1305,305,54
1017,584,1391,JK000876,1425,575,1556,300,28
1018,0,502,Shia001432Vols,2517,748,1043,230,57
1018,57,374,Shia001432Vols,12123,0,464,198,50
1018,158,540,Shia001432Vols,22022,837,1106,202,66
1018,97,502,Shamela0023632,3253,263,668,324,100
1018,502,707,Shamela0023632,3255,1129,1334,170,100
1018,54,620,JK009268,4175,0,566,456,100
1018,29,290,Sham19Y0023618,1588,1312,1572,207,99
1018,324,562,Sham19Y0023618,1589,1295,1527,171,88
1018,562,732,Sham19Y0023618,1590,0,163,131,93
1018,0,158,Shamela0023628,3155,968,1126,126,100
1018,97,475,Shamela0023628,3157,974,1507,301,70
1018,540,707,Shamela0023628,3161,115,282,138,100
1018,29,374,Rafed0003257Vols,4818,915,1444,274,65
1018,324,707,Rafed0003257Vols,4820,65,543,314,80
1018,1129,1292,JK006801,919,779,923,94,67
1018,775,1278,Shamela0022593,2426,835,1531,230,33
1018,1129,1292,Tafsir09084,2251,721,902,121,83
1018,75,374,Sham19Y0020891,5883,460,1011,233,52
1018,366,502,Sham19Y0020891,5887,1331,1467,111,100
1018,0,158,JK009270,4810,152,310,126,100
1018,158,374,JK009270,4813,1156,1372,172,100
1018,0,374,Meshkat0014420,4227,998,1372,298,100
1018,374,707,Meshkat0014420,4230,707,1040,274,100
1018,0,196,JK006476,1675,520,725,157,95
1018,1129,1292,Shamela0021765,862,296,433,94,70
1018,0,686,ShamAY0036821,1730,146,826,538,96
1018,707,1446,Meshkat00042485,6160,344,920,281,39
1018,0,158,Sham19Y0147312,1828,82,240,126,100
1018,142,374,Sham19Y0147312,1828,632,876,180,92
1018,316,707,Sham19Y0147312,1830,382,892,308,73
1018,158,606,Sham19Y0013550,517,990,1585,361,75
1018,13,383,Zaydiyya0000062,1844,13,401,290,93
1018,295,699,Zaydiyya0000062,1845,109,712,329,66
1018,0,158,JK000791,2137,307,465,126,100
1018,122,374,JK000791,2138,7,298,201,86
1018,324,620,JK000791,2138,725,1071,230,82
1018,190,374,Tafsir07076,40,0,184,146,100
1018,0,374,JK007018,727,1032,1412,297,97
1018,374,707,JK007018,728,148,492,274,96
1018,0,732,Zaydiyya0000295Vols,541,475,1227,583,94
1018,150,374,JK009396,1465,0,224,179,100
1018,374,707,JK009396,1465,791,1124,274,100
1018,0,177,Sham19Y0023608,3652,26,207,134,93
1018,1129,1286,Sham19Y0023608,3654,245,398,106,83
1018,168,374,Sham19Y0023608,3655,0,206,164,100
1018,266,707,Sham19Y0023608,3656,693,1233,300,59
1018,1119,1292,JK000465,3718,1236,1378,90,61
1018,707,1525,JK000818,610,252,1014,302,35
1018,5,158,Shia002356Vols,1139,0,154,120,96
1018,133,732,Shia002356Vols,1140,40,645,460,91
1018,290,502,ShamAY0034059,2251,677,890,171,99
1018,0,454,Tafsir04038,620,366,1212,327,47
1018,0,502,Shia002380Vols,730,553,1559,392,48
1018,13,374,JK001496,2184,407,1358,284,37
1018,13,374,Tafsir02102,3596,662,1253,283,60
1018,158,374,Shamela0008473,2597,295,511,172,100
1018,29,355,Shamela0008473,4371,1145,1470,258,99
1018,324,707,Shamela0008473,4374,240,707,307,79
1018,707,1497,Shia002382Vols,1671,1028,1611,288,37
1018,54,374,Shia002382Vols,2240,0,342,246,89
1018,158,374,JK009265,361,1087,1303,171,99
1018,1129,1292,Shamela0012884,4605,659,827,116,83
1018,0,732,Shamela0023591,6210,513,1238,583,98
1018,0,835,Shamela0023591,6221,172,977,608,84
1018,1129,1292,Shamela0023591,6222,375,544,124,91
1018,0,158,JK009266,8227,1260,1418,126,100
1018,97,540,JK009266,8230,823,1359,356,82
1018,540,732,JK009266,8236,160,345,149,94
1018,97,298,Shamela0021821,1715,1300,1500,159,99
1018,374,707,Shamela0021821,1717,193,526,274,100
1018,266,374,Shia002389Vols,2706,42,176,86,80
1018,0,732,JK009362,7711,176,930,583,94
1018,29,374,JK001420,728,409,889,260,68
1018,0,324,JK009257,869,717,1294,245,53
1018,158,374,JK006478,8254,570,787,172,99
1018,158,502,Rafed0003943Vols,1442,866,1211,276,99
1018,29,158,Shamela0010273,3022,393,522,102,100
1018,914,1077,Shamela0010273,3022,692,875,91,54
1018,158,374,Shamela0010273,3023,618,834,172,100
1018,374,637,Shamela0010273,3026,50,309,204,95
1018,1129,1292,Shamela0007798,8335,385,563,118,83
1018,97,374,Shamela0007798,8336,162,515,207,74
1018,122,562,Shamela0007798,8339,1385,1511,87,24
1018,707,1047,Tafsir09065,511,693,1023,178,59
1018,13,366,Sham19Y0014404,1395,585,1537,280,36
1018,257,502,Sham19Y0014404,1396,355,862,198,48
1018,13,158,Meshkat00057178,3336,1009,1585,113,24
1018,122,374,Meshkat00057178,3337,267,574,187,77
1018,374,699,Masaha000554Vols,5607,1192,1521,265,97
1018,0,411,QuranAnalysis001,220,1166,1576,327,99
1018,411,732,QuranAnalysis001,221,0,314,256,96
1018,158,374,SyriacStudies00001,9,182,398,172,100
1018,0,374,Rafed0001713Vols,2456,1106,1480,298,100
1018,422,707,Rafed0001713Vols,2459,0,286,236,99
1018,13,266,Tafsir04042,2058,761,1282,195,47
1018,324,516,Tafsir04042,2059,13,488,156,40
1018,13,122,Shamela0000041,2348,1499,1607,86,99
1018,122,383,Shamela0000041,2349,0,261,204,98
1018,914,1530,Shamela0000041,2349,252,939,271,41
1018,285,620,Shamela0000041,2350,56,590,272,62
1018,13,1237,Shamela0023578,2879,271,1564,699,55
1019,293,534,Tafsir02096,1880,612,821,89,38
1019,20,401,Tafsir02102,3596,1083,1401,168,48
1019,0,310,Rafed0001713Vols,2458,650,1464,167,25
1020,349,608,Shia001432Vols,6258,844,1103,210,100
1020,349,957,Shia001432Vols,7095,930,1538,497,100
1020,708,969,Shia001432Vols,22589,0,262,209,97
1020,10,652,Shamela0023632,3257,801,1384,354,63
1020,608,957,Shamela0023632,3260,49,534,287,71
1020,10,969,JK009268,4182,148,856,564,71
1020,10,553,Sham19Y0023618,1590,58,349,238,53
1020,692,969,Sham19Y0023618,1593,1070,1348,222,97
1020,198,631,Shamela0023628,3164,540,1172,275,50
1020,573,793,Shamela0023628,3166,1333,1619,180,76
1020,553,771,Shia001278Vols,386,752,970,178,100
1020,342,692,Rafed0003257Vols,4824,942,1293,282,98
1020,692,969,Rafed0003257Vols,4827,745,1023,222,97
1020,349,489,Zaydiyya0000044,39,1295,1435,114,100
1020,957,1604,Tafsir09083,1446,380,1458,258,25
1020,957,1604,Tafsir09084,2255,33,458,230,39
1020,349,553,Sham19Y0020891,5892,1259,1463,165,100
1020,684,957,Sham19Y0020891,5896,1239,1523,224,96
1020,652,957,JK010001,3127,1151,1456,250,100
1020,458,608,JK009270,4824,0,150,121,100
1020,608,851,JK009270,4827,500,743,198,100
1020,349,553,Sham19Y0150960,658,34,239,165,99
1020,349,771,Meshkat0014420,4234,440,862,343,100
1020,695,903,JK006476,1681,602,819,167,94
1020,692,851,JK000101,537,697,856,128,100
1020,10,1031,ShamAY0036821,1731,748,1543,574,64
1020,553,899,ShamAY0036821,1732,1060,1402,279,98
1020,692,957,JK000343,654,484,749,217,100
1020,349,493,Sham19Y0147312,1831,1239,1383,117,100
1020,349,549,Zaydiyya0000062,1846,973,1174,162,99
1020,10,553,JK000791,2139,1249,1540,238,53
1020,509,957,JK000791,2141,515,1027,367,87
1020,692,957,JK000365,1208,587,852,217,100
1020,692,851,Shamela0001524,965,736,895,128,100
1020,187,493,Shamela0000922,1142,269,521,162,61
1020,563,957,Shamela0000922,1143,284,1422,256,27
1020,563,969,JK007018,729,1048,1438,271,74
1020,349,652,JK007018,729,142,456,247,96
1020,553,957,Shamela0019542,36,221,625,332,100
1020,16,876,Zaydiyya0000295Vols,541,1127,1744,493,68
1020,121,657,JK009396,1467,557,1074,324,65
1020,652,969,JK009396,1468,1190,1516,258,96
1020,330,583,Sham19Y0023608,3659,1331,1578,195,95
1020,652,969,Sham19Y0023608,3662,782,1100,255,98
1020,692,890,Sham19Y0023608,3664,343,1203,161,23
1020,692,957,Sham19Y0095660,2071,317,582,217,100
1020,553,851,JK000381,4450,333,631,243,100
1020,692,851,JK000381,8065,747,906,128,100
1020,382,608,JK000381,8155,750,976,183,100
1020,79,421,JK000465,3720,971,1515,143,28
1020,16,493,Meshkat00042488,1612,365,794,221,51
1020,382,851,Rafed0003726Vols,1342,169,972,148,19
1020,349,553,Shamela0004473,6280,1036,1240,165,100
1020,327,553,Shamela0004473,9095,88,312,169,93
1020,330,969,Shia002356Vols,1142,757,1582,483,70
1020,692,957,Shamela0012827,9,993,1258,217,100
1020,349,608,Tafsir04038,623,1392,1582,114,50
1020,349,518,JK001496,2187,1452,1621,137,98
1020,684,969,JK001496,2190,200,509,220,86
1020,327,592,Shamela0008473,2305,0,259,202,95
1020,250,652,Shamela0008473,4376,959,1374,294,86
1020,957,1604,Shamela0008473,4377,160,585,230,39
1020,620,969,Shamela0008473,4379,1154,1502,281,98
1020,672,851,Shia002382Vols,1677,193,528,143,53
1020,10,493,Shia002382Vols,2244,427,661,190,48
1020,608,851,Shia002382Vols,2245,996,1246,196,95
1020,672,957,Shia002382Vols,2246,153,575,209,58
1020,652,957,Tafsir07055,3216,1292,1596,250,99
1020,692,957,Shamela0003055,2056,90,340,196,91
1020,692,957,Shamela0003055,4051,1253,1518,217,100
1020,187,404,Shamela0012884,4641,1082,1445,112,34
1020,608,811,Shamela0012884,4648,813,1238,161,46
1020,10,745,Shamela0023591,6210,1133,1615,395,65
1020,745,969,Shamela0023591,6211,0,225,180,97
1020,160,509,Shamela0023591,6226,1165,1655,188,42
1020,509,957,Shamela0023591,6227,0,448,367,100
1020,10,614,JK009266,8236,240,595,285,57
1020,198,398,JK009266,8238,643,960,134,49
1020,600,969,JK009266,8243,0,385,299,94
1020,187,701,Shamela0021821,1719,228,804,326,66
1020,695,969,Shamela0021821,1721,0,281,220,95
1020,553,851,JK000351,9,176,474,243,100
1020,692,957,Shamela0008476,2234,551,815,214,98
1020,10,969,JK009362,7711,823,1541,570,71
1020,652,851,JK001110,94,1288,1487,161,100
1020,349,592,JK001420,729,559,802,196,100
1020,692,851,Zaydiyya0000080,271,1073,1232,128,100
1020,382,608,JK000008,64,507,732,182,99
1020,79,493,JK006478,8265,1010,1330,184,55
1020,957,1504,Tafsir08060,474,671,1089,216,43
1020,10,657,Rafed0003943Vols,1444,377,773,321,60
1020,652,969,Rafed0003943Vols,1448,66,384,255,98
1020,349,692,Shamela0010273,3031,496,839,280,100
1020,692,963,Shamela0010273,3034,1110,1380,221,99
1020,349,553,Shamela0007798,8342,1176,1380,165,100
1020,692,975,Shamela0012293,1157,964,1252,223,94
1020,957,1494,Tafsir09065,512,506,810,179,41
1020,692,851,ShamAY0002038,410,1050,1209,128,100
1020,10,553,Sham19Y0014404,1397,739,1487,264,35
1020,150,498,Meshkat00057178,3340,154,489,181,52
1020,342,684,Masaha000554Vols,5615,777,1126,274,96
1020,10,969,QuranAnalysis001,221,209,917,564,71
1020,349,608,Shamela0023596,147,845,1104,210,100
1020,250,1031,Rafed0001713Vols,2460,759,1430,395,58
1020,692,969,Rafed0001713Vols,2462,911,1189,222,97
1020,349,493,Zaydiyya0000476,101,712,856,117,100
1020,349,493,Zaydiyya0000476,128,995,1139,117,100
1020,349,652,Tafsir04056,1102,1042,1311,203,82
1020,692,851,JK006950,2367,160,319,128,100
1020,382,608,JK006950,2457,20,246,183,100
1020,198,534,Shamela0000041,2352,1172,1616,247,66
1020,509,771,Shamela0000041,2353,1008,1294,212,91
1020,10,652,Shamela0023578,2879,902,1292,320,60
1020,652,969,Shamela0023578,2884,0,318,255,98
1020,1031,1604,JK000876,1428,811,1475,223,37
1021,946,1506,Shia001432Vols,22589,53,378,254,54
1021,1432,1670,Shamela0023632,3262,0,240,199,99
1021,946,1670,JK009268,4182,647,1137,390,65
1021,1172,1670,Sham19Y0023618,1594,496,1076,286,54
1021,965,1493,Shamela0023628,3168,1035,1577,269,47
1021,1493,1670,Shamela0023628,3169,0,179,147,98
1021,946,1670,Rafed0003257Vols,4827,814,1305,390,64
1021,1428,1670,Masaha003294,121,446,882,158,44
1021,1172,1506,JK009270,4831,434,669,195,70
1021,1506,1670,JK009270,4834,1393,1558,136,99
1021,955,1506,Meshkat0014420,4238,830,1145,256,56
1021,1487,1670,Meshkat0014420,4240,798,1010,152,86
1021,946,1506,Shamela0030842,8,952,1511,255,40
1021,1464,1670,ShamAY0036821,1733,42,244,166,97
1021,946,1506,JK000081,279,391,942,256,40
1021,1498,1670,Sham19Y0147312,1835,401,574,138,96
1021,1150,1670,JK000791,2143,285,785,314,66
1021,1204,1663,Zaydiyya0000295Vols,542,0,373,300,77
1021,946,1564,Sham19Y0023608,3662,891,1275,304,59
1021,955,1564,Shamela0008473,4380,590,1548,326,36
1021,946,1670,Shamela0023591,6211,16,507,390,64
1021,1377,1670,Shamela0023591,6233,118,413,242,99
1021,946,1564,JK009266,8243,176,559,304,59
1021,1377,1670,Shamela0021821,1722,81,375,242,99
1021,946,1456,JK009362,7711,1332,1606,213,50
1021,1456,1670,JK009362,7712,0,215,178,99
1021,1428,1670,Rafed0003943Vols,1448,1158,1402,202,99
1021,1177,1506,Shamela0010273,3035,1036,1589,219,47
1021,1481,1670,Shamela0007798,8351,685,877,142,89
1021,955,1487,Tafsir01006,1369,97,1142,289,33
1021,959,1506,Sham19Y0014404,1399,245,1179,294,35
1021,985,1506,Meshkat00057178,3342,0,867,268,37
1021,946,1670,QuranAnalysis001,221,708,1198,390,65
1021,946,1670,Rafed0001713Vols,2462,980,1471,390,64
1021,1487,1670,Shamela0000041,2355,1435,1619,152,99
1021,946,1670,Shamela0023578,2884,109,600,390,64
1022,325,484,Shia004050,126,33,192,129,100
1022,234,497,Shia001432Vols,22972,541,804,211,97
1022,0,206,Shamela0023632,3264,373,579,168,100
1022,206,484,Shamela0023632,3265,889,1167,227,99
1022,0,484,JK009268,4182,1137,1621,397,100
1022,0,206,Sham19Y0023618,1595,518,724,168,100
1022,177,484,Sham19Y0023618,1596,269,601,244,88
1022,0,325,Shamela0023628,3170,1217,1542,266,99
1022,311,484,Shamela0023628,3173,815,1001,137,90
1022,32,484,Rafed0003257Vols,4830,0,452,369,99
1022,206,484,Sham19Y0020891,5903,1185,1463,227,99
1022,69,438,Tafsir09068,1071,630,1572,253,33
1022,66,284,JK009270,4837,1205,1423,178,100
1022,269,484,JK009270,4841,248,464,171,95
1022,0,206,Meshkat0014420,4240,1010,1215,168,99
1022,206,484,Meshkat0014420,4243,342,619,228,99
1022,206,484,JK006476,1684,236,1246,222,26
1022,8,356,ShamAY0036821,1733,250,596,277,96
1022,590,1249,Meshkat00042485,6169,510,1012,198,28
1022,0,206,Sham19Y0147312,1835,574,779,168,99
1022,66,325,Tafsir02067,923,449,1088,188,34
1022,325,484,JK000375,175,776,935,129,100
1022,66,317,Zaydiyya0000062,1850,977,1286,199,75
1022,325,484,Shamela0006947,12928,171,330,129,100
1022,0,551,JK000791,2143,785,1012,157,34
1022,304,484,JK000791,2145,0,180,147,100
1022,325,484,Tafsir07076,858,1096,1255,129,100
1022,325,484,Tafsir07076,4068,1320,1479,129,100
1022,325,484,Tafsir07076,4266,35,194,129,100
1022,325,484,Tafsir07076,4866,870,1029,129,100
1022,325,500,Tafsir07076,5316,1106,1279,129,90
1022,206,434,Tafsir07076,8202,26,298,185,82
1022,136,484,JK007018,731,3,374,250,74
1022,8,476,Zaydiyya0000295Vols,542,389,861,381,97
1022,0,211,JK009396,1470,1225,1437,168,97
1022,206,484,JK009396,1471,451,729,229,100
1022,0,206,Sham19Y0023608,3666,1283,1489,168,100
1022,211,484,Sham19Y0023608,3669,887,1160,223,99
1022,325,426,Sham19Y0023608,3671,439,610,81,59
1022,325,457,JK000381,5653,1402,1533,107,99
1022,325,484,JK000381,8044,567,726,129,100
1022,325,469,JK000381,8120,1447,1590,116,99
1022,0,445,JK000818,613,394,1316,351,46
1022,325,484,Meshkat00042488,1617,858,1017,129,100
1022,0,317,ShamIbadiyya0000075,849,1115,1699,260,53
1022,325,484,Rafed0003726Vols,1345,727,886,129,100
1022,325,484,Shamela0004473,7313,537,696,129,100
1022,325,484,Shamela0004473,7531,1154,1313,129,100
1022,325,484,Rafed0001515,55,1020,1181,128,98
1022,136,484,Shamela0022371,269,664,1003,175,45
1022,206,484,JK010729,47,1046,1322,227,98
1022,8,484,Shia002356Vols,1145,44,517,379,96
1022,269,487,ShamAY0034059,6416,1196,1415,161,82
1022,325,484,ShamAY0001202,179,714,873,129,100
1022,206,484,JK001496,2193,1067,1348,229,98
1022,325,484,Zaydiyya0000191,132,1445,1605,128,98
1022,265,484,EShia0071536,450,420,639,178,99
1022,0,206,Shamela0008473,4382,227,433,168,100
1022,206,484,Shamela0008473,4383,940,1218,229,100
1022,0,206,Shia002382Vols,1679,580,861,168,73
1022,206,484,Shia002382Vols,2249,153,450,218,89
1022,0,484,Shamela0023591,6211,507,991,395,99
1022,0,484,Shamela0023591,6233,413,897,395,99
1022,8,345,JK009266,8251,1291,1626,277,99
1022,325,434,Hindawi038196806,159,1102,1211,88,100
1022,8,484,Shamela0021821,1723,19,838,390,57
1022,0,484,JK009362,7712,215,726,395,93
1022,325,434,JK009362,7765,1407,1619,78,45
1022,311,484,JK001110,95,0,173,141,100
1022,211,408,JK009257,873,862,1343,160,40
1022,140,438,Shia003459BK1,18,801,1157,240,81
1022,0,265,Rafed0003943Vols,1448,1402,1666,217,99
1022,284,484,Rafed0003943Vols,1449,1098,1298,163,99
1022,0,484,Shamela0010273,3039,41,525,395,99
1022,325,463,Shamela0007798,8357,102,309,112,66
1022,904,1442,Tafsir01006,1369,1096,1697,218,33
1022,218,463,Tafsir06048,1084,1007,1537,191,43
1022,0,484,Tafsir09065,513,314,1036,322,55
1022,265,484,Sham19Y0014404,1401,21,422,177,53
1022,276,487,Meshkat00057178,3344,921,1143,169,92
1022,206,476,Masaha000554Vols,5630,289,562,218,97
1022,0,476,QuranAnalysis001,221,1198,1673,390,99
1022,325,484,JK000372,26,1075,1234,129,100
1022,325,484,JK000028,330,1013,1172,129,100
1022,325,484,Rafed0003537Vols,725,248,407,129,100
1022,0,211,Rafed0001713Vols,2462,1471,1680,170,98
1022,484,950,Rafed0001713Vols,2464,372,923,204,36
1022,206,487,Rafed0001713Vols,2466,403,684,228,98
1022,325,476,Kraken220218125253,247,869,1024,120,96
1022,136,380,Tafsir04056,6706,213,948,168,27
1022,325,484,Tafsir04056,6976,127,286,129,100
1022,325,484,JK006950,2346,11,170,129,100
1022,325,484,JK006950,2422,771,930,129,100
1022,0,284,Shamela0000041,2356,704,988,233,100
1022,284,487,Shamela0000041,2357,789,992,165,99
1022,0,484,Shamela0023578,2884,600,1084,395,99
1022,66,287,Shamela0023578,2887,40,574,177,40
1023,1094,1366,Shia004050,79,465,703,146,63
1023,1204,1362,ShamIbadiyya0000193,3884,1227,1400,102,72
1023,1204,1362,Tafsir09050,3973,971,1161,104,66
1023,1094,1362,Sham19Y0017063,1638,1035,1254,147,67
1023,1094,1453,Rafed0003257Vols,4836,65,367,170,53
1023,18,150,Tafsir09084,2258,546,711,92,70
1023,1098,1362,Tafsir09084,2260,0,234,147,64
1023,1094,1366,JK007045,966,347,579,145,62
1023,1094,1356,Sham19Y0001729,2510,945,1161,140,65
1023,1094,1356,Shamela0037361,23,493,705,141,65
1023,1094,1366,Sham19Y0145212,3842,118,356,147,63
1023,1035,1403,Shamela0001466,3254,245,571,117,27
1023,1075,1366,Shamela0022769,1475,1160,1555,153,43
1023,1105,1356,Shamela0021766,4033,1087,1289,136,66
1023,18,225,Tafsir02011,1598,1150,1606,124,34
1023,1204,1362,JK000906,9992,838,1035,104,64
1023,1204,1362,Sham19Y0023608,3671,1338,1529,102,65
1023,1094,1457,JK000465,3730,855,1205,157,43
1023,78,604,JK000818,613,441,983,208,35
1023,1094,1366,Sham19Y0122257,3541,136,368,146,63
1023,18,408,Meshkat00042488,1616,667,944,182,58
1023,78,819,ShamIbadiyya0000075,849,1162,1742,285,43
1023,907,1362,Rafed0001515,55,1028,1492,186,34
1023,1094,1362,JK007043,887,140,347,143,66
1023,78,1169,Shia002380Vols,733,435,1464,502,47
1023,1094,1566,Shamela0008473,4384,728,1437,237,39
1023,78,886,Shia002382Vols,1679,627,1444,335,37
1023,1094,1356,JK006474,2619,965,1221,141,59
1023,1094,1362,Shamela0012884,4651,575,836,141,58
1023,18,318,JK009266,8252,778,1249,128,31
1023,1094,1362,JK009266,8255,1093,1312,146,66
1023,1105,1381,JK007044,6869,1078,1466,154,48
1023,1094,1362,Zaydiyya0000080,311,1301,1532,151,67
1023,1094,1362,Zaydiyya0000080,312,416,680,139,57
1023,1094,1362,Zaydiyya0000080,313,1149,1358,145,67
1023,1094,1362,JK009152,2346,1138,1365,146,66
1023,1094,1366,Sham19Y0014119,652,334,560,146,64
1023,1094,1366,Shamela0003118,2653,269,496,148,65
1023,1023,1566,Shamela0010273,3042,453,1122,186,28
1023,1094,1372,Shamela0007798,8358,290,523,151,65
1023,159,798,Tafsir01006,1370,447,1276,307,38
1023,968,1517,Tafsir01006,1371,9,709,243,37
1023,907,1362,Rafed0003537Vols,725,256,724,228,48
1023,1094,1356,JK000916,8120,433,646,142,66
1023,1011,1457,Rafed0001713Vols,2467,96,848,205,31
1023,1094,1517,Shamela0000041,2358,222,529,199,58
1023,159,408,Shamela0023578,2887,40,298,122,50
1024,49,362,ShamAY0037152,991,407,672,223,84
1024,49,463,Shia001432Vols,6258,1200,1616,343,98
1024,0,168,Shia001432Vols,6806,1071,1235,135,96
1024,0,162,Shamela0023632,3267,953,1115,135,100
1024,162,459,Shamela0023632,3270,577,874,249,100
1024,0,678,JK009268,4190,962,1640,565,100
1024,0,162,Sham19Y0023618,1598,1326,1488,135,100
1024,162,459,Sham19Y0023618,1600,62,359,249,100
1024,38,416,Shamela0023628,3178,674,1082,314,92
1024,301,678,Shamela0023628,3180,1002,1591,294,58
1024,0,463,Rafed0003257Vols,4842,1065,1530,385,98
1024,245,584,Tafsir09084,2263,12,878,279,38
1024,49,459,Sham19Y0020891,5911,830,1240,343,100
1024,119,344,JK010001,3412,1056,1363,174,67
1024,0,162,JK009270,4844,1406,1568,135,100
1024,162,491,JK009270,4853,92,421,276,100
1024,0,274,Meshkat0014420,4246,1248,1522,228,100
1024,274,678,Meshkat0014420,4250,1080,1484,337,100
1024,140,437,JK006476,1688,1103,1348,200,79
1024,350,548,JK006476,1689,759,962,165,96
1024,162,411,JK000101,519,773,1022,209,100
1024,162,344,Shamela0029677,1965,370,552,154,100
1024,0,459,Sham19Y0147312,1837,418,877,384,100
1024,106,405,Zaydiyya0000062,1853,1092,1571,250,62
1024,0,162,Shamela0012320,3741,201,363,135,100
1024,0,459,Masaha001075,132,50,509,384,100
1024,5,617,JK000791,2149,909,1622,508,85
1024,103,274,JK009336,399,0,170,141,99
1024,0,321,Shamela0022712,65,1312,1632,270,99
1024,0,437,Shamela0000922,1146,275,1551,209,17
1024,5,541,Shamela0023680,462,575,1388,356,51
1024,49,626,JK007018,732,617,1542,480,61
1024,0,274,ShamAY0034080,246,61,479,224,63
1024,162,411,Shia001373,34,79,322,204,97
1024,49,459,JK009396,1474,77,487,343,100
1024,49,459,Sham19Y0023608,3675,743,1153,343,100
1024,140,344,Sham19Y0023608,3677,277,827,172,37
1024,106,411,JK000381,2191,0,305,256,100
1024,49,459,Shamela0001340,287,1097,1268,133,38
1024,49,512,JK000818,614,367,1350,362,44
1024,140,416,Meshkat00042488,1619,909,1624,225,37
1024,114,411,Sham19Y0020587,6,0,297,249,100
1024,0,459,Shia002356Vols,1147,200,648,369,96
1024,162,399,Shamela0009918,186,1118,1725,199,39
1024,33,603,Shia002380Vols,736,25,1004,427,52
1024,49,459,Shamela0001419,495,1392,1570,134,39
1024,140,411,Shamela0001419,496,38,374,225,80
1024,43,459,JK001496,2196,707,1134,348,97
1024,162,459,Shamela0008473,4389,0,296,248,99
1024,254,603,Shia002382Vols,1688,0,671,290,51
1024,26,411,Shia002382Vols,2257,560,1096,286,62
1024,119,344,Tafsir07055,3503,1237,1546,174,66
1024,0,678,Shamela0023591,6237,338,1016,565,100
1024,0,678,Shamela0023591,6239,475,1153,565,100
1024,1088,1382,JK009266,8260,345,621,111,37
1024,49,459,JK009266,8262,276,686,343,100
1024,145,411,Shamela0010283,3568,277,590,211,79
1024,12,459,Shamela0021821,1726,978,1463,370,90
1024,0,459,Shia002389Vols,2722,1049,1507,384,99
1024,0,274,Sham19Y0018144,1711,747,1010,142,50
1024,0,678,JK009362,7772,484,1173,565,98
1024,162,603,JK001420,730,463,1045,258,52
1024,0,268,Zaydiyya0000074,23,800,1068,223,100
1024,263,459,JK006478,8293,586,779,160,96
1024,49,416,Rafed0003943Vols,1452,995,1362,305,99
1024,49,459,Shamela0010273,3045,510,920,343,100
1024,87,245,Shamela0010273,3046,10,474,133,34
1024,145,459,Shamela0007798,8366,671,1027,206,69
1024,0,274,Tafsir06048,1070,200,704,140,28
1024,114,416,Meshkat00057178,3354,904,1578,246,43
1024,162,453,Masaha000554Vols,5650,685,970,236,96
1024,0,548,JK000447,805,105,1106,332,36
1024,0,678,QuranAnalysis001,222,91,769,565,100
1024,0,459,Rafed0001713Vols,2468,498,957,384,100
1024,399,682,Rafed0001713Vols,2473,832,1314,234,58
1024,0,459,Hindawi017506357,41,413,872,384,100
1024,0,245,Shia001288,17,1274,1518,205,99
1024,245,459,Shia001288,18,0,210,176,98
1024,5,421,Tafsir04042,2075,925,1709,274,40
1024,162,603,Shamela0009065,423,30,628,169,26
1024,114,678,Shamela0000041,2361,110,673,469,99
1024,0,548,Shamela0023578,2889,271,819,460,100
1024,162,512,Shamela0023578,2892,629,1044,292,83
1024,26,338,JK000876,1433,185,755,243,50
1025,429,989,Shia001432Vols,6258,1266,1616,224,47
1025,583,985,Shamela0023632,3270,641,874,195,57
1025,429,1313,JK009268,4190,1076,1546,325,43
1025,583,985,Sham19Y0023618,1600,126,359,195,57
1025,246,963,Shamela0010460,222,729,1365,161,18
1025,429,932,Shamela0023628,3178,780,1077,186,43
1025,429,985,Rafed0003257Vols,4842,1179,1524,224,47
1025,602,1371,Tafsir09084,2263,12,946,358,38
1025,429,985,Sham19Y0020891,5911,895,1240,224,47
1025,655,932,JK010001,3413,245,706,99,18
1025,583,1087,JK009270,4853,156,421,222,52
1025,655,1313,Meshkat0014420,4250,1080,1390,257,46
1025,583,932,JK000101,519,837,1022,155,53
1025,429,985,Sham19Y0147312,1837,532,877,224,47
1025,602,899,Shamela0022769,1478,301,943,119,20
1025,255,631,JK000720,158,27,249,97,30
1025,583,926,Zaydiyya0000062,1853,1392,1571,150,51
1025,429,985,Masaha001075,132,164,509,224,47
1025,429,1313,JK000791,2149,1120,1590,325,43
1025,270,989,JK007018,732,516,1035,255,37
1025,583,932,Shia001373,34,143,322,150,51
1025,429,985,JK009396,1474,142,487,224,47
1025,429,985,Sham19Y0023608,3675,808,1153,224,47
1025,583,738,Sham19Y0023608,3677,413,827,105,29
1025,429,932,JK000381,2191,8,305,186,43
1025,583,1371,JK000818,614,738,1667,394,46
1025,583,932,Meshkat00042488,1619,1054,1619,159,27
1025,429,932,Sham19Y0020587,6,0,297,186,43
1025,583,920,Shamela0009918,186,1182,1725,151,26
1025,270,631,JK007043,1742,955,1159,90,29
1025,270,631,JK007043,2629,108,304,96,31
1025,583,1642,Shia002380Vols,736,351,1220,444,47
1025,583,932,Shamela0001419,496,189,374,155,53
1025,429,985,JK001496,2196,786,1134,224,47
1025,611,1313,Shia002382Vols,1688,0,632,321,46
1025,655,932,Tafsir07055,3504,425,885,99,18
1025,270,631,Shamela0012884,4579,753,1013,77,19
1025,429,1313,Shamela0023591,6237,452,922,325,43
1025,429,1313,Shamela0023591,6239,589,1059,325,43
1025,429,985,JK009266,8262,341,686,224,47
1025,583,932,Shamela0010283,3568,352,590,164,57
1025,429,985,Shamela0021821,1726,1120,1463,222,47
1025,270,631,JK011090,20,1158,1363,86,28
1025,429,985,Shia002389Vols,2722,1163,1507,224,47
1025,429,1313,JK009362,7772,609,1079,325,43
1025,286,963,Sham19Y0133367,232,837,1339,145,19
1025,270,631,Sham19Y0133367,238,684,878,93,30
1025,715,1584,Tafsir08060,476,136,572,216,29
1025,429,932,Rafed0003943Vols,1452,1060,1357,186,43
1025,429,985,Shamela0010273,3045,575,920,224,47
1025,270,729,Shamela0007798,8283,1071,1393,128,26
1025,655,985,Shamela0007798,8366,843,1027,155,55
1025,937,1642,Tafsir01006,1373,0,706,293,36
1025,695,1117,Tafsir06048,1086,104,671,199,38
1025,833,1230,Sham19Y0014404,1405,921,1377,160,31
1025,583,932,Meshkat00057178,3354,1140,1573,155,31
1025,429,1313,QuranAnalysis001,222,205,675,325,43
1025,429,985,Rafed0001713Vols,2468,612,957,224,47
1025,1248,1623,Rafed0001713Vols,2474,76,690,154,25
1025,429,985,Hindawi017506357,41,527,872,224,47
1025,602,985,Shia001288,18,0,210,175,54
1025,270,631,JK000163,8,1136,1344,88,28
1025,297,631,Tafsir04056,6664,11,232,76,24
1025,429,1230,Shamela0023578,2889,385,819,295,43
1025,270,1117,Shamela0023578,2892,324,1044,312,36
1025,1355,1647,Shamela0023578,2894,599,884,122,46
1026,0,586,ShamAY0037152,991,678,1247,339,63
1026,0,586,Shia001432Vols,5561,9,287,219,45
1026,0,384,Shia001432Vols,6668,1224,1607,311,99
1026,384,875,Shia001432Vols,6669,0,491,399,100
1026,58,182,Shia001432Vols,22589,384,508,97,100
1026,0,586,Shia002185Vols,2131,0,471,373,78
1026,0,738,Shia002185Vols,2657,802,1396,313,43
1026,0,287,Shamela0023632,3274,198,485,231,100
1026,287,586,Shamela0023632,3275,564,863,245,100
1026,23,287,Tafsir03097,1500,925,1499,212,45
1026,15,875,JK009268,4191,0,860,698,100
1026,0,176,Zaydiyya0000077Vols,690,793,969,141,100
1026,0,977,Sham19Y0023618,1602,139,1189,765,89
1026,0,194,Shamela0023628,3183,1358,1551,155,99
1026,194,609,Shamela0023628,3184,0,432,333,94
1026,586,956,Shamela0023628,3186,768,1235,269,68
1026,0,429,Rafed0003257Vols,4849,1041,1479,345,97
1026,287,738,Rafed0003257Vols,4852,477,1136,369,68
1026,490,738,JK000356,7,0,257,201,96
1026,58,414,Tafsir09084,2266,818,1496,249,46
1026,0,182,Sham19Y0020891,5919,503,685,146,100
1026,291,414,Sham19Y0020891,5922,906,1171,101,46
1026,339,598,Sham19Y0020891,5923,144,445,190,75
1026,0,182,Tafsir09068,1074,278,460,146,100
1026,414,586,JK010001,4154,856,1028,141,100
1026,12,586,JK009270,4860,0,573,465,99
1026,586,757,JK009270,4866,1372,1542,139,99
1026,414,586,Shamela0005756,15452,1109,1281,141,100
1026,414,586,Shamela0005756,15453,458,630,141,100
1026,414,601,Shamela0005756,15512,167,358,147,94
1026,0,408,Meshkat0014420,4254,1146,1553,330,99
1026,408,586,Meshkat0014420,4255,0,178,146,100
1026,473,875,Meshkat0014420,4258,402,729,257,78
1026,84,248,JK006476,1691,0,167,129,98
1026,23,460,JK006476,1691,780,1265,271,59
1026,287,460,JK006476,1692,280,585,136,54
1026,0,875,ShamAY0036821,1734,701,1568,701,98
1026,414,586,Shamela0029677,1239,163,335,141,100
1026,414,746,ShamIbadiyya0000129,154,862,1244,267,85
1026,875,1523,Meshkat00042485,6191,182,908,301,46
1026,182,545,Shamela0001466,3266,1222,1583,295,98
1026,0,182,Sham19Y0147312,1839,473,655,146,100
1026,182,586,Sham19Y0147312,1840,21,675,330,61
1026,662,875,Sham19Y0147312,1841,0,213,172,100
1026,0,176,Zaydiyya0000062,1855,540,716,141,100
1026,107,408,Zaydiyya0000062,1856,15,408,237,74
1026,287,601,Zaydiyya0000062,1856,812,1350,248,56
1026,0,569,Shamela0006947,8586,259,541,207,44
1026,466,738,JK000342,83,0,413,214,64
1026,0,357,JK000791,2152,96,453,289,100
1026,503,896,JK000791,2153,1187,1587,276,84
1026,182,598,JK000791,2153,31,424,224,53
1026,397,586,JK000365,276,764,947,145,94
1026,414,968,JK000365,2123,1074,1337,174,38
1026,0,182,Shamela0000922,1148,440,622,146,100
1026,58,490,Shamela0000922,1148,949,1554,181,28
1026,490,738,Shamela0000922,1149,0,582,201,42
1026,414,586,Sham19Y0009800,850,755,927,141,100
1026,0,586,Shia001416,193,965,1572,370,62
1026,0,557,JK007018,733,983,1604,452,89
1026,586,896,JK007018,734,248,570,242,93
1026,414,738,JK000698,174,128,544,258,76
1026,414,580,Shia004000,220,545,878,136,49
1026,287,875,Zaydiyya0000295Vols,524,929,1105,140,29
1026,0,241,JK009396,1475,1422,1662,194,99
1026,241,904,JK009396,1476,0,1269,528,51
1026,0,429,Sham19Y0023608,3681,529,972,345,96
1026,153,402,Sham19Y0023608,3683,227,1227,194,23
1026,414,586,Sham19Y0023608,3684,362,534,141,100
1026,690,875,Sham19Y0023608,3686,0,185,149,100
1026,0,182,Sham19Y0095660,509,1106,1288,146,100
1026,23,557,JK000818,615,361,1468,426,47
1026,0,182,Meshkat00042488,1621,400,582,146,100
1026,185,601,Meshkat00042488,1622,27,915,324,44
1026,3,586,Shia003636Vols,14914,218,685,370,77
1026,46,392,ShamIbadiyya0000075,851,934,1664,278,47
1026,414,869,ShamIbadiyya0000075,852,226,1091,366,52
1026,414,765,Shamela0004473,324,1038,1508,268,68
1026,241,473,ShamAY0033108,1689,430,908,190,48
1026,0,414,Shia002356Vols,1150,17,432,331,98
1026,414,875,Shia002356Vols,1151,760,1219,371,98
1026,120,408,Shia002380Vols,737,24,475,232,63
1026,0,182,JK001496,2198,1275,1458,146,99
1026,94,339,JK001496,2199,618,1412,159,25
1026,339,598,JK001496,2200,11,534,199,46
1026,241,473,Tafsir02091,1949,887,1362,187,47
1026,287,433,Tafsir02102,3618,55,226,106,75
1026,15,420,Shamela0008473,4399,0,403,326,99
1026,473,863,Shamela0008473,4400,1038,1571,315,72
1026,414,609,Shamela0008473,4400,32,232,150,91
1026,0,732,Shia003996Vols,675,143,948,307,33
1026,0,601,Shia003996Vols,678,278,937,379,59
1026,94,500,Shia002382Vols,1689,758,1595,328,48
1026,0,182,Shia002382Vols,2258,1042,1224,146,100
1026,98,408,Shia002382Vols,2259,1148,1605,224,58
1026,255,884,Shia002382Vols,2260,183,1056,433,55
1026,414,601,Tafsir07055,4270,1351,1539,145,94
1026,98,500,Tafsir05047,857,135,849,301,52
1026,0,633,Shamela0023591,6237,1022,1654,514,99
1026,633,875,Shamela0023591,6238,0,242,196,100
1026,0,387,Shamela0023591,6245,1166,1552,313,99
1026,387,977,Shamela0023591,6246,0,663,451,83
1026,0,429,JK009266,8270,372,813,346,96
1026,414,893,JK009266,8272,37,523,387,96
1026,0,182,Shamela0010283,3568,677,859,146,100
1026,262,601,Shamela0010283,3569,0,435,214,52
1026,0,287,Zaydiyya0000076BK16,61,383,1113,231,39
1026,0,429,Shamela0021821,1728,932,1374,347,96
1026,255,738,Shamela0021821,1729,741,1192,296,70
1026,0,287,Hindawi030353837,933,331,618,231,100
1026,0,738,Rafed0003793Vols,1098,352,1037,322,43
1026,0,460,Rafed0003793Vols,1099,1154,1575,270,60
1026,255,460,Sham19Y0013231,3757,930,1502,129,27
1026,0,451,JK009362,7772,1179,1629,366,99
1026,451,875,JK009362,7773,0,424,344,100
1026,0,305,JK000367,117,651,997,243,87
1026,54,287,JK009257,877,910,1266,179,63
1026,287,524,JK009257,878,255,717,190,49
1026,0,182,JK006478,8299,14,197,146,99
1026,255,598,JK006478,8301,195,1275,256,29
1026,0,586,Shamela0009789,326,764,1413,371,58
1026,414,746,Rafed0003452,57,351,867,267,63
1026,0,738,Rafed0003943Vols,1455,807,1545,600,100
1026,3,420,Shamela0010273,3050,0,416,337,99
1026,103,738,Shamela0010273,3052,314,870,333,58
1026,0,182,Shamela0007798,8370,1140,1322,146,100
1026,271,420,Shamela0007798,8373,772,962,120,76
1026,414,586,Shamela0007798,8374,490,662,141,100
1026,875,1523,Tafsir01006,1373,829,1556,284,39
1026,0,287,Tafsir06048,1087,186,776,163,34
1026,414,738,Masaha000147,42,614,948,265,97
1026,414,586,Hindawi020604026,370,1008,1180,141,100
1026,0,182,Sham19Y0014404,1406,842,1024,146,100
1026,937,1241,Sham19Y0014404,1406,1038,1462,158,42
1026,107,601,Sham19Y0014404,1407,96,1196,276,28
1026,0,182,Meshkat00057178,3357,199,381,146,100
1026,0,429,Masaha000554Vols,5658,442,886,342,94
1026,287,414,Masaha000554Vols,5660,1069,1317,104,51
1026,414,893,Masaha000554Vols,5662,1018,1498,381,95
1026,0,875,QuranAnalysis001,222,775,1650,710,100
1026,414,586,Sham19Y0020879,376,1175,1347,141,100
1026,0,364,Rafed0001713Vols,2474,1195,1558,295,99
1026,1156,1558,Rafed0001713Vols,2475,1012,1498,167,34
1026,287,977,Rafed0001713Vols,2476,349,1416,522,59
1026,339,589,Shia002374Vols,421,6,515,186,44
1026,23,500,Tafsir04042,2077,550,1508,387,49
1026,514,875,Tafsir04042,2078,91,870,287,45
1026,0,601,Masaha000998Vols,480,79,617,382,77
1026,191,473,Tafsir04056,6736,126,1003,171,23
1026,0,182,Shamela0000041,2362,1060,1242,146,100
1026,160,529,Shamela0000041,2363,806,1589,204,27
1026,529,738,Shamela0000041,2364,0,209,170,100
1026,0,875,Shamela0023578,2893,336,1211,710,100
1026,77,500,Shamela0023578,2895,0,717,342,58
1026,91,333,JK000876,1435,576,1066,190,48
1027,1202,1575,Shia001432Vols,6669,274,596,260,85
1027,295,489,Tafsir09050,3992,646,848,102,55
1027,1202,1575,JK009268,4191,643,965,260,85
1027,1202,1471,Sham19Y0023618,1602,797,1014,174,80
1027,1202,1575,Shamela0023628,3186,840,1162,260,85
1027,1202,1575,Meshkat0014420,4258,512,834,260,85
1027,1202,1475,ShamAY0036821,1734,1353,1571,175,79
1027,1206,1471,Sham19Y0147312,1841,0,213,171,80
1027,1202,1471,JK000791,2153,1346,1563,174,80
1027,74,414,Shamela0021766,4061,4,365,189,55
1027,1202,1524,Shamela0021766,4063,864,1456,223,43
1027,295,896,JK009313,1915,0,596,245,37
1027,418,896,JK000906,10028,433,1297,245,35
1027,1202,1471,JK009396,1476,1017,1234,174,80
1027,1234,1471,Sham19Y0023608,3686,0,185,148,77
1027,9,751,JK000818,615,891,1540,303,42
1027,301,766,Meshkat00042488,1622,903,1540,171,27
1027,745,1459,ShamIbadiyya0000075,852,534,1085,285,41
1027,1202,1575,Shia002356Vols,1151,1004,1323,256,84
1027,9,1524,Shia002380Vols,737,280,1611,740,49
1027,387,1459,Shamela0008473,4400,1038,1571,341,38
1027,478,1465,Shia002382Vols,1690,3,851,432,43
1027,506,908,Shia002382Vols,2260,1050,1374,191,53
1027,1337,1465,Shia002382Vols,2261,0,536,98,22
1027,1202,1575,Shamela0023591,6238,25,347,260,85
1027,1202,1471,Shamela0023591,6246,271,488,174,80
1027,1202,1471,JK009266,8272,281,498,174,80
1027,544,896,Shamela0010283,3569,905,1113,136,46
1027,1202,1575,JK009362,7773,207,529,260,85
1027,9,576,Tafsir08060,476,1285,1606,174,38
1027,365,896,Tafsir01006,1374,880,1580,254,39
1027,1046,1519,Tafsir01006,1375,36,924,313,43
1027,1202,1479,QuranAnalysis001,222,1433,1657,180,80
1027,1202,1471,Rafed0001713Vols,2476,1051,1268,174,80
1027,1202,1496,Tafsir04042,2078,443,956,196,44
1027,506,896,Shamela0000041,2364,895,1227,171,47
1027,1202,1575,Shamela0023578,2893,994,1316,260,85
1027,506,896,Shamela0023578,2895,1224,1470,167,51
1027,1202,1479,Shamela0023578,2896,489,879,181,53
1028,648,805,Shamela0030945,111,1338,1495,129,100
1028,0,333,Shia001432Vols,6259,184,518,270,99
1028,0,818,Shia001432Vols,6669,596,1363,612,92
1028,0,151,Shia001432Vols,6731,173,324,126,100
1028,44,429,Shamela0023632,3280,393,778,310,100
1028,540,988,Shamela0023632,3282,0,453,257,60
1028,0,631,JK009268,4191,965,1595,512,99
1028,631,818,JK009268,4192,0,187,150,98
1028,321,642,Zaydiyya0000077Vols,59,17,337,256,98
1028,0,151,Sham19Y0023618,1604,908,1059,126,100
1028,151,805,Sham19Y0023618,1606,0,653,528,99
1028,0,151,Shamela0023628,3192,953,1104,126,100
1028,151,429,Shamela0023628,3199,382,660,221,100
1028,648,818,Shamela0023628,3213,626,796,136,98
1028,0,429,Rafed0003257Vols,4855,205,634,347,100
1028,402,805,Rafed0003257Vols,4857,718,1213,329,81
1028,109,432,Sham19Y0020891,5933,997,1476,189,43
1028,648,805,Sham19Y0020891,5937,1378,1535,129,100
1028,0,216,JK009270,4870,748,964,177,100
1028,216,648,JK009270,4874,358,790,349,100
1028,642,818,JK009270,4879,1296,1472,138,96
1028,321,805,Shamela0005756,8636,332,1010,383,68
1028,0,151,Meshkat0014420,4258,834,985,126,100
1028,195,648,Meshkat0014420,4263,0,453,365,100
1028,648,818,Meshkat0014420,4268,437,607,136,98
1028,297,529,JK006476,1697,1208,1490,178,77
1028,109,386,JK006476,1697,194,483,222,95
1028,0,661,ShamAY0036821,1735,100,758,532,99
1028,0,151,Sham19Y0147312,1841,827,978,126,100
1028,190,648,Sham19Y0147312,1842,0,813,369,56
1028,642,805,Sham19Y0147312,1844,862,1026,132,98
1028,0,129,Sham19Y0014592,76,813,942,107,100
1028,321,698,JK001263,7,847,1223,298,97
1028,0,210,Zaydiyya0000062,1859,753,965,172,98
1028,157,444,Zaydiyya0000062,1860,262,701,225,64
1028,612,818,Zaydiyya0000062,1862,230,467,166,85
1028,648,805,Zaydiyya0000220,231,590,747,129,100
1028,253,461,Zaydiyya0000220,233,0,205,145,87
1028,0,151,Shamela0021512,65,1353,1503,126,99
1028,0,429,JK000791,2155,199,628,347,100
1028,379,805,JK000791,2158,1075,1588,344,81
1028,321,698,JK009336,2232,667,1044,301,98
1028,0,216,JK000365,276,212,428,177,100
1028,0,574,Shamela0023833,681,19,775,383,57
1028,0,333,Shamela0000922,1150,577,1230,270,50
1028,280,648,Shamela0000922,1151,0,596,238,50
1028,0,429,Sham19Y0009800,838,1008,1437,347,100
1028,0,151,Sham19Y0009800,850,1289,1440,126,100
1028,0,988,Shamela0009770,456,176,1107,419,41
1028,0,216,Shia000806Vols,51,905,1121,177,100
1028,0,253,JK007018,734,943,1590,208,38
1028,429,805,JK007018,735,1153,1532,308,99
1028,151,429,JK009396,1478,0,278,221,100
1028,429,805,JK009396,1479,811,1187,308,100
1028,44,429,Sham19Y0023608,3689,1001,1386,310,100
1028,321,805,Sham19Y0023608,3693,801,1397,389,79
1028,44,333,JK000381,4450,1003,1236,183,78
1028,0,151,Meshkat00042488,1624,811,1191,126,39
1028,612,805,Meshkat00042488,1627,50,274,159,86
1028,0,143,ShamIbadiyya0000075,852,1482,1697,119,65
1028,143,560,ShamIbadiyya0000075,853,0,659,336,63
1028,44,429,Shamela0004473,10040,163,373,166,52
1028,648,813,Shamela0004473,15583,639,800,129,95
1028,648,818,Hindawi018175075,372,606,776,136,98
1028,0,529,Shia002356Vols,1152,1070,1628,409,90
1028,44,216,ShamIbadiyya0000730,59,317,500,140,93
1028,93,667,Tafsir04038,632,0,856,306,39
1028,0,468,Shia002380Vols,738,74,1020,378,49
1028,337,667,JK001496,2204,0,770,259,41
1028,574,805,JK001496,2205,991,1258,147,67
1028,326,619,Zaydiyya0000328,207,1335,1626,232,97
1028,44,429,Shamela0008473,4403,455,840,310,100
1028,1198,1361,Shamela0008473,4403,813,1021,85,50
1028,321,988,Shamela0008473,4407,574,1110,374,69
1028,0,432,Shia002382Vols,2261,934,1452,309,71
1028,0,151,Shia002382Vols,2261,251,405,126,98
1028,176,648,Shia002382Vols,2262,0,649,354,68
1028,648,988,Shia002382Vols,2263,1052,1373,163,55
1028,173,352,Tafsir05047,859,1217,1576,141,49
1028,0,210,Masaha002028Vols,1362,1313,1522,172,99
1028,0,818,Shamela0023591,6238,347,1164,661,99
1028,0,386,Shamela0023591,6250,1156,1541,312,99
1028,386,988,Shamela0023591,6251,0,694,390,60
1028,0,333,JK009266,8275,884,1217,270,100
1028,312,805,JK009266,8280,166,673,401,96
1028,44,429,Shamela0010283,3570,569,1487,259,35
1028,648,830,Zaydiyya0000076BK16,71,1166,1362,142,88
1028,0,129,Shamela0021821,1730,1447,1575,107,99
1028,190,805,Shamela0021821,1732,887,1541,498,94
1028,44,333,JK000351,9,846,1079,183,78
1028,0,216,Shamela0022721,367,834,1050,177,100
1028,648,805,Shamela0022721,436,565,722,129,100
1028,0,818,JK009362,7773,529,1355,662,98
1028,0,648,JK001420,731,39,650,290,45
1028,357,648,Zaydiyya0000274,583,0,291,237,100
1028,151,429,JK009257,880,612,1134,217,52
1028,429,805,JK009257,881,395,1191,273,40
1028,648,805,Zaydiyya0000074,61,87,238,123,95
1028,805,1557,Tafsir08060,477,546,1170,313,42
1028,0,429,Rafed0003943Vols,1458,39,468,347,100
1028,648,834,Rafed0003943Vols,1459,254,472,139,74
1028,0,216,Shamela0010273,3055,472,688,177,100
1028,216,444,Shamela0010273,3059,681,936,176,86
1028,44,216,Shamela0007798,8386,86,258,140,100
1028,239,429,Shamela0007798,8391,541,1047,136,33
1028,612,805,Shamela0007798,8406,423,642,159,88
1028,937,1322,Tafsir01006,1375,1053,1581,215,46
1028,0,151,Sham19Y0014404,1409,343,635,126,51
1028,1157,1566,Sham19Y0014404,1409,392,935,221,42
1028,143,451,Sham19Y0014404,1411,163,1095,211,27
1028,602,988,Sham19Y0014404,1412,1207,1542,191,54
1028,345,667,Sham19Y0014404,1412,23,444,233,67
1028,44,216,Rafed0003799Vols,1969,234,428,140,88
1028,0,151,Meshkat00057178,3361,1137,1515,126,39
1028,648,805,Meshkat00057178,3365,620,777,129,100
1028,44,210,Masaha000554Vols,5674,1231,1400,135,98
1028,216,642,Masaha000554Vols,5678,1025,1453,340,97
1028,44,402,JK000447,807,571,1448,219,31
1028,0,818,QuranAnalysis001,223,97,915,662,99
1028,44,216,Rafed0003489,176,76,248,140,100
1028,0,216,Rafed0001713Vols,2478,1116,1332,177,100
1028,181,432,Rafed0001713Vols,2488,806,1040,178,89
1028,396,805,Rafed0001713Vols,2489,683,1180,330,81
1028,301,565,Tafsir04042,2084,16,633,210,42
1028,173,740,JK006838,880,154,638,241,48
1028,0,151,Shamela0000041,2367,1028,1179,126,100
1028,151,429,Shamela0000041,2374,740,1018,221,100
1028,190,429,Shamela0000041,2375,41,367,190,73
1028,648,988,Shamela0000041,2385,584,909,163,49
1028,0,233,Shamela0023578,2893,1316,1541,182,95
1028,937,1557,Shamela0023578,2898,488,1167,284,41
1028,190,818,Shamela0023578,2904,469,1121,504,95
1028,648,805,JK000094,1295,1417,1574,129,100
1028,959,1557,JK000876,1437,508,1350,288,38
1029,212,599,Shamela0023632,3280,506,761,188,61
1029,212,690,JK009268,4191,1122,1433,203,53
1029,212,690,Sham19Y0023618,1606,6,317,203,53
1029,212,599,Shamela0023628,3199,388,643,188,61
1029,212,599,Rafed0003257Vols,4855,362,617,188,61
1029,255,690,Meshkat0014420,4263,0,273,181,52
1029,212,690,ShamAY0036821,1735,257,566,200,52
1029,135,568,Meshkat00042485,6199,1074,1562,231,53
1029,1376,1574,Meshkat00042485,6205,172,477,138,56
1029,346,954,Shamela0022769,1487,135,759,208,30
1029,212,599,JK000791,2155,356,611,188,61
1029,212,599,Sham19Y0009800,838,1165,1420,188,61
1029,212,599,JK009396,1478,6,261,188,61
1029,212,599,Sham19Y0023608,3689,1114,1369,188,61
1029,212,690,Shia002356Vols,1152,1259,1568,200,52
1029,1056,1574,Shia002380Vols,738,901,1446,303,56
1029,212,591,Shia002380Vols,738,395,755,218,66
1029,212,599,Shamela0008473,4403,568,823,188,61
1029,250,591,Shia002382Vols,1691,9,381,210,66
1029,1056,1574,Shia002382Vols,1691,527,1084,303,55
1029,1056,1574,Shia002382Vols,2262,752,1309,300,54
1029,239,690,Shia002382Vols,2262,0,469,235,55
1029,212,690,Shamela0023591,6238,504,815,203,53
1029,212,575,Shamela0023591,6250,1313,1541,170,59
1029,591,760,JK007044,4370,974,1141,135,97
1029,212,690,JK009362,7773,688,999,203,53
1029,212,599,Rafed0003943Vols,1458,196,451,188,61
1029,135,1148,Tafsir01006,1376,519,1449,364,35
1029,1163,1574,Tafsir01006,1377,9,828,255,36
1029,1092,1561,Sham19Y0014404,1412,429,1027,233,42
1029,212,690,QuranAnalysis001,223,254,565,203,53
1029,276,546,Rafed0001713Vols,2488,1079,1492,154,43
1029,1235,1574,Rafed0001713Vols,2490,22,678,246,45
1029,1376,1612,Shamela0001535,6057,991,1115,73,36
1029,212,599,Shamela0000041,2374,746,1001,188,61
1029,250,599,Shamela0000041,2375,41,350,192,66
1030,1060,1296,Shia001432Vols,6669,1305,1500,155,81
1030,1210,1571,Shamela0023632,3286,0,361,294,99
1030,1060,1571,JK009268,4192,129,601,384,91
1030,1060,1293,Shamela0023628,3213,738,930,155,82
1030,125,340,Tafsir09084,2272,250,465,159,84
1030,1060,1571,Meshkat0014420,4268,549,1021,384,91
1030,1116,1518,ShamAY0036821,1736,323,732,309,92
1030,910,1171,Meshkat00042485,6209,69,497,122,34
1030,906,1367,JK000791,2160,351,757,263,65
1030,1145,1571,Sham19Y0009800,933,487,913,347,99
1030,868,1367,JK007018,736,730,1177,215,42
1030,125,553,Sham19Y0023608,3695,956,1642,167,27
1030,1098,1256,Meshkat00042488,1627,1370,1589,127,70
1030,1060,1571,Hindawi018175075,372,718,1190,384,91
1030,1060,1571,Shia002356Vols,1156,989,1465,383,90
1030,826,1350,Shia002380Vols,739,697,1424,245,38
1030,125,340,Shamela0008473,4408,33,235,159,89
1030,1060,1571,Shamela0023591,6238,1106,1577,383,91
1030,1145,1571,Shamela0023591,6259,911,1337,347,99
1030,826,1367,Shamela0021821,1735,811,1404,253,42
1030,1060,1399,JK009362,7773,1291,1601,242,84
1030,1116,1403,JK006478,8322,1370,1611,118,41
1030,1060,1571,QuranAnalysis001,223,857,1329,384,91
1030,906,1571,Rafed0001713Vols,2491,503,1210,424,66
1030,1002,1329,Shamela0000041,2386,35,371,208,69
1030,1210,1571,Shamela0000041,2387,380,935,291,64
1030,1060,1293,Shamela0023578,2904,1063,1255,155,82
1031,429,727,Shamela0021715,10397,1000,1370,133,37
1031,640,886,Tafsir05047,862,6,220,119,51
1031,498,734,JK000458,3131,103,649,133,30
1031,640,1251,Tafsir08060,479,33,662,237,35
1031,512,716,Tafsir01006,1378,1354,1559,117,58
1031,429,877,JK000876,1441,95,648,191,34
1032,629,1034,Shia001432Vols,5429,776,1181,328,100
1032,1034,1580,Shia001432Vols,7096,262,808,447,99
1032,555,853,Shamela0023632,3291,1278,1556,212,87
1032,873,1321,Shamela0023632,3294,546,1036,346,86
1032,555,1521,JK009268,4209,600,1634,767,89
1032,555,924,Sham19Y0023618,1614,575,949,275,90
1032,873,1321,Sham19Y0023618,1616,394,896,346,84
1032,1034,1577,Shamela0023628,3226,242,733,393,88
1032,606,1034,Rafed0003257Vols,4864,495,930,347,98
1032,1131,1321,Rafed0003257Vols,4868,1000,1189,155,99
1032,1034,1321,Sham19Y0020891,5977,1131,1418,234,100
1032,1131,1321,JK000100,472,1188,1378,155,100
1032,694,1054,JK010001,2695,1016,1386,255,83
1032,924,1286,JK009270,4897,61,422,294,99
1032,1131,1321,Zaydiyya0000329,73,110,300,155,99
1032,606,1034,Meshkat0014420,4274,358,795,347,97
1032,1034,1557,Meshkat0014420,4279,864,1386,430,99
1032,1131,1333,JK006476,1707,1250,1455,164,97
1032,830,1042,ShamAY0036821,1737,722,932,164,96
1032,1142,1325,Shamela0036066,17,0,183,148,99
1032,873,1321,Sham19Y0147312,1850,497,1378,339,46
1032,1131,1321,Shamela0006947,11799,362,552,155,100
1032,1131,1321,Shamela0008555,135,597,787,155,100
1032,606,1054,JK000791,2164,1052,1425,283,77
1032,1018,1321,JK000791,2168,235,554,247,94
1032,694,1037,Shamela0001524,316,80,419,268,96
1032,629,1054,Shamela0001524,2258,171,608,341,96
1032,629,1054,JK009313,5208,1198,1603,268,77
1032,1034,1321,JK007018,739,77,367,231,96
1032,1034,1321,JK009396,1485,352,639,234,100
1032,555,924,Sham19Y0023608,3701,848,1192,270,90
1032,1034,1321,Sham19Y0023608,3706,1178,1465,234,100
1032,1124,1321,JK000381,150,408,616,159,93
1032,761,978,Meshkat00042488,1631,751,1226,156,40
1032,867,1034,Shamela0004473,2827,0,167,136,100
1032,606,1037,Shia002356Vols,1159,803,1233,345,97
1032,1042,1429,Shia002356Vols,1161,1193,1576,312,98
1032,629,1580,Hindawi079072819,23,223,1174,776,100
1032,629,1054,Shamela0012027,214,1081,1495,301,81
1032,1034,1321,JK001496,2220,172,463,234,97
1032,629,967,JK000041,5,1265,1642,274,89
1032,539,924,Shamela0008473,4433,683,1037,277,86
1032,830,1048,Shamela0008473,4439,477,705,156,85
1032,924,1321,Shamela0008473,4440,803,1306,280,64
1032,717,1004,Tafsir07055,2786,1286,1572,220,93
1032,1131,1321,Shamela0003055,721,826,1016,155,100
1032,555,914,Shamela0023591,6264,1233,1566,262,89
1032,914,1580,Shamela0023591,6265,0,666,545,100
1032,629,1142,Shamela0023591,6266,1125,1637,416,99
1032,1142,1607,Shamela0023591,6267,0,440,213,51
1032,555,924,JK009266,8295,641,1066,287,82
1032,957,1321,JK009266,8306,114,441,250,84
1032,606,1034,Shia004526,13,539,967,345,99
1032,974,1321,Shamela0021821,1741,130,648,280,66
1032,606,1286,Rafed0000185Vols,16,501,1099,463,83
1032,560,1580,JK009362,7835,186,1226,790,89
1032,1131,1305,JK009179,14,1234,1408,142,100
1032,1131,1305,JK000467,1164,439,613,142,100
1032,629,1034,JK001303,833,713,1118,328,100
1032,1124,1321,JK000376,54,619,827,159,93
1032,709,1034,Zaydiyya0000274,596,216,540,264,99
1032,814,1054,Rafed0003943Vols,1463,0,191,147,75
1032,978,1494,Rafed0003943Vols,1464,0,829,422,62
1032,555,924,Shamela0010273,3071,1074,1575,290,71
1032,1034,1321,Shamela0010273,3078,543,830,234,100
1032,1073,1321,Shamela0007798,8434,275,647,200,65
1032,806,1580,QuranAnalysis001,224,0,774,634,100
1032,1131,1305,JK001214,11,74,248,142,100
1032,652,1034,Rafed0001713Vols,2496,681,1047,284,91
1032,1034,1321,Rafed0001713Vols,2502,595,882,234,100
1032,555,933,Shamela0023578,2923,499,857,275,88
1032,1096,1571,Shamela0023578,2931,0,470,385,98
1032,1068,1353,Shamela0023578,2933,715,1425,231,39
1032,629,1034,JK000094,612,1003,1443,328,92
1033,408,1015,Tafsir09084,2289,126,738,243,34
1033,813,920,JK010001,3420,80,270,82,54
1033,1248,1422,Meshkat00042488,1632,432,1007,92,18
1033,408,885,Shamela0008473,4438,1128,1454,155,33
1033,264,480,Shia002382Vols,1695,689,946,162,74
1033,264,480,Shia002382Vols,2267,277,534,162,74
1033,770,920,Tafsir07055,3511,44,385,109,40
1033,264,551,Tafsir01006,1380,938,1327,193,59
1033,927,1130,Rafed0001713Vols,2499,728,1265,109,24
1035,886,1234,JK000021,1938,463,748,217,78
1035,549,1535,Shia001432Vols,7096,632,1416,619,77
1035,904,1264,Shamela0023632,3298,1114,1474,288,100
1035,1264,1521,Shamela0023632,3303,905,1162,209,100
1035,879,1573,JK009268,4210,11,706,562,99
1035,904,1278,Sham19Y0023618,1618,57,444,296,95
1035,1290,1521,Sham19Y0023618,1622,0,231,188,100
1035,1378,1573,Rafed0003257Vols,4882,302,498,160,99
1035,1378,1573,Zaydiyya0000044,100,1062,1258,160,99
1035,1378,1573,JK000362,1496,36,232,160,99
1035,1334,1573,Meshkat0014420,4291,703,974,181,82
1035,1378,1573,Shamela0029677,1981,384,580,160,99
1035,1378,1573,Shamela0012769,91,214,410,160,99
1035,1334,1573,JK000791,2176,407,629,181,92
1035,1378,1573,JK006875,30,882,1078,160,99
1035,1334,1573,JK009396,1491,69,365,182,76
1035,1241,1573,Sham19Y0023608,3721,452,943,259,63
1035,1360,1573,JK000381,2196,854,1075,166,92
1035,1360,1573,Sham19Y0020587,11,1229,1443,166,95
1035,943,1259,Zaydiyya0000286,2,0,316,254,100
1035,717,1192,Shamela0004473,1475,1127,1478,283,73
1035,549,1334,Hindawi079072819,23,997,1580,468,73
1035,1334,1573,Hindawi079072819,24,0,240,195,99
1035,476,1005,Shia002380Vols,742,720,1525,261,34
1035,1363,1573,ShamAY0001202,185,163,371,165,95
1035,1378,1573,Zaydiyya0000403,30,321,517,160,99
1035,1378,1573,Shamela0008473,4462,712,908,160,99
1035,1378,1573,Zaydiyya0000130,79,92,288,160,99
1035,1378,1573,Shamela0003055,116,855,1051,160,99
1035,549,1573,Shamela0023591,6265,489,1313,663,79
1035,912,1264,Shamela0023591,6278,0,352,282,100
1035,1234,1573,Shamela0023591,6285,793,1155,263,88
1035,1293,1573,Shamela0021821,1744,0,281,230,99
1035,1278,1573,JK009362,7836,0,311,241,94
1035,476,924,Shia000181,279,392,1078,204,30
1035,886,1192,Zaydiyya0000080,405,1099,1398,235,96
1035,717,1123,Rafed0003943Vols,1465,1355,1642,214,64
1035,1363,1573,Rafed0003943Vols,1467,715,916,164,94
1035,1383,1573,Shamela0010273,3097,0,191,156,99
1035,886,1234,Sham19Y0018567,1156,1128,1470,268,96
1035,1378,1573,ShamAY0007299,223,12,208,160,99
1035,549,1573,QuranAnalysis001,224,597,1421,663,79
1035,904,1264,Rafed0001713Vols,2508,515,875,288,100
1035,1334,1573,Rafed0001713Vols,2515,1307,1565,195,92
1035,1383,1573,Zaydiyya0000107,42,996,1187,156,99
1035,1048,1278,Shamela0000041,2403,268,540,182,83
1035,904,1264,Hindawi093197385,17,649,1009,288,100
1035,904,1278,Shamela0023578,2936,391,765,296,99
1035,1241,1573,Shamela0023578,2943,797,1129,260,95
1036,33,286,Shia001432Vols,2518,73,327,190,93
1036,8,286,Shamela0023632,3306,0,278,225,100
1036,0,286,JK009268,4210,706,992,232,100
1036,0,286,Sham19Y0023618,1623,573,859,232,100
1036,0,306,Shamela0023628,3241,1087,1399,243,96
1036,0,286,Rafed0003257Vols,4882,498,784,232,100
1036,56,286,Sham19Y0020891,6018,406,727,185,71
1036,0,286,Tafsir09068,1087,191,894,219,38
1036,0,286,JK009270,4915,1149,1435,232,100
1036,1186,1435,Shamela0000140,1960,0,250,192,96
1036,382,974,Shamela0000140,2021,0,863,397,52
1036,0,286,Meshkat0014420,4291,974,1260,232,100
1036,79,286,Meshkat0014420,4293,1076,1473,166,52
1036,56,286,Tafsir01005,5432,722,1345,179,35
1036,79,286,Sham19Y0147312,1854,0,286,166,72
1036,0,231,JK000839,231,1091,1322,187,100
1036,56,279,Zaydiyya0000062,1886,948,1173,179,98
1036,0,286,JK000791,2176,629,915,232,100
1036,0,286,JK007018,742,118,412,228,95
1036,0,286,JK009396,1491,365,651,232,100
1036,0,286,Sham19Y0023608,3721,943,1229,232,100
1036,0,231,JK000381,2196,1075,1306,187,100
1036,0,286,JK000818,622,519,1160,219,42
1036,286,707,ShamIbadiyya0000441,156,152,647,156,32
1036,38,306,Meshkat00042488,1640,0,283,167,60
1036,0,150,Sham19Y0020587,11,1443,1592,122,99
1036,0,286,Shia002356Vols,1167,811,1090,222,96
1036,0,286,Hindawi079072819,24,240,526,232,100
1036,79,286,Shia002380Vols,745,24,520,165,41
1036,56,257,JK001496,2236,1233,1563,161,60
1036,0,286,Shamela0008473,4462,908,1192,228,98
1036,56,286,Shia002382Vols,2277,7,375,178,60
1036,0,286,Tafsir05047,868,428,1071,229,44
1036,0,286,Shamela0023591,6265,1313,1599,232,100
1036,0,286,Shamela0023591,6285,1155,1441,232,100
1036,0,306,JK009266,8336,531,852,241,92
1036,483,1016,JK000458,3142,637,1534,240,29
1036,0,610,Shamela0021821,1744,281,906,305,51
1036,0,286,JK009362,7836,311,598,232,99
1036,79,264,JK009362,7887,535,808,74,34
1036,0,286,JK001110,95,952,1238,232,100
1036,350,702,Shia000181,369,1223,1565,180,46
1036,286,776,Tafsir08060,481,784,1178,186,42
1036,0,279,Rafed0003943Vols,1467,916,1590,226,41
1036,56,286,Shamela0010273,3099,1287,1517,185,100
1036,483,1016,Tafsir01006,1385,16,821,241,30
1036,67,286,Tafsir04003,3651,446,1033,171,36
1036,0,231,ShamAY0007299,223,208,439,187,100
1036,0,189,QuranAnalysis001,224,1421,1609,153,99
1036,0,231,Sham19Y0020879,45,445,676,187,100
1036,67,286,Rafed0001713Vols,2516,0,219,176,100
1036,0,306,Shamela0000041,2410,234,572,243,89
1036,0,300,Shamela0023578,2943,1129,1429,240,99
1036,56,286,Shamela0023578,2949,108,412,181,74
1036,56,286,JK000876,1455,535,1135,179,37
1037,802,1451,ShamIbadiyya0000193,3969,914,1386,168,25
1037,192,546,Shamela0000140,1142,900,1312,273,81
1037,192,1136,Shia002380Vols,744,292,1449,321,25
1037,670,1331,Shamela0008473,4462,386,1306,222,22
1037,442,662,Shamela0012884,4730,912,1166,107,53
1037,823,1460,JK000458,3145,745,1518,234,28
1037,823,1460,Tafsir01006,1387,571,1230,202,25
1037,1087,1616,Shamela0000041,2410,134,676,165,28
1037,1078,1616,Shamela0023578,2948,1198,1470,145,33
1038,754,1330,Shia001432Vols,1778,234,721,379,81
1038,8,814,Shia001432Vols,2518,97,440,260,40
1038,8,534,Shia001432Vols,21319,227,974,263,40
1038,8,602,Shamela0023632,3306,48,278,175,37
1038,686,1052,Shamela0023632,3307,88,454,295,100
1038,1052,1330,Shamela0023632,3310,862,1140,225,100
1038,972,1134,Shia004012,3,0,162,132,100
1038,859,1027,Rafed0002679Vols,100,1266,1434,136,100
1038,1179,1330,Tafsir03097,1514,584,1052,121,32
1038,8,602,JK009268,4210,762,992,175,37
1038,354,1330,JK009268,4230,0,924,602,68
1038,8,957,Sham19Y0023618,1623,629,1553,409,39
1038,957,1284,Sham19Y0023618,1624,0,327,266,100
1038,941,1179,JK000382,235,1108,1341,181,93
1038,859,1027,Shamela0010551,131,1196,1364,136,100
1038,8,602,Shamela0023628,3241,1143,1373,175,37
1038,8,859,Shamela0023628,3242,4,1029,374,36
1038,826,1179,Shamela0023628,3243,576,971,274,85
1038,8,602,Rafed0003257Vols,4882,554,784,175,37
1038,686,1284,Rafed0003257Vols,4887,659,1264,484,98
1038,709,831,Zaydiyya0000044,172,1358,1479,96,98
1038,831,1325,Zaydiyya0000044,173,0,493,400,99
1038,8,331,Tafsir09083,1474,1172,1668,145,32
1038,8,617,Sham19Y0020891,6018,406,743,182,32
1038,641,814,Sham19Y0020891,6021,223,383,128,92
1038,1125,1284,Sham19Y0020891,6027,0,639,129,24
1038,31,602,Tafsir09068,1087,385,894,194,34
1038,726,905,Tafsir09068,1088,392,995,121,26
1038,709,859,JK000362,1302,709,859,119,99
1038,814,1027,JK010001,2955,1109,1582,138,32
1038,709,859,JK010001,3011,11,502,96,23
1038,8,602,JK009270,4915,1205,1435,175,37
1038,702,965,JK009270,4921,563,826,208,98
1038,949,1179,JK009270,4929,33,255,177,94
1038,1179,1330,JK009270,4932,161,312,121,100
1038,8,602,Meshkat0014420,4291,1030,1260,175,37
1038,19,602,Meshkat0014420,4293,1003,1473,196,34
1038,641,900,Meshkat0014420,4294,479,1019,197,45
1038,900,1179,Meshkat0014420,4297,1261,1539,228,99
1038,1179,1330,Meshkat0014420,4300,817,968,121,100
1038,8,602,Tafsir01005,5432,722,1345,206,28
1038,534,1330,ShamAY0036821,1739,803,1465,525,82
1038,900,1139,Shia001171,19,1043,1283,189,94
1038,900,1134,Shamela0029677,582,666,900,191,100
1038,900,1134,ShamIbadiyya0000129,4,560,794,191,100
1038,0,534,Meshkat00042485,6254,376,1256,264,32
1038,451,617,Meshkat00042485,6256,843,1009,114,73
1038,623,859,Sham19Y0147312,1854,1063,1270,154,78
1038,859,1052,Sham19Y0147312,1855,1240,1433,156,100
1038,1052,1330,Sham19Y0147312,1857,137,415,225,100
1038,726,859,Sham19Y0013550,528,182,538,106,37
1038,464,809,Zaydiyya0000062,1887,1006,1528,200,43
1038,900,1134,Hindawi030536269,208,149,383,191,100
1038,8,602,JK000791,2176,685,915,175,37
1038,686,900,JK000791,2178,111,325,170,99
1038,900,1330,JK000791,2180,46,476,349,100
1038,8,617,Shamela0021766,4114,54,1015,302,36
1038,534,1330,Hindawi085315384,19,294,580,208,32
1038,726,1332,Zaydiyya0000042,44,600,866,192,39
1038,823,1134,Shamela0000922,1160,559,1447,239,33
1038,900,1179,Tafsir07076,2172,553,832,228,100
1038,641,900,JK007018,742,1205,1473,181,83
1038,8,602,JK009396,1491,421,651,175,37
1038,686,905,JK009396,1492,1270,1512,170,88
1038,900,1179,JK009396,1494,386,665,228,100
1038,1052,1330,JK009396,1495,790,1322,183,40
1038,8,602,Sham19Y0023608,3721,999,1229,175,37
1038,39,480,Sham19Y0023608,3724,39,861,180,23
1038,686,900,Sham19Y0023608,3726,236,450,171,100
1038,900,1179,Sham19Y0023608,3728,158,437,228,100
1038,1179,1330,Sham19Y0023608,3730,930,1081,121,100
1038,11,795,JK000818,622,692,1452,281,35
1038,988,1134,ShamAY0034797,408,0,146,118,100
1038,726,900,Meshkat00042488,1641,343,1226,138,19
1038,905,1179,Meshkat00042488,1642,444,1099,213,39
1038,709,900,JK000162,755,1203,1538,74,26
1038,0,534,ShamIbadiyya0000075,861,822,1547,247,35
1038,534,775,ShamIbadiyya0000075,862,29,436,144,39
1038,900,1179,Rafed0003726Vols,1797,962,1241,228,100
1038,900,1179,Shamela0004473,1172,893,1172,228,100
1038,709,900,Shamela0004473,2953,1188,1447,152,73
1038,900,1179,Shamela0004473,2955,1081,1360,228,100
1038,814,1179,Shamela0004473,8210,339,704,296,100
1038,726,859,Shamela0004473,11397,1376,1509,106,100
1038,686,1179,Shia002356Vols,1168,752,1245,388,96
1038,8,602,Hindawi079072819,24,296,526,175,37
1038,534,999,Tafsir04038,638,924,1520,247,44
1038,31,1033,Shia002380Vols,745,0,1473,525,37
1038,709,1179,Shamela0001419,472,332,827,224,43
1038,726,1157,Zaydiyya0000328,558,415,1599,348,36
1038,709,900,Shamela0008473,4467,905,1096,151,99
1038,900,1179,Shamela0008473,4470,167,446,228,100
1038,1179,1330,Shamela0008473,4471,628,779,121,100
1038,8,673,Shia002382Vols,1704,374,1546,282,26
1038,8,386,Shia002382Vols,2277,7,570,183,35
1038,534,814,Shia002382Vols,2277,1048,1441,177,51
1038,814,1052,Tafsir07055,3047,803,1304,158,35
1038,19,602,Tafsir05047,868,594,1071,204,36
1038,709,1179,Sham19Y0013572,1062,433,903,379,99
1038,8,602,Shamela0023591,6265,1369,1599,175,37
1038,8,602,Shamela0023591,6285,1211,1441,175,37
1038,686,1330,Shamela0023591,6289,740,1384,520,100
1038,709,1284,Shamela0023591,6291,317,892,465,100
1038,641,905,JK009266,1773,327,652,202,78
1038,8,602,JK009266,8336,587,817,175,37
1038,900,1179,JK009266,8350,739,1018,228,100
1038,8,586,JK000458,3146,489,1605,288,27
1038,686,900,Shamela0021821,1749,1070,1285,170,99
1038,859,1179,Shamela0021821,1750,539,1162,260,51
1038,1134,1332,Shamela0021821,1751,313,651,159,58
1038,709,817,Shamela0036506,210,957,1065,86,100
1038,0,574,Tafsir10066,1780,237,962,224,30
1038,8,602,JK009362,7836,368,598,175,37
1038,59,567,JK009362,7887,535,808,86,17
1038,711,1330,JK009362,7889,661,1300,499,96
1038,900,1179,JK001110,62,343,622,228,100
1038,8,602,JK001110,95,1008,1238,175,37
1038,709,859,Shamela0010463,18,1076,1226,120,100
1038,686,1167,JK001420,734,686,1557,272,33
1038,754,900,Noorlib0010827,192,920,1066,116,100
1038,1134,1330,JK009257,890,727,1156,158,45
1038,8,595,Rafed0003943Vols,1467,972,1590,169,21
1038,534,1027,Rafed0003943Vols,1469,226,767,334,69
1038,1052,1330,Rafed0003943Vols,1471,770,1048,225,100
1038,8,602,Shamela0010273,3099,1287,1517,175,37
1038,59,602,Shamela0010273,3100,289,1306,268,30
1038,623,1100,Shamela0010273,3101,867,1542,364,66
1038,1179,1330,Shamela0010273,3106,211,362,121,100
1038,337,726,Tafsir01006,1388,542,1182,211,38
1038,19,602,Tafsir04003,3651,446,1033,201,28
1038,0,602,Sham19Y0014404,1425,582,1201,241,37
1038,1134,1284,Sham19Y0014404,1428,553,1133,116,24
1038,859,1107,Meshkat00057178,3394,73,1121,179,20
1038,702,895,Masaha000554Vols,5748,738,931,147,95
1038,534,1330,QuranAnalysis001,225,42,723,546,85
1038,19,602,Rafed0001713Vols,2516,0,219,166,35
1038,0,116,Rafed0001713Vols,2517,1086,1263,88,58
1038,222,831,Rafed0001713Vols,2518,119,1503,361,30
1038,831,1179,Rafed0001713Vols,2519,0,348,283,100
1038,222,567,Tafsir04042,2101,336,723,117,28
1038,859,1027,Shamela0037475,180,1369,1534,134,98
1038,859,1027,Shamela0037475,182,1173,1341,136,100
1038,1179,1330,Tafsir02094,3734,870,1021,121,100
1038,8,602,Shamela0000041,2410,290,520,175,37
1038,726,900,Shamela0000041,2411,613,787,137,99
1038,1134,1330,Shamela0000041,2412,1236,1470,158,83
1038,900,1179,Shamela0000041,2412,99,378,228,100
1038,8,602,Shamela0023578,2943,1185,1415,175,37
1038,686,1308,Shamela0023578,2949,929,1550,504,99
1038,8,673,Shamela0023578,2949,108,495,214,37
1038,8,735,JK000876,1455,535,1446,302,33
1039,1099,1544,Sham19Y0020891,6027,56,617,185,34
1039,626,1075,Meshkat00042485,6263,309,636,197,48
1039,1092,1466,Meshkat00042485,6264,768,1321,238,49
1039,232,732,Tafsir02104,555,209,521,147,36
1039,318,602,Zaydiyya0000062,1889,475,865,129,37
1039,312,1372,JK000818,623,53,1020,399,37
1039,0,1193,ShamIbadiyya0000075,862,366,1480,483,39
1039,150,1402,Shia002356Vols,1169,0,1427,464,33
1039,309,1072,Shia002380Vols,745,1009,1510,295,43
1039,318,596,JK001496,2239,319,693,120,34
1039,1082,1544,JK001496,2240,205,787,199,35
1039,232,1402,Shia002382Vols,1705,324,1509,524,41
1039,309,1402,Shia002382Vols,2278,762,1473,407,42
1039,473,1193,Tafsir05047,869,747,1584,306,37
1039,687,1110,JK000458,3149,7,650,190,32
1039,1110,1544,Shamela0021821,1751,37,581,214,43
1039,626,1326,Shamela0010273,3104,0,885,342,40
1039,555,1199,Tafsir01006,1389,813,1494,309,44
1039,123,455,Tafsir01006,1389,154,618,165,43
1039,1251,1544,Tafsir01006,1390,14,406,173,51
1039,473,954,Sham19Y0014404,1427,1040,1577,179,33
1039,309,707,Rafed0001713Vols,2520,567,1584,215,26
1039,707,1402,Rafed0001713Vols,2521,0,1144,354,34
1039,1133,1544,Shamela0000041,2412,935,1402,206,47
1039,626,1179,Shamela0000041,2412,401,826,211,41
1039,562,1314,JK000876,1457,30,1019,353,40
1040,560,814,Shia001432Vols,2325,676,930,202,100
1040,625,807,Shia001432Vols,9744,1015,1273,118,57
1040,252,503,Shamela0023632,3312,970,1221,200,100
1040,503,775,Shamela0023632,3316,597,869,216,100
1040,587,733,Rafed0000040Vols,161,742,888,116,100
1040,64,814,JK009268,4230,859,1486,495,83
1040,368,560,Sham19Y0023618,1626,959,1151,151,100
1040,560,723,Sham19Y0023618,1628,1376,1538,129,99
1040,332,560,Shamela0010551,370,0,228,181,100
1040,614,756,Shamela0023628,3246,1323,1464,113,99
1040,419,614,Shamela0023628,3246,0,195,153,100
1040,104,560,Rafed0003257Vols,4890,215,569,278,76
1040,635,814,Rafed0003257Vols,4893,0,179,143,100
1040,445,686,JK009270,4938,198,439,191,100
1040,661,814,JK009270,4941,410,608,123,77
1040,64,480,Meshkat0014420,4300,903,1188,211,64
1040,445,814,Meshkat0014420,4305,762,1131,293,100
1040,450,587,Noorlib18399BK2,14,752,878,94,88
1040,587,814,Shamela0006879,53,731,958,181,100
1040,316,733,ShamAY0036821,1740,0,415,328,99
1040,686,814,ShamAY0036821,1742,122,248,100,98
1040,445,575,Shia001171,544,1272,1402,97,95
1040,587,814,Shamela0029677,1856,1064,1291,181,100
1040,686,814,JK000081,182,654,782,102,100
1040,560,679,Sham19Y0147312,1859,1401,1519,94,99
1040,679,814,Sham19Y0147312,1860,0,135,108,100
1040,686,814,Shamela0004445,91,675,803,102,100
1040,686,814,Zaydiyya0000041,11,42,170,102,100
1040,323,814,Zaydiyya0000220,129,576,1008,317,75
1040,79,560,JK000791,2181,119,706,311,63
1040,560,814,JK000791,2184,860,1114,202,100
1040,560,814,JK007018,746,135,408,202,93
1040,252,560,JK009396,1497,750,1058,245,100
1040,560,814,JK009396,1500,293,547,202,100
1040,252,526,Sham19Y0023608,3731,1263,1536,217,99
1040,560,814,Sham19Y0023608,3735,562,816,202,100
1040,526,733,Shamela0001340,290,115,284,127,77
1040,560,720,JK000001,571,1371,1490,70,56
1040,181,445,Zaydiyya0000408,188,784,962,90,45
1040,560,814,Zaydiyya0000408,189,926,1308,114,34
1040,560,686,Meshkat00042488,1645,727,1251,100,24
1040,402,587,Shamela0004473,3520,0,185,146,100
1040,587,814,Shamela0004473,3522,958,1185,181,100
1040,64,474,Shia002356Vols,1170,111,403,224,68
1040,450,679,Shia002356Vols,1171,1357,1596,175,91
1040,679,814,Shia002356Vols,1172,0,133,106,98
1040,625,807,Tafsir04038,641,1096,1365,118,55
1040,526,733,Shamela0001419,497,1261,1454,138,84
1040,402,711,Shamela0001419,498,185,423,110,41
1040,560,814,JK006896,38,645,899,202,100
1040,402,686,JK006896,43,46,330,225,100
1040,104,560,Shamela0008473,4472,59,810,309,51
1040,560,814,Shamela0008473,4477,65,319,202,100
1040,587,814,Shia002382Vols,2282,375,920,179,41
1040,514,814,JK009265,220,0,397,239,75
1040,560,686,Noorlib0017761Vols,520,1440,1566,100,100
1040,560,814,Zaydiyya0000076BK15,18,765,1029,191,91
1040,619,814,ShamAY0036031,90,0,195,156,100
1040,397,814,Shamela0023591,6290,0,417,331,100
1040,104,503,Shamela0023591,6296,603,900,233,73
1040,503,814,Shamela0023591,6299,928,1239,247,100
1040,543,704,JK009266,8361,858,1064,120,73
1040,686,814,JK009266,8364,665,793,102,100
1040,181,549,Shamela0021821,1751,1096,1455,256,88
1040,609,814,Shamela0021821,1754,0,205,164,100
1040,625,807,Shia002389Vols,2787,560,823,118,56
1040,299,560,Tafsir10066,1786,836,1503,189,35
1040,64,492,JK009362,7889,1235,1539,239,70
1040,492,814,JK009362,7890,0,326,255,98
1040,392,587,JK001420,735,852,1174,99,40
1040,243,560,JK007042,676,503,828,247,96
1040,445,587,JK009257,891,1057,1469,112,34
1040,587,814,JK009257,892,80,859,149,24
1040,252,503,Rafed0003943Vols,1472,361,612,200,100
1040,252,565,Shamela0010273,3108,475,788,247,99
1040,549,814,Shamela0010273,3112,611,876,205,97
1040,560,814,Shamela0012293,938,765,1019,202,100
1040,657,814,JK001017,24,436,582,110,87
1040,503,797,Sham19Y0014404,1430,391,1313,213,29
1040,614,814,Meshkat00057178,3400,317,950,160,31
1040,560,814,Masaha000554Vols,5768,321,578,200,97
1040,64,814,QuranAnalysis001,225,658,1285,495,83
1040,474,814,Shamela0023596,148,649,989,270,100
1040,560,814,Rafed0001713Vols,2526,468,722,202,100
1040,445,814,Zaydiyya0000132,25,1103,1472,293,100
1040,445,807,Zaydiyya0000132,84,588,950,287,100
1040,408,614,Shamela0000041,2414,843,1145,157,64
1040,614,814,Shamela0000041,2415,739,939,160,100
1040,104,686,Shamela0023578,2955,926,1499,398,81
1040,669,814,Shamela0023578,2960,44,179,104,90
1040,814,1317,JK000876,1458,835,1373,179,30
1041,469,939,Shamela0022769,1508,794,1301,151,31
1041,720,1527,Sham19Y0014404,1430,391,986,228,32
1041,720,935,Meshkat00057178,3399,786,1273,68,18
1042,1199,1352,Shia001432Vols,1751,1220,1373,124,100
1042,753,918,Shia001432Vols,2174,122,287,127,95
1042,918,1418,Shia001432Vols,2518,449,654,150,38
1042,1108,1418,Shia001432Vols,5238,388,568,127,50
1042,722,918,Shamela0023632,3319,1218,1413,157,99
1042,918,1086,Shamela0023632,3322,1360,1527,132,99
1042,1222,1418,Shamela0023632,3326,0,196,158,100
1042,771,1418,JK009268,4231,0,647,519,100
1042,794,1041,Sham19Y0023618,1631,403,649,194,99
1042,1192,1418,Sham19Y0023618,1634,338,598,183,86
1042,887,1151,Shamela0023628,3249,1231,1493,207,99
1042,764,887,Shamela0023628,3249,137,260,100,100
1042,1235,1422,Shamela0023628,3252,1098,1285,151,100
1042,675,918,Rafed0003257Vols,4893,121,374,166,74
1042,918,1287,Rafed0003257Vols,4895,1193,1561,294,99
1042,1287,1418,Rafed0003257Vols,4896,0,131,106,100
1042,756,918,Sham19Y0020891,6041,875,1036,125,93
1042,1021,1307,Sham19Y0020891,6047,501,790,225,94
1042,858,1041,JK009270,4945,219,402,144,100
1042,1041,1253,JK009270,4947,1289,1500,172,99
1042,722,918,Meshkat0014420,4309,901,1097,158,100
1042,918,1199,Meshkat0014420,4312,411,692,223,100
1042,1199,1418,Meshkat0014420,4315,737,956,177,100
1042,1046,1347,JK006476,1728,846,1258,188,55
1042,1235,1418,JK006476,1729,557,994,131,37
1042,669,918,Sham19Y0147312,1861,1128,1370,178,86
1042,976,1199,Sham19Y0147312,1863,0,223,177,100
1042,1199,1418,Sham19Y0147312,1864,176,395,177,100
1042,1235,1422,Zaydiyya0000062,1898,1396,1589,151,95
1042,509,1210,JK000791,2186,880,1472,422,75
1042,1199,1418,JK000791,2190,198,417,177,100
1042,1199,1418,Shamela0000922,1165,357,835,100,22
1042,1192,1418,JK007018,748,922,1159,179,93
1042,918,1199,JK009396,1503,429,710,223,100
1042,1192,1418,JK009396,1505,199,449,183,90
1042,737,918,Sham19Y0023608,3737,252,474,137,77
1042,918,1418,Sham19Y0023608,3738,849,1349,400,100
1042,764,918,Meshkat00042488,1647,440,961,124,29
1042,1235,1380,Meshkat00042488,1649,849,1535,112,20
1042,1046,1418,Rafed0003726Vols,1374,611,1037,173,42
1042,764,922,Shamela0004473,3525,1037,1191,125,97
1042,918,1108,Shamela0004473,3676,896,1086,149,100
1042,1052,1418,Shamela0004473,3678,837,1188,265,89
1042,1274,1408,JK010729,144,1382,1515,108,99
1042,675,918,Shia002356Vols,1172,76,330,166,74
1042,918,1352,Shia002356Vols,1174,1038,1474,344,97
1042,1192,1352,Noorlib0015842,113,68,228,126,97
1042,764,918,Shia004042Vols,618,605,758,124,99
1042,764,959,Shia002380Vols,748,1030,1493,157,42
1042,1021,1307,JK001496,2249,11,301,223,93
1042,675,918,JK006896,38,841,1095,167,75
1042,1199,1352,Zaydiyya0000328,576,239,394,124,98
1042,1199,1352,Zaydiyya0000328,638,158,313,124,98
1042,918,1199,Shamela0008473,4484,292,572,222,99
1042,1199,1427,Shamela0008473,4487,100,325,181,97
1042,764,959,Shia002382Vols,1709,940,1507,157,34
1042,764,1041,Shia002382Vols,2283,912,1483,217,47
1042,1192,1418,Shia002382Vols,2285,811,1188,172,57
1042,1199,1352,JK009265,190,1195,1348,124,100
1042,1199,1352,JK009265,207,669,824,124,98
1042,722,918,JK009265,279,373,569,158,100
1042,675,1418,Shamela0023591,6290,359,1112,566,90
1042,675,922,Shamela0023591,6299,1181,1438,166,73
1042,918,1418,Shamela0023591,6305,177,677,400,100
1042,722,918,JK009266,8368,1069,1265,158,100
1042,1003,1274,JK009266,8376,947,1319,213,71
1042,1239,1418,JK009266,8381,174,402,144,77
1042,764,1352,Zaydiyya0000076BK16,13,766,1387,184,27
1042,764,918,Shamela0021821,1755,702,856,125,100
1042,1041,1418,Shamela0021821,1757,39,416,304,99
1042,764,918,Sham19Y0017735,1,1064,1218,125,100
1042,675,1418,JK009362,7890,268,1024,565,90
1042,764,987,JK001420,736,731,1385,175,33
1042,1199,1352,Noorlib0010827,192,1135,1288,124,100
1042,1169,1418,JK009257,895,0,593,200,41
1042,759,918,Hindawi074291969Vols,279,1176,1335,127,98
1042,822,987,Rafed0003943Vols,1475,653,817,131,99
1042,987,1352,Rafed0003943Vols,1476,313,678,293,100
1042,722,918,Shamela0010273,3115,378,573,157,99
1042,918,1108,Shamela0010273,3119,7,197,149,100
1042,1108,1427,Shamela0010273,3121,349,664,255,98
1042,843,987,Shamela0007798,8490,1136,1329,115,74
1042,1235,1418,Sham19Y0014404,1433,798,1367,147,31
1042,764,887,Meshkat00057178,3401,606,1162,81,17
1042,764,1041,Masaha000554Vols,5773,965,1242,218,98
1042,1041,1418,Masaha000554Vols,5782,682,1117,233,57
1042,675,949,QuranAnalysis001,225,1227,1511,191,77
1042,949,1418,QuranAnalysis001,226,0,469,376,100
1042,756,918,Rafed0001713Vols,2529,497,658,125,93
1042,906,1352,Rafed0001713Vols,2530,1051,1496,357,99
1042,822,976,Tafsir04042,2107,158,586,116,34
1042,1235,1386,Tafsir04056,6808,941,1662,122,20
1042,822,1041,Shamela0000041,2417,842,1061,173,100
1042,675,918,Shamela0023578,2960,121,374,166,74
1042,872,1026,Shamela0023578,2963,1271,1548,119,54
1042,1026,1422,Shamela0023578,2964,0,396,318,99
1042,1235,1392,Shamela0023578,2966,1098,1331,127,67
1043,11,111,JK007045,852,1016,1116,78,100
1043,924,1247,Meshkat00042485,6285,174,548,124,31
1043,11,111,Sham19Y0145212,3422,308,408,78,100
1043,11,111,Sham19Y0122257,3214,797,897,78,100
1043,455,1008,Tafsir08060,484,869,1240,217,45
1043,785,1451,Tafsir01006,1394,520,1416,305,36
1043,11,625,Sham19Y0014404,1431,777,1364,158,24
1043,256,450,Rafed0001713Vols,2529,732,1030,81,34
1043,924,1486,JK000876,1462,703,1342,223,33
1044,514,1120,Tafsir09084,2317,262,667,204,36
1044,1381,1642,JK009396,1506,58,453,164,46
1044,649,1209,JK000818,626,842,1544,231,32
1044,615,1136,ShamIbadiyya0000075,866,1055,1451,195,39
1044,755,1642,Shia002356Vols,1176,0,1273,369,30
1044,0,346,Shia002380Vols,749,251,773,185,40
1044,989,1609,Shia002380Vols,749,968,1520,294,50
1044,1327,1642,Shamela0008473,4488,971,1291,187,56
1044,0,170,Shia002382Vols,1710,488,691,114,69
1044,989,1609,Shia002382Vols,1711,533,1339,304,41
1044,989,1440,Shia002382Vols,2285,924,1535,217,40
1044,1481,1642,JK009266,8383,111,326,130,71
1044,520,1407,Tafsir08060,485,126,570,222,27
1044,1264,1642,Shamela0010273,3123,937,1448,195,39
1044,0,1241,Tafsir01006,1395,32,1599,529,34
1044,955,1642,QuranAnalysis001,226,250,575,246,43
1044,1331,1642,Rafed0001713Vols,2533,628,1244,172,32
1044,1087,1642,Shamela0000041,2421,111,599,265,53
1045,0,174,Shia001432Vols,1778,827,1001,139,99
1045,174,357,Shia001432Vols,22022,1252,1427,128,85
1045,0,141,Shamela0023632,3327,1473,1613,112,98
1045,245,450,Shamela0023632,3332,251,457,169,99
1045,0,450,JK009268,4243,598,1048,366,100
1045,89,289,Sham19Y0023618,1636,912,1182,151,70
1045,0,205,Shamela0023628,3253,1303,1496,148,90
1045,0,177,Rafed0003257Vols,4899,697,877,139,96
1045,135,333,Rafed0003257Vols,4902,60,338,159,69
1045,53,177,Sham19Y0020891,6054,389,513,98,98
1045,152,329,Sham19Y0020891,6055,835,1064,144,76
1045,23,329,Tafsir09068,1093,1147,1676,156,34
1045,174,329,JK010001,805,817,972,127,100
1045,37,298,JK009270,4957,1188,1449,211,100
1045,298,450,JK009270,4960,809,961,125,100
1045,0,174,Meshkat0014420,4318,0,174,140,100
1045,174,450,Meshkat0014420,4321,577,853,226,100
1045,0,199,ShamAY0036821,1743,1349,1545,156,97
1045,174,333,Zaydiyya0000386,187,1192,1357,127,94
1045,174,329,Shia001171,476,793,948,127,100
1045,53,174,Sham19Y0147312,1866,1044,1165,98,100
1045,135,329,Sham19Y0147312,1867,831,1058,143,76
1045,174,329,Sham19Y0014592,322,618,773,127,100
1045,174,329,Shamela0022720,25,843,998,127,100
1045,0,499,JK000791,2191,742,1289,392,88
1045,174,329,Tafsir07076,282,917,1072,127,100
1045,174,329,Tafsir07076,1320,802,957,127,100
1045,174,329,Tafsir07076,4230,240,395,127,100
1045,174,329,Tafsir07076,4305,1019,1174,127,100
1045,174,329,Tafsir07076,5735,95,348,124,60
1045,174,329,Tafsir07076,6267,969,1147,127,87
1045,174,329,Tafsir07076,6648,106,299,127,80
1045,174,329,Tafsir07076,7164,618,772,126,99
1045,174,329,Tafsir07076,7416,412,567,127,100
1045,174,329,Tafsir07076,8306,829,984,127,100
1045,174,329,Tafsir07076,8490,642,895,127,61
1045,174,329,Tafsir07076,9313,216,417,127,77
1045,46,174,Shia001373,175,210,338,98,95
1045,0,174,JK009396,1506,453,627,140,100
1045,174,450,JK009396,1509,38,314,226,100
1045,0,174,Sham19Y0023608,3743,582,756,139,99
1045,101,463,Sham19Y0023608,3746,276,807,287,66
1045,18,450,JK000381,2356,1224,1524,192,52
1045,53,276,Meshkat00042488,1651,345,1085,177,29
1045,174,333,Shamela0021537,2038,1128,1287,127,98
1045,174,329,Shamela0021537,2043,290,445,127,100
1045,174,329,Shamela0004473,721,299,454,127,100
1045,0,174,Shia002356Vols,1176,1273,1448,139,98
1045,1077,1517,Shia002356Vols,1177,1077,1591,145,28
1045,96,450,Shia002356Vols,1178,7,693,284,50
1045,193,329,Shamela0001419,500,675,811,108,97
1045,0,174,Shamela0008473,4488,1291,1465,140,100
1045,205,450,Shamela0008473,4492,0,245,201,100
1045,18,320,Shia002382Vols,1713,143,912,201,32
1045,8,276,Shia002382Vols,2287,988,1465,202,53
1045,174,329,Tafsir07055,857,1163,1318,127,100
1045,174,333,ShamAY0036031,53,322,482,128,97
1045,0,450,Shamela0023591,6309,760,1211,365,99
1045,0,450,Shamela0023591,6311,726,1177,365,99
1045,53,174,JK009266,8388,808,929,98,100
1045,174,320,JK009266,8390,1392,1537,119,99
1045,0,174,Shamela0021821,1759,669,843,140,100
1045,122,460,Shamela0021821,1760,385,791,271,79
1045,0,152,JK009362,7940,1495,1647,119,97
1045,152,450,JK009362,7941,0,310,243,95
1045,174,329,Shamela0010463,564,580,735,127,100
1045,174,329,Shamela0000107,831,585,740,127,100
1045,42,174,JK009257,896,1292,1501,97,58
1045,0,174,Rafed0003943Vols,1478,1400,1574,139,99
1045,174,357,Rafed0003943Vols,1480,437,617,137,92
1045,0,174,Shamela0010273,3125,541,715,139,99
1045,174,329,Shamela0010273,3127,1451,1606,127,100
1045,174,329,Sham19Y0017437,366,135,290,127,100
1045,174,329,Sham19Y0017437,540,567,722,127,100
1045,111,245,Meshkat00057178,3408,127,261,108,100
1045,0,174,Masaha000554Vols,5788,213,390,138,96
1045,0,450,QuranAnalysis001,226,575,1025,366,100
1045,0,174,Rafed0001713Vols,2533,1244,1418,139,99
1045,141,450,Rafed0001713Vols,2537,97,413,237,87
1045,174,329,Shamela0095735,776,249,404,127,100
1045,18,174,Shamela0000041,2421,1380,1536,125,100
1045,0,353,Shamela0023578,2967,1017,1370,286,99
1046,1396,1521,Shamela0000894,5645,1336,1462,102,99
1046,1396,1521,Shia004012,154,28,154,102,99
1046,1202,1521,JK009268,4243,978,1174,142,51
1046,1396,1521,Sham19Y0023618,1640,191,317,102,99
1046,1396,1521,Rafed0003257Vols,4906,130,256,102,99
1046,1396,1521,Sham19Y0020891,6061,1328,1454,102,99
1046,1396,1521,JK010001,714,949,1075,102,99
1046,187,637,Shamela0000140,1657,1164,1579,326,90
1046,22,253,Meshkat0014420,4321,196,679,117,27
1046,1396,1521,Meshkat0014420,4325,205,331,102,99
1046,1396,1521,JK000088,130,1286,1412,102,99
1046,1396,1521,Sham19Y0147312,1870,280,406,102,99
1046,1396,1521,JK010081,203,185,311,101,98
1046,1396,1521,JK000058,28,785,911,102,99
1046,1347,1521,JK000791,2196,550,733,119,72
1046,1396,1521,Shamela0012014,182,213,339,102,99
1046,1396,1521,JK000368,113,1309,1435,102,99
1046,1396,1521,JK009396,1512,176,302,102,99
1046,1396,1521,Sham19Y0023608,3749,928,1054,102,99
1046,30,326,JK000818,628,26,443,173,49
1046,1399,1521,Shia003721Vols,141,0,123,100,99
1046,1396,1521,Shamela0004473,6710,687,813,102,99
1046,1396,1521,Shamela0004473,10814,551,677,102,99
1046,1396,1521,Shamela0004473,12805,740,866,102,99
1046,1396,1521,Hindawi091929150,60,1311,1437,102,99
1046,1396,1521,Sham19Y0145435,4988,156,282,102,99
1046,1069,1491,Shia002380Vols,751,4,520,155,27
1046,1396,1521,JK001496,2256,561,687,102,99
1046,1396,1521,Shamela0008473,4496,978,1104,102,99
1046,1194,1491,Shia002382Vols,1714,928,1293,134,36
1046,1194,1491,Shia002382Vols,2289,587,1198,122,21
1046,1396,1521,Tafsir07055,762,1037,1163,102,99
1046,1202,1521,Shamela0023591,6309,1140,1337,140,50
1046,1396,1521,Shamela0023591,6318,1019,1145,102,99
1046,1396,1521,JK000371,386,882,1008,102,99
1046,1396,1521,JK009266,8402,5,131,102,99
1046,1396,1521,Shamela0021821,1762,267,393,102,99
1046,1202,1521,JK009362,7941,240,436,142,51
1046,1396,1521,JK009245,599,680,806,102,99
1046,1396,1521,Zaydiyya0000206,38,376,502,102,99
1046,1396,1521,Shamela0010273,3134,1368,1494,102,99
1046,1202,1521,QuranAnalysis001,226,955,1151,142,51
1046,1396,1521,JK001019,136,192,318,102,99
1046,1396,1521,Hindawi084602738,154,8,148,102,89
1046,1396,1521,Rafed0001713Vols,2540,178,304,102,99
1046,1386,1521,Shamela0000432,949,1271,1410,106,94
1046,1396,1521,Shamela0000041,2425,725,851,102,99
1046,1396,1521,Shamela0023578,2974,803,929,102,99
1047,555,674,Shia001432Vols,3529,335,454,96,100
1047,0,231,Shia001432Vols,3628,360,591,187,100
1047,146,364,Shia001432Vols,3679,88,306,178,100
1047,364,478,Shia001432Vols,3963,198,312,93,100
1047,0,112,Shamela0023632,3336,1466,1577,91,99
1047,112,328,Shamela0023632,3337,0,216,170,97
1047,321,635,Shamela0023632,3339,742,1056,254,100
1047,0,486,JK009268,4243,1174,1659,395,99
1047,486,713,JK009268,4244,0,227,182,100
1047,0,321,Sham19Y0023618,1640,317,638,260,100
1047,321,635,Sham19Y0023618,1641,933,1247,254,100
1047,555,713,Sham19Y0023618,1642,352,736,108,35
1047,0,254,Shamela0023628,3258,410,664,206,100
1047,165,590,Shamela0023628,3259,265,892,344,67
1047,486,713,Shamela0023628,3260,144,684,182,42
1047,11,146,Rafed0003257Vols,1020,1492,1627,109,100
1047,0,146,Rafed0003257Vols,4906,256,402,118,100
1047,125,364,Rafed0003257Vols,4907,738,1026,195,82
1047,321,713,Rafed0003257Vols,4908,552,1020,317,83
1047,191,364,Rafed0000110,55,743,963,119,65
1047,101,418,Tafsir09084,2324,191,935,254,41
1047,27,146,Sham19Y0020891,6062,0,119,96,100
1047,146,364,Sham19Y0020891,6064,924,1142,178,100
1047,364,482,Sham19Y0020891,6065,583,704,96,97
1047,555,674,Sham19Y0020891,6066,1334,1453,96,100
1047,0,160,JK009270,4964,1383,1542,129,99
1047,160,364,JK009270,4965,0,204,167,100
1047,364,716,JK009270,4968,792,1141,281,99
1047,748,1273,Shamela0000140,1263,14,646,339,57
1047,716,1042,Shamela0000140,1389,1062,1483,160,40
1047,0,364,Meshkat0014420,4325,331,695,296,100
1047,364,713,Meshkat0014420,4329,140,489,281,100
1047,106,237,JK006476,1737,418,753,97,36
1047,502,716,JK006476,1739,904,1140,168,89
1047,254,683,Tafsir02104,562,0,966,323,41
1047,58,364,Sham19Y0147312,1870,1178,1484,249,100
1047,364,713,Sham19Y0147312,1871,569,918,281,100
1047,146,376,Shamela0004445,253,1095,1326,179,95
1047,0,146,JK000058,28,911,1057,118,100
1047,106,357,Zaydiyya0000062,1905,921,1179,202,93
1047,515,706,Zaydiyya0000062,1907,734,1001,150,69
1047,0,364,JK000791,2196,733,1097,296,100
1047,286,713,JK000791,2198,352,964,326,66
1047,11,406,Shamela0000922,1168,427,1413,272,34
1047,478,713,Shamela0000922,1169,464,826,117,35
1047,0,231,JK000368,113,1435,1665,187,99
1047,0,265,JK007018,751,1185,1473,209,89
1047,364,713,JK007018,752,750,1123,281,93
1047,0,146,JK009396,1512,302,448,118,100
1047,96,376,JK009396,1513,1281,1567,203,87
1047,376,713,JK009396,1514,0,337,272,100
1047,0,146,Sham19Y0023608,3749,1054,1200,118,100
1047,146,364,Sham19Y0023608,3754,949,1167,178,100
1047,321,713,Sham19Y0023608,3756,215,1021,317,48
1047,364,559,Sham19Y0023608,3757,640,1455,156,23
1047,537,713,Sham19Y0023608,3758,42,626,122,26
1047,90,406,Meshkat00042488,1654,144,1368,246,24
1047,406,713,Meshkat00042488,1655,28,1162,243,26
1047,0,180,Shia003721Vols,141,123,298,127,88
1047,146,373,Shia003721Vols,165,1030,1261,182,96
1047,555,686,JK000162,204,779,912,105,98
1047,742,1116,ShamIbadiyya0000075,869,1294,1448,113,36
1047,84,254,Hindawi091929150,61,0,170,138,100
1047,146,364,Sham19Y0145435,4959,365,583,178,100
1047,0,146,Sham19Y0145435,4988,282,428,118,100
1047,0,328,Shia002356Vols,1179,1282,1610,265,98
1047,321,713,Shia002356Vols,1181,467,933,230,56
1047,0,437,Shia002380Vols,751,672,1509,348,51
1047,437,713,Shia002380Vols,752,0,496,222,55
1047,0,146,JK001496,2256,687,833,118,100
1047,364,478,JK001496,2258,1059,1173,93,100
1047,146,364,JK001496,2258,8,228,178,99
1047,478,713,JK001496,2259,414,1300,181,25
1047,0,146,Shamela0008473,4496,1104,1250,118,100
1047,101,364,Shamela0008473,4498,129,455,212,79
1047,423,713,Shamela0008473,4499,0,290,233,100
1047,518,713,Shia002382Vols,1716,0,420,152,45
1047,919,1381,Shia002382Vols,2289,1052,1494,201,45
1047,11,146,Tafsir07055,860,770,1373,109,22
1047,478,635,Shamela0012884,4766,571,871,116,48
1047,0,245,Shamela0023591,6309,1337,1581,198,99
1047,245,713,Shamela0023591,6310,0,468,379,100
1047,0,394,Shamela0023591,6318,1145,1538,320,99
1047,394,841,Shamela0023591,6319,0,605,309,63
1047,0,364,JK000371,386,1008,1372,296,100
1047,0,364,JK009266,8402,131,495,296,100
1047,364,478,JK009266,8410,1357,1471,93,100
1047,555,674,JK009266,8416,423,542,96,100
1047,79,231,Shamela0010283,2404,15,427,122,36
1047,117,364,Tafsir10098,1507,311,995,186,33
1047,333,674,Tafsir10098,1509,248,1392,250,26
1047,277,489,Shamela0021821,1763,898,1306,154,45
1047,96,364,Shamela0021821,1763,313,580,212,97
1047,478,716,Shamela0021821,1764,35,270,188,98
1047,0,713,JK009362,7941,436,1156,577,99
1047,58,713,JK001420,739,740,1353,226,37
1047,106,406,JK009257,900,175,731,244,53
1047,0,206,Zaydiyya0000206,38,502,708,167,100
1047,919,1562,Tafsir08060,486,538,794,144,28
1047,0,713,Rafed0003943Vols,1483,431,1144,577,100
1047,47,364,Shamela0010273,3135,0,317,258,100
1047,913,1116,Shamela0010273,3135,766,1083,114,46
1047,150,713,Shamela0010273,3138,380,1332,436,56
1047,150,713,Masaha002865,357,911,1473,456,99
1047,357,486,JK001017,89,814,942,96,90
1047,364,478,Sham19Y0020642,306,1293,1407,93,100
1047,4,146,Sham19Y0014404,1437,0,651,102,19
1047,269,635,Sham19Y0014404,1438,26,1246,269,27
1047,555,713,Meshkat00057178,3414,885,1490,127,26
1047,0,146,Masaha000554Vols,5803,1210,1357,115,96
1047,132,364,Masaha000554Vols,5808,265,500,184,96
1047,532,713,Masaha000554Vols,5812,0,178,143,98
1047,0,445,QuranAnalysis001,226,1151,1595,362,99
1047,445,713,QuranAnalysis001,227,0,268,215,100
1047,0,146,Hindawi084602738,154,148,302,118,94
1047,0,792,Rafed0001713Vols,2540,304,1014,362,42
1047,431,713,Rafed0001713Vols,2543,0,282,227,100
1047,0,146,Shamela0000432,949,1410,1555,118,99
1047,146,418,Tafsir04042,2114,1152,1463,220,86
1047,437,713,Tafsir04042,2115,141,684,222,50
1047,0,146,Tafsir04056,3914,36,182,118,100
1047,191,364,Tafsir04056,3933,1293,1513,119,65
1047,11,146,Tafsir04056,6822,112,992,106,14
1047,262,478,Tafsir04056,6823,519,1277,161,26
1047,496,674,Tafsir04056,6824,416,1372,128,16
1047,0,364,Shamela0000041,2426,221,901,294,53
1047,384,674,Shamela0000041,2427,0,290,234,100
1047,0,586,Shamela0023578,2974,929,1514,474,99
1047,106,486,Shamela0023578,2976,319,1550,308,30
1047,555,713,Shamela0023578,2977,355,743,125,40
1047,919,1239,JK000876,1468,825,1477,167,32
1047,286,478,JK000876,1470,74,786,149,25
1048,57,916,JK009268,4243,1291,1652,288,41
1048,875,1233,Shamela0023628,3260,0,579,211,44
1048,88,724,Tafsir09084,2324,358,935,249,38
1048,133,365,Meshkat00042485,6313,1158,1514,157,54
1048,133,535,Shamela0022769,1516,443,1268,183,24
1048,867,1228,JK000818,630,77,597,199,45
1048,57,808,Shia002380Vols,751,972,1504,300,42
1048,639,945,JK001496,2258,1038,1522,101,20
1048,502,695,Tafsir02091,1995,48,228,68,42
1048,322,1187,Tafsir02102,3701,104,1211,383,36
1048,119,724,Shamela0008473,4498,680,1583,245,28
1048,67,1000,Shia002382Vols,1715,300,1303,403,40
1048,67,535,Shia002382Vols,2290,415,1138,236,34
1048,261,1130,Shamela0023591,6310,0,345,273,38
1048,57,508,Shamela0021821,1763,333,1108,209,29
1048,57,1130,JK009362,7941,553,1033,372,42
1048,0,707,JK009257,900,181,745,253,35
1048,5,987,Tafsir08060,486,811,1516,347,39
1048,57,1130,Rafed0003943Vols,1483,548,1021,373,42
1048,662,1191,Shamela0010273,3139,51,983,251,32
1048,57,317,Shamela0007798,8534,465,1108,124,20
1048,67,817,Tafsir01006,1400,168,1207,361,38
1048,1026,1233,Tafsir01006,1401,69,242,103,60
1048,100,1130,Masaha002865,357,911,1350,350,41
1048,349,1016,Tafsir06048,1114,901,1462,191,28
1048,867,1233,Sham19Y0014404,1438,710,1345,213,39
1048,57,724,QuranAnalysis001,226,1268,1569,239,43
1048,165,724,Rafed0001713Vols,2542,467,1593,258,25
1048,560,1182,Rafed0001713Vols,2543,406,1514,298,29
1048,100,741,Tafsir04042,2114,1152,1500,229,43
1048,560,1233,Shamela0000041,2427,290,1187,300,36
1048,57,1126,Shamela0023578,2974,1046,1514,370,42
1048,100,724,Shamela0023578,2976,721,1138,241,43
1048,477,942,JK000876,1470,228,803,217,39
1049,319,546,Shia001432Vols,2518,668,895,179,100
1049,1317,1507,Shia001432Vols,2610,449,719,90,36
1049,23,465,Shamela0023632,3341,749,1071,256,72
1049,441,742,Shamela0023632,3343,189,534,241,86
1049,0,742,JK009268,4244,138,749,487,81
1049,23,537,Sham19Y0023618,1642,658,1540,312,38
1049,319,497,JK000382,554,121,299,136,98
1049,0,406,Shamela0023628,3260,595,869,219,66
1049,406,618,Shamela0023628,3261,1124,1336,168,100
1049,221,406,Rafed0003257Vols,4910,804,989,150,100
1049,221,406,JK009270,4972,532,717,150,100
1049,221,567,Meshkat0014420,4331,855,1192,261,93
1049,742,1317,Meshkat00042485,6322,48,845,285,39
1049,1317,1557,Meshkat00042485,6323,387,781,126,36
1049,270,742,Sham19Y0147312,1872,721,1232,377,92
1049,742,1194,Zaydiyya0000062,1908,404,1286,258,33
1049,0,406,JK000791,2198,875,1149,219,66
1049,406,742,JK000791,2200,966,1302,269,100
1049,1331,1507,Shamela0021766,4154,16,466,79,20
1049,319,742,JK009396,1515,587,984,281,82
1049,0,406,Sham19Y0023608,3758,378,917,220,41
1049,406,742,Sham19Y0023608,3760,321,657,269,100
1049,229,621,JK000381,2357,701,1273,213,44
1049,255,406,Meshkat00042488,1656,262,783,121,28
1049,742,1189,ShamIbadiyya0000075,871,764,1179,189,41
1049,0,742,Shia002356Vols,1181,846,1456,481,80
1049,284,476,Shia002380Vols,752,940,1400,143,39
1049,11,406,Shamela0008473,4500,773,1199,226,57
1049,306,742,Shamela0008473,4501,125,660,345,80
1049,0,319,Shia002382Vols,1716,239,640,183,46
1049,0,319,Shia002382Vols,2291,967,1368,183,46
1049,221,406,ShamAY0036031,82,758,943,150,100
1049,0,742,Shamela0023591,6310,379,989,487,81
1049,221,532,Shamela0023591,6324,1265,1575,249,99
1049,532,750,Shamela0023591,6325,0,227,176,95
1049,247,492,JK009266,8418,0,245,195,100
1049,0,406,Shamela0021821,1764,880,1438,245,55
1049,0,621,JK009362,7941,1067,1563,387,76
1049,742,1034,Tafsir08060,487,341,599,139,51
1049,229,546,Rafed0003943Vols,1484,0,317,254,100
1049,319,546,Shamela0010273,3141,1205,1432,179,100
1049,742,1317,Tafsir01006,1401,740,1537,280,38
1049,0,319,Tafsir01006,1401,338,994,196,34
1049,1317,1557,Tafsir01006,1402,41,430,128,37
1049,742,1168,Sham19Y0014404,1439,428,955,194,38
1049,325,492,Meshkat00057178,3416,783,948,113,88
1049,221,406,Masaha000554Vols,5816,756,943,148,96
1049,0,742,QuranAnalysis001,227,179,789,487,81
1049,71,1013,Rafed0001713Vols,2544,357,1563,390,32
1049,356,750,Rafed0001713Vols,2545,410,905,309,78
1049,185,465,Shamela0000041,2428,14,288,220,97
1049,0,742,Shamela0023578,2977,492,1264,502,73
1049,325,516,Shamela0023578,2978,1283,1590,149,61
1050,674,1134,Shia001432Vols,1778,1017,1308,229,60
1050,674,848,Shia001432Vols,1797,1007,1331,129,49
1050,1285,1606,Shia001432Vols,2174,428,750,263,99
1050,1134,1304,Shia001432Vols,2325,987,1169,131,89
1050,930,1192,Shamela0023632,3346,0,262,213,100
1050,1134,1431,Shamela0023632,3349,44,383,213,77
1050,1431,1606,Shamela0023632,3350,1066,1242,144,99
1050,674,1520,JK009268,4254,713,1624,562,67
1050,921,1285,Sham19Y0023618,1645,494,858,295,100
1050,1161,1431,Sham19Y0023618,1647,161,536,181,59
1050,1431,1606,Sham19Y0023618,1648,370,546,144,99
1050,1220,1391,Zaydiyya0000413Vols,3205,486,659,140,97
1050,598,975,Shamela0023628,3263,782,1395,211,43
1050,975,1091,Shamela0023628,3264,276,392,95,100
1050,1061,1533,Shamela0023628,3265,940,1421,368,94
1050,1192,1474,Shamela0023628,3266,372,904,232,53
1050,921,1288,Rafed0003257Vols,4917,913,1290,295,96
1050,1248,1606,Rafed0003257Vols,4919,931,1370,294,81
1050,798,1220,Shamela0001388,80,490,866,135,35
1050,925,1091,Sham19Y0020891,6075,0,166,136,100
1050,1091,1288,Sham19Y0020891,6076,979,1176,156,98
1050,1296,1431,Sham19Y0020891,6078,0,135,111,100
1050,1285,1431,JK010001,805,1239,1385,120,100
1050,1134,1285,JK010001,1849,1119,1270,121,100
1050,944,1091,JK009270,4979,1212,1359,120,100
1050,1091,1285,JK009270,4985,159,353,156,100
1050,1285,1533,JK009270,4986,1244,1492,203,100
1050,56,605,Shamela0000140,1024,840,1369,411,91
1050,365,848,Meshkat0014420,4338,29,734,191,30
1050,921,1285,Meshkat0014420,4339,304,679,295,97
1050,1278,1606,Meshkat0014420,4342,495,823,267,98
1050,1091,1270,JK006476,1746,337,859,121,27
1050,605,836,Meshkat00042485,6326,274,631,155,50
1050,1020,1391,Tafsir02104,564,678,1477,250,37
1050,848,1192,Sham19Y0147312,1873,645,954,238,84
1050,1111,1356,Sham19Y0147312,1874,31,517,194,49
1050,1317,1533,Sham19Y0147312,1874,1272,1522,168,80
1050,1020,1349,Tafsir02067,955,565,1565,253,31
1050,1296,1559,Zaydiyya0000062,1912,1408,1708,216,86
1050,1285,1533,Zaydiyya0000220,103,1330,1578,203,100
1050,657,1285,JK000791,2202,527,1420,384,49
1050,1248,1431,JK000791,2205,0,219,150,83
1050,1431,1606,JK000791,2205,735,911,144,99
1050,769,951,Shamela0021766,4157,270,495,127,69
1050,365,848,Tafsir02011,1642,243,1140,185,23
1050,1285,1606,Shamela0000922,1172,18,475,120,23
1050,1086,1285,JK007018,754,0,217,160,91
1050,1296,1606,JK007018,755,0,691,255,44
1050,1278,1606,Rafed0000705Vols,1295,182,419,186,68
1050,109,238,JK000906,10225,1497,1630,95,86
1050,716,1285,JK009396,1516,357,955,346,64
1050,1431,1606,JK009396,1519,820,996,144,99
1050,921,1285,Sham19Y0023608,3764,238,602,295,100
1050,1285,1431,Sham19Y0023608,3768,31,177,120,100
1050,56,944,Meshkat00042488,1657,396,1623,267,21
1050,1061,1192,Meshkat00042488,1658,1248,1526,100,44
1050,1220,1356,Meshkat00042488,1659,485,858,111,36
1050,1391,1533,Meshkat00042488,1659,1412,1554,116,100
1050,657,1005,ShamIbadiyya0000075,873,4,395,182,46
1050,1259,1601,ShamIbadiyya0000075,874,192,905,276,47
1050,921,1285,Shia002356Vols,1183,1187,1553,294,98
1050,1248,1606,Shia002356Vols,1184,1161,1498,262,89
1050,365,1079,Shia002380Vols,753,627,1597,345,37
1050,1091,1606,Shia002380Vols,754,56,1124,420,48
1050,863,1091,JK001496,2262,1010,1263,170,82
1050,1020,1285,JK001496,2263,646,985,181,67
1050,1285,1431,JK001496,2264,297,444,120,99
1050,1422,1606,JK001496,2264,1351,1539,148,96
1050,365,643,Tafsir02091,1998,35,464,129,32
1050,690,836,Tafsir02102,3704,893,1414,77,18
1050,1227,1489,Tafsir02102,3706,486,1216,208,34
1050,1161,1285,Shamela0008473,1941,650,774,100,100
1050,1134,1278,Shamela0008473,2391,1388,1531,115,99
1050,1134,1285,Shamela0008473,2710,933,1105,116,84
1050,1134,1285,Shamela0008473,3663,369,520,121,100
1050,674,836,Shamela0008473,4502,1342,1494,84,61
1050,921,1285,Shamela0008473,4503,501,865,295,100
1050,1061,1431,Shamela0008473,4507,577,1399,295,44
1050,1431,1606,Shamela0008473,4508,1178,1354,144,99
1050,605,951,Shia002382Vols,1718,692,1334,184,32
1050,1052,1248,Shia002382Vols,1719,1042,1518,158,41
1050,1091,1533,Shia002382Vols,2296,124,753,356,69
1050,1134,1285,JK009265,361,1380,1531,120,98
1050,1299,1431,Tafsir07055,858,0,132,109,100
1050,1134,1285,Tafsir07055,1918,551,702,121,100
1050,605,883,Tafsir05047,879,17,362,120,38
1050,1096,1485,Tafsir05047,880,55,1113,313,36
1050,690,1431,Shamela0023591,6328,612,1587,483,54
1050,1431,1606,Shamela0023591,6329,0,176,144,99
1050,944,1606,Shamela0023591,6330,288,951,540,99
1050,883,1052,JK009266,8429,356,570,128,73
1050,1052,1285,JK009266,8432,581,814,188,100
1050,1285,1606,JK009266,8437,353,675,264,99
1050,944,1285,Shamela0021821,1767,953,1294,276,100
1050,1285,1606,Shamela0021821,1770,21,343,264,99
1050,503,738,Sham19Y0013231,3826,141,739,103,20
1050,944,1606,JK009362,7987,392,1065,540,98
1050,921,1413,JK001420,740,719,1424,229,36
1050,1285,1406,Shamela0000107,832,1560,1680,99,99
1050,1406,1606,Shamela0000107,833,0,201,165,99
1050,1152,1533,JK009257,903,0,1318,309,28
1050,746,1020,JK006478,8507,1051,1352,134,48
1050,56,883,Tafsir08060,487,864,1346,224,31
1050,997,1606,Tafsir08060,488,0,893,290,35
1050,921,1356,Rafed0003943Vols,1487,1096,1531,353,100
1050,1349,1566,Rafed0003943Vols,1489,698,1166,175,45
1050,798,1052,Shamela0010273,3146,926,1160,159,75
1050,1052,1285,Shamela0010273,3148,20,253,188,100
1050,1402,1606,Shamela0010273,3150,0,205,168,99
1050,712,1052,Shamela0007798,8548,969,1450,182,44
1050,1192,1356,Shamela0007798,8557,697,1340,115,21
1050,32,876,Tafsir01006,1402,449,1568,307,27
1050,1020,1391,Tafsir06048,1118,322,1077,288,46
1050,1227,1533,Sham19Y0014404,1442,0,1453,248,20
1050,1041,1192,Meshkat00057178,3422,612,1202,118,25
1050,1020,1285,Masaha000554Vols,5838,325,599,212,96
1050,598,1606,QuranAnalysis001,227,658,1461,641,77
1050,365,963,Tafsir08090,1556,633,1227,171,26
1050,1285,1606,SyriacStudies00001,10,380,703,264,99
1050,598,1227,Rafed0001713Vols,2547,342,1523,452,47
1050,1205,1606,Rafed0001713Vols,2550,354,1149,320,49
1050,109,238,Shamela0001535,6132,114,248,95,86
1050,1192,1431,Tafsir04042,2119,683,1257,193,41
1050,1052,1606,ShamAY0035955,307,94,239,72,16
1050,365,1012,Shamela0000041,2430,190,1020,337,43
1050,1052,1220,Shamela0000041,2431,1369,1536,135,99
1050,1192,1533,Shamela0000041,2432,907,1302,278,86
1050,1220,1356,Shamela0000041,2432,0,136,111,100
1050,1020,1606,Shamela0023578,2984,501,1163,476,88
1050,1091,1453,Shamela0023578,2985,166,935,295,47
1051,0,176,Shia001432Vols,2174,750,926,141,99
1051,0,176,Shamela0023632,3350,1242,1418,142,100
1051,0,176,JK009268,4255,87,263,142,100
1051,0,176,Sham19Y0023618,1648,546,722,142,100
1051,0,176,Shamela0023628,3267,1243,1419,142,100
1051,0,176,Rafed0003257Vols,4919,1370,1546,142,100
1051,0,117,Rafed0003257Vols,4922,172,310,64,56
1051,1023,1306,Tafsir09084,2328,978,1337,162,48
1051,0,136,JK009270,4990,405,541,111,100
1051,6,176,Zaydiyya0000386,194,363,553,137,88
1051,0,176,Sham19Y0147312,1876,274,450,142,100
1051,0,208,JK000791,2205,911,1129,155,88
1051,0,176,JK009396,1519,996,1172,142,100
1051,0,176,Sham19Y0023608,3770,64,240,142,100
1051,0,124,Shia002356Vols,1184,1498,1621,101,99
1051,0,176,Shamela0008473,4508,1354,1530,142,100
1051,969,1562,Shia002382Vols,1719,1042,1508,242,43
1051,1081,1562,Shia002382Vols,2296,124,445,210,50
1051,0,176,Shamela0023591,6329,176,352,142,100
1051,0,176,Shamela0023591,6330,951,1127,142,100
1051,0,183,Shamela0021821,1770,343,525,147,99
1051,0,176,JK009362,7987,1065,1252,142,94
1051,0,176,Shamela0000107,833,201,377,142,100
1051,0,176,Rafed0003943Vols,1490,456,1100,142,27
1051,0,176,Shamela0010273,3153,854,1030,142,100
1051,900,1365,Tafsir06048,1118,144,724,190,36
1051,0,111,Masaha000554Vols,5844,1510,1621,90,98
1051,0,183,SyriacStudies00001,10,703,885,147,99
1051,0,176,Rafed0001713Vols,2550,1149,1325,142,100
1051,582,1306,Shamela0000041,2431,804,1522,195,21
1051,1023,1242,Shamela0000041,2432,380,567,116,59
1051,6,176,Shamela0023578,2988,86,386,137,56
1052,873,1015,ShamIbadiyya0000193,4039,1178,1320,102,86
1052,877,1015,Tafsir09050,4133,886,1031,109,94
1052,910,1364,JK000637,2304,0,407,179,39
1052,896,1012,JK001297,89,40,161,89,92
1052,1029,1597,Shamela0023628,3267,54,867,293,38
1052,570,846,Tafsir09084,2329,1211,1548,184,63
1052,538,1065,Tafsir09084,2330,245,646,209,41
1052,877,1068,Shamela0023606,337,261,468,141,84
1052,886,1015,JK006671,60,906,1047,98,87
1052,877,1364,Tafsir01005,5488,726,1206,248,49
1052,896,1015,JK009390,142,1173,1297,94,94
1052,877,1015,Shamela0029882,664,987,1135,110,93
1052,877,1151,Shamela0004445,7298,269,568,168,65
1052,0,258,Shamela0022769,1522,893,1343,136,34
1052,877,1015,Shamela0021766,834,1126,1276,104,87
1052,896,1015,Shamela0021659,191,92,217,95,95
1052,896,1015,JK009274,89,730,855,95,95
1052,896,1015,Sham19Y0127677,182,704,829,94,94
1052,877,1015,JK000906,1825,544,696,110,90
1052,538,1015,Sham19Y0023608,3771,129,530,220,48
1052,896,1077,Shamela0036446,998,772,949,124,81
1052,886,1342,JK000465,3825,0,393,205,46
1052,1158,1342,JK000465,3825,525,856,139,51
1052,1169,1336,ShamAY0034059,6734,757,966,112,63
1052,877,1036,Shamela0008473,4509,1357,1518,119,91
1052,596,1095,Shamela0008473,4509,43,535,228,48
1052,877,1065,JK009265,522,334,526,143,92
1052,877,1065,JK000476,172,1194,1391,140,86
1052,811,1364,Shamela0012884,4775,0,728,257,37
1052,896,1415,Shia003754Vols,147,797,1225,201,45
1052,896,1065,ShamAY0034815,605,998,1167,129,94
1052,877,1068,ShamAY0034815,606,319,520,143,88
1052,811,1058,Shamela0012740,45,1053,1360,160,60
1052,896,1015,JK008001,5635,97,222,95,95
1052,101,570,Meshkat00057178,3423,780,1613,225,29
1052,807,1012,Masaha000554Vols,5843,978,1184,132,70
1052,896,1015,Shamela0001438,428,488,613,95,95
1052,180,493,Rafed0001713Vols,2551,31,452,155,37
1052,811,1065,Tafsir04056,6843,685,1007,172,65
1052,1169,1597,Shamela0000041,2434,163,766,229,41
1052,877,1304,Shamela0023578,2986,855,1512,232,38
1053,1054,1187,Shamela0008381,849,334,467,107,100
1053,459,1023,Shia001432Vols,2518,909,1474,443,97
1053,1023,1268,Shia001432Vols,2519,0,245,199,100
1053,619,1187,Shia001432Vols,5561,486,618,95,20
1053,473,755,Shamela0023632,3353,1253,1535,225,99
1053,755,979,Shamela0023632,3355,1318,1541,179,99
1053,1054,1268,Shamela0023632,3357,723,937,173,100
1053,175,1268,JK009268,4255,126,1058,749,85
1053,533,683,Sham19Y0023618,1651,0,150,121,100
1053,755,1006,Sham19Y0023618,1652,1059,1310,201,99
1053,967,1268,Sham19Y0023618,1653,542,871,227,86
1053,1054,1187,JK000146,292,683,816,107,100
1053,609,790,Shamela0023628,3269,0,181,145,100
1053,790,1105,Shamela0023628,3270,66,385,249,96
1053,1093,1268,Shamela0023628,3271,54,229,141,100
1053,466,999,Rafed0003257Vols,4922,1068,1600,422,98
1053,1006,1268,Rafed0003257Vols,4926,513,874,212,72
1053,975,1165,Shamela0022593,2509,60,745,143,25
1053,939,1165,Tafsir09084,2334,49,793,179,29
1053,512,695,Sham19Y0020891,6084,1378,1560,147,99
1053,695,1006,Sham19Y0020891,6085,0,310,248,99
1053,839,1187,Sham19Y0020891,6090,704,1162,203,53
1053,827,1054,Tafsir09068,1100,1021,1461,144,41
1053,1054,1268,Sham19Y0133357,946,1053,1192,77,44
1053,398,683,JK009270,4992,575,825,199,87
1053,667,839,JK009270,4997,133,301,128,94
1053,839,1006,JK009270,4998,1301,1468,134,100
1053,683,1268,JK009270,5002,96,587,329,64
1053,580,975,Meshkat0014420,4348,1184,1578,317,99
1053,1006,1268,Meshkat0014420,4351,1194,1456,212,100
1053,955,1268,Shamela0036543,2291,982,1170,107,41
1053,482,999,Sham19Y0147312,1876,983,1506,402,93
1053,1006,1268,Sham19Y0147312,1877,1211,1473,212,100
1053,512,683,JK000375,181,178,349,138,100
1053,755,967,Zaydiyya0000062,1916,1001,1220,168,93
1053,473,683,JK000791,2207,925,1135,168,99
1053,708,1006,JK000791,2209,0,298,241,100
1053,1006,1268,JK000791,2211,21,283,212,100
1053,473,686,Shamela0000922,1173,43,678,145,28
1053,755,1006,Shamela0000922,1174,246,1264,171,20
1053,999,1238,Shamela0000922,1175,424,884,133,36
1053,454,1006,JK007018,756,310,1206,425,58
1053,1006,1268,JK007018,757,98,375,212,94
1053,473,717,JK009396,1521,548,792,194,99
1053,683,967,JK009396,1521,1284,1551,209,91
1053,1006,1268,JK009396,1522,946,1208,212,100
1053,473,683,Sham19Y0023608,3773,1051,1261,168,99
1053,683,1006,Sham19Y0023608,3776,855,1178,258,99
1053,683,842,Sham19Y0023608,3778,117,461,126,45
1053,964,1268,Sham19Y0023608,3779,563,1056,245,61
1053,473,924,JK000381,2537,449,796,105,19
1053,473,622,Shamela0001340,293,775,979,67,34
1053,85,486,JK000818,633,537,1198,212,39
1053,547,683,Meshkat00042488,1662,4,458,110,29
1053,801,999,Meshkat00042488,1663,0,1048,135,16
1053,1054,1238,Meshkat00042488,1664,41,607,142,31
1053,371,619,Shia002356Vols,1185,0,199,157,78
1053,683,1268,Shia002356Vols,1187,6,584,460,97
1053,4,478,Shia002380Vols,754,1124,1587,247,50
1053,1054,1268,Shia002380Vols,756,0,371,173,57
1053,515,1006,JK001496,2267,0,494,394,99
1053,1006,1187,JK001496,2268,1129,1311,146,99
1053,335,683,Shamela0008473,4512,698,1075,228,65
1053,683,1006,Shamela0008473,4513,1138,1460,257,99
1053,867,1268,Shamela0008473,4515,63,878,320,48
1053,406,790,Shia002382Vols,2298,314,872,295,64
1053,755,964,Shia002382Vols,2299,0,251,153,75
1053,1060,1268,Shia002382Vols,2300,0,290,138,59
1053,175,1268,Shamela0023591,6329,215,1147,748,85
1053,473,1268,Shamela0023591,6338,4,799,638,99
1053,473,670,JK009266,8446,1346,1542,157,98
1053,670,1054,JK009266,8447,0,384,308,99
1053,1054,1268,JK009266,8458,389,603,173,100
1053,4,175,JK000458,3177,4,417,95,27
1053,371,839,Shamela0021821,1772,522,1153,353,69
1053,813,1006,Shamela0021821,1773,1374,1590,155,88
1053,984,1268,Shamela0021821,1774,832,1174,230,83
1053,175,813,JK009362,7987,1104,1592,380,72
1053,813,1268,JK009362,7988,0,456,366,99
1053,398,1135,JK001420,741,478,1076,233,29
1053,1054,1187,Shamela0001426,44,204,337,107,100
1053,580,1135,JK009257,905,224,1500,396,38
1053,271,939,Rafed0003943Vols,1490,992,1565,458,85
1053,939,1268,Rafed0003943Vols,1491,0,329,266,100
1053,473,1006,Shamela0010273,3155,68,601,426,99
1053,1006,1187,Shamela0010273,3158,692,873,146,100
1053,705,839,Shamela0007798,8569,15,394,107,34
1053,967,1121,Tafsir06048,1125,705,1484,84,12
1053,271,619,Sham19Y0014404,1444,373,1370,228,27
1053,619,842,Sham19Y0014404,1445,10,968,151,20
1053,964,1238,Sham19Y0014404,1446,0,1090,210,24
1053,277,547,Meshkat00057178,3426,817,1183,137,39
1053,864,1006,Meshkat00057178,3429,658,800,114,100
1053,466,683,Masaha000554Vols,5849,58,275,169,96
1053,683,999,Masaha000554Vols,5853,1003,1315,245,96
1053,979,1268,Masaha000554Vols,5858,772,1283,231,55
1053,345,1268,QuranAnalysis001,228,0,865,696,93
1053,341,1006,Rafed0001713Vols,2553,623,1485,518,73
1053,964,1193,Rafed0001713Vols,2555,1329,1613,184,80
1053,845,1121,Tafsir04042,2122,787,1545,221,36
1053,755,898,Shamela0023842,318,286,1311,78,9
1053,717,845,Tafsir04056,6846,370,882,101,24
1053,175,619,Shamela0000041,2435,281,677,259,70
1053,567,793,Shamela0000041,2436,148,354,155,87
1053,790,975,Shamela0000041,2437,63,248,147,98
1053,898,1215,Shamela0000041,2437,1104,1578,253,65
1053,175,1268,Shamela0023578,2988,249,1181,748,85
1053,1261,1477,Shamela0023578,2989,496,879,86,26
1053,939,1242,Shamela0023578,2991,0,1015,241,29
1053,955,1187,JK000876,1478,582,1388,171,26
1054,1059,1587,JK009268,4255,688,941,196,46
1054,995,1587,Sham19Y0023618,1653,208,754,220,35
1054,207,608,JK000865,700,936,1518,161,31
1054,1243,1518,Meshkat00042485,6347,304,618,189,68
1054,757,1353,ShamIbadiyya0000075,876,754,1589,283,36
1054,350,824,ShamIbadiyya0000075,876,129,820,229,38
1054,1059,1587,Shia002356Vols,1187,216,466,189,44
1054,936,1431,Shia002380Vols,755,1222,1571,223,51
1054,0,850,Shia002380Vols,755,139,1057,356,38
1054,359,1587,JK001496,2268,32,1274,379,28
1054,1270,1587,Shamela0008473,4515,594,761,134,52
1054,495,1587,Shia002382Vols,1722,0,1318,557,45
1054,583,1359,Shia002382Vols,2299,0,1038,312,30
1054,1192,1445,Shia002382Vols,2299,1195,1528,173,60
1054,1243,1587,ShamIbadiyya0000050,5644,350,815,148,34
1054,243,1321,Tafsir05047,882,0,1153,426,37
1054,1059,1587,Shamela0023591,6329,777,1030,196,46
1054,1059,1587,Shamela0023591,6338,429,682,196,46
1054,403,856,JK000458,3179,25,905,229,31
1054,1059,1587,JK009362,7988,85,339,196,46
1054,1210,1587,Rafed0003943Vols,1491,7,212,156,51
1054,1292,1564,Shamela0010273,3158,892,1418,158,37
1054,0,798,Tafsir01006,1406,262,1580,352,31
1054,821,1587,Tafsir01006,1407,19,1111,420,43
1054,768,1204,Sham19Y0014404,1445,1060,1555,164,31
1054,1059,1587,QuranAnalysis001,228,495,748,196,46
1054,495,1042,Tafsir08090,1560,984,1597,188,30
1054,0,608,Rafed0001713Vols,2554,386,1577,286,28
1054,661,1587,Rafed0001713Vols,2555,283,1572,409,33
1054,1292,1587,Rafed0001713Vols,2556,114,628,199,46
1054,995,1587,Shamela0000041,2437,1104,1515,243,45
1054,1243,1575,Shamela0000041,2438,23,503,166,35
1054,1059,1587,Shamela0023578,2988,811,1064,196,46
1054,255,639,Shamela0023578,2990,0,609,155,27
1054,0,602,JK000876,1477,12,1067,226,25
1055,656,902,Shamela0008381,472,919,1165,195,100
1055,583,1174,Shia001432Vols,2519,257,614,282,59
1055,656,929,Shia001432Vols,6024,100,373,216,100
1055,560,784,Shamela0023632,3359,552,776,176,100
1055,929,1174,Shamela0023632,3366,692,937,199,100
1055,583,902,ShamAY0034287,3,1020,1339,251,100
1055,496,873,JK009268,4260,1177,1606,275,77
1055,873,1174,JK009268,4261,0,301,242,100
1055,858,1174,Sham19Y0023618,1658,199,515,254,100
1055,656,824,Tafsir06051,487,489,657,133,100
1055,611,929,Rafed0003257Vols,4928,0,318,250,100
1055,986,1174,Rafed0003257Vols,4931,0,188,151,100
1055,502,937,Sham19Y0020891,6092,1090,1516,320,91
1055,656,929,JK000362,2191,47,320,216,100
1055,929,1174,Meshkat0014420,4363,743,988,199,100
1055,929,1174,Shia001626Vols,459,421,774,199,69
1055,583,929,Shia001626Vols,477,605,948,270,99
1055,560,686,Sham19Y0147312,1878,1027,1153,99,100
1055,993,1174,Sham19Y0147312,1883,341,522,145,100
1055,647,929,Zaydiyya0000025,37,0,283,223,99
1055,583,929,Shamela0006947,21798,739,1085,272,100
1055,628,929,JK000791,2213,1145,1449,225,93
1055,906,1166,JK000791,2217,1213,1510,207,85
1055,661,929,Noorlib0038508,186,963,1231,212,100
1055,583,929,Shamela0022712,282,426,772,272,100
1055,564,929,Shamela0001524,1830,108,468,277,96
1055,656,929,JK000368,116,631,904,216,100
1055,583,824,Sham19Y0009800,314,691,932,189,100
1055,583,929,Sham19Y0009800,464,324,670,272,100
1055,560,861,JK009313,987,1256,1556,238,99
1055,583,929,Sham19Y0029676,273,1268,1614,270,99
1055,656,929,JK009396,1525,516,789,216,100
1055,929,1174,JK009396,1529,304,549,199,100
1055,560,750,Sham19Y0023608,3782,1340,1529,150,99
1055,661,929,JK000381,3452,215,483,212,100
1055,993,1174,Shamela0012034,647,0,181,145,100
1055,847,1174,Shamela0004473,3805,1198,1532,221,81
1055,564,929,Shamela0004473,6690,595,961,279,97
1055,583,929,Hindawi018175075,19,1042,1388,272,100
1055,560,750,Shia002356Vols,1188,1318,1507,150,99
1055,913,1174,Shia002356Vols,1191,435,689,196,92
1055,38,656,Shia002380Vols,756,97,697,268,41
1055,679,929,Shamela0008473,4521,0,250,198,100
1055,686,1174,Shamela0008473,4534,518,1075,358,80
1055,583,929,Noorlib0023588,132,613,959,272,100
1055,451,1174,Shamela0023591,6343,549,1225,511,88
1055,583,1174,Shamela0023591,6346,612,1203,471,100
1055,656,929,JK000371,383,880,1153,216,100
1055,929,1174,JK009266,8481,314,559,199,100
1055,583,929,Shamela0010283,3281,690,1036,272,100
1055,929,1174,Shamela0021821,1781,796,1041,199,100
1055,560,1138,Tafsir07053,229,1049,1626,452,98
1055,583,929,Tafsir07053,232,906,1252,272,100
1055,922,1174,Tafsir07053,235,1344,1595,202,98
1055,598,929,Rafed0000185Vols,12,1030,1363,259,99
1055,583,1174,JK009362,8030,730,1325,470,99
1055,656,858,JK009362,9199,805,974,130,80
1055,619,858,AOCP20251117016Vols,648,530,770,188,99
1055,661,929,Shamela0021499,50,1061,1329,212,100
1055,637,858,JK001420,742,152,714,159,35
1055,929,1174,JK000385,54,449,694,199,100
1055,583,929,Noorlib0010827,132,826,1172,272,100
1055,560,929,Shamela0010273,3161,464,833,291,100
1055,929,1174,Shamela0010273,3167,829,1074,199,100
1055,902,1174,Shamela0012293,2038,597,1073,220,57
1055,583,929,Sham19Y0020642,429,130,476,272,100
1055,583,1174,QuranAnalysis001,228,874,1465,471,100
1055,560,766,Rafed0001713Vols,2557,991,1199,162,99
1055,888,1135,Shamela0023578,3001,0,247,199,100
1056,863,1339,Sham19Y0023608,3783,1241,1437,119,28
1056,643,1410,Tafsir10066,1818,660,1149,189,29
1057,487,1073,Tafsir09084,2339,572,1262,210,32
1057,519,618,Shamela0023606,283,244,348,76,95
1057,519,618,Tafsir02102,3068,59,163,76,95
1057,528,1090,Shamela0008473,4528,632,1019,144,26
1057,360,618,Shamela0003055,788,961,1176,119,58
1057,519,618,JK000331,81,1261,1365,76,95
1057,360,618,Shamela0011379,74,698,914,121,60
1057,360,618,JK000090,7,735,1085,122,39
1058,565,1044,Shia001432Vols,2519,481,820,266,69
1058,1177,1415,Shia001432Vols,22262,150,338,137,70
1058,921,1261,Shamela0023632,3369,840,1179,270,99
1058,1255,1415,Shamela0023632,3370,1144,1304,129,100
1058,444,1014,Shamela0095562,4,89,1524,352,30
1058,565,1415,JK009268,4261,168,878,563,83
1058,838,1426,Sham19Y0023618,1660,562,1162,467,97
1058,712,1542,Shamela0023628,3285,121,1067,391,42
1058,1116,1438,Shamela0023628,3286,838,1227,247,78
1058,565,1186,Rafed0003257Vols,4931,55,531,367,74
1058,1166,1415,Rafed0003257Vols,4934,121,369,201,99
1058,1034,1166,Sham19Y0020891,6114,0,132,103,100
1058,1166,1415,Sham19Y0020891,6114,957,1205,201,99
1058,1255,1415,Shamela0023606,342,382,542,129,100
1058,995,1166,Tafsir09068,1104,197,412,100,60
1058,565,1044,JK009270,5020,1166,1504,266,69
1058,1044,1415,JK009270,5024,461,832,297,100
1058,838,1166,Meshkat0014420,4367,485,813,258,100
1058,1166,1415,Meshkat0014420,4369,11,260,202,100
1058,565,1166,Shia001626Vols,459,641,1102,361,76
1058,838,1171,Sham19Y0147312,1884,681,1014,260,99
1058,1166,1415,Sham19Y0147312,1885,205,454,202,100
1058,1255,1415,Sham19Y0013550,141,293,453,129,100
1058,1261,1415,Sham19Y0013550,331,441,595,124,100
1058,360,679,Zaydiyya0000062,1922,549,1393,198,28
1058,877,1247,Zaydiyya0000062,1923,470,1058,284,60
1058,1255,1410,Zaydiyya0000062,1924,919,1074,125,100
1058,838,1166,JK000791,2220,73,494,257,77
1058,1044,1415,JK000791,2220,803,1325,257,61
1058,861,1422,Shamela0000922,1179,458,1142,331,50
1058,593,1135,JK007018,760,1041,1469,319,73
1058,1166,1415,JK007018,761,1311,1561,196,96
1058,921,1415,JK009396,1531,12,506,395,100
1058,921,1126,Sham19Y0023608,3792,1278,1482,162,99
1058,1166,1415,Sham19Y0023608,3795,1064,1312,201,99
1058,924,1166,JK000381,4108,493,735,191,100
1058,882,1365,Meshkat00042488,1669,32,1489,334,27
1058,1255,1415,Rafed0003726Vols,1400,1162,1322,129,100
1058,838,1166,Shamela0004473,3919,10,337,257,99
1058,1166,1415,Shamela0004473,3921,281,530,202,100
1058,580,1166,Shia002356Vols,1191,566,1018,346,74
1058,1255,1415,Noorlib0015842,119,874,1034,129,100
1058,1240,1415,Noorlib0015842,123,1268,1443,134,94
1058,977,1135,Zaydiyya0000142,1845,1211,1317,81,67
1058,176,1096,Shia002380Vols,760,374,1306,488,55
1058,861,1166,JK001496,2275,428,846,235,71
1058,1116,1415,JK001496,2276,24,343,219,80
1058,924,1166,Shamela0008473,4538,1007,1249,191,100
1058,1089,1415,Shamela0008473,4539,663,1167,252,62
1058,389,1096,Shia002382Vols,1732,3,1248,490,48
1058,821,1556,Shia002382Vols,2310,734,1157,276,44
1058,476,970,Shia002382Vols,2310,176,898,324,53
1058,1089,1438,Shia002382Vols,2311,126,634,258,63
1058,1255,1415,Rafed0002654Vols,139,379,539,129,100
1058,565,1123,Shamela0023591,6343,1092,1509,328,74
1058,1123,1415,Shamela0023591,6344,0,291,234,99
1058,801,1419,Shamela0023591,6358,139,734,474,96
1058,985,1542,JK009266,8490,0,591,210,34
1058,1166,1438,JK009266,8495,709,988,212,93
1058,565,1044,Shamela0021821,1781,908,1246,265,69
1058,955,1415,Shamela0021821,1783,602,1235,355,70
1058,796,1415,Tafsir07053,230,8,593,458,93
1058,845,1044,Tafsir07053,236,0,199,158,100
1058,1044,1415,Tafsir07053,239,659,1028,296,99
1058,580,1026,JK009362,8030,1200,1512,245,69
1058,1026,1415,JK009362,8031,0,396,311,98
1058,995,1166,Shamela0037559,1,514,685,133,100
1058,988,1300,JK009257,910,0,690,246,44
1058,1255,1415,JK006478,8620,655,816,129,99
1058,995,1166,JK000082,628,29,200,132,99
1058,412,1116,Tafsir08060,491,209,1103,400,50
1058,1044,1415,Rafed0003943Vols,1501,1102,1472,296,99
1058,796,1044,Rafed0003943Vols,1501,262,488,180,91
1058,838,1044,Shamela0010273,3170,1366,1571,163,99
1058,1044,1545,Shamela0010273,3171,0,413,182,35
1058,1116,1438,Shamela0010273,3173,1076,1513,243,70
1058,921,1096,Shamela0007798,8603,829,1004,139,100
1058,1300,1415,Shamela0007798,8610,1202,1317,91,100
1058,551,882,Tafsir01006,1411,551,1147,237,49
1058,924,1096,Tafsir06048,1131,1028,1256,137,75
1058,1044,1415,Sham19Y0014404,1452,57,839,297,47
1058,882,1096,Meshkat00057178,3446,1065,1396,169,64
1058,1005,1415,Meshkat00057178,3447,291,1501,228,22
1058,921,1177,Masaha000554Vols,5889,517,774,192,95
1058,882,1415,QuranAnalysis001,229,0,533,425,100
1058,1166,1385,Zaydiyya0000474,90,1463,1681,178,99
1058,551,1005,Rafed0001713Vols,2564,995,1611,288,50
1058,861,1166,Rafed0001713Vols,2565,702,1397,236,43
1058,1177,1438,Rafed0001713Vols,2566,727,991,203,94
1058,1300,1415,Tafsir04042,2131,1178,1482,91,37
1058,977,1415,Zaydiyya0000476,348,338,1030,235,36
1058,921,1415,Zaydiyya0000476,419,137,1216,282,29
1058,977,1166,Tafsir04056,2769,857,1064,145,89
1058,623,1053,Shamela0000041,2449,1088,1521,257,61
1058,1107,1398,Shamela0000041,2450,1198,1519,228,87
1058,588,1070,Shamela0023578,3006,1033,1538,269,55
1058,1070,1415,Shamela0023578,3007,0,344,276,99
1058,1089,1300,Shamela0023578,3008,6,212,155,89
1058,354,726,JK000876,1482,825,1598,248,38
1059,51,174,Shamela0095562,4,1256,1524,85,38
1059,51,213,Sham19Y0013550,539,1228,1492,105,47
1059,738,1008,Shia002380Vols,761,145,431,142,50
1059,522,926,Rafed0001713Vols,2566,950,1342,140,33
1059,46,217,Tafsir04042,2130,151,406,109,50
1059,51,400,Zaydiyya0000476,419,137,778,160,28
1059,51,208,Tafsir04056,6864,715,1338,108,21
1060,547,713,Shia001432Vols,1055,419,586,132,98
1060,353,559,Shia001432Vols,2519,829,1036,156,96
1060,353,507,Shia001432Vols,7096,1416,1570,121,99
1060,353,524,Shia001432Vols,15723,980,1151,135,100
1060,360,524,Shia001432Vols,29326,56,220,129,100
1060,353,496,Shamela0023632,3370,1304,1454,102,85
1060,480,750,Shamela0023632,3375,159,429,216,100
1060,834,978,Shamela0023632,3379,0,144,118,100
1060,30,138,Sham19Y0122406,3270,913,1060,85,73
1060,353,985,JK009268,4261,878,1510,503,99
1060,353,480,Sham19Y0023618,1662,638,765,101,100
1060,524,816,Sham19Y0023618,1663,1127,1471,235,84
1060,533,676,Shamela0023628,3293,1226,1413,116,76
1060,653,866,Shamela0023628,3295,768,1050,167,74
1060,235,353,Shamela0025794,3886,15,128,86,92
1060,353,547,Rafed0003257Vols,4935,245,439,154,100
1060,540,1014,Rafed0003257Vols,4937,720,1201,362,93
1060,0,138,Sham19Y0017616,349,923,1103,109,76
1060,0,261,Tafsir09084,2345,1108,1480,125,33
1060,412,567,Tafsir09084,2617,962,1117,122,100
1060,353,820,Sham19Y0020891,6117,385,852,373,100
1060,353,480,JK009270,5028,599,726,101,100
1060,480,695,JK009270,5030,383,598,172,100
1060,791,978,JK009270,5035,925,1112,153,100
1060,524,653,ShamAY0034106,302,594,826,89,48
1060,0,138,JK009408,2387,789,937,103,86
1060,138,353,Shamela0000140,1143,29,239,165,96
1060,79,353,Shamela0000140,2029,868,1169,184,75
1060,412,676,Meshkat0014420,4374,135,399,210,100
1060,676,978,Meshkat0014420,4378,1216,1518,244,100
1060,0,133,Tafsir01005,1645,1330,1505,105,76
1060,567,766,Shia001171,18,208,407,159,100
1060,353,547,Shamela0037361,37,178,372,154,100
1060,412,806,Tafsir02104,571,616,1389,267,43
1060,648,841,Shamela0001466,3424,0,187,148,95
1060,540,735,Sham19Y0147312,1887,912,1107,153,97
1060,735,866,Sham19Y0147312,1888,153,284,105,100
1060,0,138,Sham19Y0014592,907,496,700,109,67
1060,0,138,Sham19Y0132524,2158,1095,1275,109,76
1060,353,547,JK000791,2222,397,591,154,100
1060,533,841,JK000791,2225,359,683,248,95
1060,0,138,Shamela0001524,532,1128,1308,109,76
1060,0,138,JK000080,724,4,181,109,77
1060,353,524,Rafed0000685Vols,62,786,957,135,100
1060,713,820,JK000906,7035,452,559,86,100
1060,353,547,JK009396,1533,165,359,154,100
1060,547,853,JK009396,1534,234,540,237,97
1060,841,978,JK009396,1536,3,140,112,100
1060,25,820,Sham19Y0023608,3798,792,1402,449,69
1060,820,978,Sham19Y0023608,3805,168,326,129,100
1060,713,820,JK000381,4480,1273,1380,86,100
1060,412,567,JK000381,4697,929,1084,122,100
1060,353,547,JK000381,4936,611,805,154,100
1060,239,353,Sham19Y0148271,1964,168,281,91,99
1060,0,138,Sham19Y0148271,2118,561,731,106,79
1060,25,138,JK006897,335,195,360,89,68
1060,0,138,Sham19Y0017903,868,1275,1454,109,76
1060,527,791,Meshkat00042488,1672,160,1167,206,25
1060,713,841,Shia003721Vols,83,378,506,103,100
1060,353,841,Shamela0004473,3923,623,1111,390,100
1060,841,978,Shamela0004473,4060,550,687,112,100
1060,0,138,JK007065,1506,557,737,109,76
1060,0,138,JK000961,373,145,293,94,71
1060,353,547,Shia002356Vols,1193,94,287,152,98
1060,511,820,Shia002356Vols,1194,1149,1460,236,92
1060,820,978,Shia002356Vols,1195,0,158,128,98
1060,412,801,Shia002380Vols,762,777,1484,262,45
1060,0,138,PV2024060602,3267,737,917,109,76
1060,353,820,JK001496,2277,479,949,372,99
1060,235,457,Tafsir02102,3732,893,1285,177,56
1060,605,785,Tafsir02102,3735,522,1097,136,29
1060,0,547,Shamela0008473,4543,182,1367,362,37
1060,524,841,Shamela0008473,4546,704,1031,255,96
1060,820,978,Shamela0008473,4548,833,1031,129,79
1060,412,567,Shamela0008473,5062,998,1153,122,100
1060,547,806,Shia002382Vols,2314,616,1285,194,36
1060,0,138,Sham19Y0020638,990,86,265,108,76
1060,750,978,Hindawi014685395,54,491,719,185,100
1060,25,388,Shamela0012884,4798,661,1222,114,20
1060,412,567,JK000378,286,1222,1377,122,100
1060,353,978,Shamela0023591,6344,291,916,502,100
1060,353,644,Shamela0023591,6361,1264,1554,232,99
1060,644,985,Shamela0023591,6362,0,341,276,100
1060,353,841,JK009266,8500,375,863,390,100
1060,25,507,Shamela0021821,1785,495,804,197,51
1060,507,927,Shamela0021821,1786,1064,1483,337,99
1060,353,978,Tafsir07053,230,593,1218,496,98
1060,841,978,Tafsir07053,232,703,840,112,100
1060,353,1026,Tafsir07053,245,432,1090,525,97
1060,713,841,Tafsir07053,251,780,908,103,100
1060,791,985,Tafsir07053,256,256,546,137,57
1060,713,820,JK000351,40,191,298,86,100
1060,353,978,JK009362,8031,396,1029,502,98
1060,547,713,JK001110,62,1004,1170,133,100
1060,480,681,Rafed0003943Vols,1502,874,1075,158,98
1060,662,1014,Rafed0003943Vols,1504,1148,1494,256,91
1060,353,547,Shamela0010273,3176,1373,1567,154,100
1060,533,845,Shamela0010273,3179,1318,1629,242,94
1060,845,978,Shamela0010273,3180,0,133,109,100
1060,353,507,Shamela0007798,8611,1252,1406,122,100
1060,551,689,Shia004523,9,1685,1823,111,100
1060,0,138,Shamela0012293,464,169,344,109,77
1060,0,138,Shamela0012293,6217,593,769,109,78
1060,0,138,Shamela0001727,1235,615,795,109,76
1060,0,138,Sham19Y0017729,410,58,238,109,76
1060,353,480,Tafsir06048,1135,513,644,101,96
1060,735,866,Meshkat00057178,3456,158,769,105,21
1060,540,706,Masaha000554Vols,5903,621,793,130,94
1060,353,978,QuranAnalysis001,229,533,1158,502,100
1060,353,465,Rafed0001713Vols,2567,1463,1574,89,99
1060,465,820,Rafed0001713Vols,2568,0,355,284,100
1060,820,978,Rafed0001713Vols,2571,1147,1305,129,100
1060,507,806,Tafsir04042,2133,104,871,224,36
1060,480,676,Zaydiyya0000476,348,1222,1420,157,98
1060,622,958,Zaydiyya0000476,420,0,530,122,23
1060,567,695,Shamela0000041,2455,980,1108,98,96
1060,605,735,Shamela0000041,2456,422,706,101,44
1060,723,945,Shamela0000041,2457,264,486,177,99
1060,353,605,Shamela0023578,3010,782,1034,200,100
1060,605,978,Shamela0023578,3017,1129,1502,302,100
1061,190,427,Tafsir09084,2348,0,277,95,34
1061,950,1205,Meshkat00042485,6389,829,1216,148,42
1061,923,1140,Meshkat00042488,1672,208,652,106,27
1061,183,427,Shamela0008473,4546,379,730,100,29
1061,923,1443,Tafsir08060,492,501,872,191,40
1061,969,1214,Shamela0010273,3180,538,806,145,61
1061,923,1202,Tafsir01006,1414,295,780,159,37
1061,950,1507,Tafsir04042,2133,266,804,168,25
1062,715,959,JK000330,981,950,1194,199,100
1062,1002,1185,JK000330,1068,233,416,150,100
1062,701,886,Shia001432Vols,2519,1036,1223,144,94
1062,1002,1300,Shia001432Vols,3459,583,881,242,100
1062,644,1002,Shamela0023632,3381,241,581,262,90
1062,981,1300,Shamela0023632,3384,488,887,259,79
1062,1300,1463,Shamela0023632,3387,630,793,131,100
1062,696,1463,JK009268,4285,0,798,620,95
1062,644,1002,Sham19Y0023618,1667,302,636,262,90
1062,1002,1244,Sham19Y0023618,1668,666,908,197,100
1062,644,794,Shamela0023628,3297,1301,1556,119,55
1062,816,959,Shamela0023628,3300,712,855,115,100
1062,1047,1215,Shamela0023628,3301,0,168,137,100
1062,1228,1463,Shamela0023628,3302,0,235,188,100
1062,692,1002,Rafed0003257Vols,4939,1309,1626,253,97
1062,911,1244,Rafed0003257Vols,4945,1121,1654,272,62
1062,1300,1463,Rafed0003257Vols,4947,957,1120,131,100
1062,816,1264,Shamela0001388,83,1121,1517,115,26
1062,632,816,Sham19Y0020891,6127,537,720,135,84
1062,806,1002,Sham19Y0020891,6130,36,250,158,91
1062,1002,1300,Sham19Y0020891,6132,1144,1442,242,100
1062,1275,1463,Sham19Y0020891,6136,1404,1574,137,90
1062,1054,1198,JK010001,3822,513,657,118,100
1062,816,1463,JK009270,5044,746,1474,150,19
1062,741,966,JK009270,5048,82,311,177,95
1062,959,1158,JK009270,5052,80,279,163,100
1062,1143,1329,JK009270,5055,365,544,140,94
1062,1264,1463,Shamela0005756,15521,248,449,160,99
1062,692,870,Meshkat0014420,4382,1413,1601,146,93
1062,934,1080,Meshkat0014420,4386,0,146,120,100
1062,1198,1463,Meshkat0014420,4390,668,1050,167,49
1062,1198,1340,ShamAY0036821,1753,339,482,112,97
1062,1300,1556,Shamela0001466,3437,545,798,151,73
1062,621,876,Sham19Y0147312,1889,274,496,169,79
1062,1244,1463,Sham19Y0147312,1893,102,321,176,100
1062,1002,1300,Shamela0004445,146,1135,1433,242,100
1062,1054,1215,Shamela0004445,159,434,630,122,77
1062,1300,1477,Shamela0004445,173,210,386,138,96
1062,715,876,Shamela0004445,2720,29,190,132,100
1062,1054,1244,Shamela0004445,3001,108,298,154,100
1062,1300,1427,Sham19Y0014592,1541,244,371,102,100
1062,1185,1427,Sham19Y0018176,1849,71,584,112,27
1062,644,1047,Zaydiyya0000062,1929,217,610,309,91
1062,1054,1211,Zaydiyya0000071,287,874,1031,128,100
1062,578,845,JK000791,2227,1389,1632,160,64
1062,851,1002,JK000791,2229,1212,1392,119,82
1062,959,1463,JK000791,2230,988,1526,388,89
1062,1002,1215,Shamela0009702,486,165,378,174,100
1062,359,741,Shamela0000922,1182,624,1067,163,36
1062,568,876,JK007018,765,325,655,189,66
1062,851,1300,JK007018,766,26,641,353,70
1062,876,1041,JK009396,1538,1058,1610,107,22
1062,1041,1300,JK009396,1539,0,259,210,100
1062,1300,1463,JK009396,1540,472,635,131,100
1062,1002,1264,Sham19Y0023608,1889,579,841,213,100
1062,692,1002,Sham19Y0023608,3808,638,948,253,100
1062,959,1300,Sham19Y0023608,3813,295,931,277,53
1062,1300,1463,Sham19Y0023608,3816,1139,1302,131,100
1062,1002,1264,Hindawi062413635,24,1226,1488,213,100
1062,876,1002,JK000381,6842,313,439,102,100
1062,1264,1463,Shamela0001340,297,131,330,160,100
1062,911,1080,Meshkat00042488,1675,148,944,139,21
1062,1300,1427,Meshkat00042488,1676,1037,1306,102,47
1062,1002,1269,Shia003721Vols,54,1326,1592,216,99
1062,1054,1220,Shia003721Vols,68,773,996,134,73
1062,1300,1477,Shia003721Vols,83,532,710,136,95
1062,715,1054,Shamela0023788,428,482,683,134,48
1062,715,1002,Shamela0004473,4062,713,1000,234,100
1062,981,1300,Shamela0004473,4065,353,675,249,95
1062,1300,1463,Shamela0004473,4246,502,665,131,100
1062,1002,1244,Shamela0004473,12827,1049,1291,197,100
1062,1002,1340,Sham19Y0145435,4936,599,942,254,91
1062,1054,1215,Sham19Y0145435,4947,1196,1415,131,73
1062,359,1264,Shia002356Vols,1196,393,1459,592,62
1062,1264,1463,Shia002356Vols,1198,1062,1263,160,99
1062,715,1111,Tafsir04038,654,1012,1501,197,48
1062,225,741,Shia002380Vols,763,462,885,219,46
1062,959,1130,Shia002380Vols,764,884,1236,139,47
1062,1300,1463,Shamela0001419,508,1081,1244,131,100
1062,816,1002,JK001496,2282,2,193,150,97
1062,1002,1305,JK001496,2283,149,465,246,95
1062,1275,1463,JK001496,2285,383,556,137,90
1062,1054,1215,Shamela0008473,3501,146,307,131,100
1062,692,876,Shamela0008473,4550,821,1005,151,100
1062,1105,1300,Shamela0008473,4557,0,195,157,100
1062,225,741,Shia002382Vols,2316,102,742,226,36
1062,722,911,Shia002382Vols,2317,0,215,148,85
1062,959,1130,Shia002382Vols,2318,59,704,139,26
1062,876,1002,JK009265,190,1358,1484,101,99
1062,876,1002,JK009265,209,479,605,102,100
1062,578,904,Shamela0029988,253,1347,1585,114,34
1062,1054,1198,Tafsir07055,3932,414,558,118,100
1062,632,998,Shamela0023591,6370,1223,1574,264,88
1062,998,1463,Shamela0023591,6371,0,465,376,100
1062,715,1300,Shamela0023591,6372,859,1444,476,100
1062,1300,1463,Shamela0023591,6382,1093,1256,131,100
1062,876,1002,JK000371,358,444,570,102,100
1062,994,1305,JK009266,8535,1182,1524,251,90
1062,1275,1463,JK009266,8543,724,940,146,84
1062,745,876,Shamela0021821,1789,0,131,107,100
1062,876,1002,Shamela0021821,1790,991,1117,102,100
1062,981,1305,Shamela0021821,1791,246,589,253,90
1062,1232,1463,Shamela0021821,1792,225,481,143,71
1062,1080,1374,Shia002389Vols,2852,774,1428,145,23
1062,644,1463,JK009362,8096,593,1422,625,90
1062,1300,1427,Hindawi092028080,14,456,583,102,100
1062,1215,1329,Shamela0010463,18,886,1000,91,100
1062,692,1002,JK001420,745,81,826,175,27
1062,1111,1407,JK001420,746,51,703,197,37
1062,129,385,JK009257,913,55,321,97,38
1062,816,1111,JK009257,914,503,1528,229,27
1062,61,741,Tafsir08060,492,879,1484,247,38
1062,1063,1264,Rafed0003943Vols,1506,1177,1396,163,91
1062,851,1054,Rafed0003943Vols,1506,4,207,165,100
1062,1264,1463,Rafed0003943Vols,1507,985,1184,160,100
1062,644,1002,Shamela0010273,3184,25,365,262,90
1062,1002,1300,Shamela0010273,3187,698,996,242,100
1062,1143,1463,Shamela0010273,3190,899,1487,222,47
1062,876,1002,Shamela0007798,8635,35,161,102,100
1062,1264,1427,Shamela0007798,8643,167,392,131,72
1062,0,462,Tafsir01006,1415,25,778,215,33
1062,1054,1215,Shamela0012293,719,1072,1233,131,100
1062,0,655,Tafsir06048,1136,597,1435,232,30
1062,1017,1427,Sham19Y0018567,364,1056,1320,154,42
1062,1185,1438,Sham19Y0013605,3660,165,630,99,23
1062,779,911,Sham19Y0014404,1458,697,1305,97,20
1062,959,1080,Meshkat00057178,3460,330,451,99,100
1062,1002,1295,Masaha000554Vols,5927,706,1002,234,96
1062,1300,1432,Masaha000554Vols,5931,1539,1670,106,99
1062,465,1080,QuranAnalysis001,229,1084,1531,360,71
1062,1080,1463,QuranAnalysis001,230,0,383,309,100
1062,347,741,Tafsir08090,1569,7,429,180,42
1062,715,876,Rafed0003489,15,376,537,132,100
1062,1054,1244,Rafed0003489,290,217,407,154,100
1062,715,1463,ShamAY0037387,172,315,1070,607,99
1062,502,1002,Rafed0001713Vols,2572,423,1453,372,43
1062,966,1264,Rafed0001713Vols,2575,386,710,240,91
1062,1228,1451,Rafed0001713Vols,2576,1087,1374,176,75
1062,876,1002,Tafsir07057,3222,613,739,102,100
1062,862,1002,Tafsir07057,3514,1378,1518,104,93
1062,876,1002,JK006950,1145,111,237,102,100
1062,0,465,Shamela0000041,2457,549,1161,175,30
1062,816,959,Shamela0000041,2460,237,382,115,98
1062,959,1185,Shamela0000041,2461,20,247,185,99
1062,632,1002,Shamela0023578,3021,953,1301,264,86
1062,924,1427,Shamela0023578,3025,47,659,405,81
1063,887,1540,Shamela0023628,3301,168,973,258,31
1063,661,978,Meshkat00042485,6400,632,1119,157,35
1063,955,1456,Shamela0021766,4216,609,1476,200,26
1063,661,1549,JK000818,641,520,1321,241,23
1063,542,1549,Meshkat00042488,1675,0,1523,349,24
1063,654,1536,Shia002380Vols,764,339,1361,292,24
1063,914,1260,Shia002382Vols,1738,1355,1566,112,39
1063,152,497,Tafsir01006,1416,302,889,153,28
1063,837,1536,Sham19Y0014404,1459,613,1448,233,27
1063,914,1517,Shamela0000041,2461,27,775,206,23
1064,971,1321,Shia001432Vols,3529,466,817,285,99
1064,971,1080,Shia001432Vols,3543,1118,1227,87,100
1064,1321,1586,Shia001432Vols,3679,318,583,216,100
1064,566,1108,Shamela0023632,3387,630,930,237,54
1064,1108,1419,Shamela0023632,3390,532,844,253,99
1064,1419,1586,Shamela0023632,3392,504,671,138,100
1064,1039,1364,Shamela0095562,13,27,1504,265,22
1064,274,1586,JK009268,4285,546,1413,696,65
1064,895,1225,Sham19Y0023618,1669,1229,1549,254,92
1064,1225,1586,Sham19Y0023618,1670,0,361,295,100
1064,312,1039,Shamela0023628,3302,0,303,238,40
1064,1039,1285,Shamela0023628,3303,295,542,201,99
1064,1285,1586,Shamela0023628,3304,218,519,245,100
1064,1321,1586,Shamela0009512,1,239,504,216,100
1064,566,1321,Rafed0003257Vols,4947,957,1471,412,67
1064,1285,1586,Rafed0003257Vols,4950,312,669,245,84
1064,386,803,Tafsir09084,2354,942,1556,199,35
1064,566,1029,Sham19Y0020891,6136,1411,1631,174,46
1064,1080,1321,Sham19Y0020891,6139,387,629,198,99
1064,1321,1574,Sham19Y0020891,6140,1388,1640,207,99
1064,603,1108,JK009270,5062,356,627,218,53
1064,1102,1285,JK009270,5066,468,652,148,97
1064,1285,1550,JK009270,5068,1277,1542,216,100
1064,1236,1550,Shamela0005756,12042,698,1085,95,24
1064,971,1177,Meshkat0014420,4391,1311,1516,167,99
1064,1177,1321,Meshkat0014420,4392,0,144,118,100
1064,1321,1586,Meshkat0014420,4395,1134,1399,216,100
1064,1264,1561,Sham19Y0016584,3434,749,1017,89,27
1064,1190,1388,JK006476,1781,445,658,161,92
1064,1341,1532,JK006476,1782,73,348,153,68
1064,971,1134,Sham19Y0147312,1893,1111,1274,131,100
1064,1092,1253,Sham19Y0147312,1894,1382,1562,132,88
1064,1321,1586,Sham19Y0147312,1895,1005,1270,216,100
1064,971,1190,Shamela0004445,186,1364,1582,176,99
1064,1341,1586,Shamela0004445,253,1322,1567,200,100
1064,971,1108,Sham19Y0014592,1575,787,924,110,100
1064,1264,1586,Sham19Y0018176,1849,798,1079,100,28
1064,895,1197,Zaydiyya0000062,1933,566,1011,225,59
1064,1160,1415,Zaydiyya0000062,1934,837,1102,190,86
1064,1264,1586,JK000110,1340,496,758,97,28
1064,971,1341,JK000791,2233,1063,1439,295,95
1064,1321,1586,JK000791,2235,541,806,216,100
1064,1108,1285,Shamela0000922,1189,181,751,131,27
1064,1375,1510,Shamela0000922,1190,289,529,71,34
1064,1309,1505,Tafsir07076,6402,784,988,128,78
1064,971,1321,JK007018,767,423,800,281,91
1064,1321,1586,JK007018,768,772,1059,212,90
1064,1264,1561,Sham19Y0018103,3051,471,760,86,24
1064,971,1321,JK009396,1540,1123,1473,284,99
1064,1321,1586,JK009396,1542,955,1220,216,100
1064,971,1388,Sham19Y0023608,3328,575,873,152,38
1064,466,971,Sham19Y0023608,3816,914,1302,192,37
1064,935,1341,Sham19Y0023608,3818,758,1234,313,81
1064,1204,1586,Sham19Y0023608,3821,197,897,297,51
1064,1341,1458,Sham19Y0023608,3822,217,697,94,24
1064,899,1216,Meshkat00042488,1677,119,1276,229,24
1064,1216,1532,Meshkat00042488,1678,92,1176,255,28
1064,971,1321,Shia003721Vols,98,15,366,285,99
1064,1321,1586,Shia003721Vols,165,1267,1532,216,100
1064,971,1080,Shamela0004473,6,437,546,87,100
1064,971,1321,Shamela0004473,4247,994,1344,285,100
1064,1321,1550,Shamela0004473,4249,1445,1673,187,99
1064,971,1080,Sham19Y0030863,18,1223,1332,86,99
1064,1216,1364,ShamAY0033108,1758,864,1408,121,27
1064,1321,1586,Sham19Y0145435,4959,614,879,216,100
1064,152,1296,Shia002356Vols,1198,806,1584,505,50
1064,1285,1586,Shia002356Vols,1200,578,885,244,97
1064,236,670,Shia002380Vols,765,24,434,185,40
1064,1177,1586,Shia002380Vols,766,17,920,323,44
1064,1264,1586,PV2024060602,1340,496,758,102,32
1064,971,1108,Shamela0009775,79,902,1060,109,86
1064,566,1080,JK001496,2285,392,665,213,51
1064,1321,1586,JK001496,2287,394,660,216,99
1064,1216,1364,Tafsir02091,2026,195,740,121,27
1064,566,1247,Shamela0008473,4559,597,1528,413,50
1064,1204,1371,Shamela0008473,4560,1007,1576,104,22
1064,935,1134,Shamela0008473,4560,38,438,134,42
1064,1371,1586,Shamela0008473,4561,0,215,176,100
1064,1039,1505,Shia002382Vols,2320,382,1603,375,37
1064,1341,1586,AOCP202502141169Vols,2522,92,681,165,34
1064,274,1586,Shamela0023591,6371,213,1081,697,65
1064,566,1247,Shamela0023591,6382,1093,1532,351,63
1064,1321,1586,Shamela0023591,6387,609,874,216,100
1064,971,1341,JK009266,8548,3,375,295,96
1064,1402,1603,JK009266,8556,0,215,161,91
1064,971,1341,Shamela0021821,1792,1070,1454,295,93
1064,1321,1586,Shamela0021821,1793,1295,1561,216,99
1064,274,1095,JK009362,8096,1167,1551,296,44
1064,1095,1586,JK009362,8097,0,494,402,99
1064,988,1285,JK001420,746,780,1350,179,39
1064,603,1285,Tafsir08060,494,0,760,291,36
1064,566,1446,Rafed0003943Vols,1507,1021,1659,513,71
1064,971,1371,Shamela0010273,3192,158,563,301,88
1064,1321,1603,Shamela0010273,3194,1177,1481,227,91
1064,1285,1419,Shamela0007798,8651,293,427,107,100
1064,1112,1487,Tafsir01006,1419,260,1254,296,36
1064,899,1388,Sham19Y0018567,364,1164,1392,137,35
1064,1264,1561,Sham19Y0013605,3660,1139,1395,94,32
1064,899,1285,Sham19Y0014404,1461,42,1593,256,19
1064,1225,1586,Sham19Y0014404,1462,7,1269,281,27
1064,1039,1190,Meshkat00057178,3463,738,1291,122,27
1064,1285,1586,Meshkat00057178,3465,339,521,139,57
1064,971,1112,Masaha000554Vols,5937,1417,1558,110,96
1064,1118,1321,Masaha000554Vols,5938,0,205,166,98
1064,1321,1586,Masaha000554Vols,5943,1279,1550,211,94
1064,274,1586,QuranAnalysis001,230,131,998,697,65
1064,274,1480,ShamAY0037387,172,815,1580,611,62
1064,241,959,Rafed0001713Vols,2576,912,1374,230,32
1064,935,1341,Rafed0001713Vols,2577,980,1384,325,98
1064,1285,1612,Rafed0001713Vols,2579,302,668,258,86
1064,791,1184,Tafsir04042,2138,659,1615,252,30
1064,1216,1568,Tafsir04042,2139,348,1628,266,25
1064,1112,1453,Tafsir04056,6903,0,1594,255,19
1064,976,1487,Shamela0009065,435,486,1124,134,24
1064,603,1258,Shamela0000041,2462,1147,1441,221,42
1064,1039,1285,Shamela0000041,2463,813,1143,201,74
1064,1285,1603,Shamela0000041,2464,909,1185,218,83
1064,899,1586,Shamela0023578,3028,584,1281,551,97
1064,1216,1364,Shamela0023578,3030,549,1179,117,22
1065,1439,1563,JK000330,1087,716,1087,101,33
1065,1439,1563,Shia001432Vols,2519,1239,1364,101,99
1065,329,962,Shamela0023632,3390,532,844,241,46
1065,967,1563,Shamela0023632,3392,504,796,227,46
1065,152,856,Shamela0095562,13,27,1516,369,28
1065,298,1563,JK009268,4285,935,1538,473,45
1065,647,1463,Sham19Y0023618,1670,0,385,303,45
1065,738,1506,Shamela0023628,3304,204,586,294,47
1065,1240,1563,Shamela0023628,3305,24,535,169,36
1065,950,1506,Rafed0003257Vols,4950,490,736,189,41
1065,55,792,Sham19Y0020891,6139,129,629,238,32
1065,1301,1563,JK009270,5072,462,685,144,57
1065,298,756,Meshkat00042485,6409,1135,1625,239,49
1065,1439,1563,Sham19Y0147312,1896,253,378,101,99
1065,1439,1563,JK000791,2236,687,812,101,99
1065,329,738,Tafsir02011,1665,123,563,185,40
1065,1439,1563,JK009396,1543,679,804,101,99
1065,579,880,Meshkat00042488,1678,0,501,181,40
1065,1240,1550,Meshkat00042488,1679,11,825,168,23
1065,152,730,ShamIbadiyya0000075,885,221,1119,299,36
1065,1439,1563,Shamela0004473,4251,631,756,101,99
1065,756,1337,Shia002356Vols,1200,848,1620,282,39
1065,8,429,Shia002380Vols,765,1093,1557,219,47
1065,460,1563,Shia002380Vols,766,17,1298,537,41
1065,55,298,JK001496,2286,678,1016,81,24
1065,1240,1563,Shamela0008473,4562,61,305,168,61
1065,8,658,Shia002382Vols,1740,836,1586,296,39
1065,658,1370,Shia002382Vols,1741,0,914,392,45
1065,298,1054,Shia002382Vols,2320,897,1572,350,46
1065,821,1563,Shia002382Vols,2321,3,835,382,45
1065,329,1563,Shamela0023591,6371,602,1206,466,46
1065,950,1563,Shamela0023591,6387,695,999,235,47
1065,1439,1563,JK009266,8560,23,149,101,98
1065,821,1563,Shamela0021821,1794,140,958,303,37
1065,329,1563,JK009362,8097,13,622,466,46
1065,329,1013,Rafed0003943Vols,1507,1321,1659,262,46
1065,1019,1563,Rafed0003943Vols,1508,0,265,205,46
1065,298,1370,Tafsir01006,1419,256,1601,593,46
1065,298,738,Sham19Y0014404,1461,1135,1593,188,37
1065,647,1506,Sham19Y0014404,1462,7,1596,359,24
1065,1187,1563,Meshkat00057178,3466,29,1170,203,21
1065,298,1563,QuranAnalysis001,230,520,1123,473,45
1065,329,1054,ShamAY0037387,172,1207,1574,283,47
1065,1187,1563,ShamAY0037387,173,7,235,180,58
1065,756,1370,Rafed0001713Vols,2579,603,1543,395,48
1065,1439,1563,Rafed0001713Vols,2580,235,617,101,32
1065,638,1054,Tafsir04042,2139,348,1268,256,32
1065,756,962,Shamela0000041,2464,1129,1554,134,37
1065,967,1563,Shamela0000041,2465,18,845,289,37
1065,329,1563,Shamela0023578,3028,802,1406,466,46
1065,892,1355,JK000876,1493,286,1065,233,32
1066,0,269,Shia001432Vols,2519,1364,1484,91,42
1066,11,296,Shamela0023632,3393,1277,1561,229,99
1066,71,320,JK009268,4286,0,249,198,100
1066,140,320,Sham19Y0023618,1672,1244,1424,143,100
1066,150,344,Rafed0003257Vols,4952,0,191,143,92
1066,140,320,JK009270,5076,153,333,143,100
1066,71,320,Meshkat0014420,4400,139,388,198,100
1066,0,589,JK006476,1783,59,727,154,20
1066,1058,1421,Meshkat00042485,6418,22,318,194,64
1066,0,194,Sham19Y0147312,1896,378,895,157,37
1066,71,320,JK000791,2237,491,740,198,100
1066,71,320,JK009396,1544,207,456,198,100
1066,71,338,Sham19Y0023608,3826,653,922,198,92
1066,971,1421,ShamIbadiyya0000075,887,0,741,230,36
1066,0,338,Shamela0004473,4251,756,1107,265,94
1066,0,320,Shia002356Vols,1201,597,915,254,98
1066,320,891,Shia002380Vols,766,1072,1635,256,45
1066,891,1415,Shia002380Vols,767,0,707,236,33
1066,71,314,Zaydiyya0000328,222,762,1004,191,99
1066,30,320,Shamela0008473,4563,377,732,228,79
1066,933,1536,Shia002382Vols,1742,953,1395,207,39
1066,700,1038,Shia002382Vols,1742,28,556,153,31
1066,46,194,JK009265,362,0,148,119,100
1066,0,320,Shamela0023591,6371,1206,1526,257,100
1066,0,320,Shamela0023591,6387,999,1319,257,100
1066,166,320,JK009266,8566,0,154,123,100
1066,71,320,Shamela0021821,1795,490,739,198,100
1066,0,320,JK009362,8097,622,942,257,100
1066,140,320,JK001110,62,1205,1385,143,100
1066,554,1536,Tafsir08060,495,4,808,436,48
1066,140,320,Shamela0010273,3198,1134,1314,143,100
1066,1038,1520,Tafsir01006,1421,56,531,241,50
1066,11,283,Meshkat00057178,3468,868,1511,128,22
1066,0,320,QuranAnalysis001,230,1123,1443,257,100
1066,724,1379,Tafsir08090,1573,312,1058,227,30
1066,0,320,ShamAY0037387,173,235,555,257,100
1066,71,320,Rafed0001713Vols,2581,345,594,198,100
1066,1038,1156,Rafed0001713Vols,2581,1399,1518,60,57
1066,1174,1520,Rafed0001713Vols,2582,63,500,205,52
1066,803,989,Shamela0000041,2466,1353,1530,101,68
1066,787,964,Shamela0023578,3032,962,1214,94,47
1066,162,320,Shamela0023578,3033,217,375,126,100
1067,236,527,Shamela0023632,3396,1103,1394,244,100
1067,527,653,Shamela0023632,3400,946,1072,103,100
1067,653,836,Shamela0023632,3401,1173,1354,147,96
1067,207,836,JK009268,4298,889,1518,504,93
1067,321,527,Sham19Y0023618,1675,25,231,173,100
1067,504,718,Sham19Y0023618,1676,401,676,176,77
1067,245,527,Hindawi085804642,113,128,412,228,95
1067,62,301,Shamela0023628,3311,84,513,142,39
1067,294,480,Shamela0023628,3312,21,213,155,95
1067,582,829,Shamela0023628,3314,895,1141,205,99
1067,236,527,Rafed0003257Vols,4955,360,658,243,97
1067,450,836,Rafed0003257Vols,4959,0,666,310,56
1067,91,527,Sham19Y0020891,6148,79,492,286,73
1067,605,768,Sham19Y0020891,6155,211,462,136,64
1067,245,455,JK009270,5081,67,282,168,90
1067,450,673,JK009270,5087,641,864,184,100
1067,673,836,JK009270,5094,782,944,131,96
1067,236,531,Meshkat0014420,4406,163,465,241,94
1067,527,836,Meshkat0014420,4410,189,496,250,97
1067,582,836,JK000865,714,547,1082,163,35
1067,167,847,ShamAY0036821,1754,727,1403,469,73
1067,252,527,Shia001171,18,472,747,229,99
1067,236,430,Sham19Y0147312,1899,270,464,163,100
1067,504,736,Sham19Y0147312,1900,1357,1626,191,85
1067,236,527,JK000791,2239,1080,1371,244,100
1067,527,836,JK000791,2242,690,998,255,99
1067,67,277,Shamela0021766,4225,530,911,127,37
1067,608,836,Tafsir07076,3291,0,227,186,97
1067,259,430,Tafsir07076,4490,795,1086,144,58
1067,252,430,Tafsir07076,5316,367,545,148,98
1067,605,836,Tafsir07076,5784,913,1144,193,100
1067,527,836,Tafsir07076,8777,592,901,256,100
1067,259,430,ShamIbadiyya0000100,6,1466,1637,144,100
1067,236,527,JK009396,1545,442,752,244,93
1067,527,829,JK009396,1548,635,936,249,99
1067,236,527,Sham19Y0023608,3830,987,1278,244,100
1067,527,829,Sham19Y0023608,3834,1000,1301,249,99
1067,504,768,Meshkat00042488,1683,617,1498,164,22
1067,0,422,Shia002356Vols,1202,898,1545,224,35
1067,495,836,Shia002356Vols,1204,887,1306,269,76
1067,556,750,Shia002380Vols,768,1020,1490,146,37
1067,167,527,JK001496,2290,191,536,259,84
1067,605,768,JK001496,2293,80,360,136,58
1067,236,527,Shamela0008473,4569,1173,1464,244,100
1067,504,829,Shamela0008473,4572,1235,1560,268,99
1067,567,750,Shia002382Vols,1745,254,1025,139,21
1067,236,836,Shamela0023591,6392,221,819,494,98
1067,259,673,Shamela0023591,6394,1250,1663,345,99
1067,673,836,Shamela0023591,6395,0,161,130,95
1067,167,527,JK009266,8573,32,457,273,77
1067,621,829,JK009266,8588,0,208,174,100
1067,245,527,Shamela0021821,1798,0,283,237,99
1067,527,836,Shamela0021821,1799,1216,1524,255,99
1067,259,836,JK009362,8146,582,1196,475,92
1067,259,437,JK001110,62,1427,1604,150,99
1067,437,836,JK001110,63,0,397,325,98
1067,236,382,Zaydiyya0000371,36,1239,1385,122,100
1067,361,836,JK001420,748,86,991,247,32
1067,430,605,Rafed0003943Vols,1512,929,1104,144,100
1067,342,495,Shamela0007798,8667,1039,1552,97,21
1067,495,745,EScr20112411,74,803,1053,204,98
1067,404,836,QuranAnalysis001,231,0,430,353,98
1067,236,527,Rafed0001713Vols,2583,318,609,244,100
1067,527,665,Rafed0001713Vols,2585,1453,1591,106,94
1067,567,829,Rafed0001713Vols,2586,404,905,212,51
1067,504,768,Tafsir04042,2145,92,1299,211,21
1067,270,504,Zaydiyya0000476,501,861,1477,154,30
1067,270,695,Zaydiyya0000476,548,550,1482,191,21
1067,259,430,Tafsir07057,4544,470,641,144,100
1067,294,480,Shamela0000041,2469,669,854,155,98
1067,695,822,Shamela0000041,2471,1502,1628,105,97
1067,504,718,Shamela0000041,2471,508,768,176,82
1067,236,382,Shamela0023578,3038,1387,1532,122,99
1067,382,847,Shamela0023578,3039,0,163,137,35
1067,527,836,Shamela0023578,3042,765,1072,250,97
1068,1104,1465,Shamela0023632,3401,1215,1420,161,54
1068,1465,1688,Shamela0023632,3404,803,1027,181,99
1068,499,1500,JK009268,4298,1188,1618,333,40
1068,1500,1688,JK009268,4299,0,190,154,98
1068,1393,1688,Sham19Y0023618,1678,402,946,237,53
1068,550,1465,Shamela0023628,3314,640,1164,237,26
1068,879,1555,Shamela0023628,3315,0,1241,332,30
1068,531,1533,Rafed0003257Vols,4959,344,800,347,42
1068,1533,1688,Rafed0003257Vols,4963,327,483,128,99
1068,623,1159,Sham19Y0020891,6155,132,444,126,23
1068,1104,1409,JK009270,5094,804,954,119,47
1068,1409,1688,JK009270,5098,422,701,227,98
1068,546,1533,Meshkat0014420,4410,189,630,343,42
1068,1270,1423,Meshkat0014420,4413,643,838,104,61
1068,1533,1688,Meshkat0014420,4415,788,943,128,98
1068,1104,1493,JK000865,714,795,1410,208,34
1068,59,452,Meshkat00042485,6426,669,1177,168,35
1068,869,1212,Meshkat00042485,6431,993,1213,139,45
1068,510,1145,Sham19Y0147312,1900,1357,1626,184,33
1068,1138,1565,Sham19Y0147312,1901,1065,1563,227,47
1068,546,1393,JK000791,2242,690,991,234,33
1068,1329,1533,JK000791,2245,281,471,131,79
1068,684,1533,Tafsir07076,3291,0,348,254,36
1068,1533,1688,Tafsir07076,3618,376,530,127,98
1068,681,1533,Tafsir07076,5784,913,1323,177,20
1068,546,1533,Tafsir07076,8777,592,1047,262,29
1068,531,1393,JK009396,1548,624,936,239,33
1068,1393,1533,JK009396,1551,668,808,112,100
1068,1533,1688,JK009396,1552,179,336,128,98
1068,546,1393,Sham19Y0023608,3834,1000,1301,234,33
1068,1393,1533,Sham19Y0023608,3837,776,916,111,99
1068,1533,1683,Sham19Y0023608,3839,1415,1564,123,99
1068,1104,1533,Meshkat00042488,1684,180,1206,220,24
1068,1104,1533,Shia002356Vols,1204,1165,1439,212,60
1068,27,1171,Shia002380Vols,768,330,1502,416,29
1068,1270,1673,Shia002380Vols,769,43,1139,313,35
1068,603,914,Tafsir02102,3752,952,1580,182,33
1068,510,1393,Shamela0008473,4572,1235,1560,250,34
1068,1293,1533,Shamela0008473,4575,566,810,145,67
1068,1533,1688,Shamela0008473,4577,921,1077,127,98
1068,699,1195,Shia002382Vols,1745,768,1068,190,43
1068,1270,1447,Shia002382Vols,1746,14,271,134,62
1068,1270,1510,Shia002382Vols,2326,1292,1614,178,68
1068,546,898,Tafsir05047,895,931,1379,172,39
1068,499,1688,Shamela0023591,6392,489,1109,486,50
1068,1104,1533,Shamela0023591,6395,22,295,214,61
1068,1533,1688,Shamela0023591,6405,327,483,128,99
1068,717,1393,JK009266,8588,0,208,160,28
1068,1338,1688,JK009266,8595,448,798,251,86
1068,546,1393,Shamela0021821,1799,1216,1517,234,33
1068,1329,1533,Shamela0021821,1800,1268,1438,131,80
1068,1533,1688,Shamela0021821,1801,1255,1411,127,98
1068,1104,1364,Tafsir10066,1845,1258,1603,117,41
1068,1104,1688,JK009362,8146,1041,1514,344,66
1068,499,1442,JK001110,63,67,440,286,37
1068,1127,1555,JK001420,748,842,1430,165,29
1068,1465,1688,Rafed0003943Vols,1516,455,679,181,99
1068,1270,1533,Shamela0007798,8683,1057,1373,157,56
1068,1370,1688,Shamela0007798,8685,1049,1410,127,29
1068,706,1212,Tafsir01006,1423,660,1255,217,34
1068,1104,1353,Sham19Y0014404,1467,44,581,118,25
1068,499,1154,EScr20112411,74,812,1053,190,35
1068,499,1688,QuranAnalysis001,231,100,720,487,50
1068,603,1270,Rafed0001713Vols,2586,234,1493,331,27
1068,1270,1533,Rafed0001713Vols,2587,1070,1340,145,65
1068,1533,1688,Rafed0001713Vols,2590,17,173,128,99
1068,1293,1555,Tafsir04042,2146,98,1140,193,22
1068,1533,1688,Shamela0095735,829,1023,1179,128,99
1068,1174,1510,Shamela0000041,2472,569,1249,203,34
1068,1493,1688,Shamela0000041,2473,1147,1361,153,87
1068,546,1533,Shamela0023578,3042,765,1206,342,42
1068,1127,1405,Shamela0023578,3044,932,1371,93,18
1068,1510,1688,Shamela0023578,3047,1103,1308,147,86
1069,0,259,Shia001432Vols,1832,251,510,213,99
1069,707,893,Shia001432Vols,26773,201,387,88,49
1069,692,1398,Shamela0023632,3404,809,1011,157,27
1069,72,340,Shamela0023632,3407,795,1063,220,99
1069,65,317,Tafsir03097,1565,604,1548,206,26
1069,37,346,Shamela0095562,20,624,1511,239,32
1069,0,346,JK009268,4299,190,535,283,99
1069,687,1398,Sham19Y0023618,1678,718,930,161,27
1069,72,340,Sham19Y0023618,1679,1315,1582,220,98
1069,49,259,Shamela0023628,3318,1172,1382,173,99
1069,139,346,Shamela0023628,3319,1058,1492,154,42
1069,49,731,Rafed0003257Vols,4959,414,777,177,30
1069,0,346,Rafed0003257Vols,4963,483,828,282,98
1069,7,359,JK009270,5103,17,375,279,94
1069,49,731,Meshkat0014420,4410,244,607,116,16
1069,0,340,Meshkat0014420,4415,943,1283,280,99
1069,139,322,Meshkat0014420,4419,385,840,132,35
1069,0,333,JK000865,715,388,1382,243,29
1069,714,898,Meshkat00042485,6434,771,961,90,49
1069,1050,1427,Meshkat00042485,6438,519,944,220,55
1069,317,931,Sham19Y0147312,1901,1369,1542,133,27
1069,0,190,Sham19Y0147312,1903,500,690,155,100
1069,37,340,JK000791,2247,963,1265,236,94
1069,861,1138,Shamela0021766,4233,709,1286,132,28
1069,735,994,JK007018,773,1089,1601,123,27
1069,72,340,JK009396,1553,339,607,221,99
1069,72,340,Sham19Y0023608,3841,1167,1435,220,99
1069,317,921,Meshkat00042488,1684,770,1548,192,25
1069,898,1450,Meshkat00042488,1685,52,918,192,23
1069,109,291,Meshkat00042488,1686,666,1516,146,20
1069,692,903,Rafed0003726Vols,1415,779,1326,124,29
1069,0,369,Shia002356Vols,1206,37,419,287,91
1069,132,340,Shamela0001038,419,362,612,168,81
1069,714,1420,Shia002380Vols,769,714,1162,238,38
1069,109,346,Shia002380Vols,770,31,565,180,41
1069,735,903,JK001496,2294,698,1052,104,37
1069,37,340,Shamela0008473,4579,489,792,250,99
1069,735,1155,Shia002382Vols,1746,1057,1329,152,40
1069,1218,1427,Shia002382Vols,1747,102,353,142,64
1069,109,317,Shia002382Vols,1748,66,1087,165,19
1069,735,1155,Shia002382Vols,2327,971,1243,152,40
1069,1218,1427,Shia002382Vols,2328,48,369,142,52
1069,167,317,Shia002382Vols,2329,869,1453,123,25
1069,754,898,ShamIbadiyya0000050,5700,21,213,88,57
1069,0,346,Shamela0023591,6392,1109,1454,282,98
1069,167,731,Shamela0023591,6395,22,272,127,25
1069,0,346,Shamela0023591,6405,483,828,282,98
1069,0,352,JK009266,8595,798,1161,289,96
1069,7,177,Tafsir10098,1544,12,673,129,24
1069,754,1159,JK000458,3213,647,927,128,35
1069,714,1398,Shamela0021821,1801,808,1395,169,21
1069,7,340,Shamela0021821,1803,10,468,256,68
1069,692,808,Shia002389Vols,2864,294,658,89,31
1069,65,346,JK009362,8147,0,310,230,89
1069,754,898,Shia001174Vols,1178,1367,1471,78,66
1069,317,731,JK001420,748,962,1328,98,21
1069,0,340,Rafed0003943Vols,1516,679,1019,279,99
1069,754,898,Shamela0010273,3210,36,151,76,64
1069,714,1342,Tafsir01006,1424,832,1586,277,35
1069,714,898,Tafsir04003,3741,1153,1510,93,28
1069,132,340,JK009353,11,34,284,168,81
1069,0,132,Meshkat00057178,3480,369,978,109,21
1069,155,340,Meshkat00057178,3481,784,1322,148,32
1069,0,346,QuranAnalysis001,231,720,1065,283,99
1069,37,340,Rafed0001713Vols,2591,1169,1559,249,77
1069,0,190,Shamela0095735,829,1179,1378,155,95
1069,317,903,Shamela0000041,2472,1010,1597,139,19
1069,49,190,Shamela0000041,2475,903,1044,115,100
1069,49,731,Shamela0023578,3042,820,1183,112,16
1069,0,132,Shamela0023578,3047,1308,1440,109,100
1069,132,346,Shamela0023578,3050,1367,1580,173,98
1070,821,1363,Shamela0023632,3407,832,1037,157,35
1070,600,1522,Shamela0095562,20,690,1524,306,30
1070,821,1597,JK009268,4299,299,624,256,39
1070,821,1363,Sham19Y0023618,1679,1352,1557,157,35
1070,1107,1551,Shamela0023628,3319,1084,1534,212,43
1070,736,924,Shamela0023628,3319,240,588,109,38
1070,821,1597,Rafed0003257Vols,4963,592,917,254,39
1070,821,1363,JK009270,5103,119,324,159,35
1070,821,1363,Meshkat0014420,4415,1052,1257,159,35
1070,1113,1363,Meshkat0014420,4419,427,832,149,43
1070,610,1579,JK000865,715,589,1626,341,28
1070,1004,1522,Meshkat00042485,6443,876,1292,204,43
1070,814,1597,Sham19Y0147312,1904,670,1098,268,40
1070,821,1363,JK000791,2247,1034,1239,159,35
1070,1210,1551,Zaydiyya0000295Vols,488,121,768,173,32
1070,821,1363,JK009396,1553,376,581,159,35
1070,835,1363,Sham19Y0023608,3841,1204,1409,157,36
1070,1192,1504,Sham19Y0023608,3843,823,1639,157,20
1070,835,1363,Meshkat00042488,1686,666,1458,188,23
1070,1113,1363,Shamela0001038,419,439,586,123,58
1070,814,1597,Shia002380Vols,770,24,979,307,30
1070,279,1363,Shamela0008473,4579,289,766,283,30
1070,1481,1597,Shamela0008473,4582,608,725,96,99
1070,821,1533,Shia002382Vols,1748,52,1276,264,22
1070,1113,1399,Shia002382Vols,2329,869,1475,140,26
1070,1481,1597,Shia002382Vols,2330,268,935,92,16
1070,821,1597,Shamela0023591,6392,1218,1543,254,39
1070,821,1597,Shamela0023591,6405,592,917,254,39
1070,821,1363,JK009266,8595,907,1112,159,35
1070,821,1363,Shamela0021821,1803,237,442,159,35
1070,1123,1597,JK009362,8147,126,413,206,49
1070,821,1363,Rafed0003943Vols,1516,788,993,157,35
1070,610,1363,Tafsir06048,1147,0,642,229,27
1070,1113,1363,JK009353,11,111,258,123,58
1070,1481,1597,Sham19Y0014404,1470,48,409,96,32
1070,1113,1363,Meshkat00057178,3481,799,1296,124,24
1070,821,1597,QuranAnalysis001,231,829,1154,256,39
1070,433,1363,Rafed0001713Vols,2591,1181,1533,246,31
1070,1259,1597,Tafsir04042,2149,325,1182,170,21
1070,1113,1573,Shamela0023578,3050,1402,1643,196,51
1070,858,1363,Shamela0023578,3051,779,1279,171,32
1070,821,1551,JK000876,1501,657,1586,251,26
1071,0,516,Shia001432Vols,2174,1096,1611,425,99
1071,516,667,Shia001432Vols,2175,0,151,123,100
1071,0,219,Shamela0023632,3409,342,561,179,100
1071,219,477,Shamela0023632,3411,57,315,215,100
1071,477,700,Shamela0023632,3412,443,666,182,100
1071,150,589,Shamela0000894,1144,1211,1433,171,47
1071,7,196,Tafsir03097,1566,914,1549,120,23
1071,252,681,Shamela0095562,22,0,1422,322,27
1071,0,700,JK009268,4299,624,1324,576,100
1071,0,219,Sham19Y0023618,1680,1135,1354,179,100
1071,316,700,Sham19Y0023618,1682,672,1056,316,100
1071,0,150,Shamela0023628,3321,429,579,123,100
1071,127,265,Shamela0023628,3322,569,707,114,100
1071,293,667,Shamela0023628,3325,126,789,278,50
1071,0,700,Rafed0003257Vols,4963,917,1617,576,100
1071,1312,1566,Tafsir09084,2369,645,964,143,52
1071,0,150,Sham19Y0020891,6165,70,220,123,100
1071,150,316,Sham19Y0020891,6166,1021,1187,137,100
1071,265,477,Sham19Y0020891,6167,480,788,162,63
1071,477,700,Sham19Y0020891,6168,122,345,182,100
1071,0,219,JK009270,5107,1027,1246,179,100
1071,219,388,JK009270,5111,481,650,141,100
1071,225,709,JK009270,5113,791,1325,304,65
1071,0,316,Meshkat0014420,4420,89,405,260,100
1071,316,585,Meshkat0014420,4423,1335,1603,222,99
1071,132,612,JK000865,716,488,1417,202,21
1071,873,1231,Meshkat00042485,6446,514,979,206,48
1071,242,365,Meshkat00042485,6449,25,259,97,50
1071,375,594,Meshkat00042485,6450,437,1044,161,32
1071,0,150,Sham19Y0147312,1904,1098,1248,123,100
1071,150,316,Sham19Y0147312,1905,1389,1554,137,99
1071,477,700,Sham19Y0147312,1906,741,964,182,100
1071,316,477,Sham19Y0147312,1906,0,161,134,100
1071,7,349,Zaydiyya0000062,1945,467,1022,268,57
1071,316,705,JK000791,2251,1021,1412,319,99
1071,219,356,Zaydiyya0000295Vols,491,997,1558,113,24
1071,477,667,Zaydiyya0000295Vols,493,114,1025,155,20
1071,77,316,JK009396,1555,677,916,197,100
1071,265,705,JK009396,1556,567,1024,335,88
1071,0,316,Sham19Y0023608,3844,141,457,260,100
1071,110,316,Sham19Y0023608,3846,491,1201,161,27
1071,316,700,Sham19Y0023608,3847,84,468,316,100
1071,388,667,Sham19Y0023608,3848,315,1532,222,22
1071,0,233,Meshkat00042488,1687,1079,1582,191,46
1071,192,561,Meshkat00042488,1688,640,1580,285,35
1071,356,700,Meshkat00042488,1689,19,1076,240,27
1071,0,754,Shia002356Vols,1207,615,1370,605,95
1071,0,293,Shia002380Vols,770,979,1541,231,50
1071,388,543,Shia002380Vols,771,963,1529,120,25
1071,538,744,Shia002380Vols,772,219,613,137,43
1071,150,316,JK001496,2298,1141,1310,137,98
1071,477,700,JK001496,2299,1025,1252,182,98
1071,0,168,Tafsir02102,3760,714,1053,138,49
1071,192,700,Tafsir02102,3761,66,1577,390,31
1071,77,316,Shamela0008473,4585,132,371,197,100
1071,316,700,Shamela0008473,4588,460,844,316,100
1071,327,1613,Shia002382Vols,1749,112,854,321,25
1071,333,498,Shia002382Vols,1750,876,1463,127,26
1071,516,628,Shia002382Vols,1751,1262,1374,91,100
1071,0,1561,Shia002382Vols,2330,127,1513,451,24
1071,0,681,JK009265,445,883,1563,560,99
1071,77,705,JK009265,482,1063,1558,381,73
1071,0,137,Shamela0023591,6392,1543,1679,112,99
1071,137,700,Shamela0023591,6393,0,563,464,100
1071,110,700,Shamela0023591,6411,401,991,486,100
1071,0,316,JK009266,8608,483,799,260,100
1071,316,700,JK009266,8618,459,843,316,100
1071,77,316,Shamela0021821,1805,903,1142,197,100
1071,316,705,Shamela0021821,1807,39,430,319,99
1071,0,700,JK009362,8147,413,1211,576,87
1071,77,538,JK001420,749,840,1477,162,23
1071,0,265,Rafed0003943Vols,1517,1087,1352,218,100
1071,265,667,Rafed0003943Vols,1518,251,1451,331,33
1071,1031,1254,Shamela0010273,3216,0,255,127,57
1071,333,628,Shamela0010273,3219,240,1645,224,19
1071,0,150,Shamela0007798,8699,842,1249,123,36
1071,644,1304,Tafsir01006,1426,88,1167,308,31
1071,150,538,Shamela0012293,4908,698,872,130,40
1071,0,219,Sham19Y0014404,1470,409,1267,179,25
1071,196,516,Sham19Y0014404,1471,107,1544,168,13
1071,493,700,Sham19Y0014404,1472,29,1044,169,20
1071,0,543,QuranAnalysis001,231,1154,1696,448,99
1071,543,700,QuranAnalysis001,232,0,157,128,100
1071,0,705,SyriacStudies00001,9,713,1419,579,99
1071,0,761,Rafed0001713Vols,2593,750,1125,307,49
1071,873,1566,Rafed0001713Vols,2594,114,1452,418,37
1071,196,705,Rafed0001713Vols,2595,94,1070,409,50
1071,538,681,Rafed0001713Vols,2597,294,765,112,29
1071,365,628,Tafsir04042,2151,7,1341,196,18
1071,77,516,Hindawi037926480,94,689,1140,363,97
1071,7,201,Shamela0000041,2478,1176,1521,154,54
1071,454,667,Shamela0000041,2482,1142,1355,174,100
1071,0,431,Shamela0023578,3051,25,456,356,100
1071,333,623,Shamela0023578,3056,827,1657,234,34
1072,10,690,Shia001432Vols,2174,1329,1611,209,37
1072,10,477,Shamela0023632,3411,71,292,164,42
1072,656,1359,Shamela0023632,3412,454,647,149,26
1072,46,1359,Shamela0095562,22,0,1422,503,33
1072,10,1359,JK009268,4299,857,1305,337,30
1072,59,1359,Sham19Y0023618,1682,468,1037,308,26
1072,216,1077,Shamela0023628,3325,114,754,291,32
1072,582,717,Shamela0023628,3326,86,308,80,39
1072,10,1359,Rafed0003257Vols,4963,1150,1598,337,30
1072,656,1359,Sham19Y0020891,6168,133,326,149,26
1072,10,257,JK009270,5111,472,627,104,50
1072,375,1450,JK009270,5113,984,1325,247,28
1072,192,988,Meshkat0014420,4423,1335,1603,193,29
1072,225,1116,Meshkat0014420,4425,0,1457,332,23
1072,0,598,JK000865,716,766,1536,281,40
1072,36,352,Meshkat00042485,6449,25,441,192,52
1072,352,997,Meshkat00042485,6450,427,1044,279,41
1072,992,1403,Meshkat00042485,6451,949,1302,164,42
1072,656,1359,Sham19Y0147312,1906,752,945,149,26
1072,0,755,Tafsir02067,976,532,1260,278,33
1072,192,1359,JK000791,2251,1021,1386,267,28
1072,36,192,Shamela0021766,4245,648,1108,92,23
1072,192,477,Shamela0021766,4246,359,872,156,33
1072,1128,1635,Shamela0021766,4250,752,1296,134,21
1072,149,1359,JK009396,1556,619,1001,286,29
1072,62,1359,Sham19Y0023608,3847,0,449,304,28
1072,341,1015,Meshkat00042488,1689,16,624,245,33
1072,36,1413,ShamIbadiyya0000075,892,339,1706,539,35
1072,375,702,Shia002380Vols,771,963,1515,185,36
1072,941,1635,Shia002380Vols,772,219,661,229,36
1072,941,1359,JK001496,2299,1087,1233,113,33
1072,36,997,Tafsir02102,3761,168,1204,402,40
1072,192,1359,Shamela0008473,4588,460,825,267,28
1072,1345,1585,Shamela0008473,4592,650,1095,137,33
1072,149,616,Shia002382Vols,1750,797,1455,232,37
1072,1200,1442,Shia002382Vols,1752,0,230,99,45
1072,149,616,Shia002382Vols,2332,242,998,228,32
1072,941,1406,Shia002382Vols,2333,978,1521,185,33
1072,667,1077,Shia002382Vols,2333,71,309,130,36
1072,10,1359,JK009265,445,1116,1563,337,30
1072,352,1359,JK009265,482,1113,1531,157,16
1072,10,1359,Shamela0023591,6393,96,544,337,30
1072,10,1359,Shamela0023591,6411,524,972,337,30
1072,192,1359,JK009266,8618,459,824,267,28
1072,192,1359,Shamela0021821,1807,39,404,267,28
1072,10,1359,JK009362,8147,674,1192,337,29
1072,59,690,Rafed0003943Vols,1518,251,502,185,36
1072,225,1015,Shamela0010273,3219,240,1613,357,28
1072,67,1403,Tafsir01006,1427,8,1428,575,38
1072,19,690,Sham19Y0014404,1471,416,1544,327,31
1072,667,1442,Sham19Y0014404,1472,29,1132,285,27
1072,10,702,QuranAnalysis001,231,1387,1682,219,38
1072,946,1359,QuranAnalysis001,232,0,138,109,32
1072,10,694,SyriacStudies00001,9,946,1233,212,38
1072,36,1359,Rafed0001713Vols,2595,360,1047,353,28
1072,431,746,Rafed0001713Vols,2596,177,1019,190,26
1072,941,1635,Rafed0001713Vols,2597,294,928,246,34
1072,126,280,Tafsir04042,2150,1023,1527,85,20
1072,352,1216,Tafsir04042,2151,7,1565,320,22
1072,10,690,Hindawi037926480,94,851,1140,211,37
1072,582,1077,Shamela0000041,2482,1142,1320,136,34
1072,131,403,Shamela0000041,2482,0,255,120,41
1072,10,454,Shamela0023578,3051,258,456,145,40
1072,216,1015,Shamela0023578,3056,815,1647,274,27
1073,40,255,JK000330,930,954,1169,180,100
1073,339,682,Shamela0009693,196,179,361,149,53
1073,221,743,Shia001432Vols,2175,165,689,432,99
1073,138,306,Shia001432Vols,21597,334,503,138,97
1073,138,310,Shia001432Vols,21621,1206,1378,140,97
1073,17,277,Shamela0023632,3414,830,1098,210,94
1073,270,561,Shamela0023632,3417,1137,1428,239,100
1073,575,743,Shamela0023632,3421,0,168,139,100
1073,40,743,JK009268,4311,17,720,582,100
1073,17,157,Sham19Y0023618,1684,277,417,115,100
1073,270,540,Sham19Y0023618,1685,1044,1314,222,100
1073,540,743,Sham19Y0023618,1687,318,521,168,100
1073,17,189,Shamela0023628,3327,1309,1481,142,100
1073,339,487,Shamela0023628,3330,132,280,122,100
1073,487,636,Shamela0023628,3331,1164,1313,121,100
1073,17,561,Rafed0003257Vols,4969,144,695,448,98
1073,555,682,Rafed0003257Vols,4972,1572,1699,102,96
1073,339,509,Masaha001978Vols,439,959,1129,140,100
1073,339,509,Masaha001978Vols,511,1288,1458,140,100
1073,17,221,Sham19Y0020891,6169,1191,1395,133,80
1073,213,561,Sham19Y0020891,6174,1290,1637,284,98
1073,509,743,Sham19Y0020891,6181,1031,1336,175,66
1073,221,743,JK000030,251,465,987,432,100
1073,40,302,JK009270,5118,916,1178,218,100
1073,274,424,JK009270,5122,1416,1627,118,67
1073,487,682,JK009270,5125,6,201,159,100
1073,1211,1470,Shamela0000140,1291,228,486,181,83
1073,17,270,Meshkat0014420,4426,1223,1487,211,95
1073,270,561,Meshkat0014420,4429,1225,1516,239,100
1073,561,743,Meshkat0014420,4433,684,866,151,100
1073,1007,1430,Meshkat00042485,6455,770,1253,150,26
1073,138,302,JK000343,570,770,934,138,100
1073,17,221,Sham19Y0147312,1907,1035,1239,169,100
1073,189,509,Sham19Y0147312,1909,253,599,266,92
1073,509,743,Sham19Y0147312,1910,739,973,193,100
1073,561,760,Sham19Y0014592,655,486,730,153,75
1073,339,670,Shamela0007292,167,731,1059,261,96
1073,17,270,JK000791,2255,333,586,211,100
1073,240,561,JK000791,2257,865,1226,253,85
1073,561,743,JK000791,2260,868,1050,151,100
1073,87,302,Shamela0022712,38,443,658,179,100
1073,568,743,Shamela0022712,47,188,416,143,75
1073,87,302,Shamela0022712,365,341,556,179,100
1073,568,743,Shamela0022712,366,336,564,143,75
1073,302,636,Hindawi095926405Vols,717,1084,1388,106,28
1073,17,175,JK009396,1558,1464,1651,127,81
1073,270,561,JK009396,1561,457,748,239,100
1073,561,743,JK009396,1563,997,1179,151,100
1073,17,270,Sham19Y0023608,3849,861,1114,209,99
1073,270,561,Sham19Y0023608,3852,14,305,239,100
1073,568,743,Sham19Y0023608,3854,359,534,145,100
1073,561,682,Sham19Y0023608,4273,1255,1376,99,100
1073,40,274,Sham19Y0016953Vols,1477,1037,1271,193,99
1073,40,157,JK000381,972,150,267,96,100
1073,40,302,JK000381,3416,1013,1275,218,100
1073,302,509,Shia004039,43,1469,1628,119,70
1073,17,221,Meshkat00042488,1690,128,840,166,28
1073,461,682,Meshkat00042488,1692,84,873,176,27
1073,339,487,Shamela0023788,336,1070,1218,122,100
1073,21,240,Shamela0004473,8010,457,986,129,26
1073,40,306,Zaydiyya0000367,195,1034,1300,219,99
1073,17,258,Shia002356Vols,1209,1361,1593,188,94
1073,339,743,Shia002356Vols,1211,951,1345,322,97
1073,255,496,Hindawi019272704,123,1417,1657,198,99
1073,561,682,AOCP20251104096,38,174,297,98,96
1073,138,743,JK007043,155,555,911,181,29
1073,17,270,Shia002380Vols,772,667,1186,211,48
1073,285,615,Shia002380Vols,773,199,962,271,43
1073,339,509,JK000179,2904,1050,1220,140,100
1073,17,157,JK001496,2300,661,804,115,97
1073,221,561,JK001496,2302,612,955,281,99
1073,339,743,JK001496,2304,674,1201,210,42
1073,17,277,Zaydiyya0000328,576,1126,1376,200,91
1073,138,743,Zaydiyya0000328,619,38,385,285,56
1073,17,277,Shamela0008473,4594,897,1161,215,98
1073,221,561,Shamela0008473,4598,764,1250,281,69
1073,519,743,Shamela0008473,4608,220,454,158,73
1073,40,157,JK009265,180,6,123,96,100
1073,40,270,JK009265,209,147,377,192,100
1073,549,682,JK009265,465,552,684,100,91
1073,17,578,Shamela0023591,6415,1058,1618,462,99
1073,40,370,Shamela0023591,6416,1341,1670,273,99
1073,370,743,Shamela0023591,6417,0,373,307,100
1073,33,424,JK009266,8631,1104,1600,307,74
1073,561,743,JK009266,8646,1094,1276,151,100
1073,240,594,Sham19Y0026523,4680,1144,1377,187,64
1073,17,270,Shamela0021821,1809,409,662,211,100
1073,255,561,Shamela0021821,1810,606,920,251,97
1073,561,743,Shamela0021821,1811,901,1083,151,100
1073,231,540,Hindawi017138379,258,20,331,251,98
1073,255,561,Shia004549Vols,388,1277,1566,225,89
1073,40,743,JK009362,8186,473,1177,580,99
1073,302,509,Shia001174Vols,4319,1211,1413,154,84
1073,40,302,Shamela0021499,14,20,282,218,100
1073,172,339,JK001420,750,1260,1530,129,57
1073,40,231,JK000065,205,355,590,119,57
1073,363,717,JK009257,927,98,845,261,41
1073,221,584,JK010127,51,932,1539,296,58
1073,17,157,Rafed0003943Vols,1520,421,1050,115,22
1073,157,401,Rafed0003943Vols,1521,33,339,170,60
1073,479,743,Rafed0003943Vols,1522,93,781,210,37
1073,270,456,Shamela0007798,8724,459,645,153,100
1073,1007,1430,Tafsir01006,1428,741,1222,149,27
1073,277,561,Masaha000554Vols,6016,1169,1443,217,91
1073,40,743,QuranAnalysis001,232,168,871,582,100
1073,221,743,SyriacStudies00001,10,906,1417,423,97
1073,40,302,Shamela0006886,4,937,1199,218,100
1073,344,561,Shamela0009429,473,360,608,178,87
1073,255,509,Hindawi097046206,62,473,713,177,85
1073,40,743,ShamAY0037387,272,832,1536,580,99
1073,110,561,Rafed0001713Vols,2599,792,1252,369,95
1073,339,743,Rafed0001713Vols,2602,9,566,256,48
1073,221,682,ShamAY0035035,8495,1191,1558,198,40
1073,561,682,Hindawi037926480,94,1200,1324,99,97
1073,240,465,Shamela0000041,2486,0,714,185,31
1073,465,604,Shamela0000041,2487,420,559,114,100
1073,17,270,Shamela0023578,3061,1161,1414,209,99
1073,231,615,Shamela0023578,3064,1128,1518,299,91
1073,465,604,Shamela0023578,3067,512,788,114,50
1074,579,1056,Meshkat00042485,6460,791,1280,197,40
1074,4,1340,Shia002380Vols,773,119,939,375,30
1074,251,1347,Shia002382Vols,1754,9,1056,360,29
1074,555,1161,Shia002382Vols,2336,808,1362,216,33
1074,242,1175,JK010127,51,984,1517,400,52
1074,4,1141,Tafsir01006,1429,147,1583,467,33
1074,40,687,Sham19Y0014404,1474,210,1123,263,32
1074,921,1340,Rafed0001713Vols,2602,54,427,178,46
1075,1383,1645,Shia001432Vols,545,1297,1559,217,99
1075,995,1144,Shia001432Vols,2325,1395,1544,121,98
1075,1144,1383,Shia001432Vols,2326,0,239,197,99
1075,995,1250,Shamela0023632,3423,810,1065,209,99
1075,1250,1576,Shamela0023632,3425,467,792,267,99
1075,906,1250,Shamela0095562,26,671,1478,262,39
1075,906,1645,JK009268,4311,706,1403,572,93
1075,964,1212,Sham19Y0023618,1688,1348,1595,202,99
1075,1250,1408,Sham19Y0023618,1689,1386,1543,129,99
1075,1408,1594,Sham19Y0023618,1690,468,654,153,100
1075,995,1383,Shamela0023628,3336,822,1209,317,99
1075,1069,1645,Shamela0023628,3337,230,1501,471,44
1075,906,1383,Rafed0003257Vols,4973,47,479,354,90
1075,1377,1645,Rafed0003257Vols,4975,1118,1390,220,97
1075,15,183,Tafsir09083,1544,1132,1397,124,58
1075,596,1383,Sham19Y0020891,6185,357,946,376,52
1075,1367,1576,Sham19Y0020891,6188,711,1294,164,34
1075,1408,1576,JK000362,1466,1315,1483,138,100
1075,995,1181,JK010001,3468,349,535,151,99
1075,1408,1556,JK010001,3921,1391,1538,121,99
1075,995,1181,JK010001,3947,1049,1235,151,99
1075,995,1181,JK010001,3949,692,878,151,99
1075,906,1125,JK009270,5127,1123,1298,142,79
1075,1095,1363,JK009270,5130,1342,1600,198,82
1075,1363,1538,JK009270,5134,75,250,143,100
1075,995,1383,Meshkat0014420,4437,786,1174,319,100
1075,1383,1645,Meshkat0014420,4440,231,494,217,99
1075,1250,1383,Shamela0006879,55,352,485,109,100
1075,995,1645,ShamAY0036821,1760,555,1196,514,96
1075,1419,1587,JK000373,64,731,899,138,100
1075,1250,1383,Sham19Y0132973,759,572,705,109,100
1075,953,1408,Sham19Y0147312,1911,412,864,357,95
1075,1408,1645,Sham19Y0147312,1912,305,546,196,98
1075,1250,1383,Shamela0004445,7154,67,200,109,100
1075,1408,1645,JK000375,174,51,289,196,99
1075,995,1383,JK000791,2263,217,606,318,99
1075,1383,1576,JK000791,2264,1230,1423,159,100
1075,995,1181,JK007004,257,464,609,104,68
1075,1052,1280,Shamela0022712,38,0,229,188,99
1075,987,1154,Shamela0022712,364,1422,1588,131,96
1075,1250,1408,JK000127,82,1333,1491,130,100
1075,1408,1645,Tafsir07076,7572,734,972,196,99
1075,995,1383,Rafed0000705Vols,1291,723,940,170,54
1075,995,1383,JK009396,1565,1237,1626,318,99
1075,1338,1576,JK009396,1566,1121,1462,186,66
1075,995,1383,Sham19Y0023608,3855,891,1278,317,99
1075,1383,1645,Sham19Y0023608,3858,1130,1393,217,99
1075,995,1198,Sham19Y0023608,4274,86,289,166,99
1075,1408,1576,Sham19Y0016953Vols,852,1405,1573,138,100
1075,1408,1576,JK000381,5307,1119,1287,138,100
1075,1025,1198,Meshkat00042488,1693,898,1278,141,45
1075,1383,1645,Shamela0004473,1173,13,276,217,99
1075,1408,1645,Shamela0004473,1889,770,1008,196,99
1075,1408,1645,Shamela0004473,10257,0,238,196,99
1075,995,1383,Shamela0004473,11398,990,1370,308,96
1075,1383,1576,Shamela0004473,11629,92,285,159,100
1075,1383,1576,Shamela0004473,12838,421,614,159,100
1075,1408,1645,Sham19Y0030863,6,160,398,196,99
1075,995,1645,Shia002356Vols,1213,757,1400,514,95
1075,1383,1645,Hindawi081316951,262,1176,1439,217,99
1075,1084,1576,Shia002380Vols,775,0,995,392,47
1075,596,1383,JK001496,2306,33,640,373,51
1075,1425,1576,JK001496,2308,0,152,123,98
1075,906,1118,Zaydiyya0000328,619,371,641,131,51
1075,1125,1446,Zaydiyya0000328,619,1030,1712,264,46
1075,995,1383,Shamela0008473,4192,972,1190,171,54
1075,964,1383,Shamela0008473,4622,801,1275,343,88
1075,1118,1363,Shamela0008473,4623,871,1576,199,34
1075,1383,1576,Shamela0008473,4624,531,724,159,100
1075,995,1363,Shia002382Vols,1757,403,1187,279,43
1075,1069,1494,Shia002382Vols,2340,358,1065,336,57
1075,1408,1576,JK009265,165,1355,1524,138,99
1075,995,1201,JK009265,362,346,559,156,88
1075,1250,1383,JK009265,384,1094,1227,109,100
1075,995,1181,Tafsir07055,3559,671,857,151,99
1075,1408,1645,Tafsir07055,4034,79,317,196,99
1075,995,1181,Tafsir07055,4059,1113,1299,151,99
1075,906,1645,Shamela0012884,4894,290,1605,537,48
1075,1088,1645,Shamela0023591,6426,0,557,460,99
1075,995,1645,Shamela0023591,6427,807,1457,534,99
1075,995,1383,JK009266,8653,257,646,318,99
1075,1383,1576,JK009266,8661,212,405,159,100
1075,968,1198,Tafsir10098,1550,360,603,185,93
1075,995,1198,Zaydiyya0000454,335,331,533,166,97
1075,442,906,JK007044,5245,902,1289,217,49
1075,995,1383,Shamela0021821,1813,54,443,318,99
1075,1383,1576,Shamela0021821,1814,112,305,159,100
1075,442,906,Shamela0002569,461,191,907,254,37
1075,906,1459,JK009362,8186,1163,1674,416,90
1075,1459,1645,JK009362,8187,0,187,152,98
1075,1408,1645,JK001110,63,481,719,196,99
1075,1250,1408,Shamela0010463,605,1149,1307,130,100
1075,1395,1624,Hindawi086148607,122,705,934,181,96
1075,906,1302,JK009257,927,972,1522,233,47
1075,995,1387,JK010127,43,1183,1572,319,98
1075,4,325,JK010127,52,86,370,217,82
1075,995,1181,Rafed0003452,56,100,286,151,99
1075,1125,1645,Tafsir08060,499,193,1060,312,41
1075,906,1494,Rafed0003943Vols,1522,767,1311,446,92
1075,964,1132,Shamela0007798,8743,914,1083,130,95
1075,1108,1322,Shamela0007798,8749,672,1350,155,26
1075,718,1069,Tafsir01006,1430,894,1473,190,37
1075,1102,1363,Tafsir06048,1156,973,1320,210,73
1075,15,637,Sham19Y0014404,1475,607,1341,206,27
1075,1125,1345,Meshkat00057178,3503,359,579,183,100
1075,1363,1538,Meshkat00057178,3504,767,1373,121,23
1075,964,1250,Masaha000554Vols,6023,1277,1570,210,87
1075,995,1181,JK001262,222,1032,1212,123,77
1075,906,1645,QuranAnalysis001,232,857,1553,573,93
1075,1408,1576,Shamela0010013,47,1290,1458,138,100
1075,984,1645,ShamAY0037387,273,0,665,540,98
1075,964,1383,Rafed0001713Vols,2605,74,492,342,99
1075,1383,1645,Rafed0001713Vols,2606,1269,1534,217,98
1075,1250,1408,Shamela0095735,885,686,844,130,100
1075,1250,1408,Shamela0095735,918,425,583,130,100
1075,1408,1645,ShamAY0035035,173,1159,1479,191,71
1075,964,1181,Shamela0000041,2493,1082,1350,176,80
1075,1069,1494,Shamela0000041,2494,355,860,314,70
1075,1494,1645,Shamela0000041,2495,333,485,125,99
1075,515,1645,Shamela0023578,3072,595,1375,624,65
1075,1069,1367,Shamela0023578,3075,637,1092,241,64
1075,1408,1576,JK000094,122,1162,1335,138,97
1076,32,255,Shia001432Vols,546,0,223,186,100
1076,0,259,Shia001432Vols,2520,148,406,212,98
1076,0,255,Shamela0023632,3427,632,886,211,99
1076,540,1099,Shamela0095562,26,768,1497,249,39
1076,25,234,Shamela0095562,28,35,545,147,35
1076,0,259,JK009268,4311,1403,1662,213,99
1076,25,255,Sham19Y0023618,1691,0,229,190,99
1076,13,219,Shamela0023628,3339,1374,1578,170,99
1076,0,255,Rafed0003257Vols,4975,1390,1644,211,98
1076,540,1356,Sham19Y0020891,6185,557,926,291,43
1076,106,259,JK009270,5140,303,456,125,98
1076,540,1356,Meshkat0014420,4437,786,1154,292,43
1076,0,255,Meshkat0014420,4440,494,749,212,100
1076,0,259,ShamAY0036821,1760,1196,1452,206,96
1076,1055,1332,Meshkat00042485,6468,1063,1414,183,60
1076,540,1356,Sham19Y0147312,1911,451,819,292,43
1076,0,255,Sham19Y0147312,1912,546,801,212,100
1076,0,255,JK000375,174,289,544,212,100
1076,540,1356,JK000791,2263,217,586,291,43
1076,0,255,JK000791,2265,1325,1580,212,100
1076,0,201,Tafsir07076,7572,972,1173,167,100
1076,540,1356,JK009396,1565,1237,1606,291,43
1076,0,255,JK009396,1568,88,343,212,100
1076,0,226,Sham19Y0023608,3858,1393,1617,187,99
1076,540,1088,JK000818,652,403,1259,265,34
1076,0,255,Shamela0004473,1173,276,531,212,100
1076,0,255,Shamela0004473,1889,1008,1263,212,100
1076,0,255,Shamela0004473,8868,1022,1277,212,100
1076,0,255,Shamela0004473,10257,238,493,212,100
1076,540,1284,Shia002356Vols,1213,757,1106,268,44
1076,585,1395,Shia002356Vols,1214,29,651,165,23
1076,0,192,Hindawi081316951,262,1439,1630,159,99
1076,699,1425,Shia002380Vols,775,4,496,317,51
1076,540,1356,JK001496,2306,246,619,290,43
1076,535,1356,Shamela0008473,4622,882,1255,292,43
1076,765,1370,Shamela0008473,4623,854,1586,211,24
1076,0,255,Shamela0008473,4625,590,845,212,100
1076,262,1405,Shia002382Vols,1757,86,1232,466,36
1076,611,1405,Shia002382Vols,2340,295,847,349,52
1076,13,255,Shamela0012884,4895,0,475,194,49
1076,0,259,Shamela0023591,6426,557,815,212,98
1076,0,213,Shamela0023591,6427,1457,1668,176,99
1076,535,1356,Shamela0021821,1813,49,423,292,43
1076,0,255,Shamela0021821,1814,1238,1493,212,100
1076,540,1356,JK009362,8186,1208,1578,291,43
1076,0,259,JK009362,8187,187,446,209,97
1076,0,255,JK001110,63,719,974,212,100
1076,0,140,Shamela0010463,659,1134,1274,116,100
1076,25,234,JK009257,930,31,566,161,36
1076,13,159,JK006478,8874,88,621,109,25
1076,540,1356,JK010127,43,1183,1549,291,43
1076,0,192,Rafed0003943Vols,1523,713,906,159,99
1076,0,234,Zaydiyya0000075BK1,9,747,1366,188,36
1076,738,1232,Shamela0007798,8749,672,1350,200,26
1076,714,1614,Tafsir01006,1431,0,1352,461,37
1076,0,148,Shamela0012293,1019,731,879,117,95
1076,732,1432,Tafsir06048,1156,973,1447,244,38
1076,0,159,QuranAnalysis001,232,1553,1711,132,99
1076,0,259,ShamAY0037387,273,665,924,209,97
1076,1132,1497,ShamAY0035035,10006,893,1301,164,42
1076,0,140,Shamela0037475,164,724,863,114,98
1076,25,234,Shamela0000041,2496,225,434,174,100
1076,0,259,Shamela0023578,3072,1375,1632,212,98
1076,670,1364,Shamela0023578,3075,637,1096,250,39
1077,1015,1608,Shia001432Vols,2520,78,340,204,41
1077,1015,1608,Shamela0023632,3427,562,824,204,41
1077,927,1617,JK009268,4311,1295,1604,238,41
1077,1015,1549,Shamela0010551,325,1243,1433,146,33
1077,927,1608,Rafed0003257Vols,4975,1281,1583,230,41
1077,927,1617,Meshkat0014420,4440,386,695,238,41
1077,927,1617,Sham19Y0147312,1912,435,747,238,41
1077,927,1617,JK000375,174,181,490,238,41
1077,927,1617,JK000791,2265,1139,1526,245,41
1077,927,1617,Tafsir07076,7572,864,1173,238,41
1077,1015,1617,JK009396,1568,18,289,212,42
1077,927,1608,Sham19Y0023608,3858,1285,1585,230,41
1077,927,1320,ShamIbadiyya0000075,895,1111,1650,202,36
1077,927,1617,Shamela0004473,1173,168,477,238,41
1077,927,1617,Shamela0004473,1889,900,1209,238,41
1077,1015,1617,Shamela0004473,8868,952,1223,212,42
1077,927,1617,Shamela0004473,10257,130,439,238,41
1077,927,1617,Shia002356Vols,1213,1294,1599,224,39
1077,927,1608,Hindawi081316951,262,1331,1630,230,40
1077,117,349,Shia002380Vols,775,678,956,142,57
1077,927,1601,Shia002380Vols,775,956,1616,333,49
1077,987,1617,Shamela0008473,4625,488,791,212,40
1077,927,1617,Shia002382Vols,1758,403,1234,337,41
1077,117,349,Shia002382Vols,1758,107,403,142,54
1077,927,1470,Shia002382Vols,2341,339,945,242,38
1077,952,1644,Tafsir05047,902,4,844,299,37
1077,927,1608,Shamela0023591,6426,449,749,230,41
1077,927,1608,Shamela0023591,6427,1349,1649,230,41
1077,927,1617,Shamela0021821,1814,1026,1439,260,41
1077,927,1617,JK009362,8187,79,388,230,40
1077,927,1617,JK001110,63,611,920,238,41
1077,1015,1549,Shamela0010463,659,1064,1274,166,37
1077,29,329,Tafsir08060,499,461,729,145,51
1077,927,1601,Tafsir08060,499,832,1330,189,30
1077,927,1608,Rafed0003943Vols,1523,604,906,230,41
1077,927,1188,Shamela0010273,3234,451,896,171,45
1077,1023,1557,Shamela0012293,1019,669,879,156,35
1077,927,1568,QuranAnalysis001,232,1445,1711,205,38
1077,1001,1549,Sham19Y0020879,360,132,323,131,28
1077,1001,1549,Sham19Y0020879,377,140,330,130,28
1077,927,1617,ShamAY0037387,273,557,866,230,40
1077,1015,1549,Shamela0037475,164,655,863,163,36
1077,1293,1644,Shamela0000041,2496,164,775,223,43
1077,927,1608,Shamela0023578,3072,1267,1567,230,41
1077,1269,1486,Shamela0023578,3077,1035,1510,98,23
1078,489,822,JK000330,930,1240,1574,242,90
1078,489,771,Shia001432Vols,1589,855,1136,226,99
1078,318,813,Shia001432Vols,2520,402,624,174,43
1078,898,1568,Shia001432Vols,2614,23,388,197,33
1078,318,489,Shia001432Vols,28464,1238,1409,140,100
1078,318,615,Shamela0023632,3429,517,814,243,100
1078,615,817,Shamela0023632,3434,218,420,157,98
1078,376,813,JK009268,4312,0,437,353,99
1078,489,813,JK000056,89,406,732,260,99
1078,682,813,Sham19Y0023618,1694,1341,1469,102,97
1078,615,813,Sham19Y0037562,79,284,482,157,99
1078,59,572,Rafed0003257Vols,4979,1062,1615,273,49
1078,572,813,Rafed0003257Vols,4980,0,241,192,99
1078,489,813,Sham19Y0020891,6200,1145,1469,260,99
1078,346,566,JK009270,5146,1077,1288,168,93
1078,566,813,JK009270,5150,744,992,198,99
1078,318,566,Meshkat0014420,4444,1330,1578,203,100
1078,566,813,Meshkat0014420,4448,961,1208,198,100
1078,489,813,Shamela0002300,194,17,341,260,99
1078,518,806,ShamAY0036821,1761,0,284,227,98
1078,318,489,Sham19Y0147312,1912,1477,1648,140,100
1078,489,813,Sham19Y0147312,1914,954,1278,261,100
1078,489,771,Sham19Y0014592,628,737,1019,228,100
1078,615,813,Masaha000221,127,135,337,158,98
1078,318,489,JK000791,2267,908,1079,140,100
1078,489,782,JK000791,2269,1274,1566,235,99
1078,318,489,JK009336,406,179,351,140,99
1078,489,813,Shamela0022712,47,586,910,260,99
1078,489,813,Shamela0022712,366,729,1053,260,99
1078,318,489,Tafsir07076,2593,750,921,140,100
1078,615,792,Tafsir07076,2917,691,868,141,100
1078,615,792,Tafsir07076,3661,1018,1195,141,100
1078,615,792,Tafsir07076,4049,1337,1514,141,100
1078,661,813,Tafsir07076,6561,1119,1271,121,100
1078,615,813,Tafsir07076,7721,1323,1521,158,100
1078,615,813,Shia003744Vols,464,421,620,158,99
1078,318,495,JK009396,1569,937,1112,142,97
1078,682,813,JK009396,1572,0,131,105,100
1078,318,489,Sham19Y0023608,3862,1285,1456,140,100
1078,489,813,Sham19Y0023608,3865,807,1131,260,99
1078,437,656,Sham19Y0016953Vols,1477,1460,1678,180,99
1078,656,813,Sham19Y0016953Vols,1478,0,157,125,100
1078,489,785,JK000381,972,342,636,230,96
1078,495,714,JK000381,3416,1439,1657,176,99
1078,489,813,Shamela0004473,8010,1168,1492,261,100
1078,188,580,Shia002356Vols,1215,1177,1647,269,64
1078,580,1084,Shia002356Vols,1216,0,469,259,56
1078,489,813,JK001496,2312,1194,1523,261,98
1078,1219,1556,Tafsir02102,3773,521,808,110,29
1078,318,471,Shamela0008473,4628,1440,1592,125,99
1078,1162,1568,Shamela0008473,4630,706,1118,128,28
1078,437,615,Shamela0008473,4633,1089,1267,147,100
1078,615,817,Shamela0008473,4634,645,847,157,98
1078,489,792,Shamela0010900,36,240,543,244,100
1078,463,792,Shamela0012884,4896,325,1072,253,42
1078,318,813,Shamela0023591,6426,811,1306,400,99
1078,318,831,Shamela0023591,6434,77,607,411,96
1078,313,499,JK009266,8670,75,260,144,95
1078,489,813,JK009266,8679,897,1222,261,99
1078,318,489,Shamela0002386,242,1293,1464,140,100
1078,615,813,Shamela0021821,1818,1088,1286,157,99
1078,318,813,JK009362,8187,442,942,401,99
1078,489,771,Shamela0010463,140,736,978,189,83
1078,489,792,Shamela0010463,667,1099,1402,244,100
1078,495,813,Shamela0021499,14,446,764,255,99
1078,395,615,Rafed0003943Vols,1525,712,1348,181,34
1078,898,1568,Tafsir01006,1433,946,1563,221,29
1078,489,666,Shamela0012293,518,251,428,141,98
1078,489,661,Shamela0012293,883,782,954,139,99
1078,489,661,Shamela0012293,1065,979,1151,139,99
1078,489,771,Shamela0012293,1700,788,1070,227,99
1078,318,489,Shamela0012293,2210,590,761,140,100
1078,318,489,Shamela0012293,2218,541,712,140,100
1078,318,813,QuranAnalysis001,233,96,591,401,100
1078,495,813,Shamela0006886,4,1341,1658,255,99
1078,318,813,ShamAY0037387,273,920,1420,401,99
1078,437,615,Rafed0001713Vols,2611,979,1159,147,98
1078,615,813,Rafed0001713Vols,2612,1309,1507,157,99
1078,615,792,Tafsir02094,3881,443,763,99,33
1078,615,792,Tafsir02094,3896,939,1116,141,100
1078,489,661,Shamela0000041,2499,1112,1284,139,99
1078,689,813,Shamela0000041,2501,198,364,99,74
1078,395,822,Shamela0023578,3079,451,877,341,98
1079,473,1546,Shamela0023628,3346,274,1194,334,32
1079,518,1168,Tafsir09083,1552,623,988,149,25
1079,52,202,Shamela0021715,1774,1146,1311,122,90
1079,1115,1546,Shia002356Vols,1217,735,1012,84,22
1079,627,1070,JK009266,8682,485,594,80,23
1079,473,1168,Shamela0021821,1818,683,1124,151,24
1079,473,1147,Shamela0000041,2500,40,632,178,24
1080,569,997,Shia001432Vols,1055,701,1128,343,99
1080,1086,1256,Shia001432Vols,2520,637,806,138,99
1080,990,1256,Shia001432Vols,20812,1148,1412,214,98
1080,990,1446,Shia001432Vols,29939,196,498,231,62
1080,569,997,Shia001432Vols,30286,1104,1530,342,99
1080,562,916,Shia001432Vols,30330,1178,1531,278,98
1080,679,997,Shia001432Vols,30331,0,317,255,99
1080,546,888,Shamela0023632,3436,508,850,273,100
1080,888,1256,Shamela0023632,3438,261,628,300,99
1080,1256,1446,Shamela0023632,3440,45,235,153,100
1080,486,1446,JK009268,4325,373,1409,756,88
1080,546,821,Sham19Y0023618,1696,1226,1500,220,99
1080,845,1256,Sham19Y0023618,1697,938,1327,241,71
1080,821,997,Sham19Y0023618,1697,0,176,142,100
1080,1086,1446,Sham19Y0023618,1698,177,653,223,55
1080,640,938,Shamela0023628,3348,0,298,235,99
1080,739,1446,Shamela0023628,3351,384,1297,569,77
1080,617,997,Rafed0003257Vols,4991,0,380,304,100
1080,1125,1446,Rafed0003257Vols,4994,0,320,258,99
1080,117,463,Tafsir09084,2393,410,920,157,34
1080,486,997,Sham19Y0020891,6205,772,1256,388,94
1080,990,1170,Sham19Y0020891,6208,476,656,145,97
1080,1214,1446,Sham19Y0020891,6212,0,323,186,71
1080,997,1308,Tafsir09068,1126,296,891,185,37
1080,580,888,JK009270,5156,0,308,246,100
1080,888,1086,JK009270,5162,743,941,163,100
1080,1086,1446,JK009270,5164,316,676,291,100
1080,546,997,Meshkat0014420,4451,442,904,362,97
1080,997,1446,Meshkat0014420,4454,693,1142,365,100
1080,854,1170,JK006476,1819,1085,1502,254,74
1080,1170,1332,JK006476,1820,0,163,129,98
1080,718,1256,Sham19Y0147312,1916,858,1396,435,100
1080,1256,1446,Sham19Y0147312,1917,473,663,153,100
1080,933,1170,Shamela0022769,1563,22,645,185,36
1080,599,976,Tafsir02067,984,452,1119,294,55
1080,1256,1446,Sham19Y0013550,551,104,294,153,100
1080,980,1251,Zaydiyya0000062,1961,1116,1398,220,94
1080,1256,1441,Zaydiyya0000062,1962,1401,1586,149,100
1080,782,1003,Masaha001075,194,382,603,173,98
1080,546,997,JK000791,2272,194,645,362,100
1080,997,1446,JK000791,2273,114,563,365,100
1080,569,1086,Shamela0001524,1962,836,1370,415,96
1080,970,1446,Shamela0000922,1206,0,622,249,40
1080,753,1446,JK007018,785,0,927,550,73
1080,997,1446,JK009396,1574,751,1200,365,100
1080,816,997,JK009396,1574,0,181,146,100
1080,422,997,Sham19Y0023608,3868,512,1046,387,84
1080,1034,1446,Sham19Y0023608,3872,0,411,333,99
1080,1170,1315,Sham19Y0023608,3874,1006,1426,116,34
1080,1256,1446,JK000917,1435,547,737,153,100
1080,997,1232,JK000381,2020,1295,1530,193,100
1080,1003,1446,JK000818,656,103,1137,353,42
1080,938,1299,Meshkat00042488,1700,53,1597,270,21
1080,1299,1457,Meshkat00042488,1701,0,158,120,95
1080,980,1315,ShamIbadiyya0000075,900,0,891,263,36
1080,997,1173,Rafed0003726Vols,1435,332,511,143,96
1080,569,888,Shamela0004473,2754,439,761,254,99
1080,1110,1293,ShamAY0033108,1788,873,1556,140,25
1080,1256,1446,JK010729,47,1338,1528,153,100
1080,546,997,Shia002356Vols,1218,34,480,357,98
1080,1003,1388,Shia002356Vols,1218,1156,1538,305,95
1080,721,1356,Shia002380Vols,778,371,1530,506,54
1080,617,933,Shamela0001419,517,516,637,80,31
1080,486,749,JK001496,2313,1286,1550,193,86
1080,1003,1170,JK001496,2315,70,238,138,99
1080,1256,1441,Zaydiyya0000403,26,452,635,148,98
1080,1110,1315,Tafsir02091,2056,685,1386,156,27
1080,117,463,Shamela0008473,4637,498,1080,157,32
1080,718,997,Shamela0008473,4642,950,1229,223,100
1080,976,1446,Shamela0008473,4645,135,638,380,93
1080,721,1288,Shia002382Vols,1762,450,1574,447,49
1080,1047,1412,Shia002382Vols,2346,1015,1551,283,64
1080,702,1170,Shia002382Vols,2346,34,551,337,75
1080,777,997,Shia001406Vols,414,1254,1472,174,98
1080,997,1446,Tafsir05047,905,0,1078,330,38
1080,546,1446,Shamela0023591,6440,430,1329,726,99
1080,562,997,Shamela0023591,6442,289,724,347,99
1080,990,1446,Shamela0023591,6444,281,736,366,98
1080,546,1170,JK009266,8686,156,793,505,97
1080,1147,1441,JK009266,8691,1180,1530,236,83
1080,718,1197,Shamela0021821,1820,760,1516,383,62
1080,1197,1446,Shamela0021821,1821,0,248,200,99
1080,670,1446,JK009362,8247,0,778,623,98
1080,569,997,JK001110,63,1009,1437,343,100
1080,1256,1446,JK001110,96,58,248,153,100
1080,546,1424,JK001420,753,190,712,243,28
1080,573,997,Shia000210,84,0,422,335,98
1080,569,938,Noorlib0010827,28,478,847,291,98
1080,933,1264,JK009257,935,816,1574,238,37
1080,933,1446,Rafed0003943Vols,1532,336,1213,413,57
1080,960,1446,Zaydiyya0000148,233,891,1212,235,59
1080,997,1446,Zaydiyya0000148,350,380,685,232,63
1080,1211,1446,Shamela0007798,8777,393,837,183,51
1080,777,1288,Tafsir06048,1162,339,1443,399,44
1080,976,1170,Sham19Y0014404,1484,87,675,129,25
1080,1211,1446,Sham19Y0014404,1485,8,402,189,59
1080,718,997,Meshkat00057178,3517,1163,1442,223,100
1080,816,1110,Meshkat00057178,3518,0,722,223,38
1080,1143,1446,Meshkat00057178,3519,754,1049,230,94
1080,1003,1446,Masaha000554Vols,6065,77,513,348,97
1080,562,1446,QuranAnalysis001,233,594,1478,711,99
1080,789,1009,Kraken220414225447,169,0,217,166,93
1080,569,1009,Kraken220414225447,175,697,1134,333,94
1080,550,997,Shia001367,39,913,1364,310,77
1080,640,997,Shia001367,86,0,383,285,93
1080,633,997,Rafed0001713Vols,2614,0,364,291,100
1080,938,1446,Rafed0001713Vols,2616,62,725,403,74
1080,1256,1446,JK000122,784,163,353,153,100
1080,1256,1446,Zaydiyya0000107,37,1128,1318,153,100
1080,562,997,Zaydiyya0000476,337,523,958,346,99
1080,562,997,Zaydiyya0000476,408,670,1105,346,99
1080,1170,1315,Tafsir04056,6967,244,959,114,19
1080,117,463,Shamela0000041,2501,231,1013,124,17
1080,1003,1446,Shamela0000041,2504,0,555,355,78
1080,546,895,Shamela0023578,3086,1174,1522,278,99
1080,895,1170,Shamela0023578,3087,0,275,227,100
1080,777,1318,Shamela0023578,3090,632,1559,437,58
1081,694,1256,Shia001432Vols,1055,787,1128,249,54
1081,694,1256,Shia001432Vols,30286,1190,1530,247,54
1081,719,1256,Shia001432Vols,30331,7,317,236,54
1081,694,1557,JK009268,4325,618,1088,350,49
1081,694,1256,Rafed0003257Vols,4991,38,380,249,54
1081,591,748,Tafsir09084,2395,963,1136,118,86
1081,694,1256,Sham19Y0020891,6205,916,1256,247,54
1081,694,1256,Meshkat0014420,4451,562,904,249,54
1081,591,748,JK000140,1098,350,528,119,85
1081,591,748,Tafsir01005,111,457,630,119,87
1081,591,748,Sham19Y0145212,3453,1295,1468,114,84
1081,591,748,Shamela0000782,1135,878,1057,116,83
1081,694,1256,JK000791,2272,303,645,249,54
1081,591,743,Shamela0021766,48,902,1070,115,87
1081,591,748,Shamela0021766,4480,488,656,118,89
1081,591,748,JK009336,805,1234,1407,119,87
1081,694,1494,Shamela0001524,1962,922,1394,322,48
1081,591,748,JK000097,507,1068,1241,119,87
1081,694,1256,Sham19Y0023608,3868,704,1046,249,54
1081,591,756,Shamela0036446,1313,1147,1334,120,82
1081,591,748,Sham19Y0122257,3247,742,911,115,85
1081,694,1304,Shia002356Vols,1218,141,543,258,50
1081,732,1557,Shia002380Vols,778,327,1112,433,55
1081,591,748,PV2024060602,6883,82,260,119,85
1081,591,748,Shamela0008363,492,654,829,119,86
1081,732,1557,Shia002382Vols,1762,406,1196,438,56
1081,732,1557,Shia002382Vols,2346,34,1109,409,41
1081,591,748,Shamela0012884,4898,1107,1294,119,81
1081,694,1557,Shamela0023591,6440,539,1009,350,49
1081,694,1256,Shamela0023591,6442,382,724,249,54
1081,694,1557,JK009266,8686,278,748,350,49
1081,591,748,Sham19Y0013769,12,412,585,119,87
1081,694,1256,JK001110,63,1095,1437,249,54
1081,591,748,ShamAY0035960,549,774,947,119,87
1081,694,1256,Shia000210,84,82,422,244,53
1081,591,748,Shamela0007798,8774,19,191,103,78
1081,788,1256,Sham19Y0014404,1483,849,1473,233,43
1081,591,748,JK008001,2149,896,1410,122,30
1081,694,1557,QuranAnalysis001,233,687,1157,350,49
1081,694,1256,Shia001367,86,41,383,249,54
1081,694,1256,Rafed0001713Vols,2614,22,364,249,54
1081,694,1256,Zaydiyya0000476,337,616,958,249,54
1081,694,1256,Zaydiyya0000476,408,763,1105,249,54
1081,591,748,Shamela0023578,3089,1018,1200,115,78
1082,986,1474,Shia001432Vols,1903,835,1323,402,99
1082,1167,1474,Shia001432Vols,1945,1004,1317,209,72
1082,1186,1474,Shia001432Vols,10287,829,1188,212,72
1082,1110,1494,Shia001432Vols,22589,508,904,304,92
1082,986,1395,Shamela0023632,3442,521,930,340,100
1082,159,865,Shamela0095562,31,522,1515,257,25
1082,40,1068,JK009268,4325,1073,1545,381,45
1082,1068,1594,JK009268,4326,0,527,432,99
1082,986,1276,Sham19Y0023618,1699,66,356,241,100
1082,1276,1474,Sham19Y0023618,1701,1148,1346,163,100
1082,9,616,Shamela0023628,3352,207,1184,289,32
1082,810,1276,Shamela0023628,3353,542,1048,325,79
1082,1214,1474,Shamela0023628,3355,607,867,183,86
1082,986,1474,Rafed0003257Vols,4999,144,632,404,100
1082,14,143,Tafsir09083,1557,1026,1390,87,29
1082,986,1474,Sham19Y0020891,6214,84,1014,404,52
1082,1117,1467,JK000362,1495,1210,1559,289,99
1082,931,1136,JK009270,5168,742,946,156,93
1082,1117,1474,JK009270,5170,499,856,295,100
1082,931,1474,Meshkat0014420,4457,707,1250,447,100
1082,1186,1474,Shia001137,472,555,911,211,72
1082,1045,1395,JK006476,1822,945,1518,280,59
1082,1308,1474,Shamela0030842,9,1216,1382,137,100
1082,1159,1395,Shamela0029677,2040,0,451,195,52
1082,1308,1474,JK000081,280,652,818,137,100
1082,1117,1474,Sham19Y0147312,1919,320,677,295,100
1082,986,1474,Shamela0004445,7112,83,571,404,100
1082,48,1045,Tafsir02067,985,162,1352,401,34
1082,1269,1395,Shamela0011077BK1,210,0,126,105,100
1082,931,1388,Zaydiyya0000062,1963,1172,1618,370,97
1082,986,1474,JK000374,77,404,892,404,100
1082,931,1474,JK000791,2274,693,1283,435,88
1082,1214,1395,Noorlib0038508,202,495,676,149,100
1082,1276,1474,Shamela0022712,186,941,1139,163,100
1082,1071,1395,Shamela0000922,1207,0,942,196,22
1082,986,1474,JK007018,786,182,680,404,97
1082,1018,1474,Shia003744Vols,471,717,1184,320,83
1082,40,1117,JK009396,1574,864,1386,420,48
1082,1117,1439,JK009396,1576,1330,1651,266,99
1082,931,1359,Sham19Y0023608,3876,1113,1542,322,90
1082,1117,1328,JK000381,2052,497,708,175,100
1082,1214,1482,JK000381,2106,191,459,214,98
1082,986,1497,JK000381,2191,331,854,406,93
1082,1117,1439,JK000381,4013,284,606,266,100
1082,14,146,JK000465,3937,1228,1426,72,41
1082,1117,1328,ShamIbadiyya0000441,184,559,770,175,100
1082,986,1497,Sham19Y0020587,6,331,847,393,92
1082,404,962,ShamIbadiyya0000075,900,743,1325,217,34
1082,1110,1474,Shamela0021537,700,1110,1474,298,99
1082,986,1276,Shamela0004473,8694,59,349,241,100
1082,1110,1474,Shamela0004473,10865,1105,1469,298,99
1082,986,1276,Shamela0022371,274,108,497,241,74
1082,986,1214,Shia003684Vols,100,1004,1232,191,100
1082,0,669,Shia002356Vols,1219,593,1373,202,26
1082,931,1474,Shia002356Vols,1220,0,537,432,96
1082,14,506,JK001496,2315,973,1598,173,27
1082,1045,1474,JK001496,2317,413,803,314,88
1082,1285,1474,Shamela0003298,218,18,221,154,92
1082,1117,1474,Shamela0008473,1391,1038,1395,295,100
1082,1214,1395,Shamela0008473,3945,315,496,148,99
1082,282,522,Shamela0008473,4646,898,1342,120,28
1082,986,1209,Shamela0008473,4650,1283,1505,187,99
1082,1209,1474,Shamela0008473,4651,0,265,217,100
1082,14,439,Shia002382Vols,1762,1210,1562,168,45
1082,14,661,Shia002382Vols,2346,1123,1536,239,46
1082,1117,1395,Shia002382Vols,2348,8,288,230,98
1082,986,1494,JK009265,339,679,1214,416,94
1082,40,1214,Shamela0023591,6440,994,1611,501,52
1082,1214,1594,Shamela0023591,6441,0,381,310,99
1082,977,1474,Shamela0023591,6448,491,1000,411,97
1082,880,1276,JK009266,8696,588,976,301,92
1082,1276,1594,JK009266,8703,0,319,260,99
1082,1186,1474,JK000095,168,97,464,236,78
1082,1264,1439,Shamela0009096,1,737,917,139,94
1082,1117,1395,Shamela0012002,65,69,347,231,100
1082,952,1439,Shamela0021821,1823,1055,1578,395,91
1082,1186,1474,Shia002389Vols,2911,304,669,213,71
1082,1121,1474,Shamela0009270,482,1011,1497,225,50
1082,40,1594,JK009362,8247,440,1451,812,63
1082,1121,1395,JK000467,1101,97,527,215,58
1082,822,1298,JK001420,753,691,1413,284,43
1082,1176,1410,JK000065,432,1318,1574,176,83
1082,1121,1395,Shamela0003118,2793,1088,1517,216,59
1082,1167,1474,JK009257,937,831,1570,252,41
1082,986,1388,Zaydiyya0000074,22,1072,1474,333,99
1082,1167,1474,Shia001272,54,321,635,211,72
1082,931,1474,Rafed0003943Vols,1533,485,1115,428,82
1082,1117,1308,Shamela0007798,183,173,364,158,100
1082,1117,1308,Shamela0007798,200,1440,1630,158,99
1082,1308,1474,Shamela0007798,201,0,166,137,100
1082,1077,1395,Shamela0007798,8782,803,1125,245,91
1082,14,633,Tafsir01006,1436,633,1357,234,33
1082,1276,1467,Sham19Y0014404,1487,237,906,131,22
1082,931,1474,Masaha000554Vols,6073,376,922,414,91
1082,40,1028,QuranAnalysis001,233,1142,1574,347,43
1082,1028,1594,QuranAnalysis001,234,0,567,466,99
1082,40,1494,Rafed0001713Vols,2616,390,1296,722,60
1082,1117,1395,Shamela0008648,31,364,642,231,100
1082,822,1117,Shamela0000041,2505,1055,1404,195,64
1082,1024,1285,Shamela0000041,2506,610,880,204,91
1082,814,1594,Shamela0023578,3093,615,1356,581,87
1083,7,286,Shamela0023632,3447,463,1115,202,37
1083,7,239,Shamela0095562,34,90,877,187,28
1083,0,286,JK009268,4326,527,814,237,99
1083,25,286,Sham19Y0023618,1703,898,1159,216,100
1083,0,174,Shamela0023628,3356,525,717,141,89
1083,25,286,Shamela0023628,3357,626,1223,213,43
1083,25,195,Rafed0003257Vols,5004,1084,1665,139,29
1083,7,161,Sham19Y0020891,6219,563,861,123,50
1083,92,286,JK009270,5177,421,615,162,100
1083,0,286,Meshkat0014420,4461,1277,1563,237,100
1083,286,540,Meshkat00042485,6494,73,311,118,48
1083,0,161,Sham19Y0147312,1920,296,457,132,100
1083,25,161,Shamela0022769,1568,367,732,104,35
1083,137,292,Shamela0012820,584,916,1077,122,91
1083,32,286,Zaydiyya0000062,1966,1270,1521,209,98
1083,0,286,JK000791,2277,15,474,231,61
1083,1048,1319,Shamela0021766,4290,827,1304,154,40
1083,0,286,Shamela0000922,1208,611,1282,216,39
1083,25,292,JK007018,787,996,1275,190,82
1083,92,289,JK009396,1579,916,1113,163,99
1083,72,286,Sham19Y0023608,3882,262,470,168,94
1083,896,1669,JK000818,657,0,670,331,44
1083,25,286,Meshkat00042488,1704,240,1188,212,27
1083,630,1669,ShamIbadiyya0000075,901,162,1471,473,36
1083,0,286,Shia002356Vols,1221,836,1119,229,96
1083,596,1669,Shia002380Vols,779,592,1376,471,48
1083,25,286,Shia002380Vols,780,402,1109,213,36
1083,25,286,JK001496,2319,895,1585,191,33
1083,25,279,Shamela0008473,4658,932,1589,209,38
1083,596,1433,Shia002382Vols,1763,1023,1641,347,45
1083,60,222,Shia002382Vols,1764,1186,1429,133,65
1083,867,1673,Shia002382Vols,2348,291,1179,404,44
1083,0,292,Shia002382Vols,2349,92,405,231,89
1083,0,286,Shamela0023591,6441,381,667,237,100
1083,0,286,Shamela0023591,6451,1000,1286,237,100
1083,60,286,JK009266,8709,309,615,187,73
1083,7,286,Shamela0021821,1826,654,924,182,75
1083,0,152,JK009362,8247,1451,1608,125,95
1083,85,286,JK001110,96,236,448,167,94
1083,25,156,JK009257,938,977,1237,106,50
1083,92,286,JK000082,111,1455,1648,162,99
1083,596,1669,Tafsir08060,501,513,1384,452,43
1083,0,174,Rafed0003943Vols,1534,331,523,141,89
1083,25,161,Shamela0007798,8788,1123,1260,111,99
1083,92,286,Shamela0007798,8789,635,1098,159,41
1083,286,984,Tafsir01006,1437,416,1315,302,35
1083,1180,1673,Tafsir01006,1438,115,540,283,64
1083,7,292,Sham19Y0014404,1488,337,1344,223,26
1083,25,161,Meshkat00057178,3524,959,1095,111,100
1083,137,286,Meshkat00057178,3525,273,443,121,85
1083,0,286,QuranAnalysis001,234,567,854,237,99
1083,1180,1569,Rafed0001713Vols,2620,1245,1714,233,55
1083,0,286,Rafed0001713Vols,2621,684,970,237,100
1083,7,302,Shamela0000041,2509,101,460,228,76
1083,25,286,Shamela0023578,3100,21,282,216,100
1083,1009,1646,JK000876,1518,841,1671,326,45
1084,691,1096,Shamela0095562,34,0,572,154,27
1084,781,951,Rafed0003257Vols,5004,1084,1344,66,27
1084,104,791,Shamela0000140,1099,717,1467,294,36
1084,0,563,JK006476,1824,376,1255,238,29
1084,539,973,Meshkat00042485,6502,282,811,238,47
1084,573,944,Shamela0021766,4292,1081,1601,175,36
1084,235,951,Meshkat00042488,1704,102,307,124,21
1084,527,1002,ShamAY0033108,1793,201,926,246,36
1084,522,1044,Shia002380Vols,780,148,710,224,37
1084,527,1002,Tafsir02091,2061,11,734,246,36
1084,104,951,JK009257,938,179,1044,150,12
1084,0,332,Sham19Y0014404,1487,859,1540,162,26
1085,830,1024,Shamela0008381,5984,0,194,158,100
1085,672,1024,Shia001432Vols,24548,721,1073,288,100
1085,601,1421,JK009268,4326,767,1564,649,96
1085,868,1187,Sham19Y0023618,1707,715,1032,242,95
1085,868,1421,Shamela0023628,3359,217,775,436,96
1085,713,1024,Rafed0003257Vols,5006,0,311,254,100
1085,1054,1255,Rafed0003257Vols,5009,0,201,160,100
1085,672,1024,Sham19Y0020891,6222,504,1277,288,45
1085,979,1255,Sham19Y0020891,6223,428,701,202,90
1085,891,1421,Meshkat0014420,4466,426,956,429,100
1085,679,1024,ShamAY0034334,150,38,384,282,99
1085,814,1182,JK006476,1827,208,818,247,48
1085,672,1024,JK000081,1023,185,606,288,83
1085,814,1255,Sham19Y0147312,1922,947,1419,328,86
1085,672,1002,JK000791,2277,1354,1683,270,99
1085,672,1024,Shia001153,173,845,1196,287,99
1085,672,1024,JK007018,788,7,363,288,98
1085,672,1024,JK009396,1580,347,699,288,100
1085,672,1024,Sham19Y0023608,3883,210,562,288,100
1085,1024,1255,Sham19Y0023608,3885,930,1161,183,100
1085,1054,1255,JK010729,48,0,201,160,100
1085,921,1421,Shia002356Vols,1223,342,979,380,72
1085,979,1255,JK001496,2321,56,333,202,90
1085,601,1024,Shamela0008473,4661,62,513,331,89
1085,898,1187,Shia002382Vols,2351,1006,1413,181,49
1085,601,1421,Shamela0023591,6441,620,1416,649,97
1085,818,1281,Shamela0023591,6454,1143,1596,331,87
1085,601,1024,JK009266,8709,568,967,328,94
1085,672,1024,Shamela0021821,1827,192,544,288,100
1085,946,1255,Shamela0021821,1828,58,487,230,67
1085,601,1421,JK009362,8248,89,908,649,94
1085,601,1255,JK001110,96,401,1032,511,96
1085,1071,1421,Rafed0003943Vols,1536,0,350,285,100
1085,884,1255,Masaha000554Vols,6087,252,625,288,96
1085,601,1421,QuranAnalysis001,234,807,1603,649,97
1085,601,1044,Rafed0001713Vols,2623,805,1338,336,75
1085,1002,1255,Rafed0001713Vols,2625,212,503,201,86
1085,818,1255,Shamela0000041,2510,697,1289,351,73
1085,601,1440,Shamela0023578,3100,235,1050,655,95
1085,753,1160,Shamela0023578,3102,597,1196,292,60
1086,1265,1413,Shamela0023628,3360,1303,1438,89,74
1086,1193,1384,Sham19Y0014592,1867,670,940,116,54
1086,110,971,Shia002380Vols,781,113,1280,438,41
1086,171,789,Shia002382Vols,1766,640,1327,294,44
1086,534,971,Tafsir05047,908,867,1287,181,42
1086,1290,1384,JK009266,8719,373,465,67,92
1086,1290,1384,ShamAY0034857,393,1157,1250,71,97
1086,1290,1384,Shamela0012031,859,1100,1193,71,97
1086,171,652,Meshkat00057178,3526,804,1232,230,51
1087,915,1100,JK000330,175,878,1063,154,100
1087,713,1118,JK000330,200,1225,1587,287,83
1087,888,1121,Shamela0008381,1020,380,613,192,99
1087,953,1149,Shia001432Vols,4532,0,210,158,91
1087,953,1149,Shia001432Vols,21900,203,410,152,88
1087,888,1234,Shamela0023632,3454,236,582,285,100
1087,891,1340,JK009268,4327,0,449,367,100
1087,713,1132,Sham19Y0023618,1709,851,1225,292,82
1087,826,1641,Shamela0023628,3362,0,697,421,51
1087,713,1118,Rafed0003257Vols,5011,617,979,287,83
1087,713,1132,Sham19Y0020891,6227,0,677,310,54
1087,888,1118,Shamela0023606,362,692,922,191,100
1087,888,1132,Shamela0009759,314,1012,1263,198,95
1087,795,1126,JK009270,5190,889,1220,267,97
1087,800,1094,Meshkat0014420,4470,1336,1629,245,99
1087,859,1053,JK006476,1829,1472,1668,161,97
1087,713,1027,Sham19Y0147312,1923,1259,1529,212,78
1087,915,1118,Sham19Y0014592,1925,275,478,169,100
1087,888,1118,Sham19Y0013550,554,1063,1293,191,100
1087,928,1118,Sham19Y0013550,555,0,190,158,100
1087,659,1077,Zaydiyya0000062,1970,1263,1786,280,61
1087,800,1629,JK000791,2280,587,1251,395,51
1087,922,1118,Shamela0000922,1211,0,196,163,100
1087,888,1118,Tafsir07076,2712,815,1045,191,100
1087,888,1126,Tafsir07076,9174,441,682,192,95
1087,800,1118,JK007018,789,395,717,263,97
1087,888,1118,Shamela0037325,3087,724,954,191,100
1087,795,1132,JK009396,1582,1300,1644,273,95
1087,800,1118,Sham19Y0023608,3888,1001,1319,265,100
1087,888,1118,Sham19Y0095660,569,980,1210,191,100
1087,888,1126,JK000917,1437,1080,1324,191,94
1087,509,1248,JK000818,659,11,1156,480,48
1087,607,1126,Meshkat00042488,1707,597,1417,334,45
1087,713,1118,Shia002356Vols,1223,935,1294,278,80
1087,888,1118,Hindawi014964935,78,999,1229,191,100
1087,562,1482,Shia002380Vols,782,789,1635,336,31
1087,0,601,Shia002380Vols,782,169,829,203,29
1087,859,1118,JK001496,2323,114,385,207,89
1087,582,992,Tafsir02102,3798,295,761,204,46
1087,320,1399,Shamela0008473,4666,266,1138,400,36
1087,744,1010,Shia002382Vols,1768,736,1344,198,39
1087,744,1118,Shia002382Vols,2353,1184,1637,286,75
1087,817,1118,Shia002382Vols,2354,0,1028,249,29
1087,713,1044,Shamela0023591,6441,1372,1659,226,79
1087,1044,1340,Shamela0023591,6442,0,296,239,100
1087,800,1384,Shamela0023591,6459,335,950,453,87
1087,888,1156,JK009266,8723,1350,1615,221,98
1087,7,398,JK000458,3247,918,1532,199,37
1087,826,1118,Shamela0021821,1830,0,292,243,100
1087,713,1340,JK009362,8248,864,1453,457,86
1087,953,1118,JK000467,1182,176,341,137,100
1087,888,1118,Shia003986,192,757,987,191,100
1087,953,1118,Zaydiyya0000274,627,1029,1194,137,100
1087,888,1118,Rafed0003943Vols,1537,473,703,191,100
1087,800,1077,Shamela0007798,8798,982,1661,231,40
1087,405,1118,Sham19Y0014404,1491,464,1558,354,33
1087,859,1632,Meshkat00057178,3530,18,502,291,41
1087,865,1340,QuranAnalysis001,235,0,475,388,100
1087,937,1340,Rafed0001713Vols,2627,0,403,329,100
1087,800,1224,Zaydiyya0000476,191,494,1089,349,70
1087,800,1224,Zaydiyya0000476,245,227,822,349,70
1087,915,1118,Sham19Y0014579,1044,378,581,169,100
1087,888,1070,Tafsir07057,2328,349,531,151,100
1087,953,1138,AOCP20251117006,197,1229,1419,148,94
1087,460,1111,Shamela0000041,2512,254,838,340,56
1087,607,1641,Shamela0023578,3105,77,885,639,74
1088,471,884,Shia001432Vols,4536,5,550,308,69
1088,348,834,Shia001432Vols,21391,979,1626,317,59
1088,508,936,Shamela0023628,3363,361,858,328,80
1088,508,884,Tafsir01005,5653,84,489,272,76
1088,508,924,Shamela0001466,3553,559,1076,326,77
1088,970,1479,Shamela0022769,1573,285,744,212,42
1088,471,1147,Shamela0021766,4300,410,1200,382,55
1088,638,990,Zaydiyya0000295Vols,434,489,848,189,56
1088,572,1245,Shia002380Vols,783,430,1045,346,53
1088,572,1255,Shia002382Vols,1769,616,1160,342,53
1088,626,1245,Shia002382Vols,2355,0,565,294,44
1088,353,867,ShamIbadiyya0000050,5757,507,842,155,35
1088,348,884,Shia002389Vols,2921,31,731,352,61
1088,970,1479,Sham19Y0014404,1493,442,943,200,37
1088,605,1239,Meshkat00057178,3531,17,640,302,44
1088,478,870,Masaha000554Vols,6104,154,603,275,68
1088,555,1222,Rafed0001713Vols,2630,5,881,389,47
1088,508,884,Tafsir04056,6989,7,463,293,79
1088,466,907,Shamela0000041,2513,981,1584,329,67
1088,145,818,Shamela0023578,3105,927,1696,349,45
1089,495,868,Shamela0008381,4836,320,689,295,97
1089,510,868,Shamela0008381,4838,602,960,291,100
1089,840,1065,Shia001432Vols,21885,1037,1278,154,78
1089,419,636,Shia001432Vols,32624,1336,1552,176,99
1089,314,636,Shamela0023632,3457,134,419,210,80
1089,883,1065,Shamela0023632,3461,1111,1292,147,99
1089,400,661,Shia001149Vols,828,1131,1432,202,82
1089,516,1065,JK009268,4345,0,549,447,100
1089,396,888,Sham19Y0023618,1712,101,593,400,100
1089,853,1009,Sham19Y0023618,1713,1387,1605,128,70
1089,888,1065,Shamela0023628,3376,19,196,144,100
1089,396,888,Rafed0003257Vols,5018,1010,1509,400,98
1089,828,1065,Rafed0003257Vols,5021,542,987,191,52
1089,510,878,Sham19Y0020891,6233,1136,1503,300,99
1089,853,1065,Sham19Y0020891,6242,989,1256,172,79
1089,516,888,JK010001,2876,1118,1490,303,100
1089,888,1065,JK009270,5222,252,429,144,100
1089,396,987,Meshkat0014420,4475,346,948,481,98
1089,419,828,Sham19Y0018608,484,271,680,331,100
1089,747,1077,JK006476,1834,705,1095,207,66
1089,510,888,Shamela0002300,3968,141,602,308,81
1089,396,636,Shia000233,879,1178,1471,195,81
1089,664,1072,Tafsir02104,589,6,538,247,53
1089,303,611,Sham19Y0147312,1925,1286,1541,196,76
1089,636,1065,Sham19Y0147312,1927,47,438,172,34
1089,747,987,Zaydiyya0000062,1976,542,781,196,99
1089,510,936,JK000791,2284,573,998,328,93
1089,747,1065,JK000791,2287,251,750,243,57
1089,922,1065,Shamela0000922,1215,0,346,116,41
1089,396,636,Shia000234Vols,10608,0,240,195,100
1089,456,897,JK007018,790,994,1466,337,86
1089,888,1077,JK007018,791,91,288,149,93
1089,510,888,JK009396,1585,963,1341,308,100
1089,888,1065,JK009396,1586,56,233,144,100
1089,396,878,Sham19Y0023608,3894,1127,1608,392,99
1089,747,1065,Sham19Y0023608,3898,320,1115,232,35
1089,888,1065,Sham19Y0095660,411,873,1050,144,100
1089,400,888,Shia002333,120,633,1116,381,96
1089,419,878,Sham19Y0016953Vols,200,1112,1570,373,99
1089,435,747,JK000917,1439,0,312,254,100
1089,853,987,Shamela0001340,305,248,387,110,96
1089,840,987,Meshkat00042488,1711,0,147,121,100
1089,1065,1610,ShamIbadiyya0000075,906,961,1243,181,37
1089,725,1027,ShamIbadiyya0000075,907,45,634,245,50
1089,888,1060,ShamAY0033108,1803,235,812,140,29
1089,510,888,JK000105,1467,1147,1525,308,100
1089,419,828,JK000961,145,1046,1455,331,100
1089,330,987,Shia002356Vols,1226,0,689,491,84
1089,396,636,Shia001217Vols,6178,1053,1345,194,81
1089,396,636,Shia000317Vols,11769,322,563,195,99
1089,325,1050,Shia002380Vols,784,45,1581,551,43
1089,510,897,JK001496,2326,856,1255,313,96
1089,853,1065,JK001496,2329,629,898,172,78
1089,888,1060,Tafsir02091,2071,457,1034,140,29
1089,891,1065,Shamela0008473,4681,689,863,142,100
1089,1065,1610,Shia002382Vols,1770,934,1269,193,38
1089,396,529,Shia002382Vols,1772,419,606,106,70
1089,1065,1571,Shia002382Vols,2356,607,912,168,35
1089,396,1270,Shia002382Vols,2358,394,723,188,26
1089,809,1077,Shia002382Vols,2359,0,635,148,27
1089,1201,1428,JK007041,5085,712,1095,138,45
1089,325,1065,Shamela0023591,6463,314,1024,559,92
1089,419,675,Shamela0023591,6464,1345,1600,208,99
1089,675,1065,Shamela0023591,6465,0,390,317,100
1089,330,636,JK009266,8732,775,1132,227,76
1089,636,1065,JK009266,8739,359,788,349,100
1089,1185,1390,JK000458,3251,1164,1492,142,54
1089,314,888,Shamela0021821,1833,720,1272,415,88
1089,758,1065,Shamela0021821,1837,199,594,174,54
1089,396,636,Shia001122Vols,2641,169,463,194,81
1089,396,636,Shia002389Vols,2925,71,310,194,99
1089,412,1065,JK009362,8314,500,1168,528,97
1089,396,888,Zaydiyya0000274,631,835,1343,400,96
1089,888,1065,JK009257,943,1111,1520,144,43
1089,758,1027,Tafsir08060,504,813,1356,200,45
1089,396,636,PV2024060601,2641,169,463,194,81
1089,400,828,PV2024060601,4557,396,865,336,88
1089,396,982,Rafed0003943Vols,1539,1037,1622,477,99
1089,916,1065,Shamela0007798,8825,193,815,119,23
1089,853,1027,Shamela0001403,91,780,1105,83,31
1089,239,472,Tafsir01006,1443,454,958,147,35
1089,1081,1610,JK000264,1704,346,877,297,54
1089,828,1081,Tafsir06048,1173,580,1039,192,51
1089,883,1021,Sham19Y0014404,1497,1079,1616,111,25
1089,412,883,Masaha000554Vols,6111,491,955,369,96
1089,888,1065,Masaha000554Vols,6118,1345,1520,138,96
1089,419,1065,QuranAnalysis001,235,487,1133,525,100
1089,396,888,Rafed0001713Vols,2632,538,1030,400,100
1089,888,1065,Rafed0001713Vols,2636,279,456,144,100
1089,419,636,Tafsir07057,4112,350,567,176,100
1089,868,1065,Shamela0000041,2523,0,227,161,86
1089,314,1065,Shamela0023578,3111,66,776,559,90
1089,828,1065,Shamela0023578,3116,278,553,194,86
1090,1221,1552,Shamela0023632,3461,1111,1302,154,57
1090,974,1552,JK009268,4345,263,559,216,46
1090,1226,1552,Shamela0023628,3376,19,206,151,56
1090,1080,1543,Sham19Y0020891,6242,894,1256,212,51
1090,1052,1483,Meshkat00042485,6535,935,1534,251,49
1090,1226,1552,Sham19Y0147312,1927,261,448,151,56
1090,1048,1552,JK000791,2287,362,760,221,48
1090,1226,1552,JK009396,1586,40,243,151,54
1090,1221,1552,Sham19Y0023608,3898,934,1125,154,57
1090,749,1547,ShamIbadiyya0000075,907,79,801,302,36
1090,12,202,Shia002356Vols,1227,289,704,129,38
1090,675,1528,Shia002380Vols,784,831,1581,337,38
1090,12,202,JK001496,2327,527,968,143,39
1090,1080,1552,Shamela0008473,4681,433,873,188,37
1090,1052,1438,ShamIbadiyya0000050,5769,402,1201,204,29
1090,974,1552,Shamela0023591,6463,738,1034,216,46
1090,974,1552,Shamela0023591,6465,104,400,216,46
1090,974,1543,JK009266,8739,502,788,209,45
1090,1226,1552,Shamela0021821,1837,417,604,151,56
1090,974,1552,JK009362,8314,875,1178,215,45
1090,974,1552,QuranAnalysis001,235,847,1143,216,46
1090,70,529,Rafed0001713Vols,2634,970,1635,208,38
1090,505,787,Rafed0001713Vols,2635,43,396,131,40
1090,974,1552,Shamela0023578,3111,490,786,216,46
1090,1080,1552,Shamela0023578,3116,282,563,203,52
1091,404,628,Shamela0008381,6268,1036,1260,187,100
1091,337,1052,Shia001432Vols,5430,0,715,585,99
1091,157,798,Shia001432Vols,23830,0,640,523,99
1091,199,596,Shia002185Vols,2130,765,1044,203,60
1091,404,606,Shamela0023632,3463,1417,1618,167,99
1091,199,404,Shamela0023632,3463,46,250,165,99
1091,628,913,Shamela0023632,3465,515,800,231,100
1091,913,1059,Shamela0023632,3468,552,698,120,100
1091,224,478,Tafsir03097,1593,823,1523,201,34
1091,97,293,Shamela0095562,42,597,1139,156,36
1091,0,1041,JK009268,4345,559,1599,844,99
1091,199,628,Sham19Y0023618,1714,933,1361,351,99
1091,404,913,Sham19Y0023618,1715,95,830,312,50
1091,913,1059,Sham19Y0023618,1718,401,547,120,100
1091,0,418,Shamela0023628,3376,206,630,326,96
1091,404,652,Shamela0023628,3378,1177,1436,205,95
1091,544,822,Shamela0023628,3379,710,1170,205,52
1091,798,1059,Shamela0023628,3383,303,682,176,57
1091,0,628,Rafed0003257Vols,5022,537,1165,506,99
1091,628,798,Rafed0003257Vols,5027,274,444,139,100
1091,798,1052,Rafed0003257Vols,5028,967,1221,207,100
1091,628,798,Zaydiyya0000288,594,612,781,139,99
1091,798,1056,Masaha003294,125,134,460,171,64
1091,199,404,Sham19Y0020891,6247,12,217,167,100
1091,352,648,Sham19Y0020891,6247,1041,1341,229,88
1091,628,798,Sham19Y0020891,6249,6,176,139,100
1091,798,1052,Sham19Y0020891,6252,227,481,207,100
1091,134,529,Tafsir09068,1134,0,1188,284,29
1091,404,628,JK010001,299,359,582,186,99
1091,199,628,JK009270,5229,583,1010,351,99
1091,628,913,JK009270,5234,365,646,228,98
1091,913,1059,JK009270,5239,554,700,120,100
1091,0,384,Meshkat0014420,4482,1130,1513,305,99
1091,384,628,Meshkat0014420,4483,0,243,204,99
1091,74,529,Meshkat0014420,4485,209,1291,355,40
1091,628,1052,Meshkat0014420,4486,934,1356,346,99
1091,404,913,Sham19Y0016584,4208,510,763,200,47
1091,404,628,Sham19Y0009763,140,964,1188,186,99
1091,234,529,JK006476,1836,319,616,245,99
1091,670,898,JK006476,1837,1049,1280,183,97
1091,596,798,Shia001269,26,357,568,151,87
1091,818,1052,Shamela0037361,134,1089,1353,190,88
1091,147,628,Sham19Y0147312,1928,591,1057,367,91
1091,700,1052,Sham19Y0147312,1929,0,351,288,99
1091,798,1052,JK009158,323,297,680,207,66
1091,798,1052,Shia002550Vols,317,281,541,207,97
1091,404,1052,Sham19Y0018176,2286,1056,1358,217,39
1091,628,798,Sham19Y0013550,555,1187,1357,139,100
1091,150,418,Zaydiyya0000062,1979,666,996,206,77
1091,329,652,Zaydiyya0000062,1980,87,622,264,59
1091,611,913,Zaydiyya0000062,1981,12,320,239,95
1091,798,1067,Shamela0006947,5904,942,1226,216,93
1091,782,1052,Masaha000221,133,188,453,210,93
1091,798,1052,Hindawi049164181,254,748,1183,207,58
1091,404,1052,JK000110,1697,911,1395,393,72
1091,16,628,JK000791,2288,21,637,396,72
1091,652,812,JK000791,2290,0,172,131,93
1091,631,1036,JK000791,2291,1273,1605,227,69
1091,199,404,Shamela0000922,1215,1319,1524,167,100
1091,279,534,Shamela0000922,1216,11,648,196,37
1091,628,801,Shamela0000922,1217,78,251,139,98
1091,913,1052,Shamela0000922,1218,116,255,115,100
1091,182,404,Tafsir07076,7056,799,1019,172,95
1091,83,628,JK007018,791,365,1084,438,74
1091,705,1052,JK007018,792,586,1024,253,68
1091,529,812,JK007018,792,12,307,163,63
1091,404,636,Shamela0037325,2676,660,892,186,96
1091,798,1052,Shia004092Vols,7454,435,880,202,54
1091,798,1052,Shia004092Vols,7456,656,958,172,70
1091,404,946,Sham19Y0018103,3725,46,388,217,43
1091,801,1078,Zaydiyya0000295Vols,72,0,421,204,59
1091,199,642,JK009396,1586,935,1381,358,97
1091,798,1052,JK009396,1588,1284,1538,207,100
1091,199,628,Sham19Y0023608,3901,801,1229,351,99
1091,359,517,Sham19Y0023608,3903,107,574,124,31
1091,628,798,Sham19Y0023608,3903,1459,1629,139,100
1091,798,1052,Sham19Y0023608,3906,110,364,207,100
1091,798,1052,Zaydiyya0000027,45,1151,1504,171,59
1091,404,913,Shamela0021715,9406,897,1171,200,46
1091,171,418,JK000917,1449,304,554,175,85
1091,596,806,JK000917,1449,1317,1537,145,80
1091,404,946,JK000917,1452,511,959,288,60
1091,199,347,JK000381,1955,1388,1535,119,98
1091,46,700,JK000818,661,0,1099,519,58
1091,179,404,Meshkat00042488,1712,1066,1327,180,85
1091,293,636,Meshkat00042488,1713,216,1095,271,37
1091,686,822,Meshkat00042488,1714,0,136,111,100
1091,885,1052,Meshkat00042488,1715,0,167,137,100
1091,199,596,Shia003636Vols,14913,957,1231,203,60
1091,231,691,ShamIbadiyya0000075,908,111,947,370,53
1091,199,758,Rafed0003726Vols,1451,741,1200,202,35
1091,199,404,Shamela0004473,3244,483,688,167,100
1091,199,404,Shamela0004473,7070,238,443,167,100
1091,818,1052,Shamela0004473,12196,0,270,191,86
1091,199,631,JK010729,145,28,462,352,98
1091,0,628,Shia002356Vols,1228,37,660,493,96
1091,448,1059,Shia002356Vols,1229,837,1535,398,62
1091,54,606,Shia002380Vols,785,114,1576,446,37
1091,404,1052,PV2024060602,1697,911,1395,393,72
1091,798,1067,Sham19Y0014827,600,529,801,215,96
1091,38,404,JK001496,2331,669,1077,202,51
1091,352,642,JK001496,2332,111,422,216,81
1091,544,812,JK001496,2332,1081,1405,172,62
1091,798,1052,JK001496,2333,1348,1607,205,96
1091,147,628,Shamela0008473,4682,813,1345,395,90
1091,628,822,Shamela0008473,4686,204,473,158,72
1091,798,1041,Shamela0008473,4690,1280,1522,198,99
1091,199,404,Shia002382Vols,2360,898,1103,167,100
1091,412,628,Tafsir07055,326,966,1182,180,99
1091,798,1052,Rafed0002654Vols,7141,498,953,207,55
1091,798,1052,Rafed0002654Vols,7143,912,1214,172,70
1091,0,541,Shamela0023591,6463,1034,1573,434,99
1091,541,1059,Shamela0023591,6464,0,518,423,100
1091,224,798,Shamela0023591,6472,0,573,471,99
1091,758,1059,Shamela0023591,6474,727,1115,230,72
1091,206,529,JK009266,8749,0,321,264,98
1091,412,894,JK009266,8754,960,1604,378,70
1091,894,1059,JK009266,8755,0,165,135,100
1091,404,1030,Zaydiyya0000063,219,362,709,268,51
1091,199,628,Shamela0021821,1838,17,444,353,99
1091,293,529,Shamela0021821,1839,156,595,177,48
1091,507,822,Shamela0021821,1839,1034,1443,212,60
1091,716,1052,Shamela0021821,1840,853,1259,250,75
1091,404,913,Sham19Y0018106,3810,1191,1455,204,48
1091,829,1052,Tafsir10066,1890,629,965,108,30
1091,0,373,JK009362,8314,1178,1555,296,98
1091,373,1059,JK009362,8315,0,702,556,95
1091,606,798,Shamela0001311,2,32,218,145,92
1091,404,776,Zaydiyya0000274,653,1228,1536,203,57
1091,404,913,JK009257,945,340,1321,349,40
1091,628,798,Zaydiyya0000074,85,8,178,139,100
1091,147,392,JK006478,8985,1229,1562,198,72
1091,199,373,JK006478,8986,89,603,141,33
1091,601,812,JK006478,8988,1155,1427,165,73
1091,194,700,Tafsir08060,505,224,1007,361,53
1091,0,404,Rafed0003943Vols,1541,246,650,320,99
1091,404,798,Rafed0003943Vols,1542,107,1054,321,41
1091,798,1059,Rafed0003943Vols,1543,76,337,212,100
1091,199,340,Shamela0007798,8826,1406,1546,113,98
1091,628,818,Shamela0007798,8831,921,1136,152,86
1091,818,1052,Shamela0007798,8837,1114,1387,191,85
1091,329,628,Tafsir06048,1174,438,900,249,64
1091,575,1059,Tafsir09065,540,0,642,251,47
1091,404,913,Sham19Y0013605,4441,744,997,200,47
1091,122,404,Sham19Y0014404,1498,953,1297,227,81
1091,352,740,Sham19Y0014404,1499,669,1705,278,30
1091,724,1052,Sham19Y0014404,1500,553,1431,262,36
1091,798,1062,Rafed0003799Vols,2227,21,289,209,94
1091,801,1052,JK000444,50,0,468,205,53
1091,134,404,Meshkat00057178,3540,26,443,218,64
1091,392,648,Meshkat00057178,3541,990,1674,204,35
1091,601,822,Meshkat00057178,3542,1026,1293,181,81
1091,913,1052,Meshkat00057178,3546,0,139,114,99
1091,199,368,Masaha000554Vols,6122,1361,1527,135,98
1091,368,619,Masaha000554Vols,6123,0,246,199,94
1091,806,1045,Masaha000554Vols,6131,599,838,190,97
1091,0,428,QuranAnalysis001,235,1143,1570,341,99
1091,428,1059,QuranAnalysis001,236,0,631,519,100
1091,286,628,Rafed0001713Vols,2638,0,342,281,99
1091,601,798,Rafed0001713Vols,2639,697,937,162,82
1091,776,1062,Rafed0001713Vols,2641,566,885,225,86
1091,798,1052,Hindawi080948138,21,466,901,207,58
1091,656,812,Hindawi096279749,15,0,155,123,96
1091,0,404,Shamela0000041,2523,498,902,321,99
1091,337,601,Shamela0000041,2524,825,1613,218,33
1091,404,822,Shamela0000041,2525,107,1113,344,41
1091,829,1059,Shamela0000041,2529,68,434,180,60
1091,74,667,Shamela0023578,3116,877,1617,477,79
1091,667,812,Shamela0023578,3117,0,148,114,93
1091,404,628,Shamela0023578,3118,659,976,186,70
1091,798,1059,Shamela0023578,3121,805,1066,212,100
1091,863,1059,Shamela0023578,3123,406,843,159,44
1092,631,993,Shamela0008381,6268,1036,1260,186,61
1092,482,1104,Shia001432Vols,5430,0,363,290,56
1092,116,1104,Shia001432Vols,23830,0,542,433,53
1092,631,971,Shamela0023632,3463,1417,1618,166,58
1092,106,474,Shamela0095562,42,762,1394,207,37
1092,79,1104,JK009268,4345,660,1259,463,54
1092,158,993,Sham19Y0023618,1714,933,1361,350,50
1092,79,993,Rafed0003257Vols,5022,638,1165,409,53
1092,474,886,Shamela0022593,2591,20,734,221,34
1092,507,1035,Sham19Y0020891,6247,966,1341,250,52
1092,158,993,JK009270,5229,583,1010,349,50
1092,631,993,Sham19Y0009763,140,964,1188,185,61
1092,605,1095,Meshkat00042485,6542,133,720,314,61
1092,52,998,Sham19Y0147312,1928,377,1062,386,42
1092,631,1039,JK000110,1697,911,1165,204,60
1092,158,993,JK000791,2288,208,637,351,51
1092,381,807,Shamela0000922,1216,11,648,215,34
1092,158,993,JK009396,1586,935,1364,351,51
1092,158,993,Sham19Y0023608,3901,801,1229,350,50
1092,631,1039,JK000917,1452,511,813,204,56
1092,372,724,JK000465,3970,210,964,240,38
1092,79,1100,JK000818,661,61,1024,486,50
1092,474,971,Shia002380Vols,785,1063,1576,297,60
1092,631,1039,PV2024060602,1697,911,1165,204,60
1092,106,993,Shamela0008473,4682,813,1345,394,50
1092,468,756,Shia002382Vols,1774,1333,1604,195,77
1092,474,993,Shia002382Vols,2361,690,1256,327,62
1092,409,691,Shamela0012884,4932,128,529,99,22
1092,79,814,Shamela0023591,6463,1135,1573,341,55
1092,183,1104,Shamela0023591,6472,0,475,381,50
1092,325,807,JK000458,3257,187,811,297,52
1092,158,993,Shamela0021821,1838,17,444,351,50
1092,325,1192,Tafsir08060,505,294,1082,406,48
1092,29,631,Tafsir01006,1446,691,1593,387,50
1092,158,756,Rafed0001713Vols,2638,727,1638,340,41
1092,631,966,Shamela0000041,2524,1417,1613,162,57
1092,631,993,Shamela0000041,2525,107,587,205,45
1092,33,1054,Shamela0023578,3116,984,1617,445,51
1092,631,993,Shamela0023578,3118,659,976,199,55
1093,1213,1408,Shia001432Vols,2520,1386,1581,156,100
1093,379,1213,Shia001432Vols,5430,439,715,222,32
1093,1197,1355,Shia001432Vols,7097,326,495,115,86
1093,1213,1582,Shia001432Vols,22589,881,1251,298,99
1093,1213,1355,Shia001432Vols,23759,72,214,113,100
1093,1206,1576,JK000370,290,1203,1480,196,64
1093,379,869,Shamela0023632,3465,663,804,108,27
1093,900,1408,Shamela0023632,3468,552,886,271,65
1093,1408,1582,Shamela0023632,3469,1224,1399,142,99
1093,379,1202,JK009268,4345,1335,1599,213,31
1093,1202,1582,JK009268,4346,0,381,307,99
1093,379,865,Sham19Y0023618,1715,693,830,107,27
1093,900,1576,Sham19Y0023618,1718,401,903,407,74
1093,900,1408,Shamela0023628,3383,536,870,271,65
1093,1213,1582,Rafed0003257Vols,5031,417,787,298,99
1093,624,933,Tafsir09084,2424,426,725,140,41
1093,900,1582,Sham19Y0020891,6253,643,1450,446,62
1093,900,1355,JK009270,5239,554,835,228,61
1093,1355,1582,JK009270,5242,1133,1361,185,99
1093,105,282,Shamela0000140,1829,1207,1409,135,78
1093,1206,1582,Meshkat0014420,4490,920,1296,301,98
1093,900,1408,JK006476,1839,68,568,251,50
1093,1256,1576,Sham19Y0147312,1930,0,320,258,100
1093,753,1256,Shamela0022769,1582,17,820,292,44
1093,1206,1355,Kraken2107192213411,7,624,771,113,95
1093,1206,1355,Kraken2107192213411,61,386,533,113,95
1093,379,865,Zaydiyya0000062,1981,183,320,107,27
1093,900,1355,Zaydiyya0000062,1983,683,964,225,60
1093,1206,1582,Shamela0021512,96,786,1162,301,98
1093,1213,1444,JK000791,2292,1283,1513,185,99
1093,1213,1582,Noorlib0038508,26,1033,1345,238,75
1093,1206,1582,JK000365,730,105,481,301,98
1093,1294,1582,JK007018,793,0,304,234,94
1093,509,942,Sham19Y0127677,3703,594,1038,177,42
1093,1213,1582,JK009396,1589,911,1281,298,99
1093,1213,1582,Sham19Y0023608,3908,252,622,298,99
1093,1213,1408,JK000381,2191,968,1163,156,100
1093,1206,1408,JK000381,8065,238,510,161,73
1093,1206,1421,Shamela0001340,305,1332,1541,163,95
1093,1213,1582,Sham19Y0017530,1,826,1228,298,91
1093,911,1355,Meshkat00042488,1715,830,1446,269,50
1093,1213,1408,Sham19Y0020587,6,961,1156,156,100
1093,649,803,Shia003636Vols,1004,850,983,98,78
1093,808,1567,ShamIbadiyya0000075,909,194,1392,490,46
1093,1230,1374,Shia004014Vols,35,0,144,116,100
1093,819,1374,Shia002356Vols,1229,1341,1686,274,60
1093,933,1555,Shia002380Vols,787,0,860,458,64
1093,942,1393,JK001496,2334,1066,1497,255,60
1093,1393,1582,JK001496,2335,0,191,154,98
1093,0,379,Shamela0008473,4690,89,449,167,44
1093,519,933,Shamela0008473,4691,767,1155,157,33
1093,1213,1582,Shamela0008473,4693,391,761,298,99
1093,748,1498,Shia002382Vols,1778,406,1539,511,54
1093,748,1421,Shia002382Vols,2365,211,1535,441,40
1093,1236,1576,Tafsir05047,916,195,739,270,61
1093,401,933,Rafed0002654Vols,473,33,533,195,36
1093,379,1582,Shamela0023591,6464,235,881,520,53
1093,819,1582,Shamela0023591,6474,923,1478,449,72
1093,846,1355,JK009266,8755,0,300,243,58
1093,1330,1582,JK009266,8766,580,872,205,86
1093,833,1094,JK000458,3259,42,390,182,62
1093,621,1582,Shamela0021821,1841,201,1273,522,55
1093,819,1582,JK009362,8315,507,1072,445,71
1093,1213,1582,Zaydiyya0000075BK23,6,734,1104,297,99
1093,1206,1355,JK000103,166,1293,1441,116,97
1093,819,1576,Rafed0003943Vols,1543,145,693,443,72
1093,683,933,Shamela0007798,8836,0,189,108,53
1093,1094,1487,Sham19Y0014404,1501,83,1073,290,36
1093,1213,1408,Meshkat00057178,3547,214,827,156,31
1093,1408,1582,Meshkat00057178,3548,186,361,142,99
1093,1271,1582,Masaha000554Vols,6136,0,308,247,97
1093,379,1582,QuranAnalysis001,236,348,994,520,53
1093,621,939,Shamela0001438,5840,1041,1366,148,45
1093,833,1213,Rafed0001713Vols,2642,841,1520,268,47
1093,1398,1582,Rafed0001713Vols,2643,1225,1412,146,96
1093,1213,1408,Rafed0001713Vols,2643,9,204,156,100
1093,1262,1555,Tafsir04042,2190,289,1244,215,27
1093,1206,1408,JK006950,2366,1257,1529,161,73
1093,827,1355,Shamela0000041,2529,198,569,265,58
1093,1276,1582,Shamela0000041,2530,140,461,249,95
1093,819,1582,Shamela0023578,3121,874,1429,449,72
1093,624,1309,Shamela0023578,3123,181,1088,276,32
1093,1305,1576,Shamela0023578,3124,10,477,219,58
1094,0,168,Shia001432Vols,2521,0,168,136,99
1094,431,1603,Shia001432Vols,22589,872,1331,353,37
1094,0,168,Shamela0023632,3469,1399,1567,137,100
1094,0,440,JK009268,4346,381,821,358,100
1094,440,1046,Sham19Y0023618,1718,540,814,216,44
1094,0,451,Sham19Y0023618,1719,216,668,363,98
1094,0,440,Shamela0023628,3385,424,864,358,100
1094,0,168,Rafed0003257Vols,5031,787,955,137,100
1094,672,1059,Tafsir09084,2425,674,1261,174,32
1094,440,1583,Sham19Y0020891,6253,1080,1509,333,36
1094,440,1603,Meshkat0014420,4490,926,1376,350,37
1094,0,440,Sham19Y0147312,1930,564,1004,358,100
1094,0,440,Shamela0021512,96,1162,1603,358,99
1094,440,972,JK000791,2292,1283,1513,181,42
1094,926,1603,Shamela0021766,4332,120,761,260,36
1094,0,467,JK000365,730,481,968,367,92
1094,0,440,JK007018,793,304,969,357,66
1094,440,1612,JK009396,1589,900,1378,356,37
1094,440,1603,Sham19Y0023608,3908,252,702,350,37
1094,440,1381,JK000818,662,322,1029,326,36
1094,440,1603,Shia002380Vols,787,347,1253,465,41
1094,397,672,JK001496,2335,222,655,164,44
1094,527,1005,Tafsir02102,3818,887,1547,218,38
1094,440,1603,Shamela0008473,4693,391,841,350,37
1094,672,1059,Shamela0008473,4694,138,719,174,32
1094,440,1046,Shia002382Vols,1778,1075,1516,273,51
1094,0,447,Shamela0023591,6464,881,1328,358,98
1094,0,159,Shamela0023591,6474,1478,1636,130,99
1094,0,451,JK009266,8766,872,1323,361,98
1094,440,1603,Shamela0021821,1841,903,1353,350,37
1094,440,1623,JK009362,8315,695,1174,364,38
1094,440,1603,Zaydiyya0000075BK23,6,734,1184,345,36
1094,1241,1583,Tafsir08060,506,623,928,121,40
1094,440,1046,Rafed0003943Vols,1543,330,604,216,44
1094,0,232,Shamela0007798,8842,0,493,158,38
1094,0,232,Sham19Y0014404,1502,29,673,153,29
1094,605,1046,Masaha000554Vols,6136,5,211,162,45
1094,0,440,QuranAnalysis001,236,994,1434,358,100
1094,0,171,Rafed0001713Vols,2643,1412,1582,139,99
1094,936,1467,Rafed0001713Vols,2644,357,744,222,46
1094,921,1381,Tafsir04042,2190,944,1244,154,35
1094,0,125,Tafsir04056,7006,157,334,103,70
1094,605,1046,Shamela0000041,2530,140,365,168,47
1094,0,141,Shamela0023578,3121,1429,1569,116,99
1094,0,154,Shamela0023578,3124,1113,1297,124,82
1095,840,1143,Shamela0006626,294,415,719,245,99
1095,949,1467,ShamAY0037152,817,268,786,420,100
1095,903,1353,Shia001432Vols,6552,497,951,361,97
1095,790,1143,Shamela0023632,3472,291,624,257,89
1095,1118,1480,Shamela0023632,3474,526,946,286,84
1095,790,1367,JK009268,4364,955,1597,453,84
1095,917,1353,JK000363,94,386,822,356,100
1095,1143,1503,Sham19Y0023618,1720,1205,1571,226,71
1095,840,1280,Sham19Y0023618,1720,83,523,358,100
1095,1161,1367,Shamela0023628,3391,0,210,164,95
1095,840,1353,Rafed0003257Vols,5041,776,1297,418,98
1095,790,959,Sham19Y0020891,6260,1322,1476,124,91
1095,917,1280,JK010001,1015,1016,1378,296,99
1095,917,1280,JK010001,3578,65,427,296,99
1095,1143,1382,JK009270,5256,1166,1408,182,92
1095,840,1353,Meshkat0014420,4496,944,1467,418,97
1095,971,1377,ShamAY0036821,1770,410,809,315,94
1095,516,795,Meshkat00042485,6554,862,1100,138,53
1095,863,1362,Shamela0004445,1616,15,513,406,99
1095,863,1280,Hindawi074603536Vols,194,162,578,338,99
1095,840,1353,JK000791,2297,189,702,418,100
1095,394,956,Shamela0021766,4334,33,945,322,40
1095,863,1371,Sham19Y0009800,739,248,763,406,97
1095,1030,1452,JK009313,1749,9,800,343,53
1095,863,1337,Shamela0009770,395,304,879,337,66
1095,840,1206,JK009396,1591,1166,1552,298,94
1095,840,1353,Sham19Y0023608,3916,630,1143,418,100
1095,917,1280,JK000381,4449,1013,1375,296,99
1095,917,1353,JK000381,8187,216,652,356,100
1095,977,1393,JK000818,663,655,1538,327,45
1095,522,1199,Meshkat00042488,1718,21,881,368,46
1095,917,1280,Shia003636Vols,715,412,790,296,96
1095,966,1280,Hindawi061585791,177,0,314,257,100
1095,790,1263,Shia002356Vols,1232,876,1542,369,67
1095,0,474,Shia002380Vols,788,409,916,222,40
1095,522,977,Shia002380Vols,789,20,384,266,70
1095,840,1353,Shamela0008473,4698,883,1396,418,100
1095,0,474,Shia002382Vols,1780,527,1099,230,39
1095,436,977,Shia002382Vols,1781,216,694,282,59
1095,436,1143,Shia002382Vols,2368,891,1493,390,66
1095,917,1280,Tafsir07055,1071,1159,1520,295,99
1095,917,1280,Tafsir07055,3670,343,704,295,99
1095,1002,1353,ShamAY0035828,47,0,351,288,100
1095,949,1596,Shamela0023591,6479,0,648,526,99
1095,856,1174,Shamela0023591,6480,1307,1623,256,98
1095,1174,1596,Shamela0023591,6481,0,423,341,99
1095,790,1280,JK009266,8772,207,768,392,85
1095,1217,1596,JK009266,8777,437,931,287,72
1095,840,1353,Shamela0021821,1843,709,1221,417,99
1095,917,1280,Hindawi030353837,908,1075,1438,296,100
1095,917,1280,JK000351,8,861,1224,296,100
1095,1045,1596,JK009362,8368,0,552,448,99
1095,971,1353,Rafed0003943Vols,1547,0,383,313,99
1095,1103,1353,Sham19Y0014404,1505,331,1055,204,34
1095,856,1357,Masaha000554Vols,6147,953,1447,391,96
1095,1037,1596,QuranAnalysis001,237,0,560,454,99
1095,856,1283,Rafed0001713Vols,2649,0,430,347,99
1095,856,1280,JK000122,1313,652,1029,258,75
1095,917,1353,AOCP20251104062,95,1072,1507,353,99
1095,917,1353,JK006950,2488,1066,1502,356,100
1095,903,1353,Shamela0023578,3127,0,450,368,100
1096,0,478,Zaydiyya0000054,496,318,796,394,100
1096,73,483,Shia001432Vols,7360,888,1297,337,99
1096,81,483,Shamela0000894,6135,0,402,331,100
1096,0,413,Shia000812Vols,683,1233,1643,339,99
1096,0,633,JK009268,4365,230,783,423,81
1096,73,483,Shamela0010460,231,129,539,338,100
1096,73,483,JK000146,355,1124,1534,338,100
1096,0,483,Meshkat0014420,4501,572,1055,398,100
1096,73,497,Shamela0037631,9,420,845,341,97
1096,73,483,Shamela0029677,5,594,1004,337,99
1096,1015,1342,Meshkat00042485,6557,652,908,142,45
1096,73,483,Sham19Y0014592,850,176,586,338,100
1096,73,497,Shamela0006947,16175,980,1415,339,94
1096,73,483,Shamela0010517,91,615,1025,338,99
1096,143,483,Shamela0010517,2839,0,359,278,93
1096,0,376,JK006800,41,520,895,308,99
1096,0,483,JK000791,2300,841,1324,398,100
1096,1039,1411,Shamela0021766,4341,170,700,197,42
1096,41,483,JK000365,274,93,550,343,91
1096,0,483,Sham19Y0009800,743,1033,1512,394,99
1096,56,483,JK009396,1596,353,779,344,97
1096,130,483,JK000381,1086,0,353,289,100
1096,0,483,JK000381,8111,76,559,398,100
1096,97,483,JK000381,8280,0,386,317,100
1096,1033,1180,ShamIbadiyya0000075,911,26,153,88,69
1096,73,483,Shamela0004473,2831,328,781,337,90
1096,135,483,Hindawi025362624,94,0,348,285,100
1096,0,251,JK000105,1305,928,1179,207,99
1096,0,483,Kraken211201162527,49,618,1100,393,98
1096,48,478,Zaydiyya0000403,24,1248,1664,338,95
1096,73,483,Shamela0008473,4713,68,478,338,100
1096,73,483,JK001324,321,952,1362,338,100
1096,0,633,Shamela0023591,6479,648,1197,419,81
1096,73,483,Shamela0096337,319,277,687,338,100
1096,0,483,Shamela0021821,1846,708,1362,398,73
1096,6,633,JK009362,8368,559,1109,418,81
1096,73,429,Shamela0096178,237,1315,1670,295,99
1096,0,483,JK000008,18,666,1150,396,99
1096,73,464,Zaydiyya0000274,664,479,870,323,100
1096,73,483,Sham19Y0016618,164,1070,1480,338,100
1096,0,483,Rafed0003943Vols,1548,1108,1587,394,99
1096,73,483,Zaydiyya0000148,582,351,761,338,100
1096,850,1491,Shamela0010273,3293,727,1537,239,29
1096,1015,1356,Tafsir01006,1450,1268,1543,153,46
1096,0,633,QuranAnalysis001,237,560,1113,423,81
1096,73,376,Shamela0010013,164,536,839,250,100
1096,1039,1319,Rafed0001713Vols,2651,334,545,121,48
1096,0,483,Rafed0001713Vols,2653,361,840,394,99
1096,48,483,Zaydiyya0000107,36,128,550,343,96
1096,0,483,JK001414,1733,4,486,397,99
1096,0,483,JK006950,2412,938,1421,398,100
1096,0,483,JK006950,2581,567,1050,398,100
1097,7,510,JK009313,1749,248,545,210,50
1097,7,510,JK000818,663,990,1368,214,49
1097,22,510,Shia002380Vols,790,790,1227,209,47
1097,7,366,Shamela0023578,3131,64,374,182,55
1098,685,954,Meshkat00042485,6571,451,778,172,60
1098,361,685,Shia002380Vols,791,778,1430,172,28
1098,298,621,Shia002382Vols,2372,655,1002,152,44
1098,427,1315,Tafsir01006,1453,0,1251,408,34
1099,1189,1435,JK000330,957,751,997,202,100
1099,1189,1588,Shia001432Vols,6552,968,1368,325,99
1099,1189,1492,Shamela0023632,3481,174,477,247,100
1099,1189,1588,JK009268,4365,713,1113,325,99
1099,1189,1588,Sham19Y0023618,1724,742,1142,325,99
1099,1189,1435,Shamela0023628,3401,304,550,202,100
1099,1346,1588,Shamela0023628,3401,1027,1485,196,52
1099,1189,1588,Rafed0003257Vols,5055,455,855,325,99
1099,1189,1441,Sham19Y0020891,6284,728,986,202,95
1099,1445,1588,Sham19Y0020891,6285,0,144,115,99
1099,1297,1435,Tafsir09068,1142,1368,1614,114,56
1099,1189,1492,JK009270,5276,1237,1539,247,99
1099,1189,1588,Meshkat0014420,4509,594,994,325,99
1099,1278,1543,Meshkat0014420,4510,746,1420,209,38
1099,1278,1588,JK006476,1849,76,919,243,35
1099,1189,1549,Tafsir02104,594,509,1139,274,52
1099,1313,1588,Sham19Y0147312,1935,0,603,224,45
1099,1189,1435,Shamela0004445,1619,841,1087,202,100
1099,1282,1543,Shamela0022769,1591,180,1072,204,28
1099,1189,1435,JK000375,107,1318,1564,202,100
1099,1189,1435,Hindawi074603536Vols,191,1075,1321,202,100
1099,1350,1588,Zaydiyya0000062,1996,0,237,191,97
1099,1189,1435,Shamela0006947,21672,626,872,202,100
1099,1241,1588,JK000791,2305,0,348,282,99
1099,1229,1567,Shamela0000922,1223,1035,1566,211,48
1099,1189,1492,Sham19Y0009800,647,314,617,247,100
1099,1189,1585,JK009313,1750,376,1039,316,58
1099,25,244,JK009313,1750,149,376,150,78
1099,1189,1435,Tafsir07076,9396,1183,1429,202,100
1099,1193,1588,JK007018,798,0,405,322,97
1099,1189,1425,JK009396,1598,1372,1607,194,99
1099,1425,1588,JK009396,1599,0,164,131,99
1099,1189,1435,Sham19Y0023608,1700,140,386,202,100
1099,1189,1588,Sham19Y0023608,3928,809,1209,325,99
1099,1189,1468,JK000381,2191,1348,1627,228,100
1099,1189,1585,JK000818,665,104,853,314,51
1099,1196,1588,Meshkat00042488,1723,0,1164,283,28
1099,1189,1450,Sham19Y0020587,6,1393,1653,214,99
1099,1193,1435,Shia003636Vols,713,140,382,199,100
1099,1189,1492,Rafed0003726Vols,1455,768,1071,247,100
1099,1189,1435,Shamela0004473,6283,764,1010,202,100
1099,1244,1588,Shia002356Vols,1237,0,345,274,96
1099,1292,1560,Shia002380Vols,793,8,615,217,44
1099,1422,1588,JK001496,2345,1127,1311,129,88
1099,1189,1435,Tafsir02102,3081,1027,1273,202,100
1099,1189,1435,Shamela0008473,3412,318,564,202,100
1099,1189,1588,Shamela0008473,4719,1158,1558,325,99
1099,1278,1585,Tafsir05047,922,612,1282,241,44
1099,1189,1588,Shamela0023591,6479,1127,1527,325,99
1099,1367,1588,Shamela0023591,6489,0,222,179,99
1099,1297,1588,JK009266,8800,0,292,237,99
1099,1189,1588,Shamela0010283,3503,938,1550,325,65
1099,1189,1588,Shamela0021821,1849,1014,1414,325,99
1099,1189,1435,Shamela0007597,300,553,799,202,100
1099,1189,1588,Rafed0000185Vols,643,392,792,325,99
1099,1189,1588,JK009362,8368,1039,1439,325,99
1099,1435,1588,JK009257,951,283,672,122,38
1099,1435,1588,JK006478,9014,1011,1235,123,68
1099,1189,1435,Shamela0009789,354,833,1079,202,100
1099,0,225,Tafsir08060,509,57,311,139,64
1099,1255,1585,Tafsir08060,509,783,1407,190,36
1099,1244,1435,Rafed0003943Vols,1549,0,191,157,100
1099,1346,1515,Shamela0007798,8868,970,1565,137,28
1099,1189,1492,Hindawi020604026,301,1003,1306,247,100
1099,1387,1588,Sham19Y0014404,1509,0,617,161,32
1099,1435,1588,Meshkat00057178,3561,1108,1262,123,99
1099,1189,1435,Masaha000554Vols,60,305,551,202,100
1099,1189,1588,Masaha000554Vols,6172,877,1276,320,97
1099,1189,1588,QuranAnalysis001,237,1043,1443,325,99
1099,1189,1588,Rafed0001713Vols,2657,342,742,325,99
1099,1200,1435,Shamela0000432,4112,0,235,194,100
1099,1435,1585,Shamela0000432,4410,1018,1168,120,100
1099,1248,1585,Tafsir04042,2201,16,815,267,41
1099,1189,1588,Shamela0000041,2545,587,1172,322,67
1099,1189,1588,Shamela0023578,3146,356,756,325,99
1099,1213,1543,Shamela0023578,3147,311,783,265,69
1099,1259,1560,JK000876,1538,257,1361,230,25
1099,1435,1588,Zaydiyya0000388,39,740,894,123,99
1100,0,198,Shia001432Vols,6552,1368,1565,160,99
1100,10,222,Shia001432Vols,6563,384,672,165,71
1100,0,222,Shamela0023632,3481,1353,1574,180,99
1100,0,246,JK009268,4365,1113,1355,189,95
1100,222,1225,Sham19Y0023618,1724,742,1162,328,40
1100,213,1225,Rafed0003257Vols,5055,439,875,334,40
1100,20,239,Rafed0003257Vols,5059,292,516,172,93
1100,0,222,Sham19Y0020891,6285,144,494,180,63
1100,20,222,JK009270,5281,557,759,164,100
1100,222,1328,Meshkat0014420,4509,594,1040,346,38
1100,0,233,Shamela0001466,3612,821,1050,176,92
1100,435,988,Shamela0022769,1591,257,1078,219,29
1100,25,239,Zaydiyya0000062,1997,0,206,165,94
1100,0,473,JK000791,2305,348,857,291,64
1100,13,222,Shamela0023833,596,123,364,162,82
1100,222,1328,JK009313,1750,376,1130,399,39
1100,226,1328,JK007018,798,0,454,343,38
1100,569,798,JK000906,10614,11,674,141,26
1100,0,222,JK009396,1599,164,386,180,100
1100,0,246,Sham19Y0023608,3928,1209,1456,186,93
1100,222,1328,JK000818,665,104,964,411,39
1100,1460,1606,ShamIbadiyya0000075,914,34,194,112,80
1100,10,222,Tafsir04038,672,876,1170,163,69
1100,405,1606,Shia002380Vols,793,8,1129,520,43
1100,0,222,JK001496,2345,1311,1533,180,100
1100,222,985,Shamela0008473,4719,1158,1512,284,45
1100,6,459,Shamela0008473,4720,0,502,304,64
1100,222,1225,Shia002382Vols,1786,465,1541,480,46
1100,1460,1606,Shia002382Vols,1787,19,248,105,53
1100,1143,1606,Shia002382Vols,2375,997,1432,189,38
1100,20,222,Shia002382Vols,2375,628,836,162,95
1100,1460,1602,ShamIbadiyya0000050,5802,439,679,99,49
1100,13,222,Masaha002028Vols,1223,352,593,162,82
1100,222,1328,Shamela0023591,6479,1127,1573,346,38
1100,222,1249,Shamela0010283,3503,938,1586,344,35
1100,0,176,Shamela0021821,1849,1414,1589,142,99
1100,222,1225,Rafed0000185Vols,643,392,812,328,40
1100,0,176,JK009362,8368,1439,1626,142,93
1100,0,246,Rafed0003943Vols,1551,640,882,189,95
1100,222,1229,Masaha000554Vols,6172,877,1300,321,39
1100,0,176,QuranAnalysis001,237,1443,1618,142,99
1100,0,213,Rafed0001713Vols,2657,742,955,172,100
1100,20,222,Shamela0000432,4421,1182,1435,164,79
1100,1284,1606,Tafsir04056,7023,349,873,141,29
1100,222,1229,Shamela0000041,2545,587,1196,348,37
1100,0,246,Shamela0023578,3146,756,998,189,95
1100,313,953,JK000876,1538,257,1246,294,30
1101,516,883,Shia001432Vols,29391,543,910,300,100
1101,516,914,Shia001432Vols,30741,461,857,306,93
1101,507,891,Shia001432Vols,30765,436,820,304,97
1101,516,883,Shia001432Vols,31783,458,825,300,100
1101,516,883,Shia001432Vols,31814,374,741,300,100
1101,516,883,Shia001340,314,985,1352,300,100
1101,1021,1203,Shamela0095562,53,0,183,100,56
1101,200,591,JK009268,4365,1237,1618,312,97
1101,591,883,JK009268,4366,0,292,239,100
1101,492,883,Sham19Y0023618,1727,875,1262,304,95
1101,307,937,Shamela0023628,3408,168,723,437,84
1101,516,817,Meshkat0014420,4513,1338,1638,246,99
1101,516,883,Shia001357,173,179,546,300,100
1101,0,283,Meshkat00042485,6581,1404,1547,83,31
1101,516,883,Sham19Y0147312,1936,1231,1598,300,100
1101,247,516,Sham19Y0147312,1936,246,514,221,99
1101,516,883,Masaha001075,55,1129,1496,300,100
1101,516,883,Masaha001075,130,121,488,300,100
1101,516,883,Masaha001075,132,823,1190,300,100
1101,558,883,Masaha001075,166,0,325,266,100
1101,516,883,Masaha001075,208,650,1017,300,100
1101,213,675,JK000791,2309,813,1557,337,53
1101,473,886,JK009396,1601,1104,1520,313,93
1101,492,883,Sham19Y0023608,3935,575,962,304,95
1101,516,849,JK000179,1275,1230,1562,271,99
1101,516,883,JK001496,2348,203,876,295,53
1101,479,883,Shamela0008473,4725,258,705,324,88
1101,846,1597,Shia002382Vols,1787,403,1610,406,38
1101,0,479,Shia002382Vols,1787,280,821,239,43
1101,883,1254,Shia002382Vols,2376,269,752,225,51
1101,247,541,Tafsir05047,923,618,1181,224,48
1101,200,883,Shamela0023591,6480,30,704,551,98
1101,221,883,Shamela0023591,6494,0,662,542,100
1101,247,883,JK009266,8808,667,1301,520,99
1101,386,883,Shamela0021821,1852,0,906,407,54
1101,261,883,JK009362,8369,0,633,509,97
1101,516,883,JK001110,64,100,467,300,100
1101,516,865,Zaydiyya0000371,5,1166,1514,285,99
1101,516,891,Shia000210,26,249,624,301,98
1101,261,903,QuranAnalysis001,238,0,654,525,98
1101,440,886,Rafed0001713Vols,2660,969,1463,363,89
1101,1230,1600,Rafed0001713Vols,2661,13,866,238,34
1101,516,891,Shia001288,18,1077,1455,301,97
1101,200,883,Shamela0023578,3146,880,1553,551,98
1101,307,758,Shamela0023578,3150,747,1478,339,55
1102,844,1106,Zaydiyya0000054,478,1160,1421,214,99
1102,1269,1542,Shamela0008381,1023,532,806,221,99
1102,1269,1593,Shia001432Vols,2521,182,502,226,81
1102,1269,1611,Shia001432Vols,3564,388,730,277,100
1102,844,1204,Shia001432Vols,6806,1247,1606,296,99
1102,1204,1637,Shia001432Vols,6807,0,433,349,99
1102,1269,1611,Shia001432Vols,22462,639,979,275,99
1102,821,1637,Shia001432Vols,23759,474,1295,655,97
1102,1418,1547,Shia001432Vols,27236,309,438,102,98
1102,529,770,Shia001432Vols,28706,578,811,180,94
1102,770,1113,Shamela0023632,3486,1014,1376,257,87
1102,1113,1294,Shamela0023632,3488,1408,1588,149,99
1102,1294,1542,Shamela0023632,3489,0,248,199,98
1102,529,770,Sham19Y0023625,938,640,880,180,90
1102,516,770,Sham19Y0023625,972,969,1198,159,76
1102,516,762,ShamIbadiyya0000193,4272,16,259,169,80
1102,844,1113,Shamela0000894,2567,673,942,220,100
1102,844,1079,Shamela0000894,5702,1361,1595,193,99
1102,645,775,Shamela0003722,7124,0,132,99,94
1102,529,706,Tafsir09050,2223,304,480,115,74
1102,519,770,Tafsir09050,4379,725,962,182,90
1102,770,1542,JK009268,4376,828,1672,617,87
1102,529,1113,Sham19Y0023618,1728,908,1545,437,84
1102,1113,1269,Sham19Y0023618,1730,574,730,130,100
1102,1247,1633,Sham19Y0023618,1731,505,937,300,85
1102,852,1611,Tafsir06051,106,51,875,568,84
1102,486,775,Shamela0022642,237,960,1256,200,83
1102,529,770,Sham19Y0017063,464,1199,1436,184,94
1102,555,1113,Shamela0023628,3412,0,668,423,75
1102,1047,1611,Shamela0023628,3415,9,740,456,76
1102,529,686,Shamela0025794,3850,1294,1448,123,98
1102,821,1269,Rafed0003257Vols,5070,1077,1532,369,98
1102,1247,1637,Rafed0003257Vols,5075,846,1235,300,95
1102,529,770,JK001249,75,1154,1394,181,91
1102,320,784,Tafsir09084,2444,690,1237,256,57
1102,1027,1269,Tafsir09084,2446,865,1349,200,50
1102,502,1194,Sham19Y0020891,6294,562,1277,529,88
1102,1269,1611,Sham19Y0020891,6300,1243,1583,276,99
1102,1269,1637,Tafsir09068,1147,97,1085,276,34
1102,852,1113,JK009270,5299,1164,1425,214,100
1102,1113,1272,JK009270,5305,386,547,130,96
1102,1269,1611,JK009270,5307,484,827,277,99
1102,516,770,Sham19Y0150960,188,323,550,142,62
1102,864,1497,Sham19Y0150960,660,7,641,500,96
1102,1269,1637,ShamIbadiyya0000198Vols,846,19,387,297,99
1102,933,1113,ShamIbadiyya0000198Vols,954,0,180,147,100
1102,821,1535,Meshkat0014420,4517,873,1595,581,97
1102,529,775,JK007045,335,759,1002,185,93
1102,529,770,JK000140,959,441,679,184,95
1102,917,1194,JK006476,1855,1063,1381,204,78
1102,1197,1637,JK006476,1856,689,1245,313,69
1102,533,770,JK009390,2249,962,1208,169,84
1102,552,770,Shamela0036543,1913,147,366,170,94
1102,844,1113,Shamela0009924,118,673,942,220,100
1102,635,775,Sham19Y0145212,1537,458,602,105,91
1102,552,753,Sham19Y0132973,183,335,528,142,89
1102,548,770,Kraken220413202218,230,933,1156,170,95
1102,852,1269,Tafsir02104,596,636,1287,304,53
1102,516,762,Shamela0001466,3624,420,660,183,92
1102,770,1113,Sham19Y0147312,1937,759,1064,251,88
1102,1027,1269,Sham19Y0147312,1938,1285,1514,148,74
1102,1264,1611,Sham19Y0147312,1939,709,1055,277,98
1102,519,770,Shamela0026884,392,198,423,170,85
1102,529,775,Sham19Y0014592,735,13,256,184,93
1102,529,770,Shamela0000782,987,1041,1279,184,95
1102,529,1113,Zaydiyya0000062,2000,253,856,440,87
1102,1113,1542,Zaydiyya0000062,2002,586,1012,348,98
1102,770,1194,Shamela0006947,10208,1000,1428,199,44
1102,1269,1637,Shamela0008555,94,1162,1530,297,99
1102,1269,1542,Shamela0010517,2107,612,884,220,99
1102,1418,1547,Masaha001075,50,1284,1413,102,98
1102,762,1269,JK000791,2312,1078,1578,385,91
1102,1269,1637,JK000791,2315,969,1337,297,99
1102,404,844,Shamela0021766,4376,302,1014,295,50
1102,519,753,JK009336,2325,175,397,165,89
1102,1253,1637,JK000365,1239,660,1038,300,96
1102,852,1113,Shamela0010875,389,682,943,211,98
1102,844,1113,Shamela0021751,7430,847,1116,220,100
1102,552,770,Shamela0021659,1390,461,676,166,94
1102,933,1113,Shamela0000922,1228,0,180,147,100
1102,1224,1542,Shamela0000922,1229,0,581,258,54
1102,529,775,JK000080,219,251,494,185,93
1102,519,753,Sham19Y0014309,487,747,976,170,88
1102,983,1542,Sham19Y0009800,987,0,559,454,99
1102,844,1269,JK009313,2066,195,1045,338,48
1102,552,770,JK009274,952,1097,1337,164,84
1102,1241,1542,JK007018,800,1328,1614,227,93
1102,770,1269,JK007018,800,473,951,386,92
1102,552,770,Sham19Y0127677,2227,489,704,166,94
1102,529,770,ShamAY0034080,256,169,411,183,93
1102,529,784,ShamAY0034080,260,193,464,193,87
1102,519,770,Zaydiyya0000295Vols,390,926,1173,187,89
1102,529,770,JK000906,10625,771,1011,185,93
1102,770,1269,JK009396,1604,201,710,383,88
1102,1269,1637,JK009396,1605,380,748,297,99
1102,770,1269,Sham19Y0023608,3938,908,1383,383,93
1102,1269,1637,Sham19Y0023608,3941,952,1321,295,98
1102,844,1113,Sham19Y0095660,1475,536,805,220,100
1102,552,753,Shamela0036446,906,790,983,142,89
1102,1269,1615,JK000381,101,162,507,278,99
1102,1333,1637,JK000381,4190,0,304,246,99
1102,1269,1542,JK000381,5582,409,681,220,99
1102,529,770,Sham19Y0148271,1897,208,449,189,97
1102,529,770,JK000465,4006,1004,1243,189,98
1102,552,770,JK000001,663,191,362,130,75
1102,529,775,Sham19Y0122257,1274,745,988,185,93
1102,770,1113,Meshkat00042488,1727,35,388,252,80
1102,1241,1542,Meshkat00042488,1728,1147,1494,239,85
1102,1027,1269,Meshkat00042488,1728,113,821,196,33
1102,972,1247,ShamIbadiyya0000075,916,42,454,227,66
1102,913,1440,Shamela0021537,2323,0,526,431,99
1102,879,1440,Shamela0022647,9,0,560,460,99
1102,1269,1550,Shamela0022371,276,1204,1486,223,97
1102,529,775,JK001429,92,1039,1278,182,92
1102,533,770,Kraken220413030928,75,204,438,172,86
1102,821,1611,Shia002356Vols,1240,79,868,642,98
1102,844,1580,JK001103,44,600,1605,600,72
1102,529,770,ShamAY0034059,7182,81,341,170,79
1102,552,706,Shamela0012220,1214,54,206,121,98
1102,844,1494,Shia002380Vols,795,394,1495,498,54
1102,529,770,PV2024060602,6744,177,415,184,95
1102,552,770,JK005021,136,1072,1247,130,75
1102,844,1113,Sham19Y0014827,608,434,702,220,99
1102,770,1194,JK001496,2349,504,936,332,92
1102,1269,1633,JK001496,2352,583,961,289,94
1102,516,753,Shamela0021536,164,359,604,166,81
1102,529,775,JK009315,50,128,371,176,87
1102,529,770,Shamela0008473,4728,1363,1603,186,96
1102,770,1269,Shamela0008473,4729,16,488,386,93
1102,1027,1269,Shamela0008473,4735,472,951,200,50
1102,1497,1637,Shamela0008473,4736,0,141,114,99
1102,692,1113,Shia002382Vols,2378,138,514,267,75
1102,825,1542,Shia002382Vols,2379,486,1267,478,66
1102,1247,1611,Shia002382Vols,2380,174,473,159,42
1102,533,775,Masaha002872,72,803,974,127,66
1102,529,770,Shamela0001404,403,1140,1374,180,93
1102,419,770,ShamIbadiyya0000050,5809,328,798,219,58
1102,552,753,Tafsir05047,1040,934,1114,137,85
1102,1253,1637,Shamela0003055,2114,132,510,300,96
1102,529,770,Shamela0012884,4976,251,489,185,97
1102,770,1637,Shamela0023591,6497,644,1488,678,95
1102,837,1510,Shamela0023591,6498,966,1638,543,98
1102,1510,1637,Shamela0023591,6499,0,128,104,99
1102,529,770,JK009266,16,535,786,184,89
1102,972,1113,JK009266,8817,0,141,115,100
1102,1396,1637,JK009266,8826,0,242,196,99
1102,886,1264,Shamela0010283,3611,0,517,277,61
1102,529,770,Shamela0009317,44,76,309,178,92
1102,1269,1637,ShamIbadiyya0000231,117,287,655,297,99
1102,844,1444,Zaydiyya0000063,219,1035,1633,491,99
1102,529,775,JK001236,145,676,919,184,93
1102,844,1368,JK007044,6850,392,978,428,88
1102,770,1187,Shamela0021821,1853,1140,1561,314,89
1102,1444,1637,Shamela0021821,1856,0,194,156,99
1102,844,1113,Shamela0007597,229,1170,1439,220,100
1102,1269,1542,Kraken220413194022,459,947,1217,217,98
1102,529,770,JK001293BK1,479,116,353,178,90
1102,516,770,Shia002389Vols,2964,62,294,177,87
1102,955,1637,Rafed0000185Vols,838,0,683,554,99
1102,529,770,ShamAY0034134,557,721,974,179,85
1102,529,770,ShamAY0034134,558,710,943,177,91
1102,645,770,JK009362,8425,67,188,93,92
1102,844,1637,JK009362,8426,657,1469,648,97
1102,529,770,Shamela0001453,59,345,580,181,93
1102,524,770,Shamela0010463,15,827,1003,133,68
1102,606,775,Shamela0001875,509,0,168,127,93
1102,552,770,Sham19Y0038171,865,68,239,130,75
1102,770,1247,JK001420,758,793,1453,249,39
1102,874,1113,JK000065,141,0,239,194,99
1102,529,775,JK009245,807,614,856,184,93
1102,529,770,Sham19Y0014119,194,469,711,184,93
1102,1269,1615,JK000376,4,529,874,278,99
1102,516,714,Zaydiyya0000274,669,1415,1584,130,83
1102,1047,1500,JK009257,954,261,1459,341,35
1102,837,1113,JK011677,25,54,330,223,98
1102,635,770,JK001295,714,190,326,104,95
1102,529,770,JK006478,84,59,287,173,88
1102,905,1113,JK006478,9021,0,208,170,100
1102,1113,1269,JK006478,9025,177,333,130,100
1102,1269,1542,JK006478,9026,54,327,221,99
1102,844,1079,Kraken220413030927,427,1404,1638,186,96
1102,1027,1247,Tafsir08060,511,46,630,180,37
1102,770,1178,Rafed0003943Vols,1555,1300,1670,306,90
1102,1269,1637,Rafed0003943Vols,1556,930,1305,290,94
1102,529,775,Shamela0010273,3309,1327,1572,181,90
1102,770,1113,Shamela0007798,8880,577,933,271,89
1102,1269,1637,Shamela0007798,8887,612,985,238,79
1102,825,1113,Shamela0012293,4104,0,297,228,93
1102,552,692,Kraken210622021806,83,1558,1691,105,93
1102,923,1247,Tafsir06048,1192,0,551,267,58
1102,844,1113,Shamela0026507,8,60,331,220,99
1102,516,770,Tafsir04003,3830,325,556,177,87
1102,516,770,Shamela0007435,686,4,258,190,91
1102,516,770,JK000170,1387,772,1021,176,79
1102,770,1113,Sham19Y0014404,1512,654,1052,270,82
1102,1106,1269,Sham19Y0014404,1514,0,321,133,49
1102,1247,1542,Sham19Y0014404,1514,791,1099,238,95
1102,552,770,JK008001,426,866,1081,166,94
1102,552,770,JK008001,443,1096,1316,166,92
1102,844,1113,JK001173,155,1222,1491,220,100
1102,1068,1269,Meshkat00057178,3569,797,988,141,85
1102,1241,1542,Meshkat00057178,3570,482,812,243,90
1102,837,1269,Masaha000554Vols,6191,1194,1623,348,97
1102,1269,1523,Masaha000554Vols,6195,1357,1607,200,97
1102,516,770,JK001012,83,296,557,184,86
1102,529,770,JK001012,106,550,778,167,85
1102,516,753,Kraken220727035853,4741,1232,1460,142,69
1102,844,1637,QuranAnalysis001,238,634,1427,647,99
1102,844,1113,Masaha001838,27,7,276,220,100
1102,844,1194,Shamela0009429,4283,1269,1619,288,100
1102,844,1113,Shamela0023596,125,1246,1515,220,100
1102,552,770,Shamela0001438,4014,1151,1366,166,94
1102,519,753,ShamAY0033729,152,912,1134,165,89
1102,821,1269,Rafed0001713Vols,2662,1140,1588,369,100
1102,1269,1637,Rafed0001713Vols,2665,778,1147,295,98
1102,844,1113,Shamela0000432,2576,355,624,220,100
1102,844,1194,Shamela0000432,2583,253,603,288,100
1102,552,753,Shamela0000432,4329,802,995,140,88
1102,913,1224,Tafsir04042,2208,137,786,256,47
1102,552,770,ShamAY0035035,3360,246,415,126,72
1102,844,1106,Zaydiyya0000361,1212,254,515,214,99
1102,529,775,Shamela0021809,2599,273,510,182,92
1102,1269,1542,JK001414,448,950,1224,220,99
1102,614,1113,Shamela0000041,2554,0,578,373,75
1102,991,1542,Shamela0000041,2557,0,797,446,68
1102,519,770,JK000943,173,251,476,171,85
1102,516,770,Shamela0023578,3153,280,529,192,94
1102,770,1637,Shamela0023578,3154,414,1258,678,95
1102,933,1197,Shamela0023578,3157,315,750,215,60
1102,1269,1628,Shamela0023578,3158,77,985,283,38
1102,1113,1264,Zaydiyya0000388,38,474,625,126,100
1103,542,1614,Shia001432Vols,6810,188,1269,490,44
1103,673,1614,Shia001432Vols,23759,573,940,295,38
1103,673,1614,JK009268,4376,1045,1413,296,38
1103,673,1614,Meshkat0014420,4517,975,1343,296,38
1103,634,1093,Meshkat00042485,6592,1057,1592,229,42
1103,331,860,Shamela0001524,265,951,1511,175,26
1103,805,1614,Sham19Y0009800,987,0,298,239,35
1103,673,1428,JK009313,2066,337,941,326,44
1103,770,1434,ShamIbadiyya0000075,916,0,454,303,50
1103,673,1614,Shamela0021537,2323,0,368,296,38
1103,673,1614,Shamela0022647,9,34,402,296,38
1103,313,607,JK000485,107,640,1017,147,40
1103,673,1614,Shia002356Vols,1240,170,535,291,37
1103,673,1614,JK001103,44,669,1037,296,38
1103,542,1614,Shia002380Vols,795,420,1198,455,45
1103,677,1614,Shia002382Vols,1790,0,853,424,44
1103,1150,1404,Shia002382Vols,2379,1269,1555,162,64
1103,542,1138,Shia002382Vols,2379,527,913,237,44
1103,673,1614,Shamela0023591,6497,763,1131,296,38
1103,673,1614,Shamela0023591,6498,1042,1410,296,38
1103,673,1614,Zaydiyya0000063,219,1104,1472,296,38
1103,673,1093,JK000458,3276,624,1304,175,28
1103,780,1614,Rafed0000185Vols,838,7,326,256,37
1103,673,1614,JK009362,8426,726,1106,295,37
1103,542,1434,Tafsir01006,1457,404,1579,471,42
1103,325,1138,JK001173,155,825,1491,230,27
1103,673,1614,QuranAnalysis001,238,703,1071,296,38
1103,673,1614,Shamela0023578,3154,533,901,296,38
1104,1420,1604,ShamAY0037152,997,985,1170,152,99
1104,0,741,Shia001432Vols,3564,400,730,264,43
1104,1400,1604,Shia001432Vols,6670,0,205,164,98
1104,184,1320,Shia001432Vols,6807,184,860,523,55
1104,184,1214,Shia001432Vols,23759,1047,1605,448,53
1104,500,1092,Shia001432Vols,28969,1048,1271,145,30
1104,1262,1604,Shia001432Vols,32484,772,1112,267,95
1104,564,1026,Shamela0023632,3490,1321,1539,174,46
1104,1047,1604,Shamela0023632,3492,29,586,455,99
1104,1281,1595,Shamela0000894,3723,282,596,258,100
1104,564,1604,JK009268,4377,0,797,646,76
1104,1047,1389,Sham19Y0023618,1732,1273,1614,283,99
1104,1389,1604,Sham19Y0023618,1733,0,215,172,98
1104,500,1159,Shamela0023628,3416,479,1037,367,60
1104,1403,1595,Shamela0023628,3418,0,191,153,98
1104,184,1062,Rafed0003257Vols,5075,986,1384,317,44
1104,1281,1604,Rafed0003257Vols,5081,1246,1569,263,98
1104,0,741,Tafsir09084,2447,0,1547,415,32
1104,792,1047,Sham19Y0020891,6305,338,552,139,64
1104,1272,1604,Sham19Y0020891,6308,728,1059,269,97
1104,1179,1604,Shamela0009759,321,961,1517,320,66
1104,1159,1595,JK009270,5315,748,1182,358,99
1104,1281,1604,Shamela0005756,8577,437,760,264,99
1104,1065,1604,Sham19Y0150960,660,641,1181,426,93
1104,184,937,ShamIbadiyya0000198Vols,846,138,452,250,41
1104,741,1281,Meshkat0014420,4522,1147,1551,324,74
1104,1281,1604,Meshkat0014420,4525,656,979,266,99
1104,569,1150,JK006476,1857,216,898,327,52
1104,1281,1595,Shamela0002300,831,938,1252,258,100
1104,1430,1595,JK000451,51,1103,1268,136,100
1104,1289,1579,Tafsir02104,598,548,1130,238,49
1104,741,1281,Sham19Y0147312,1940,578,982,324,74
1104,969,1493,Sham19Y0013550,564,955,1338,237,47
1104,1430,1595,Sham19Y0013550,565,0,164,133,98
1104,1272,1595,Zaydiyya0000062,2006,831,1152,259,97
1104,184,768,Shamela0008555,94,1281,1530,198,41
1104,184,1138,JK000791,2315,1088,1570,387,50
1104,1284,1604,JK000791,2318,0,321,264,99
1104,1281,1563,JK009336,2233,1266,1547,232,99
1104,184,851,JK000365,1239,789,1069,223,41
1104,1361,1595,Shamela0001524,226,0,233,188,98
1104,1083,1595,Shamela0000922,1230,861,1367,312,71
1104,1281,1595,Sham19Y0009800,637,901,1214,255,99
1104,1281,1604,Sham19Y0009800,843,913,1236,263,98
1104,1281,1595,Shamela0009770,461,512,825,255,99
1104,1281,1595,Shamela0021721,4107,972,1286,258,100
1104,1289,1604,JK007018,802,182,503,257,96
1104,184,937,JK009396,1605,499,813,250,41
1104,596,1281,JK009396,1606,36,501,297,49
1104,1281,1604,JK009396,1607,409,733,266,99
1104,184,937,Sham19Y0023608,3941,1072,1387,250,41
1104,912,1281,Sham19Y0023608,3944,588,946,272,90
1104,1281,1604,Sham19Y0023608,3946,705,1028,263,98
1104,1281,1595,JK000917,1470,391,705,258,100
1104,184,937,JK000381,4190,55,369,250,41
1104,1403,1595,Meshkat00042488,1731,0,191,153,98
1104,1281,1604,JK000961,149,285,609,266,99
1104,741,1393,Shia002356Vols,1242,1083,1588,406,75
1104,470,1047,Shia002380Vols,796,0,738,286,40
1104,1389,1604,Sham19Y0014827,611,0,216,175,99
1104,1281,1595,Sham19Y0014827,613,71,384,258,99
1104,792,1065,JK001496,2353,1022,1263,138,58
1104,1272,1604,JK001496,2355,86,421,270,97
1104,828,1311,Tafsir02102,3845,125,924,321,47
1104,500,937,Shamela0008473,4736,3,206,161,45
1104,921,1281,Shamela0008473,4737,1167,1537,265,87
1104,1251,1604,Shamela0008473,4740,1078,1467,283,88
1104,0,624,Shia002382Vols,2380,222,1027,286,35
1104,1281,1595,ShamIbadiyya0000005,235,1053,1367,258,100
1104,1281,1604,ShamAY0035884,3706,422,733,244,91
1104,184,851,Shamela0003055,2114,261,541,223,41
1104,184,1047,Shamela0023591,6497,1239,1631,313,44
1104,1047,1604,Shamela0023591,6498,0,557,455,99
1104,539,1281,Shamela0023591,6499,7,506,400,66
1104,1281,1604,Shamela0023591,6505,171,494,263,98
1104,191,1047,JK009266,8826,0,385,307,44
1104,1159,1604,JK009266,8832,113,657,359,79
1104,184,937,ShamIbadiyya0000231,117,406,720,250,41
1104,1047,1604,Zaydiyya0000063,220,34,584,445,95
1104,1281,1595,JK007044,4488,290,616,258,96
1104,417,937,Shamela0021821,1856,0,259,192,46
1104,969,1281,Shamela0021821,1857,11,323,255,100
1104,1159,1604,Shamela0021821,1857,1066,1542,309,75
1104,184,1281,Rafed0000185Vols,838,434,1061,501,56
1104,184,1031,JK009362,8426,1220,1595,300,43
1104,1031,1604,JK009362,8427,0,583,469,97
1104,1159,1595,Zaydiyya0000274,674,1126,1550,301,81
1104,1281,1559,JK000103,229,1222,1499,229,99
1104,969,1281,JK009257,955,695,1321,253,49
1104,564,1047,JK006478,9028,192,432,190,49
1104,1164,1595,JK006478,9031,0,435,297,76
1104,282,1015,Tafsir08060,511,946,1485,236,36
1104,969,1281,Rafed0003943Vols,1557,548,860,255,100
1104,1281,1604,Rafed0003943Vols,1557,1243,1566,263,98
1104,1430,1595,Shamela0007798,8896,732,897,136,100
1104,1377,1595,Zaydiyya0000373Vols,609,0,218,177,100
1104,1357,1595,Tafsir06048,1195,342,698,194,66
1104,1251,1595,Sham19Y0014404,1516,1128,1500,281,91
1104,815,1065,Meshkat00057178,3572,262,750,144,36
1104,1281,1595,Meshkat00057178,3574,245,558,258,99
1104,1281,1604,Masaha000554Vols,6205,839,1158,255,95
1104,184,1104,QuranAnalysis001,238,1178,1626,359,48
1104,1104,1604,QuranAnalysis001,239,0,501,412,99
1104,184,937,Rafed0001713Vols,2665,898,1213,250,41
1104,997,1281,Rafed0001713Vols,2667,0,284,233,100
1104,1114,1604,Rafed0001713Vols,2668,1133,1629,316,67
1104,1281,1595,JK000122,541,103,417,258,100
1104,444,1164,Shamela0000041,2558,91,628,347,55
1104,1361,1595,Shamela0000041,2560,0,234,191,100
1104,184,1262,Shamela0023578,3154,1009,1616,485,55
1104,1262,1604,Shamela0023578,3155,0,342,279,98
1104,500,1062,Shamela0023578,3158,821,1363,233,38
1105,104,416,Shamela0023632,3495,1240,1552,253,100
1105,0,433,JK009268,4377,797,1226,343,97
1105,104,416,Sham19Y0023618,1734,954,1266,253,100
1105,0,293,JK009270,5322,1278,1568,239,98
1105,0,316,Shamela0005756,8577,760,1076,258,100
1105,104,428,Meshkat0014420,4532,502,826,258,97
1105,151,416,Zaydiyya0000062,2009,0,254,202,93
1105,0,316,JK009336,2234,42,358,258,100
1105,104,416,Shamela0000922,1232,461,1171,253,43
1105,104,420,JK009396,1610,563,875,253,98
1105,416,1133,JK000818,668,165,1003,390,50
1105,0,425,Shia002356Vols,1244,926,1345,328,94
1105,409,1070,Shia002380Vols,796,645,1566,361,42
1105,0,416,Shamela0023591,6498,557,973,338,100
1105,0,416,Shamela0023591,6505,494,910,338,100
1105,72,416,JK009266,8843,949,1315,260,87
1105,0,420,JK009362,8427,583,1009,338,96
1105,104,425,JK009257,956,346,1001,252,47
1105,6,416,Rafed0003943Vols,1558,0,553,329,73
1105,0,416,QuranAnalysis001,239,501,917,338,100
1105,104,416,Shamela0023578,3163,14,326,253,100
1106,507,1120,Tafsir03095,1407,98,685,205,32
1106,842,1140,JK009268,4382,594,1068,121,28
1106,520,1113,ShamIbadiyya0000075,917,1115,1469,206,40
1106,581,1220,Sham19Y0014404,1518,975,1389,186,31
1107,842,1099,JK000021,1297,823,1056,165,82
1107,1162,1546,Shia001432Vols,2521,573,955,309,99
1107,1037,1162,Shia001432Vols,3963,402,527,101,100
1107,1162,1407,Shia001432Vols,4878,1121,1365,196,99
1107,878,1162,Shamela0023632,3499,0,284,228,100
1107,1162,1472,Shamela0023632,3501,121,430,250,99
1107,594,1006,ShamIbadiyya0000193,4299,704,1436,197,32
1107,594,957,Tafsir09050,4408,108,706,182,35
1107,329,1019,Shamela0095562,60,182,1017,317,41
1107,792,1546,JK009268,4384,85,843,594,95
1107,1089,1546,Sham19Y0023618,1737,0,456,370,99
1107,939,1351,Shamela0023628,3426,713,1115,315,95
1107,1284,1546,Shamela0023628,3428,469,824,213,73
1107,1037,1162,Rafed0003257Vols,659,1154,1279,101,100
1107,819,1037,Rafed0003257Vols,5090,455,680,174,96
1107,1037,1162,Rafed0003257Vols,5093,503,628,101,100
1107,1323,1546,Rafed0003257Vols,5096,1179,1401,181,99
1107,1295,1546,Tafsir09084,2462,728,1268,200,45
1107,773,1037,Sham19Y0020891,6318,255,505,199,94
1107,1015,1162,Sham19Y0020891,6321,1219,1376,114,90
1107,1037,1170,JK000100,51,1292,1422,105,97
1107,1037,1170,Shamela0023606,367,1285,1415,105,97
1107,1037,1351,JK009270,5332,1147,1457,238,93
1107,1323,1546,JK009270,5344,329,552,182,100
1107,783,1162,Meshkat0014420,4535,767,1368,294,60
1107,1162,1546,Meshkat0014420,4539,88,471,311,99
1107,1094,1431,JK006476,1865,68,566,258,64
1107,842,1037,Shamela0021494,418,61,255,154,99
1107,939,1323,Sham19Y0147312,1943,148,718,273,58
1107,1323,1546,Sham19Y0147312,1944,67,290,182,100
1107,1255,1546,Shamela0004445,630,0,291,237,100
1107,1037,1323,Zaydiyya0000062,2014,336,621,229,98
1107,1284,1546,Zaydiyya0000062,2015,508,858,214,74
1107,1037,1323,JK000087,606,79,435,169,60
1107,819,1037,JK000791,2323,289,507,174,100
1107,1037,1546,JK000791,2324,789,1298,412,100
1107,680,939,Shamela0021766,4392,577,1072,160,41
1107,896,1162,Shamela0000922,1233,629,1279,213,40
1107,916,1327,JK007018,804,978,1455,260,64
1107,680,1037,JK009396,1612,750,1058,207,68
1107,1037,1323,JK009396,1613,603,889,230,100
1107,1323,1546,JK009396,1614,504,727,182,100
1107,778,1037,Sham19Y0023608,3951,1157,1413,178,87
1107,1037,1323,Sham19Y0023608,3953,1140,1426,230,100
1107,1323,1546,Sham19Y0023608,3956,1161,1383,181,99
1107,1037,1407,JK000381,4449,109,327,171,57
1107,1037,1378,Shamela0001340,310,459,718,203,74
1107,980,1219,Meshkat00042488,1734,724,1210,173,44
1107,1116,1472,Shia003721Vols,539,104,449,255,88
1107,939,1378,ShamIbadiyya0000075,918,626,1485,344,49
1107,1037,1162,Shamela0004473,14141,666,791,101,100
1107,896,1323,ShamAY0033108,1831,227,1037,306,45
1107,1116,1472,Sham19Y0145435,5130,840,1189,260,90
1107,1056,1378,Shamela0009086,203,945,1501,120,24
1107,819,1546,Shia002356Vols,1246,228,945,574,96
1107,351,1019,Shia002380Vols,799,36,756,316,49
1107,1037,1323,Tafsir02091,2107,137,640,228,55
1107,819,1037,Shamela0008473,4756,1307,1524,174,99
1107,980,1323,Shamela0008473,4761,288,696,274,83
1107,1295,1515,Shamela0008473,4764,1309,1544,179,92
1107,1323,1546,Shamela0008473,4765,42,504,178,47
1107,386,1019,Shia002382Vols,1795,176,1066,301,40
1107,980,1284,Shia002382Vols,1796,257,818,223,49
1107,773,1546,Shamela0023591,6511,343,1102,595,95
1107,842,1546,Shamela0023591,6512,253,956,566,99
1107,1037,1472,JK009266,8856,89,520,350,99
1107,967,1546,Shamela0021821,1862,439,1212,461,73
1107,1078,1407,JK000351,8,0,177,139,52
1107,980,1323,Shia002389Vols,2982,33,561,236,54
1107,842,1546,JK009362,8464,361,1075,567,97
1107,842,1099,JK000467,919,490,723,166,82
1107,1037,1323,JK009257,957,850,1434,229,48
1107,1162,1407,JK006478,9041,130,375,197,99
1107,1037,1162,JK000082,138,220,345,101,100
1107,594,1162,Tafsir08060,513,385,1275,318,39
1107,1110,1546,Rafed0003943Vols,1559,787,1215,330,91
1107,1037,1162,Rafed0003943Vols,1559,220,345,101,100
1107,980,1219,Shamela0007798,8919,248,676,169,50
1107,648,1314,Tafsir09065,545,855,1585,335,51
1107,1037,1323,Masaha000554Vols,6222,793,1072,224,97
1107,50,1515,QuranAnalysis001,239,710,1597,710,60
1107,819,1037,Rafed0001713Vols,2673,1299,1517,174,100
1107,1037,1162,Rafed0001713Vols,2675,309,434,101,100
1107,1133,1384,Rafed0001713Vols,2675,1291,1602,202,80
1107,842,1031,Kraken220218125253,114,1275,1467,148,96
1107,842,1099,Kraken220218125253,372,510,745,165,80
1107,1116,1546,Shamela0000041,2568,695,1181,347,88
1107,957,1162,Shamela0000041,2568,36,280,165,84
1107,1274,1546,Shamela0000041,2569,251,528,218,96
1107,773,1126,Shamela0023578,3167,1133,1462,254,90
1107,1126,1546,Shamela0023578,3168,0,419,340,99
1107,1019,1546,Shamela0023578,3171,190,986,414,63
1108,966,1525,Shia001432Vols,2521,573,868,237,52
1108,966,1388,Shia001432Vols,4878,1121,1365,196,57
1108,966,1525,Shamela0023632,3501,121,417,238,52
1108,620,1525,JK009268,4384,277,756,376,51
1108,798,1525,Sham19Y0023618,1737,0,369,293,49
1108,537,1242,Shamela0023628,3426,629,1115,304,51
1108,620,902,Tafsir09084,2460,23,521,146,36
1108,730,1242,JK009270,5332,1134,1457,234,56
1108,65,620,Shamela0000140,1245,551,1005,323,68
1108,966,1525,Meshkat0014420,4539,88,384,240,52
1108,787,1408,JK006476,1865,0,566,243,37
1108,638,1214,Sham19Y0147312,1943,367,718,245,51
1108,1126,1525,Shamela0004445,630,0,204,166,50
1108,730,1214,Zaydiyya0000062,2014,336,621,226,57
1108,730,1214,JK000087,606,79,435,144,27
1108,730,1525,JK000791,2324,789,1211,336,52
1108,759,983,Shamela0000922,1233,1167,1495,124,43
1108,678,1218,JK007018,804,1123,1455,236,54
1108,620,1214,JK009396,1613,107,889,283,37
1108,730,1214,Sham19Y0023608,3953,1140,1426,229,58
1108,730,1388,JK000381,4449,109,327,165,31
1108,730,1288,Shamela0001340,310,459,734,212,48
1108,966,1525,Shia003721Vols,539,144,436,233,51
1108,620,1298,ShamIbadiyya0000075,918,813,1513,357,54
1108,620,1214,ShamAY0033108,1831,286,1037,291,41
1108,966,1525,Sham19Y0145435,5130,880,1176,240,52
1108,765,1269,Shamela0009086,203,945,1501,107,15
1108,620,1525,Shia002356Vols,1246,385,859,363,49
1108,620,814,Shia002380Vols,799,1243,1541,112,44
1108,705,1214,Tafsir02091,2107,105,640,235,44
1108,620,1214,Shamela0008473,4761,288,696,271,55
1108,620,1044,Shia002382Vols,1796,14,774,219,33
1108,620,1525,Shamela0023591,6511,537,1015,374,51
1108,620,1525,Shamela0023591,6512,391,869,374,51
1108,730,1525,JK009266,8856,89,507,334,51
1108,1069,1351,JK000458,3287,267,892,161,32
1108,620,1525,Shamela0021821,1862,453,1125,389,46
1108,620,1214,Shia002389Vols,2982,33,561,237,41
1108,620,1525,JK009362,8464,499,983,374,50
1108,730,1214,JK009257,957,850,1434,229,37
1108,966,1388,JK006478,9041,130,375,195,57
1108,620,966,Tafsir08060,513,831,1302,195,49
1108,834,1525,Rafed0003943Vols,1559,719,1128,266,43
1108,751,942,Shamela0010273,3325,1109,1546,111,32
1108,897,1475,Tafsir01006,1462,0,1150,302,31
1108,730,1408,Tafsir06048,1200,27,935,330,37
1108,1185,1525,Sham19Y0014404,1522,812,1135,153,42
1108,620,1525,QuranAnalysis001,239,1063,1542,376,51
1108,829,1269,Rafed0001713Vols,2675,1156,1597,231,53
1108,700,1525,Shamela0000041,2568,434,1094,380,48
1108,910,1525,Shamela0023578,3168,7,332,262,52
1108,620,1388,JK000876,1549,175,1406,359,31
1109,199,1016,Shia001432Vols,20813,341,1111,466,58
1109,437,680,Shamela0023632,3503,1333,1575,199,99
1109,1186,1444,Shamela0095562,62,1386,1570,88,38
1109,135,687,JK009268,4384,812,1331,414,92
1109,437,687,Sham19Y0023618,1739,19,269,205,100
1109,135,687,Shamela0023628,3428,793,1312,414,92
1109,865,1528,Shamela0000140,1771,24,679,427,70
1109,451,707,Zaydiyya0000062,2017,1132,1412,193,82
1109,199,726,JK000791,2325,643,1183,425,96
1109,199,690,Shia000275Vols,1148,449,926,389,97
1109,199,687,JK009396,1615,466,954,399,100
1109,159,610,Sham19Y0023608,3958,1120,1563,347,91
1109,443,716,Sham19Y0016953Vols,913,0,271,220,98
1109,199,695,JK000381,4443,196,698,399,97
1109,199,975,JK000381,8194,760,1583,434,51
1109,468,707,Meshkat00042488,1737,252,498,188,93
1109,199,687,JK010729,87,1172,1661,397,99
1109,265,701,Shia002380Vols,801,203,871,350,63
1109,451,687,Shamela0008473,4766,280,520,183,92
1109,345,701,Shia002382Vols,1798,105,726,283,55
1109,135,687,Shamela0023591,6511,1071,1590,414,92
1109,135,687,Shamela0023591,6512,925,1444,414,92
1109,326,695,JK000351,2,0,375,295,96
1109,199,687,Shamela0022653,322,839,1327,399,100
1109,430,687,MMS00020,1,165,422,208,98
1109,361,746,Shamela0007798,8923,577,1272,292,51
1109,199,687,JK000066,105,833,1211,303,75
1109,135,716,JK010414,1,66,573,402,85
1109,396,687,JK000379,80,0,291,238,100
1109,151,690,QuranAnalysis001,240,14,522,410,93
1109,330,690,Kraken220218125253,105,0,362,289,96
1109,199,975,JK006950,2496,16,839,434,51
1109,258,695,Shamela0000041,2569,800,1243,354,97
1109,135,707,Shamela0023578,3168,388,981,427,83
1110,1153,1393,Shia001432Vols,1571,376,616,195,100
1110,869,1393,Shia001432Vols,2521,1018,1330,246,57
1110,1138,1393,Shia001432Vols,7097,608,865,196,93
1110,683,1025,Shamela0023632,3505,714,1040,250,90
1110,976,1268,Shamela0023632,3506,1215,1570,217,75
1110,704,1369,JK009268,4388,945,1616,527,93
1110,353,1153,Sham19Y0023618,1739,605,1339,418,58
1110,1087,1393,Sham19Y0023618,1740,828,1268,226,63
1110,379,976,Shamela0023628,3430,597,1154,290,50
1110,976,1345,Shamela0023628,3431,1190,1558,299,99
1110,688,1025,Rafed0003257Vols,5103,778,1114,249,86
1110,1153,1377,Rafed0003257Vols,5108,1457,1680,182,99
1110,1153,1393,Sham19Y0020891,6338,194,434,195,100
1110,759,1153,Meshkat0014420,4546,0,394,321,100
1110,1153,1393,Meshkat0014420,4548,1105,1344,195,99
1110,660,1025,Sham19Y0147312,1946,1041,1374,258,86
1110,1025,1296,Sham19Y0147312,1947,340,610,221,99
1110,66,408,JK000791,2326,1018,1286,95,25
1110,731,1025,JK000791,2327,533,827,239,100
1110,943,1393,JK000791,2328,252,771,343,80
1110,683,1480,JK007018,806,187,922,560,83
1110,976,1393,JK009396,1617,762,1281,314,74
1110,683,1025,Sham19Y0023608,3962,68,388,250,90
1110,0,459,JK000818,671,420,863,156,31
1110,0,818,Meshkat00042488,1737,711,1369,223,24
1110,1101,1405,Shamela0004473,14136,873,1179,209,83
1110,1153,1393,Shamela0004473,14160,644,884,195,100
1110,731,1153,Shia002356Vols,1249,823,1247,336,96
1110,0,958,Shia002380Vols,801,651,1301,349,36
1110,969,1393,Shia002380Vols,802,0,1026,343,41
1110,1035,1393,JK001496,2367,733,1164,227,60
1110,1153,1369,Shamela0008473,381,1300,1515,175,99
1110,483,1025,Shamela0008473,4768,235,857,296,50
1110,958,1246,Shamela0008473,4770,1051,1489,233,65
1110,0,931,Shia002382Vols,1798,494,1190,339,38
1110,958,1296,Shia002382Vols,1799,562,1376,266,40
1110,938,1153,Shia002382Vols,2390,359,579,171,95
1110,379,1393,Shamela0023591,6519,244,1150,608,68
1110,910,1393,Shamela0023591,6520,0,483,392,100
1110,0,507,JK000458,3289,813,1446,199,30
1110,731,1025,Shamela0021821,1865,151,444,238,99
1110,869,1393,Shamela0021821,1866,4,625,357,70
1110,754,1393,JK009362,8490,649,1295,519,98
1110,1153,1393,JK009257,961,198,679,194,49
1110,334,1153,Rafed0003943Vols,1561,292,1048,422,51
1110,976,1393,Rafed0003943Vols,1562,153,535,221,59
1110,1025,1393,Hindawi020604026,529,559,956,251,72
1110,989,1393,Tafsir09065,547,11,597,254,54
1110,334,910,Sham19Y0014404,1524,565,1511,278,31
1110,958,1153,Meshkat00057178,3588,670,909,159,81
1110,334,1393,QuranAnalysis001,240,436,1168,595,68
1110,731,1153,Rafed0001713Vols,2681,86,509,344,99
1110,1156,1408,Rafed0001713Vols,2684,0,267,197,91
1110,379,976,Shamela0000041,2570,588,1019,283,54
1110,958,1153,Shamela0000041,2571,1304,1499,159,100
1110,1087,1393,Shamela0000041,2572,363,764,249,76
1110,334,980,Shamela0023578,3172,790,1535,312,43
1110,980,1450,Shamela0023578,3173,0,374,297,77
1110,931,1101,Shamela0023578,3174,1079,1303,130,71
1110,0,747,JK000876,1551,643,1077,184,28
1111,1312,1577,Shia001432Vols,27622,370,640,215,98
1111,1312,1577,Shamela0023632,3508,398,664,215,99
1111,353,1106,JK009268,4388,1191,1571,303,49
1111,1271,1577,JK009268,4389,0,290,235,94
1111,1312,1577,Sham19Y0023618,1741,581,847,215,99
1111,0,236,Shamela0023628,3431,229,449,91,34
1111,311,1106,Shamela0023628,3431,960,1537,339,44
1111,1223,1577,Rafed0003257Vols,5110,1246,1659,266,79
1111,1312,1577,Shamela0002300,2239,185,451,215,99
1111,1312,1577,Shamela0002300,2243,1298,1564,215,99
1111,442,656,Meshkat00042485,6630,201,513,158,60
1111,648,1149,Meshkat00042485,6631,660,1244,245,42
1111,434,805,Shamela0021766,4401,175,692,188,39
1111,1312,1577,JK009396,1618,6,272,215,99
1111,1220,1577,Sham19Y0023608,3967,941,1424,259,64
1111,14,856,ShamIbadiyya0000075,920,185,1171,284,27
1111,442,1362,Shia002380Vols,802,11,1087,461,43
1111,409,954,Shamela0008473,4770,1202,1486,203,45
1111,376,1173,Shia002382Vols,1799,562,1518,376,39
1111,531,1422,Shia002382Vols,2391,107,981,362,38
1111,353,1577,Shamela0023591,6519,700,1416,569,57
1111,353,1577,Shamela0023591,6520,33,749,569,57
1111,1197,1577,JK009266,8878,284,723,271,73
1111,1223,1577,Shamela0021821,1867,87,426,241,81
1111,1049,1577,JK009362,8490,1177,1575,310,69
1111,353,1106,JK009362,8490,839,1225,303,49
1111,1388,1577,JK001110,97,0,190,154,99
1111,1407,1577,Zaydiyya0000274,688,0,171,139,99
1111,487,1170,Tafsir08060,514,460,1017,254,41
1111,1049,1577,Rafed0003943Vols,1562,417,801,312,72
1111,311,645,Tafsir01006,1464,1112,1580,197,47
1111,830,1362,Tafsir01006,1465,210,944,317,48
1111,865,1422,Sham19Y0014404,1526,39,810,312,45
1111,353,1577,QuranAnalysis001,240,718,1434,569,57
1111,487,604,Rafed0001713Vols,2683,679,817,96,84
1111,1288,1577,Rafed0001713Vols,2685,0,290,235,99
1111,442,1070,Shamela0023578,3173,0,316,253,49
1111,353,604,Shamela0023578,3174,1091,1294,147,69
1112,1264,1613,ShamAY0037152,950,882,1232,287,99
1112,1212,1453,Shia001432Vols,6647,929,1133,165,83
1112,1287,1516,Shia001432Vols,11992,1103,1385,179,77
1112,1212,1613,Shamela0023632,3511,413,797,301,91
1112,1212,1613,JK009268,4393,57,527,309,77
1112,1212,1504,Sham19Y0023618,1744,972,1240,210,88
1112,159,323,Shamela0023628,3434,991,1539,88,19
1112,1004,1504,Shamela0023628,3445,702,1408,315,56
1112,1264,1613,Rafed0003257Vols,5117,232,589,287,97
1112,1082,1504,Sham19Y0020891,6349,513,1033,258,59
1112,1449,1613,JK009270,5374,1088,1253,135,99
1112,477,656,Shamela0000140,1049,0,192,127,83
1112,472,678,Shamela0000140,1643,811,1054,164,83
1112,1264,1613,Meshkat0014420,4559,518,868,287,99
1112,1287,1504,ShamIbadiyya0000129,50,1297,1514,177,100
1112,1386,1613,JK000081,277,529,1289,186,29
1112,1193,1504,Sham19Y0147312,1949,585,867,218,83
1112,1085,1509,Zaydiyya0000062,2029,381,890,275,65
1112,1264,1613,JK000791,2334,1103,1453,287,99
1112,1165,1613,Shamela0000922,1239,521,1582,313,34
1112,1268,1504,Sham19Y0009800,643,1078,1314,181,94
1112,1386,1613,Sham19Y0009800,810,0,228,186,99
1112,1212,1613,JK007018,808,509,887,305,90
1112,1085,1613,JK009396,1620,764,1340,333,64
1112,1212,1613,Sham19Y0023608,3971,10,388,301,91
1112,60,472,Shamela0021715,1536,307,843,179,32
1112,472,1188,Shamela0021715,3351,628,1573,460,53
1112,1287,1504,Sham19Y0016953Vols,1011,359,576,177,100
1112,1296,1504,JK000381,2050,666,858,113,65
1112,1268,1504,JK000381,3137,1285,1538,186,90
1112,1368,1613,Meshkat00042488,1742,771,1344,194,41
1112,1085,1579,Shia002356Vols,1253,1062,1567,318,72
1112,1082,1613,Shia002380Vols,803,539,1656,380,41
1112,1212,1504,JK001496,2373,26,324,228,93
1112,40,368,Shamela0008473,4774,128,646,199,40
1112,1088,1613,Shamela0008473,4779,350,846,373,83
1112,1212,1449,Shia002382Vols,2394,639,838,161,82
1112,1296,1613,Shia002382Vols,2394,1215,1536,194,60
1112,1312,1504,Shamela0003055,3039,1034,1278,154,77
1112,1212,1613,Shamela0023591,6526,642,1035,301,91
1112,1287,1613,Shamela0023591,6527,169,496,268,99
1112,1212,1613,JK009266,8895,1017,1463,318,87
1112,1212,1613,Shamela0021821,1871,1096,1475,299,90
1112,1212,1453,Shia002389Vols,3003,783,987,165,83
1112,1212,1613,JK009362,8515,675,1050,280,83
1112,40,179,JK000754,380,98,237,109,95
1112,1296,1613,Rafed0003943Vols,1564,0,318,261,99
1112,93,710,Shamela0010273,3335,441,1262,210,27
1112,1449,1613,Shamela0007798,8944,71,357,135,57
1112,1082,1433,Tafsir01006,1466,736,1440,224,38
1112,1287,1516,Shia001349Vols,708,556,838,179,77
1112,1386,1613,Sham19Y0014404,1532,532,1380,186,26
1112,1280,1613,Masaha000554Vols,6258,1121,1452,265,96
1112,1424,1613,QuranAnalysis001,241,0,190,155,99
1112,1268,1504,Shamela0009182,690,915,1147,183,95
1112,1085,1509,Rafed0001713Vols,2689,494,1015,273,63
1112,1268,1504,JK001414,788,843,1097,182,88
1112,1085,1613,Shamela0000041,2584,47,576,362,76
1112,1212,1613,Shamela0023578,3189,40,455,299,84
1113,0,269,ShamAY0037152,950,1232,1500,218,99
1113,16,452,Shamela0023632,3513,824,1271,331,91
1113,0,401,JK009268,4393,527,928,329,100
1113,0,184,Sham19Y0023618,1745,276,459,148,99
1113,0,184,Shamela0023628,3446,1021,1204,148,99
1113,0,184,JK009270,5374,1253,1436,148,99
1113,96,401,Meshkat0014420,4564,418,723,250,100
1113,21,401,Shia001663Vols,212,0,301,242,77
1113,1020,1520,Shamela0022769,1614,449,1079,191,30
1113,1377,1598,Zaydiyya0000062,2031,245,788,157,35
1113,16,294,Zaydiyya0000062,2033,158,487,177,66
1113,0,420,JK000791,2336,263,691,336,93
1113,16,262,Shamela0000922,1240,641,993,142,50
1113,0,410,Sham19Y0009800,810,228,628,328,97
1113,16,420,JK007018,809,494,898,321,95
1113,1377,1493,JK000906,10704,388,607,66,39
1113,16,446,JK009396,1623,13,439,333,94
1113,16,401,Sham19Y0023608,3974,300,684,315,99
1113,1072,1598,ShamIbadiyya0000075,922,439,988,234,39
1113,0,231,Shia002356Vols,1254,34,243,160,86
1113,1445,1566,ShamAY0034059,7283,856,1317,84,23
1113,16,446,JK007021,145,193,617,328,93
1113,119,420,Shamela0008473,4781,0,312,240,94
1113,0,401,Shamela0023591,6526,1035,1435,328,99
1113,0,401,Shamela0023591,6527,496,896,328,99
1113,1377,1584,JK000458,3296,124,624,141,35
1113,139,507,Shamela0021821,1873,0,342,238,75
1113,0,410,JK009362,8515,1050,1460,331,97
1113,16,287,JK009257,963,471,958,220,55
1113,0,184,JK006478,9064,1062,1246,149,100
1113,0,231,Rafed0003943Vols,1564,318,546,166,87
1113,1184,1598,Tafsir01006,1467,361,1002,185,33
1113,16,401,Masaha000554Vols,6263,780,1160,310,98
1113,0,401,QuranAnalysis001,241,190,591,329,100
1113,1087,1598,Rafed0001713Vols,2691,345,1626,316,30
1113,16,452,Rafed0001713Vols,2692,32,456,332,91
1113,16,294,Hindawi017506357,63,443,856,166,49
1113,0,500,Shamela0023578,3189,455,847,320,78
1114,16,693,Shamela0023632,3513,824,1281,292,49
1114,1023,1305,Shamela0023632,3517,23,308,214,92
1114,16,555,JK009268,4393,543,874,270,61
1114,974,1297,JK009268,4393,857,1182,254,96
1114,1023,1368,Sham19Y0023618,1747,928,1279,262,90
1114,1043,1326,Rafed0003257Vols,5128,747,1023,213,93
1114,994,1305,JK009270,5382,1067,1470,237,71
1114,1023,1297,Meshkat0014420,4567,338,635,212,88
1114,1099,1297,Sham19Y0147312,1952,0,198,159,100
1114,16,555,JK000791,2336,296,627,270,61
1114,643,1368,JK000791,2337,70,780,338,45
1114,1043,1261,JK009336,414,1236,1451,174,98
1114,1043,1297,Shamela0012014,156,1095,1349,204,100
1114,16,555,Sham19Y0009800,810,244,574,269,61
1114,16,555,JK009396,1623,13,344,270,61
1114,1023,1368,JK009396,1624,722,1066,264,92
1114,10,555,Sham19Y0023608,3974,296,630,272,61
1114,1043,1297,JK000917,1490,258,512,204,100
1114,0,555,Shia002356Vols,1255,415,777,205,42
1114,16,555,JK007021,145,193,524,270,61
1114,1043,1297,JK006896,19,310,562,203,99
1114,1043,1587,Shamela0008473,4790,301,868,247,42
1114,1043,1297,Shamela0008473,4791,343,597,204,100
1114,974,1225,Shamela0023591,6526,1364,1616,196,94
1114,16,555,Shamela0023591,6526,1051,1381,269,61
1114,974,1297,Shamela0023591,6527,825,1150,254,96
1114,16,555,Shamela0023591,6527,512,842,269,61
1114,1051,1560,JK009266,8909,336,779,273,57
1114,989,1587,Shamela0021821,1874,300,1036,348,49
1114,520,994,Tafsir10066,1937,899,1412,150,29
1114,16,555,JK009362,8515,1066,1398,268,61
1114,1023,1297,JK001110,97,239,524,213,92
1114,1043,1320,Zaydiyya0000171,46,1054,1353,211,87
1114,1043,1297,Zaydiyya0000274,705,893,1146,204,99
1114,1043,1297,JK010127,1,43,296,202,98
1114,974,1297,Rafed0003943Vols,1564,1049,1375,254,96
1114,137,405,Shamela0010273,3342,159,634,164,42
1114,974,1300,QuranAnalysis001,241,520,848,254,95
1114,16,555,QuranAnalysis001,241,206,537,270,61
1114,16,693,Rafed0001713Vols,2692,32,470,293,51
1114,1043,1344,Rafed0001713Vols,2694,1279,1659,234,74
1114,974,1592,Shamela0000041,2589,520,1248,327,46
1114,974,1297,Shamela0023578,3192,701,1026,254,96
1115,393,648,Shia001432Vols,1056,0,255,207,100
1115,648,812,Shia001432Vols,2521,1390,1554,135,100
1115,648,812,Shia001432Vols,4686,824,988,134,99
1115,899,1109,Shia001432Vols,20813,901,1111,173,100
1115,456,812,Shia001432Vols,24162,71,435,291,97
1115,302,648,Shamela0023632,3518,845,1167,247,88
1115,648,899,Shamela0023632,3520,250,501,204,100
1115,899,1109,Shamela0023632,3521,296,506,173,100
1115,572,797,Shamela0095562,70,1054,1559,185,44
1115,358,1109,JK009268,4397,785,1561,608,96
1115,302,648,Sham19Y0023618,1748,970,1286,247,88
1115,648,1109,Sham19Y0023618,1749,405,866,377,100
1115,812,998,Sham19Y0133368,8,352,538,151,100
1115,302,534,Shamela0023628,3453,992,1229,147,69
1115,577,816,Shamela0023628,3455,0,239,193,98
1115,812,1109,Shamela0023628,3455,1159,1456,242,100
1115,358,648,Rafed0003257Vols,5131,986,1283,235,97
1115,641,1109,Rafed0003257Vols,5135,59,527,379,99
1115,302,648,Sham19Y0020891,6365,1028,1357,261,93
1115,648,812,Sham19Y0020891,6371,1239,1403,135,100
1115,723,960,Sham19Y0020891,6372,957,1464,180,43
1115,572,998,Sham19Y0020966,363,0,584,260,55
1115,418,648,JK010001,3726,1019,1373,187,64
1115,894,1109,JK009270,5397,925,1142,174,96
1115,358,714,Meshkat0014420,4570,322,689,288,97
1115,688,1109,Meshkat0014420,4573,723,1170,335,91
1115,553,812,JK006476,1882,1014,1278,212,97
1115,812,1002,Shamela0002300,275,1123,1336,153,88
1115,1184,1403,Meshkat00042485,6651,1371,1557,110,53
1115,358,812,Sham19Y0147312,1952,813,1267,370,100
1115,812,1109,Sham19Y0147312,1953,364,661,242,100
1115,470,681,Shamela0022769,1617,954,1560,171,34
1115,437,912,Tafsir02067,1023,19,1116,378,42
1115,236,812,Sham19Y0013550,567,575,1145,193,27
1115,648,899,Zaydiyya0000062,2037,729,984,203,96
1115,880,1109,Zaydiyya0000062,2038,412,664,188,90
1115,358,812,JK000791,2338,981,1457,366,94
1115,848,1109,JK000791,2340,0,261,214,100
1115,648,1109,Shamela0000922,1242,353,950,316,64
1115,381,648,Hindawi085925824,101,102,369,216,100
1115,236,816,JK007018,810,384,1434,425,49
1115,812,1109,JK007018,811,222,523,242,98
1115,456,960,Shia003744Vols,495,804,1212,103,16
1115,381,648,JK009396,1625,0,267,216,100
1115,648,812,JK009396,1625,844,1008,135,100
1115,812,1109,JK009396,1626,121,418,242,100
1115,297,648,Sham19Y0023608,3980,680,1011,251,85
1115,812,1109,Sham19Y0023608,3983,913,1210,242,100
1115,618,860,JK000381,8034,424,676,179,87
1115,0,750,JK000818,674,449,1536,395,39
1115,750,1109,JK000818,675,21,669,288,54
1115,518,812,Meshkat00042488,1747,231,836,207,42
1115,853,1109,Meshkat00042488,1748,9,532,199,45
1115,648,894,ShamIbadiyya0000075,924,266,870,200,40
1115,648,777,Shamela0021537,5536,848,1006,101,77
1115,381,807,ShamAY0033108,1845,57,986,337,44
1115,358,982,Shia002356Vols,1257,890,1516,503,97
1115,714,938,Tafsir04038,683,498,755,136,53
1115,0,559,Shia002380Vols,805,817,1520,280,40
1115,572,1109,Shia002380Vols,806,145,1280,435,46
1115,648,812,JK001496,2381,1283,1449,135,98
1115,812,1109,JK001496,2382,365,1030,242,44
1115,255,807,Tafsir02091,2122,381,1417,368,41
1115,358,648,Shamela0008473,4792,263,553,235,100
1115,714,1109,Shamela0008473,4793,442,975,322,73
1115,492,938,Shia002382Vols,1807,71,943,361,50
1115,236,899,Shia002382Vols,2399,89,1516,488,42
1115,572,1109,Shia002382Vols,2400,79,814,395,61
1115,236,431,Shamela0029988,263,352,512,109,71
1115,418,648,Tafsir07055,3833,821,1173,187,65
1115,302,1109,Shamela0023591,6535,740,1517,624,94
1115,381,1109,Shamela0023591,6536,728,1456,593,100
1115,828,998,JK000371,357,0,170,138,100
1115,381,648,JK009266,8913,0,267,216,100
1115,625,982,JK009266,8916,1099,1508,290,86
1115,67,784,Shamela0021821,1875,203,1537,449,39
1115,625,1109,Shamela0021821,1876,13,725,364,62
1115,302,1109,JK009362,8537,612,1413,615,90
1115,381,648,JK001110,64,813,1080,216,100
1115,714,998,JK001420,763,167,347,74,23
1115,648,822,JK009257,965,849,1024,138,96
1115,906,1109,JK009257,966,119,423,166,66
1115,386,648,JK006478,9072,1023,1261,179,83
1115,648,899,JK006478,9074,1007,1260,204,99
1115,906,1109,JK006478,9076,68,271,167,99
1115,236,812,Tafsir08060,516,887,1537,287,44
1115,358,1146,Rafed0003943Vols,1566,257,1045,641,100
1115,844,1109,Shamela0007798,8963,70,929,216,30
1115,0,456,Tafsir01006,1468,865,1515,246,42
1115,1204,1602,Tafsir01006,1469,0,464,220,51
1115,792,998,Shamela0012293,461,1209,1406,156,93
1115,412,1092,Tafsir06048,1209,0,1534,553,44
1115,0,302,Sham19Y0014404,1536,590,1225,115,23
1115,302,714,Sham19Y0014404,1537,135,1488,256,22
1115,844,1109,Sham19Y0014404,1538,911,1327,214,62
1115,831,1109,Meshkat00057178,3603,1113,1508,227,70
1115,374,812,Masaha000554Vols,6273,306,739,343,96
1115,236,1109,QuranAnalysis001,241,790,1584,644,90
1115,648,860,JK000028,319,1195,1431,173,89
1115,358,648,Rafed0001713Vols,2696,435,725,235,100
1115,648,812,Rafed0001713Vols,2698,1252,1416,135,100
1115,797,1109,Rafed0001713Vols,2699,496,848,254,88
1115,367,648,Zaydiyya0000476,331,456,746,222,94
1115,367,648,Zaydiyya0000476,402,617,907,222,94
1115,618,762,JK006950,2335,1455,1601,99,82
1115,514,1082,Shamela0000041,2591,1018,1585,466,99
1115,565,1109,Shamela0000041,2592,20,1203,432,44
1115,302,955,Shamela0023578,3195,125,788,498,90
1115,502,960,Shamela0023578,3197,914,1540,364,70
1116,1411,1534,Shia001432Vols,22390,140,266,97,94
1116,542,1116,Shamela0023632,3521,296,667,291,61
1116,1103,1403,Shamela0023632,3522,670,958,232,94
1116,1372,1626,Shamela0023632,3523,1031,1300,179,82
1116,415,1061,Shamela0095562,71,15,1132,373,37
1116,952,1529,JK009268,4398,0,562,461,97
1116,488,1024,Sham19Y0023618,1749,627,936,255,57
1116,1103,1387,Sham19Y0023618,1750,0,725,223,36
1116,1372,1563,Sham19Y0023618,1751,698,889,158,100
1116,838,1024,Sham19Y0133368,12,173,350,147,95
1116,488,1116,Shamela0023628,3455,1217,1611,320,62
1116,1080,1467,Shamela0023628,3457,419,954,316,71
1116,488,1024,Rafed0003257Vols,5135,288,597,255,57
1116,1280,1566,Rafed0003257Vols,5144,120,415,236,96
1116,826,1024,Sham19Y0020891,6373,507,696,153,93
1116,1061,1219,Tafsir09068,1164,807,1207,120,37
1116,542,1024,JK009270,5397,932,1212,232,58
1116,1030,1330,JK009270,5401,1118,1416,241,98
1116,1325,1563,JK009270,5406,828,1066,197,100
1116,1227,1432,Sham19Y0150960,661,681,850,132,77
1116,488,1024,Meshkat0014420,4573,931,1240,255,57
1116,1030,1563,Meshkat0014420,4575,939,1471,437,99
1116,1065,1411,JK006476,1885,192,579,264,83
1116,488,1024,Sham19Y0147312,1953,422,731,255,57
1116,979,1185,Sham19Y0147312,1953,1328,1527,134,78
1116,1185,1372,Sham19Y0147312,1954,0,186,154,99
1116,1372,1563,Sham19Y0147312,1954,882,1073,158,100
1116,826,1024,Shamela0004445,7105,1298,1487,153,93
1116,113,588,Shamela0022769,1618,5,800,267,37
1116,588,932,Shamela0022769,1618,905,1536,186,33
1116,1085,1325,Shamela0022769,1619,676,1321,191,36
1116,826,1219,Sham19Y0013550,568,423,924,201,49
1116,945,1239,Zaydiyya0000062,2039,83,352,218,89
1116,1372,1529,Shamela0006947,8251,1247,1404,129,100
1116,488,1563,JK000791,2340,22,864,689,78
1116,834,1041,Shamela0021766,4454,505,872,159,51
1116,47,605,Shamela0000922,1242,353,755,205,38
1116,542,1116,Shamela0000922,1242,699,1379,237,32
1116,1280,1563,Shamela0000922,1243,837,1317,182,46
1116,488,1563,JK007018,811,280,1524,676,56
1116,1030,1222,JK009396,1626,1222,1414,154,99
1116,488,1024,JK009396,1626,179,488,255,57
1116,1219,1566,JK009396,1627,287,634,285,99
1116,488,1024,Sham19Y0023608,3983,971,1280,255,57
1116,911,1219,Sham19Y0023608,3985,1170,1563,218,65
1116,1219,1563,Sham19Y0023608,3987,956,1300,284,100
1116,488,1347,JK000818,675,256,1420,538,51
1116,1103,1338,Meshkat00042488,1749,385,1065,164,28
1116,1227,1563,Meshkat00042488,1750,116,1564,205,16
1116,47,1017,ShamIbadiyya0000075,924,266,1558,534,42
1116,748,1280,ShamAY0033108,1846,289,1081,396,59
1116,1017,1626,Shia002356Vols,1259,637,1248,454,87
1116,47,588,Shia002380Vols,806,221,683,285,54
1116,588,1103,Shia002380Vols,806,864,1607,275,37
1116,1103,1325,Shia002380Vols,807,0,374,183,59
1116,826,1024,JK001496,2382,910,1102,153,92
1116,1103,1298,JK001496,2383,1043,1502,159,41
1116,431,1280,Tafsir02091,2123,49,1524,545,43
1116,834,1347,Tafsir02102,3880,219,1205,346,39
1116,488,1024,Shamela0008473,4793,736,1045,255,57
1116,834,1219,Shamela0008473,4794,606,1007,303,90
1116,1103,1338,Shamela0008473,4795,831,1492,194,35
1116,1338,1563,Shamela0008473,4796,0,225,186,100
1116,47,588,Shia002382Vols,1807,377,959,312,54
1116,834,1325,Shia002382Vols,1808,148,1188,387,45
1116,47,698,Shia002382Vols,2400,172,697,284,46
1116,1280,1482,Shia002382Vols,2402,469,656,144,86
1116,826,1024,JK009265,333,525,714,153,93
1116,415,1047,Tafsir05047,940,74,1027,338,41
1116,1306,1467,Shamela0003055,1219,532,689,123,93
1116,488,1051,Shamela0023591,6535,1278,1607,271,58
1116,1051,1563,Shamela0023591,6536,0,512,421,100
1116,1030,1384,Shamela0023591,6539,1280,1633,289,99
1116,1384,1584,Shamela0023591,6540,0,204,155,92
1116,826,1024,JK009266,8917,8,197,153,93
1116,1000,1219,JK009266,8921,1057,1349,173,73
1116,1173,1563,JK009266,8923,366,871,316,75
1116,488,1219,Shamela0021821,1876,486,1287,382,45
1116,47,598,Shamela0021821,1876,39,564,247,46
1116,1197,1563,Shamela0021821,1877,26,390,290,95
1116,488,1142,JK009362,8537,1168,1596,341,62
1116,1142,1563,JK009362,8538,0,429,347,97
1116,1030,1563,JK001110,97,563,1096,437,100
1116,838,1024,Sham19Y0147597,14,745,922,147,95
1116,1411,1529,Zaydiyya0000274,708,296,414,96,100
1116,549,1372,JK009257,966,119,1368,400,32
1116,1372,1563,JK009257,967,23,653,158,30
1116,549,1024,JK006478,9076,68,343,226,56
1116,1030,1219,JK006478,9077,1088,1280,153,98
1116,1219,1467,JK006478,9079,2,251,205,98
1116,47,393,Tafsir08060,516,1160,1537,184,51
1116,945,1626,Rafed0003943Vols,1568,553,1191,511,91
1116,1315,1534,Zaydiyya0000148,234,1038,1243,138,78
1116,1325,1467,Shamela0007798,8968,1365,1507,118,100
1116,39,588,Tafsir01006,1469,653,1505,344,45
1116,47,928,Tafsir06048,1209,479,1534,379,37
1116,444,945,Sham19Y0014404,1538,900,1327,248,49
1116,911,1372,Sham19Y0014404,1539,216,1423,248,22
1116,1076,1347,Meshkat00057178,3606,212,833,201,39
1116,1352,1563,Meshkat00057178,3608,119,475,174,59
1116,1007,1219,Masaha000554Vols,6278,133,345,159,92
1116,1131,1320,Masaha000554Vols,6279,1108,1681,150,31
1116,1320,1556,Masaha000554Vols,6280,0,235,187,95
1116,488,985,QuranAnalysis001,241,1345,1623,230,55
1116,985,1566,QuranAnalysis001,242,0,566,462,97
1116,168,1219,Rafed0001713Vols,2699,151,1107,590,57
1116,1181,1325,Rafed0001713Vols,2701,858,1035,118,81
1116,1306,1563,Rafed0001713Vols,2702,97,389,212,88
1116,1358,1563,Tafsir04042,2233,849,1544,168,29
1116,47,1325,Shamela0000041,2592,103,1568,814,60
1116,1012,1284,Shamela0000041,2593,0,417,214,62
1116,1310,1563,Shamela0000041,2594,549,842,186,74
1116,47,610,Shamela0023578,3197,1060,1540,301,58
1116,826,1563,Shamela0023578,3198,34,756,590,97
1116,1085,1202,Shamela0023578,3199,1441,1571,95,88
1116,1310,1563,Shamela0023578,3201,209,650,184,49
1117,77,468,JK009268,4398,118,358,196,61
1117,6,468,Shamela0023628,3457,298,812,250,49
1117,0,344,Shamela0022593,2641,176,787,174,34
1117,974,1169,Tafsir09084,2480,1143,1594,116,30
1117,77,468,JK009270,5401,1173,1411,195,60
1117,77,468,Meshkat0014420,4575,994,1233,195,60
1117,77,371,Meshkat0014420,4577,642,980,170,58
1117,95,485,Meshkat00042485,6658,1071,1564,240,54
1117,77,371,Tafsir02067,1024,442,742,150,51
1117,95,245,JK000383BK1,73,807,930,96,77
1117,77,468,JK000791,2340,386,626,196,61
1117,1036,1270,Shamela0021766,4457,149,469,141,52
1117,77,468,JK007018,811,861,1275,202,49
1117,810,1169,JK000906,10730,829,1293,174,40
1117,77,245,JK009396,1626,1277,1411,109,79
1117,77,245,Sham19Y0023608,3985,1429,1563,109,79
1117,95,310,Sham19Y0023608,3987,176,600,116,32
1117,77,468,JK000818,675,908,1384,209,44
1117,77,398,ShamAY0033108,1846,870,1081,158,59
1117,77,478,Shia002356Vols,1259,713,964,193,58
1117,701,1592,Shia002380Vols,807,762,1266,266,34
1117,77,398,Tafsir02091,2123,1315,1524,159,60
1117,95,398,Tafsir02102,3880,745,1138,163,45
1117,77,245,Shamela0008473,4794,873,1007,109,79
1117,77,485,Shia002382Vols,1808,723,1218,240,53
1117,701,890,Shia002382Vols,2402,514,721,74,43
1117,666,1169,JK006474,2669,1020,1371,138,26
1117,969,1169,Shamela0012884,1074,1188,1388,106,60
1117,77,468,Shamela0023591,6536,34,274,196,61
1117,77,468,Shamela0023591,6539,1335,1575,196,61
1117,77,245,JK009266,8921,1215,1349,109,79
1117,77,245,Shamela0021821,1876,1153,1287,109,79
1117,77,468,JK001110,97,618,858,196,61
1117,77,245,JK006478,9077,1145,1280,109,78
1117,77,468,Rafed0003943Vols,1568,678,918,196,61
1117,77,485,Tafsir01006,1470,815,1343,238,50
1117,701,1270,Tafsir01006,1470,1349,1600,149,30
1117,95,468,Tafsir06048,1210,446,860,190,46
1117,77,468,Sham19Y0014404,1539,571,1073,170,30
1117,77,245,Masaha000554Vols,6278,212,345,108,78
1117,77,468,QuranAnalysis001,242,85,325,196,61
1117,77,245,Rafed0001713Vols,2699,973,1107,109,79
1117,77,468,Shamela0000041,2592,1328,1568,196,61
1117,6,402,Shamela0000041,2593,143,417,210,65
1117,77,468,Shamela0023578,3198,278,518,196,61
1117,77,228,Shamela0023578,3199,1441,1571,101,81
1117,6,371,JK000876,1561,1051,1547,202,46
1118,150,513,Shia001432Vols,17445,874,1321,216,50
1118,288,513,Shia001432Vols,32425,9,244,172,90
1118,143,620,Shia001432Vols,32638,1105,1581,379,98
1118,620,1191,Shia001432Vols,32639,0,542,417,90
1118,64,620,Shamela0023632,3524,924,1495,414,90
1118,620,1127,Shamela0023632,3529,361,868,408,100
1118,834,1012,Shamela0000894,4157,1343,1521,146,100
1118,99,1127,JK009268,4402,451,1492,816,96
1118,64,643,Sham19Y0023618,1752,107,670,419,89
1118,1127,1395,Sham19Y0023618,1752,681,971,78,23
1118,620,1012,Sham19Y0023618,1754,967,1359,318,100
1118,620,834,Shamela0023628,3464,765,979,172,100
1118,903,1127,Shamela0023628,3466,0,224,180,100
1118,127,620,Rafed0003257Vols,5149,94,594,396,98
1118,620,799,Rafed0003257Vols,5156,1374,1552,144,99
1118,799,1151,Rafed0003257Vols,5157,0,350,266,93
1118,7,612,Sham19Y0020891,6379,553,1572,456,53
1118,620,834,Sham19Y0020891,6389,652,866,172,100
1118,834,1127,Sham19Y0020891,6391,357,650,236,100
1118,736,1127,Shamela0009759,330,407,855,274,75
1118,620,1012,JK009270,5421,111,503,317,99
1118,620,1141,Sham19Y0150960,661,1181,1597,307,73
1118,127,834,Meshkat0014420,4580,340,1057,566,98
1118,834,1127,Meshkat0014420,4588,1088,1381,236,100
1118,41,620,Sham19Y0147312,1955,83,614,415,88
1118,620,834,Sham19Y0147312,1956,679,893,172,100
1118,925,1127,Sham19Y0147312,1957,0,202,162,100
1118,834,1012,Sham19Y0013550,16,289,467,146,100
1118,365,766,Zaydiyya0000062,2044,894,1292,315,97
1118,732,921,Zaydiyya0000062,2047,1392,1650,151,71
1118,921,1127,Zaydiyya0000062,2048,0,207,165,99
1118,596,834,JK000791,2346,88,390,190,78
1118,732,1127,JK000791,2347,921,1401,313,81
1118,150,704,JK009336,2165,355,909,442,99
1118,670,1012,Shamela0000922,1246,558,890,190,54
1118,964,1135,Shamela0000922,1247,56,447,123,39
1118,620,1127,JK007018,814,535,1326,408,64
1118,620,834,JK009396,1632,345,559,172,100
1118,834,1127,JK009396,1633,0,293,236,100
1118,620,834,Sham19Y0023608,3998,973,1187,172,100
1118,766,1127,Sham19Y0023608,4000,323,1043,289,50
1118,150,964,Sham19Y0016953Vols,131,486,1133,483,70
1118,834,1012,JK000917,1510,328,506,146,100
1118,985,1130,JK000917,1512,82,224,112,97
1118,164,620,JK000381,8581,11,467,366,100
1118,150,494,JK000381,9306,783,1127,279,100
1118,143,620,JK000381,9335,440,917,379,99
1118,628,1127,JK000818,677,32,1210,389,41
1118,766,1012,Meshkat00042488,1754,108,570,200,53
1118,779,1103,ShamIbadiyya0000075,928,0,716,261,45
1118,799,1127,Shamela0004473,1742,448,764,243,92
1118,732,1127,Shamela0004473,11232,31,257,171,55
1118,834,1127,JK000961,155,1035,1328,236,100
1118,461,1344,Shia002356Vols,1261,0,803,368,41
1118,804,1127,Shia002356Vols,1263,266,622,259,90
1118,936,1127,Shamela0000767,3725,959,1150,153,100
1118,890,1103,Shamela0000767,3984,547,760,171,100
1118,620,936,Shamela0000767,3985,753,1083,255,95
1118,615,1072,Tafsir04038,685,680,1065,223,49
1118,834,1012,Sham19Y0014827,626,901,1079,146,100
1118,7,620,JK001496,2385,340,1306,464,58
1118,620,834,JK001496,2389,1192,1407,171,99
1118,834,1127,JK001496,2390,1068,1364,236,98
1118,1307,1484,Tafsir02102,3882,725,1085,102,36
1118,1380,1484,Shamela0008473,4800,1022,1145,73,76
1118,578,834,Shamela0008473,4807,318,653,201,75
1118,697,1161,Shamela0008473,4811,705,1439,350,59
1118,766,1012,Shia002382Vols,2407,498,745,199,98
1118,663,1127,Tafsir05047,945,460,1001,263,53
1118,127,469,Shamela0023591,6542,1250,1591,278,99
1118,469,1127,Shamela0023591,6543,0,658,526,100
1118,620,1127,Shamela0023591,6548,720,1227,408,100
1118,620,834,JK009266,8943,550,764,171,99
1118,770,1012,JK009266,8947,992,1426,195,55
1118,834,1012,ShamIbadiyya0000760,1010,403,581,146,100
1118,697,1018,ShamIbadiyya0000760,1064,570,857,162,53
1118,342,1141,Zaydiyya0000063,221,286,825,414,63
1118,620,795,Shamela0021821,1881,1249,1423,141,99
1118,670,1127,Shamela0021821,1882,419,1120,344,59
1118,143,620,Kraken220413194022,1132,123,603,374,96
1118,150,620,Kraken220413194022,1183,21,498,374,97
1118,164,620,Kraken220413194022,1213,432,889,364,99
1118,150,1127,JK009362,8567,282,1261,784,99
1118,150,513,Rafed0002565Vols,670,574,1016,216,50
1118,229,620,Zaydiyya0000274,709,0,391,312,100
1118,834,1127,Zaydiyya0000274,722,821,1114,236,100
1118,620,834,JK006478,9089,837,1052,171,99
1118,834,1127,JK006478,9091,68,364,236,98
1118,7,646,Rafed0003943Vols,1569,827,1565,466,72
1118,646,834,Rafed0003943Vols,1570,0,188,151,100
1118,834,1127,Rafed0003943Vols,1572,931,1224,236,100
1118,143,500,Shamela0010273,3356,834,1190,286,98
1118,64,620,Shamela0007798,8971,79,635,422,90
1118,834,1103,Shamela0007798,8992,161,430,217,100
1118,150,500,Masaha002865,337,787,1208,216,52
1118,732,1012,Sham19Y0014404,1544,132,591,226,61
1118,766,1012,Meshkat00057178,3614,887,1133,200,100
1118,620,849,Masaha000554Vols,6296,1337,1559,177,96
1118,849,1158,Masaha000554Vols,6297,0,299,225,90
1118,7,1127,QuranAnalysis001,242,529,1550,820,90
1118,834,1127,Hindawi047174958,81,306,599,236,100
1118,127,469,Rafed0001713Vols,2703,1245,1586,278,99
1118,620,834,Rafed0001713Vols,2709,156,370,172,100
1118,770,1130,Rafed0001713Vols,2711,147,741,287,60
1118,834,1012,JK000122,1045,943,1121,146,100
1118,834,1012,Shamela0000432,842,909,1088,146,99
1118,834,1012,Shamela0000432,944,1247,1426,146,99
1118,143,620,JK001414,1096,509,983,374,97
1118,150,620,JK001414,1148,580,1047,372,98
1118,164,620,JK001414,1179,567,1020,361,98
1118,1380,1484,Tafsir07057,5087,915,1056,73,66
1118,164,620,JK006950,2882,63,519,366,100
1118,181,494,JK006950,3607,0,313,254,100
1118,143,599,JK006950,3635,1140,1595,363,98
1118,732,1072,Shamela0000041,2600,246,616,243,82
1118,997,1127,Shamela0000041,2603,300,430,102,100
1118,153,494,Shia001237Vols,3715,750,1247,231,52
1118,127,615,Shamela0023578,3201,1025,1537,392,94
1118,615,1420,Shamela0023578,3202,0,719,408,53
1119,1102,1570,Shamela0023628,3463,566,1047,155,27
1119,840,1291,JK000818,676,1037,1404,203,48
1119,208,627,Meshkat00042488,1752,170,618,161,36
1119,1022,1291,ShamIbadiyya0000075,927,32,518,164,39
1119,840,1256,Shia002380Vols,808,707,1242,170,34
1119,840,1291,Shia002382Vols,1811,253,843,188,34
1119,840,1295,Tafsir05047,943,549,1192,170,25
1119,1022,1291,Shia000181,522,1000,1543,117,24
1119,840,1570,Tafsir08060,518,403,1035,234,28
1119,840,1291,Tafsir01006,1472,264,808,219,43
1119,493,1054,Sham19Y0014404,1542,27,619,184,25
1119,488,640,Rafed0001713Vols,2706,1389,1625,115,61
1119,1022,1295,Rafed0001713Vols,2707,601,1495,186,25
1119,840,1291,Shamela0023578,3206,971,1382,198,43
1120,99,563,Shamela0095562,74,922,1558,232,39
1120,488,828,JK009268,4408,641,960,79,17
1120,398,619,Meshkat00042485,6671,269,682,120,32
1120,520,794,Meshkat00042485,6673,871,1494,122,24
1120,632,794,Shamela0021766,4469,921,1217,107,45
1120,99,717,ShamIbadiyya0000075,927,1062,1557,218,38
1120,786,929,Shia002356Vols,1263,1174,1402,92,45
1120,245,681,Shia002380Vols,809,1047,1477,150,32
1120,99,224,Shia002380Vols,809,452,564,80,81
1120,700,1583,Shia002380Vols,810,7,631,330,42
1120,99,224,Shia002382Vols,1812,476,602,81,82
1120,632,1107,Shia002382Vols,1813,647,1187,237,45
1120,632,1107,Shia002382Vols,2407,747,1286,236,44
1120,632,1403,Tafsir01006,1473,1004,1611,292,39
1120,113,636,Tafsir01006,1473,0,714,207,32
1120,786,1107,Rafed0001713Vols,2711,972,1470,183,41
1120,99,733,JK000876,1565,346,1516,323,30
1121,239,381,Shia001432Vols,2014,214,356,116,100
1121,409,632,Shia001432Vols,2522,145,368,182,100
1121,393,632,Shia001432Vols,20813,1141,1380,186,95
1121,239,409,Shia001432Vols,24162,444,618,139,97
1121,239,632,Shamela0023632,3531,1194,1588,321,99
1121,291,751,JK009268,4403,0,460,373,100
1121,275,632,Sham19Y0023618,1756,0,358,293,99
1121,39,932,Shamela0023628,3469,32,863,549,71
1121,239,534,Shamela0009512,1,1035,1358,242,91
1121,239,751,Rafed0003257Vols,5159,804,1317,415,99
1121,179,445,Tafsir09084,2489,416,961,198,43
1121,239,632,Sham19Y0020891,6395,834,1227,321,100
1121,234,381,JK010001,2394,1311,1459,118,97
1121,239,445,JK009270,5427,383,587,167,99
1121,434,751,JK009270,5429,504,816,251,98
1121,356,632,Shamela0005756,15493,604,879,225,98
1121,0,401,Meshkat0014420,4588,1295,1541,200,61
1121,504,751,Meshkat0014420,4593,0,247,198,100
1121,0,334,JK000865,760,1054,1543,176,42
1121,0,462,JK006476,1895,624,977,250,64
1121,751,1164,Meshkat00042485,6676,1318,1635,205,54
1121,239,637,Sham19Y0147312,1957,813,1210,323,99
1121,356,632,Sham19Y0013550,387,1053,1330,225,99
1121,356,632,Sham19Y0013550,569,1205,1482,225,99
1121,43,932,Zaydiyya0000062,2050,488,1377,438,48
1121,10,830,JK000791,2349,452,1146,446,63
1121,51,534,Shamela0000922,1247,642,1434,244,34
1121,421,632,Shamela0000922,1248,0,211,172,100
1121,239,614,JK007018,815,362,746,302,95
1121,239,632,Zaydiyya0000075BK22,25,872,1266,321,99
1121,239,751,JK009396,1634,955,1467,415,100
1121,239,632,Sham19Y0023608,4003,112,506,321,99
1121,0,479,Meshkat00042488,1755,473,1267,271,37
1121,239,1357,Shamela0004473,699,281,1354,525,48
1121,0,751,Shia002356Vols,1263,534,1125,458,75
1121,239,739,Shia002380Vols,810,931,1586,406,76
1121,239,632,JK001496,2392,933,1329,317,97
1121,317,637,Tafsir02091,2130,882,1545,249,46
1121,239,812,Shamela0008473,4814,969,1522,357,63
1121,751,1345,Shia002382Vols,1814,802,1207,240,44
1121,239,926,Shia002382Vols,2408,893,1565,403,62
1121,234,381,Tafsir07055,2480,36,184,118,97
1121,0,751,Shamela0023591,6543,572,1171,483,79
1121,239,657,Shamela0023591,6552,1156,1574,341,99
1121,239,757,JK009266,8957,1076,1596,419,98
1121,10,926,Shamela0021821,1883,560,1516,572,67
1121,0,524,JK009362,8567,1173,1547,298,68
1121,524,760,JK009362,8568,0,244,184,95
1121,421,637,JK001420,764,20,181,128,73
1121,239,528,JK006478,9092,1257,1547,233,96
1121,0,691,Tafsir08060,519,818,1564,309,40
1121,0,421,Rafed0003943Vols,1572,1138,1588,213,43
1121,421,751,Rafed0003943Vols,1573,0,331,266,99
1121,356,479,Shamela0007798,9000,894,1017,100,100
1121,239,707,Tafsir06048,1219,291,1310,350,42
1121,0,632,Sham19Y0014404,1545,176,1525,404,36
1121,297,637,Meshkat00057178,3616,32,546,274,65
1121,239,549,Masaha000554Vols,6302,1384,1688,236,92
1121,260,751,QuranAnalysis001,243,0,491,399,100
1121,35,1235,Rafed0001713Vols,2713,28,1511,685,47
1121,409,673,Tafsir04042,2238,135,674,214,48
1121,381,594,Zaydiyya0000476,465,1175,1589,175,50
1121,381,632,Zaydiyya0000476,480,1107,1560,205,55
1121,381,751,Zaydiyya0000476,672,305,966,298,55
1121,381,751,Zaydiyya0000476,676,676,1337,298,55
1121,275,445,Tafsir04056,7129,1183,1476,139,57
1121,0,858,Shamela0000041,2603,344,1100,444,54
1121,445,751,Shamela0000041,2604,78,416,247,90
1121,0,624,Shamela0023578,3212,1104,1575,383,75
1121,10,702,Shamela0023578,3213,173,1126,448,51
1122,684,1171,Shia001432Vols,7299,83,572,393,99
1122,785,1171,Shia001432Vols,7310,17,619,308,62
1122,445,959,Shamela0023632,3533,998,1508,288,62
1122,959,1171,Shamela0023632,3537,455,667,174,100
1122,610,1398,JK009268,4411,687,1542,612,87
1122,684,1171,JK000637,2317,310,983,386,71
1122,610,1179,Sham19Y0023618,1757,351,936,434,91
1122,183,756,Shamela0023628,3470,0,946,280,33
1122,706,977,Shamela0023628,3473,1167,1461,187,74
1122,809,1171,Rafed0003257Vols,5164,1002,1364,290,98
1122,763,1129,Shia004266Vols,109,0,365,295,99
1122,111,316,Tafsir09084,2490,105,332,115,61
1122,692,959,JK009270,5435,1305,1572,213,99
1122,959,1171,JK009270,5441,334,546,174,100
1122,610,1171,Meshkat0014420,4595,526,1295,446,71
1122,1034,1364,Shia001626Vols,42,15,699,253,44
1122,661,1398,Shia001626Vols,298,16,753,585,97
1122,959,1115,Shia001626Vols,306,1068,1224,126,100
1122,816,1089,Shia001626Vols,309,1061,1373,216,85
1122,610,959,Sham19Y0147312,1959,797,1107,250,88
1122,952,1171,Sham19Y0147312,1960,574,799,178,96
1122,475,959,Zaydiyya0000062,2052,346,792,282,73
1122,922,1171,Zaydiyya0000062,2055,868,1159,203,84
1122,798,1171,Shamela0006947,20218,0,373,303,100
1122,903,1171,Hindawi013538483,73,0,268,219,100
1122,816,1072,Shamela0010517,2317,545,801,206,100
1122,434,1179,JK000791,2351,0,692,490,79
1122,684,1171,Sham19Y0009800,238,308,795,394,100
1122,605,1171,JK007018,816,258,798,428,92
1122,816,1072,Shia003744Vols,496,1054,1311,206,99
1122,816,1072,Shia001373,175,1160,1414,204,98
1122,605,1179,JK009396,1636,785,1378,432,87
1122,610,1171,Sham19Y0023608,4007,307,843,425,93
1122,959,1174,ShamIbadiyya0000259,299,912,1129,174,98
1122,816,1115,Shia003636Vols,332,357,607,198,82
1122,343,977,ShamIbadiyya0000075,929,174,1109,334,40
1122,661,1171,Shia004014Vols,218,1040,1598,413,91
1122,665,1171,JK000883,500,519,1223,387,68
1122,816,1171,JK000961,158,3,358,288,100
1122,316,1040,Shia002356Vols,1265,794,1507,411,61
1122,1040,1364,Shia002356Vols,1266,0,312,250,93
1122,785,1171,Tafsir04038,688,9,597,305,63
1122,17,492,Shia002380Vols,810,1288,1586,218,54
1122,701,1171,Shamela0008473,4818,0,470,380,99
1122,17,504,Shia002382Vols,2409,723,1048,220,52
1122,756,959,Shia002382Vols,2410,913,1117,162,98
1122,605,1083,Shamela0023591,6555,1119,1584,351,91
1122,677,1349,Shamela0023591,6556,950,1623,543,99
1122,768,1049,JK009266,8971,1201,1527,212,80
1122,1049,1171,JK009266,8972,0,122,101,100
1122,692,1171,Shamela0021821,1884,980,1459,388,100
1122,809,1072,Rafed0003793Vols,1131,749,1046,208,87
1122,684,1398,JK009362,8613,639,1366,565,95
1122,605,1072,JK001420,764,798,1504,269,42
1122,756,959,JK006478,9098,888,1092,163,99
1122,756,1171,JK006478,9100,74,524,217,52
1122,610,1179,Rafed0003943Vols,1573,1024,1555,430,93
1122,756,959,Shamela0007798,9010,951,1368,163,48
1122,670,1171,Hindawi020604026,428,415,917,400,98
1122,756,972,Sham19Y0014404,1548,139,547,162,49
1122,677,1171,Masaha000554Vols,6309,784,1256,363,91
1122,442,1398,QuranAnalysis001,243,439,1217,614,79
1122,337,1171,Rafed0001713Vols,2715,281,1252,551,65
1122,952,1171,JK000122,900,817,1037,178,98
1122,684,959,Shamela0000432,4593,507,782,220,100
1122,86,791,Shamela0000041,2604,146,999,343,44
1122,684,977,Shamela0000041,2606,1071,1413,219,79
1122,86,504,Shamela0023578,3213,929,1559,240,42
1122,623,959,Shamela0023578,3214,0,669,256,47
1122,1072,1398,Shamela0023578,3221,822,1149,256,95
1123,800,1391,Shamela0023628,3475,515,1070,213,35
1123,457,1369,JK000865,762,105,1116,291,27
1123,808,1391,Shamela0000041,2608,538,1238,275,40
1124,1225,1449,Shamela0008381,752,1169,1393,181,100
1124,561,1151,Shamela0023632,3539,1091,1457,289,60
1124,1151,1373,Shamela0023632,3542,161,383,183,100
1124,208,947,Shamela0095562,79,14,826,313,38
1124,561,1030,JK009268,4411,1380,1624,191,50
1124,1030,1590,JK009268,4412,0,560,453,99
1124,561,1225,Sham19Y0023618,1759,1177,1616,351,65
1124,1245,1590,Sham19Y0023618,1761,0,345,281,100
1124,561,1251,Shamela0023628,3480,160,632,349,62
1124,958,1590,Shamela0023628,3482,251,1071,515,77
1124,1200,1590,Rafed0003257Vols,5174,166,625,318,84
1124,823,1151,Sham19Y0020891,6416,817,1205,241,74
1124,561,1590,Meshkat0014420,4602,345,1147,637,75
1124,1170,1412,Meshkat0014420,4605,664,1435,186,29
1124,561,1225,Shia001626Vols,42,572,1095,345,57
1124,1213,1590,Shia001626Vols,43,111,488,296,97
1124,561,1590,Shia001626Vols,298,592,1394,629,75
1124,157,606,Meshkat00042485,6692,536,1201,262,45
1124,661,958,Meshkat00042485,6693,1143,1461,136,46
1124,1027,1590,Sham19Y0147312,1963,770,1386,347,60
1124,561,1159,Zaydiyya0000062,2057,636,1008,293,60
1124,561,1159,JK000791,2355,1090,1474,295,60
1124,1170,1598,JK000791,2357,0,438,346,96
1124,912,1159,Shamela0000922,1251,897,1144,199,100
1124,967,1383,Shamela0000922,1252,0,598,252,49
1124,1229,1581,Shia003752Vols,475,604,1243,281,53
1124,1373,1590,Sham19Y0009800,825,592,809,176,100
1124,1373,1590,Tafsir07076,753,26,413,176,56
1124,1225,1566,Tafsir07076,832,1060,1556,191,47
1124,1225,1516,Tafsir07076,1724,1127,1566,221,61
1124,1225,1500,Tafsir07076,2291,400,936,221,50
1124,1225,1406,Tafsir07076,6067,900,1203,80,29
1124,1282,1590,JK007018,819,0,315,251,97
1124,1225,1494,Shia003744Vols,499,47,458,169,49
1124,561,1159,JK009396,1640,211,585,295,61
1124,1151,1373,JK009396,1642,161,383,181,99
1124,561,1151,Sham19Y0023608,4012,203,569,289,60
1124,1200,1590,Sham19Y0023608,4016,611,1070,318,84
1124,1225,1383,Sham19Y0016953Vols,1729,1417,1574,129,99
1124,1383,1590,Sham19Y0016953Vols,1730,0,244,168,84
1124,823,1159,Meshkat00042488,1760,1022,1444,252,74
1124,149,1239,ShamIbadiyya0000075,930,231,1656,563,42
1124,1225,1412,Shamela0004473,1596,93,211,80,50
1124,920,1590,Shia002356Vols,1269,492,1157,528,96
1124,149,905,Shia002380Vols,812,774,1493,291,35
1124,831,1165,Tafsir02102,3910,934,1648,241,40
1124,1165,1548,Tafsir02102,3911,0,719,313,53
1124,561,1151,Shamela0008473,4829,472,838,289,60
1124,1151,1373,Shamela0008473,4834,300,522,181,99
1124,126,1151,Shia002382Vols,2413,632,1298,441,48
1124,1095,1593,Shia002382Vols,2415,317,1361,362,43
1124,561,1598,Shamela0023591,6556,154,967,644,76
1124,912,1470,Shamela0023591,6563,1050,1607,453,99
1124,831,1030,JK009266,8983,1228,1538,146,54
1124,1225,1494,Tafsir10098,1621,139,670,218,50
1124,561,1159,Shamela0021821,1888,419,798,286,58
1124,1095,1373,Shamela0021821,1889,614,939,223,83
1124,1373,1610,Shamela0021821,1890,207,464,186,89
1124,561,1112,JK009362,8613,1199,1531,254,55
1124,1112,1590,JK009362,8614,0,484,387,97
1124,1225,1449,Shamela0007853,14,891,1114,179,99
1124,1229,1494,JK009257,973,339,681,215,77
1124,1225,1494,JK006478,9106,35,306,217,98
1124,561,1188,Rafed0003943Vols,1574,758,1575,323,38
1124,1188,1400,Rafed0003943Vols,1575,0,216,160,90
1124,1373,1590,Rafed0003943Vols,1576,89,306,176,100
1124,561,1225,Zaydiyya0000148,36,905,1342,351,64
1124,661,1159,Shamela0007798,9019,651,1457,276,43
1124,422,958,Tafsir01006,1477,65,716,229,39
1124,144,536,Sham19Y0014404,1550,450,781,148,41
1124,1373,1590,Sham19Y0014404,1552,27,584,172,38
1124,552,1159,Meshkat00057178,3627,261,707,302,60
1124,1159,1590,Masaha000554Vols,6322,671,1096,345,97
1124,561,1334,QuranAnalysis001,243,1055,1603,430,68
1124,1334,1593,QuranAnalysis001,244,0,259,208,99
1124,182,1159,Rafed0001713Vols,2721,615,1586,487,46
1124,661,958,Rafed0001713Vols,2722,782,1560,152,23
1124,1315,1590,Rafed0001713Vols,2725,647,1076,223,64
1124,1200,1383,Tafsir04042,2243,1362,1645,148,63
1124,958,1388,Shamela0000041,2614,107,601,348,86
1124,561,1339,Shamela0023578,3221,987,1540,434,68
1124,1339,1590,Shamela0023578,3222,0,251,204,100
1124,1315,1590,JK000094,164,0,275,221,99
1125,963,1487,Shamela0008381,752,1169,1393,181,42
1125,520,1524,Shamela0023628,3482,359,960,408,46
1125,241,684,Tafsir09084,2497,707,1494,205,28
1125,632,1524,Meshkat0014420,4602,581,1036,367,50
1125,856,1383,Meshkat0014420,4605,427,1435,250,27
1125,701,1337,Meshkat00042485,6696,647,1381,339,48
1125,632,1077,Shamela0021766,4497,629,1432,293,43
1125,963,1524,Tafsir07076,1724,1127,1532,205,36
1125,963,1524,Tafsir07076,2291,400,913,206,31
1125,963,1524,Tafsir07076,6067,900,1527,150,21
1125,856,1010,JK007018,818,1332,1567,95,48
1125,933,1524,Sham19Y0023608,4016,611,959,226,42
1125,499,1329,Meshkat00042488,1761,311,1484,367,30
1125,963,1383,Shamela0004473,1596,93,211,80,23
1125,856,1329,JK001496,2402,521,884,174,36
1125,870,1524,Tafsir02102,3911,0,614,290,42
1125,264,749,Shamela0008473,4833,0,810,217,29
1125,490,900,Shia002382Vols,1819,894,1473,220,41
1125,800,1193,ShamIbadiyya0000050,5892,836,1403,195,36
1125,502,1524,Shamela0023591,6556,339,848,411,49
1125,502,1516,Shamela0023591,6563,1108,1607,404,48
1125,963,1524,Tafsir10098,1621,139,655,207,35
1125,490,851,JK000458,3315,462,1082,240,46
1125,864,1502,Tafsir01006,1478,62,949,326,40
1125,490,1329,Sham19Y0014404,1551,242,997,406,46
1125,502,1262,QuranAnalysis001,243,1240,1603,295,47
1125,490,760,Rafed0001713Vols,2724,20,446,185,53
1125,800,1329,Rafed0001713Vols,2724,967,1407,242,44
1125,963,1524,Rafed0001713Vols,2725,207,965,234,28
1125,490,1193,Shamela0000041,2614,107,526,314,54
1125,502,1267,Shamela0023578,3221,1172,1540,299,47
1126,942,1169,JK000330,219,268,495,181,100
1126,648,918,Shia001432Vols,546,311,556,164,75
1126,918,1255,Shia001432Vols,2326,819,1157,271,99
1126,727,942,Shia001432Vols,18044,459,674,175,100
1126,862,1169,Shia001432Vols,19671,1173,1480,249,100
1126,555,862,Shamela0023632,3544,721,1014,221,90
1126,862,1169,Shamela0023632,3546,950,1257,249,100
1126,1169,1399,Shamela0023632,3548,1054,1276,177,95
1126,582,1399,JK009268,4418,217,1050,640,94
1126,942,1196,Zaydiyya0000077Vols,12,1323,1576,202,99
1126,555,942,Sham19Y0023618,1762,761,1370,287,55
1126,942,1241,Sham19Y0023618,1764,1271,1569,239,99
1126,709,942,JK001137,70,440,673,190,100
1126,555,727,Shamela0023628,3484,1063,1221,114,82
1126,727,1089,Shamela0023628,3485,1073,1435,294,100
1126,1061,1399,Shamela0023628,3487,13,405,262,81
1126,1023,1255,Sham19Y0037562,84,548,1019,185,49
1126,608,1410,Rafed0003257Vols,5183,0,849,629,90
1126,862,1235,Kraken220610012301,184,570,947,297,97
1126,555,862,Sham19Y0020891,6427,180,533,237,83
1126,894,1302,Sham19Y0020891,6439,332,816,329,84
1126,862,1258,Tafsir09068,1177,612,1366,210,33
1126,727,942,JK010001,41,696,911,175,100
1126,789,1023,JK009270,5466,143,362,181,93
1126,1023,1255,JK009270,5469,1132,1364,185,100
1126,599,942,Meshkat0014420,4608,286,640,279,96
1126,942,1084,Meshkat0014420,4611,1440,1581,115,99
1126,867,1219,JK006476,1908,729,1124,240,70
1126,983,1255,Shamela0006879,55,1229,1501,217,100
1126,555,1141,ShamAY0036821,1783,1002,1564,432,91
1126,1141,1399,ShamAY0036821,1784,0,247,195,94
1126,942,1089,Sham19Y0132973,714,588,735,119,100
1126,537,862,Sham19Y0147312,1964,841,1142,230,85
1126,857,1183,Sham19Y0147312,1965,1220,1545,262,99
1126,672,942,Shamela0004445,37,0,270,221,100
1126,663,1089,Sham19Y0013550,571,890,1511,250,46
1126,555,862,Zaydiyya0000062,2063,757,1048,236,94
1126,862,1089,Zaydiyya0000062,2065,1083,1309,186,99
1126,1141,1349,Zaydiyya0000062,2067,0,207,166,99
1126,599,727,ShamIbadiyya0000281,1,6,134,104,100
1126,599,971,JK000791,2358,1184,1555,303,99
1126,971,1255,JK000791,2359,0,284,227,100
1126,909,1255,Shamela0022712,71,1166,1360,132,45
1126,244,727,Shamela0000922,1253,384,720,133,25
1126,783,1258,Shamela0000922,1254,306,1180,192,22
1126,47,862,JK007018,819,861,1557,363,47
1126,935,1255,JK007018,820,1088,1420,255,95
1126,555,942,JK009396,1644,50,444,293,87
1126,942,1255,JK009396,1646,24,337,251,100
1126,555,942,Sham19Y0023608,4022,1115,1482,289,92
1126,942,1141,Sham19Y0023608,4026,1477,1675,160,99
1126,942,1219,Sham19Y0016953Vols,781,1178,1455,220,100
1126,555,736,Meshkat00042488,1763,1141,1520,116,35
1126,942,1089,Meshkat00042488,1765,931,1383,119,32
1126,87,783,ShamIbadiyya0000075,931,226,1020,339,43
1126,622,942,Sham19Y0030863,8,1063,1391,258,96
1126,599,1206,Shia002356Vols,1272,909,1514,476,97
1126,184,763,Tafsir04038,689,1125,1510,186,33
1126,184,686,Shia002380Vols,814,585,1122,239,41
1126,894,1061,JK001496,2408,1386,1630,136,67
1126,1061,1302,JK001496,2409,0,241,193,100
1126,47,280,Shamela0008473,4837,168,518,163,53
1126,599,942,Shamela0008473,4840,454,797,279,100
1126,942,1275,Shamela0008473,4842,520,871,260,92
1126,862,1219,Shia002382Vols,2418,448,1020,286,61
1126,942,1255,JK009265,362,833,1146,251,100
1126,727,942,Tafsir07055,42,1327,1542,175,100
1126,555,1399,Shamela0023591,6569,108,924,647,95
1126,622,1399,Shamela0023591,6570,308,1077,618,98
1126,862,1255,JK009266,9001,31,424,319,100
1126,599,894,Shamela0021821,1891,1245,1538,237,99
1126,987,1292,Shamela0021821,1893,0,319,230,90
1126,622,1399,JK009362,8647,687,1463,618,97
1126,555,926,JK001110,64,1234,1573,264,86
1126,727,983,JK001420,766,472,759,113,35
1126,862,1089,JK009257,974,918,1612,187,32
1126,555,862,Rafed0003943Vols,1576,1068,1342,220,89
1126,862,1297,Rafed0003943Vols,1578,892,1582,353,62
1126,113,528,Shamela0010273,3381,682,1310,214,35
1126,184,537,Tafsir01006,1478,1035,1516,200,45
1126,74,409,Sham19Y0014404,1552,242,1195,152,18
1126,599,810,Sham19Y0014404,1553,22,858,152,22
1126,926,1057,Sham19Y0014404,1554,613,1195,93,19
1126,862,1023,Meshkat00057178,3633,1174,1335,134,100
1126,1023,1219,Meshkat00057178,3634,303,499,154,100
1126,935,1255,Masaha000554Vols,6334,529,846,250,97
1126,622,1399,QuranAnalysis001,244,265,1034,618,98
1126,184,537,Rafed0001713Vols,2726,395,842,204,48
1126,599,862,Rafed0001713Vols,2728,90,353,211,100
1126,862,1302,Rafed0001713Vols,2730,731,1171,357,100
1126,732,935,Shia002374Vols,464,225,441,82,37
1126,918,1235,Tafsir04042,2246,988,1582,254,53
1126,663,1036,Tafsir04056,7156,130,333,95,25
1126,555,732,Shamela0000041,2615,1296,1451,121,81
1126,862,1255,Shamela0000041,2617,340,733,319,100
1126,555,1113,Shamela0023578,3226,897,1485,428,89
1126,1156,1399,Shamela0023578,3230,0,260,187,86
1127,1076,1468,Shamela0022593,2663,807,1499,221,36
1127,767,1444,JK000865,765,753,1560,289,37
1127,773,1471,JK000818,681,766,1521,327,44
1127,784,1539,ShamIbadiyya0000075,932,0,752,358,47
1127,269,1408,Shia002380Vols,815,209,1286,466,40
1127,488,1462,Shia002382Vols,1822,504,1575,436,41
1127,1093,1565,Shia002382Vols,2418,1013,1563,242,46
1127,488,1471,Shia002382Vols,2418,47,948,416,43
1127,1093,1393,Shamela0021821,1893,261,651,159,43
1127,961,1419,Tafsir08060,522,1022,1322,182,44
1127,597,1608,Tafsir01006,1480,35,1566,470,33
1127,488,1471,Rafed0001713Vols,2730,66,1016,418,38
1127,1076,1608,Rafed0001713Vols,2731,69,1117,297,34
1127,961,1544,Shamela0000041,2617,868,1407,290,47
1127,1076,1354,JK000876,1575,1023,1599,158,32
1128,841,1487,Shia001432Vols,546,571,917,229,43
1128,619,1205,Shia001432Vols,2522,398,984,467,100
1128,692,1040,Shia001432Vols,22070,465,814,275,99
1128,1285,1485,Shia001432Vols,24162,627,833,159,97
1128,83,692,Shamela0023632,3548,1054,1341,224,45
1128,692,986,Shamela0023632,3550,503,797,233,100
1128,986,1242,Shamela0023632,3551,777,1033,205,100
1128,1242,1487,Shamela0023632,3552,1185,1431,195,99
1128,803,1141,Tafsir03097,1654,105,1228,231,26
1128,1280,1485,Shamela0095562,86,0,815,160,24
1128,4,1117,JK009268,4418,767,1545,585,64
1128,1117,1487,JK009268,4419,0,371,297,99
1128,24,986,Sham19Y0023618,1765,660,1416,430,48
1128,1050,1221,Sham19Y0023618,1767,0,176,132,92
1128,1205,1487,Sham19Y0023618,1767,980,1263,225,99
1128,4,743,Shamela0023628,3487,122,521,292,48
1128,743,1300,Shamela0023628,3488,948,1504,444,99
1128,1166,1487,Shamela0023628,3490,190,1003,250,38
1128,619,861,Rafed0003257Vols,5189,1367,1608,193,99
1128,861,1105,Rafed0003257Vols,5190,0,244,188,97
1128,1099,1275,Rafed0003257Vols,5193,1445,1620,142,99
1128,1275,1487,Rafed0003257Vols,5194,0,213,169,99
1128,1117,1322,Shamela0022593,2667,171,766,159,33
1128,1099,1265,Tafsir09083,1655,677,1271,130,27
1128,1322,1485,Tafsir09083,1656,157,970,129,20
1128,1327,1485,Tafsir09084,2505,72,615,123,28
1128,679,917,Sham19Y0020891,6446,923,1162,186,97
1128,901,1045,Sham19Y0020891,6447,1357,1535,104,75
1128,1019,1205,Sham19Y0020891,6449,686,927,149,77
1128,1205,1341,Sham19Y0020891,6450,1394,1529,109,99
1128,1102,1487,Tafsir09068,1180,126,1179,254,30
1128,1099,1242,JK010001,2472,1358,1501,116,100
1128,338,692,JK009270,5473,0,170,130,45
1128,692,925,JK009270,5477,260,493,180,97
1128,917,1166,JK009270,5481,422,671,198,100
1128,1166,1353,JK009270,5485,563,747,147,98
1128,1350,1487,JK009270,5488,1073,1211,109,99
1128,647,917,Shamela0005756,12126,860,1279,86,21
1128,162,803,Meshkat0014420,4613,890,1264,259,47
1128,803,1205,Meshkat0014420,4617,165,567,320,100
1128,901,1022,Meshkat0014420,4618,796,1231,88,26
1128,1205,1426,Meshkat0014420,4619,1304,1524,176,99
1128,647,917,JK006476,1910,1180,1462,216,95
1128,901,1099,JK006476,1911,980,1195,152,90
1128,1344,1466,Tafsir01005,5883,968,1458,78,20
1128,27,841,ShamAY0036821,1784,6,460,349,53
1128,1166,1436,Meshkat00042485,6725,887,1525,201,40
1128,249,836,Sham19Y0147312,1966,1256,1600,269,57
1128,917,1099,Sham19Y0147312,1967,771,953,143,100
1128,1099,1350,Sham19Y0147312,1968,727,978,202,100
1128,1350,1487,Sham19Y0147312,1969,298,436,109,99
1128,1265,1423,JK001417,938,1132,1408,88,40
1128,380,803,Zaydiyya0000062,2068,121,489,208,52
1128,692,1040,Zaydiyya0000062,2069,515,1037,260,62
1128,921,1290,Zaydiyya0000062,2070,202,901,289,51
1128,1166,1487,Zaydiyya0000062,2071,348,950,254,52
1128,249,692,JK000791,2360,1085,1286,155,43
1128,679,917,JK000791,2361,769,1032,190,90
1128,827,1350,JK000791,2362,22,682,400,74
1128,1344,1487,JK000791,2363,730,882,113,93
1128,712,1019,Tafsir02011,1763,175,965,194,30
1128,1122,1383,Tafsir02011,1764,431,1603,194,20
1128,692,1350,Shamela0000922,1255,230,1019,263,31
1128,1205,1350,JK000368,363,906,1051,116,100
1128,334,1027,JK007018,821,479,1479,384,41
1128,1350,1485,JK007018,822,1056,1195,106,96
1128,1027,1350,JK007018,822,0,340,259,94
1128,1285,1423,Shia003744Vols,503,65,554,110,28
1128,917,1040,Shamela0011285,10,419,542,96,100
1128,679,917,JK009396,1647,1071,1343,187,86
1128,921,1350,JK009396,1648,111,544,342,99
1128,1350,1487,JK009396,1649,365,503,109,99
1128,249,692,Sham19Y0023608,4029,724,925,155,43
1128,692,917,Sham19Y0023608,4032,56,281,179,100
1128,917,1350,Sham19Y0023608,4034,110,543,345,100
1128,1242,1487,Sham19Y0023608,4037,150,1167,190,23
1128,917,1040,Shamela0021729,71,455,578,96,100
1128,921,1040,JK000381,23,629,750,93,98
1128,921,1040,JK000381,26,669,790,93,98
1128,1205,1350,JK000381,1782,1251,1396,116,100
1128,1205,1363,JK000381,1800,607,765,119,94
1128,1205,1350,JK000381,5382,518,663,116,100
1128,890,1040,JK000381,7916,423,569,102,86
1128,921,1040,JK000381,7970,326,447,93,98
1128,921,1040,JK000381,9811,492,613,93,98
1128,1350,1485,JK000465,4096,653,1299,102,20
1128,1353,1485,JK000818,684,0,249,103,52
1128,699,925,Meshkat00042488,1767,845,1468,169,34
1128,901,1030,Meshkat00042488,1768,458,984,98,24
1128,1099,1450,Meshkat00042488,1769,161,1375,264,27
1128,1099,1436,ShamIbadiyya0000075,934,736,1626,258,36
1128,890,1040,Shamela0012034,153,775,917,103,89
1128,803,1350,Shamela0022371,278,1073,1403,147,27
1128,44,1040,Shia002356Vols,1275,346,1174,490,57
1128,1019,1487,Shia002356Vols,1277,9,528,367,87
1128,671,962,Shia002380Vols,816,771,1536,224,37
1128,1045,1350,Shia002380Vols,817,910,1421,227,55
1128,1331,1485,Shia002380Vols,818,6,244,94,50
1128,890,1040,JK001226,282,588,734,102,86
1128,483,917,JK001496,2411,7,876,273,37
1128,901,1205,JK001496,2412,412,1188,237,38
1128,1344,1485,Tafsir02091,2144,522,994,108,29
1128,1198,1423,Tafsir02102,3924,0,598,174,36
1128,249,692,Shamela0008473,4843,615,816,155,43
1128,746,925,Shamela0008473,4845,0,176,140,97
1128,846,1150,Shamela0008473,4845,1144,1470,204,78
1128,1150,1350,Shamela0008473,4846,0,200,160,100
1128,27,665,Shia002382Vols,1823,9,1092,292,30
1128,765,1105,Shia002382Vols,1824,6,1113,251,28
1128,1045,1350,Shia002382Vols,1825,0,565,227,50
1128,1305,1485,Shia002382Vols,1825,1185,1528,132,48
1128,129,803,Shia002382Vols,2419,263,1028,341,44
1128,712,986,Shia002382Vols,2420,136,515,214,71
1128,1099,1242,Tafsir07055,2558,555,698,116,100
1128,1265,1485,Tafsir05047,954,17,715,158,28
1128,917,1040,Shamela0003055,3340,389,512,96,100
1128,921,1040,ShamAY0036031,156,849,970,93,98
1128,4,1227,Shamela0023591,6569,641,1523,675,67
1128,1227,1487,Shamela0023591,6570,0,261,207,99
1128,692,1401,Shamela0023591,6577,852,1560,564,99
1128,192,846,JK009266,9009,51,523,301,52
1128,841,1205,JK009266,9016,681,1045,290,100
1128,1183,1487,JK009266,9021,1106,1449,239,87
1128,162,692,Shamela0021821,1894,535,888,191,40
1128,846,1122,Shamela0021821,1895,1274,1530,168,76
1128,692,917,Shamela0021821,1895,55,280,179,100
1128,1122,1350,Shamela0021821,1896,0,228,184,100
1128,1285,1485,Shia002389Vols,3056,515,892,80,23
1128,1360,1469,Sham19Y0013231,4075,0,268,68,32
1128,921,1040,JK000116,17,615,736,93,98
1128,917,1030,Tafsir10066,1969,636,997,88,31
1128,4,715,JK009362,8647,1175,1550,269,45
1128,715,1487,JK009362,8648,0,792,612,96
1128,354,1487,JK001110,65,22,441,309,33
1128,483,901,JK001420,766,959,1430,173,41
1128,705,1457,JK009257,976,44,981,340,41
1128,573,1386,Tafsir08060,523,222,1552,506,45
1128,349,692,Rafed0003943Vols,1579,0,159,121,44
1128,692,986,Rafed0003943Vols,1579,1147,1441,233,100
1128,986,1487,Rafed0003943Vols,1580,472,1351,400,56
1128,841,1242,Shamela0010273,3394,202,1238,269,33
1128,692,917,Shamela0007798,9033,198,779,179,38
1128,917,1040,Shamela0007798,9034,180,612,63,17
1128,1073,1350,Shamela0007798,9036,301,1303,192,23
1128,1344,1485,Shamela0007798,9038,402,924,108,26
1128,83,354,Tafsir01006,1481,74,633,157,35
1128,712,962,Tafsir01006,1482,137,960,193,29
1128,880,1087,Tafsir06048,1228,133,705,154,34
1128,692,917,Sham19Y0014404,1556,695,1471,175,28
1128,880,1350,Sham19Y0014404,1557,0,1477,312,25
1128,1350,1485,Sham19Y0014404,1558,421,900,83,20
1128,803,994,Meshkat00057178,3636,1135,1388,143,71
1128,890,1117,Meshkat00057178,3637,29,611,168,37
1128,1099,1423,Meshkat00057178,3638,277,1063,260,41
1128,619,841,Masaha000554Vols,6339,1065,1287,176,99
1128,803,1034,Masaha000554Vols,6342,698,1084,176,57
1128,1040,1350,Masaha000554Vols,6345,357,664,246,99
1128,1350,1487,Masaha000554Vols,6348,981,1118,106,96
1128,4,1117,QuranAnalysis001,244,751,1523,585,64
1128,1117,1487,QuranAnalysis001,245,0,371,297,99
1128,1166,1331,Sham19Y0020879,377,632,797,126,95
1128,83,192,Rafed0001713Vols,2731,1332,1547,81,47
1128,354,692,Rafed0001713Vols,2732,687,1473,184,27
1128,803,1099,Rafed0001713Vols,2734,138,472,234,88
1128,1099,1245,Rafed0001713Vols,2735,1418,1563,118,99
1128,1350,1487,Rafed0001713Vols,2736,1120,1258,109,99
1128,1245,1353,Rafed0001713Vols,2736,0,108,86,100
1128,785,917,Tafsir04042,2248,40,539,106,26
1128,1045,1350,Tafsir04042,2249,385,1192,218,33
1128,1150,1285,Tafsir04056,7166,855,1443,101,21
1128,890,1040,JK006950,2218,87,233,102,86
1128,921,1040,JK006950,2271,1405,1526,93,98
1128,921,1040,JK006950,4111,224,345,93,98
1128,743,1099,Shamela0000041,2619,0,362,282,98
1128,1055,1217,Shamela0000041,2619,1250,1489,128,65
1128,1217,1487,Shamela0000041,2620,0,271,215,99
1128,36,1487,Shamela0023578,3230,0,1121,865,74
1128,841,1064,Shamela0023578,3233,71,437,176,60
1128,1050,1295,Shamela0023578,3233,999,1248,163,81
1128,1350,1485,Shamela0023578,3234,483,936,107,29
1129,312,1069,Shia001432Vols,2522,471,798,255,42
1129,312,1069,Shia001432Vols,22070,465,793,254,42
1129,312,1036,Shamela0023632,3550,503,797,233,40
1129,55,745,Shamela0095562,84,0,859,287,35
1129,312,1069,JK009268,4418,1115,1446,259,43
1129,312,1036,Sham19Y0023618,1765,1122,1416,233,40
1129,319,1069,Shamela0023628,3488,721,1224,287,42
1129,931,1208,Sham19Y0020891,6447,1357,1602,124,54
1129,639,1069,Meshkat0014420,4617,165,381,167,49
1129,441,1069,Zaydiyya0000062,2069,590,1016,254,46
1129,347,703,Shamela0021766,4529,531,1121,187,34
1129,312,1069,JK007018,821,1027,1472,252,38
1129,47,1318,ShamIbadiyya0000075,933,44,1459,494,35
1129,312,1069,Shia002356Vols,1275,829,1153,249,41
1129,47,1012,Shia002380Vols,816,592,1536,420,44
1129,1170,1521,Shia002380Vols,817,95,441,105,28
1129,47,554,Shia002382Vols,1823,1020,1572,197,32
1129,540,1521,Shia002382Vols,1824,6,993,337,33
1129,698,1516,Tafsir05047,953,202,709,208,27
1129,312,1069,Shamela0023591,6569,989,1316,255,42
1129,312,1069,Shamela0023591,6577,852,1179,255,42
1129,463,1069,Shamela0021821,1895,639,1428,278,38
1129,507,1069,JK009362,8648,15,308,214,47
1129,268,1516,Tafsir08060,523,334,844,298,29
1129,312,1036,Rafed0003943Vols,1579,1147,1441,233,40
1129,347,1492,Tafsir01006,1482,137,1531,453,35
1129,312,698,Sham19Y0014404,1556,695,1237,151,25
1129,878,1516,Sham19Y0014404,1557,0,551,135,19
1129,639,1069,Masaha000554Vols,6342,698,1069,161,36
1129,312,1069,QuranAnalysis001,244,1099,1426,255,42
1129,543,1069,Rafed0001713Vols,2734,9,392,229,47
1129,518,1069,Shamela0000041,2619,0,280,219,49
1129,312,1069,Shamela0023578,3230,325,652,255,42
1129,518,684,Shamela0023578,3232,1521,1689,103,66
1129,698,1516,Shamela0023578,3233,71,437,210,30
1130,831,1393,Shia001432Vols,24162,642,886,184,41
1130,831,1393,Shamela0023632,3552,1243,1478,176,39
1130,831,1393,Shamela0095562,86,64,930,265,34
1130,831,1393,JK009268,4419,183,418,176,39
1130,831,1393,Sham19Y0023618,1767,1075,1310,176,39
1130,617,1393,Shamela0023628,3490,455,1050,272,37
1130,831,1393,Rafed0003257Vols,5194,25,260,176,39
1130,1021,1353,Shamela0022593,2668,0,572,105,19
1130,891,1393,Tafsir09083,1656,162,1183,215,24
1130,875,1372,Tafsir09084,2505,38,746,215,36
1130,914,1057,Sham19Y0020891,6451,1079,1393,85,31
1130,788,1314,Tafsir09068,1180,670,1176,169,29
1130,958,1393,JK009270,5488,1076,1258,144,41
1130,841,1419,JK000865,768,124,732,238,36
1130,492,1104,Meshkat00042485,6725,887,1554,337,55
1130,617,1052,Tafsir02104,612,573,1263,195,31
1130,914,1393,JK000791,2363,703,929,149,39
1130,914,1393,JK007018,822,1023,1248,149,39
1130,980,1393,Shia003744Vols,505,0,297,137,39
1130,1021,1314,Zaydiyya0000295Vols,312,0,275,74,19
1130,914,1393,JK009396,1649,315,550,145,37
1130,958,1451,Sham19Y0023608,4037,1032,1408,181,36
1130,958,1324,JK000465,4096,656,1309,161,30
1130,958,1419,JK000818,684,0,387,185,42
1130,975,1314,Meshkat00042488,1770,0,376,124,31
1130,396,1047,ShamIbadiyya0000075,934,736,1606,340,41
1130,370,944,Shia002380Vols,817,990,1438,245,48
1130,958,1398,Shia002380Vols,818,27,475,196,39
1130,734,1052,JK001496,2413,821,1418,139,27
1130,958,1398,Tafsir02091,2144,531,1119,172,31
1130,717,1398,Tafsir02102,3924,229,1473,298,28
1130,880,1324,Shia002382Vols,1825,1203,1538,196,50
1130,370,924,Shia002382Vols,1825,80,592,258,48
1130,370,1042,Shia002382Vols,2421,925,1591,312,45
1130,880,1404,Shia002382Vols,2422,618,1278,230,35
1130,831,1404,Shamela0023591,6570,73,314,177,39
1130,831,1393,JK009266,9021,1261,1496,176,39
1130,958,1393,Tafsir10066,1971,281,743,162,35
1130,841,1393,JK009362,8648,606,839,169,38
1130,1003,1427,Tafsir08060,524,0,242,143,39
1130,831,1462,Rafed0003943Vols,1580,1163,1459,191,38
1130,980,1398,Shamela0010273,3395,650,1250,208,36
1130,958,1314,Shamela0007798,9038,411,924,105,17
1130,262,1131,Tafsir01006,1483,618,1524,418,47
1130,953,1353,Tafsir06048,1229,0,398,143,32
1130,958,1485,Sham19Y0014404,1558,424,1513,244,25
1130,980,1318,Meshkat00057178,3639,218,656,119,29
1130,831,1393,QuranAnalysis001,245,183,418,176,39
1130,396,1451,Rafed0001713Vols,2736,105,1370,467,36
1130,958,1398,Tafsir04042,2250,197,826,192,32
1130,875,1314,Shamela0000041,2620,787,1435,211,35
1130,396,695,Shamela0000041,2620,268,497,158,62
1130,831,1393,Shamela0023578,3230,933,1168,176,39
1130,944,1419,Shamela0023578,3234,292,1151,232,29
1131,151,489,ShamAY0037152,310,522,864,183,59
1131,507,1016,Shia001432Vols,1509,695,1204,416,100
1131,151,507,Shia001432Vols,2522,1055,1411,285,100
1131,354,489,Shia001432Vols,22611,489,624,107,100
1131,507,830,Shia001432Vols,24089,899,1086,142,53
1131,511,1016,Shia001432Vols,29924,0,506,412,99
1131,507,1018,Shia001432Vols,29931,240,1128,406,56
1131,128,391,Shamela0023632,3554,476,739,211,100
1131,391,584,Shamela0023632,3557,1384,1576,157,99
1131,628,862,Shamela0023632,3561,735,969,191,100
1131,862,1016,Shamela0023632,3562,1026,1180,125,100
1131,104,1016,JK009268,4429,223,1142,726,95
1131,128,316,Sham19Y0023618,1768,636,824,151,100
1131,489,969,Sham19Y0023618,1772,109,589,392,100
1131,151,316,Shia004030Vols,1470,399,587,132,87
1131,266,507,Hindawi070427368,19,397,638,192,100
1131,237,375,Shamela0023628,3496,827,1492,111,20
1131,354,628,Shamela0023628,3498,290,739,175,42
1131,628,920,Shamela0023628,3499,958,1250,238,100
1131,128,324,Rafed0003257Vols,5198,1177,1378,152,93
1131,316,495,Rafed0003257Vols,5201,1429,1607,143,99
1131,507,851,Rafed0003257Vols,5204,1297,1641,282,99
1131,851,1016,Rafed0003257Vols,5205,0,165,134,100
1131,579,731,Tafsir09084,2510,1167,1572,121,36
1131,830,969,Tafsir09084,2511,753,1135,109,35
1131,333,489,Sham19Y0020891,6460,1412,1567,123,98
1131,499,847,Sham19Y0020891,6465,1231,1578,281,98
1131,847,1016,Sham19Y0020891,6466,0,169,137,100
1131,316,507,Tafsir09068,1182,877,1457,153,32
1131,252,412,JK009270,5505,1123,1283,128,100
1131,412,628,JK009270,5509,224,440,176,100
1131,628,900,JK009270,5513,1060,1328,215,96
1131,128,375,Meshkat0014420,4623,307,565,198,95
1131,507,969,Meshkat0014420,4630,449,910,377,99
1131,806,969,Meshkat0014420,4634,0,561,127,28
1131,862,1016,JK006476,1920,1303,1466,125,94
1131,151,620,ShamAY0036821,1786,1031,1496,372,98
1131,266,507,Shamela0001466,3787,725,959,184,95
1131,128,237,Sham19Y0147312,1970,378,487,87,100
1131,237,354,Sham19Y0147312,1971,500,617,95,100
1131,333,507,Sham19Y0147312,1971,1256,1458,138,85
1131,429,731,Sham19Y0147312,1973,754,1100,228,80
1131,677,1016,Sham19Y0147312,1974,0,466,263,69
1131,507,1016,Shamela0004445,682,416,924,416,99
1131,579,1000,Tafsir02067,1038,53,1092,336,39
1131,151,316,Shamela0006947,13258,763,928,132,100
1131,151,316,Masaha000221,145,332,520,132,87
1131,453,974,Shamela0010517,998,951,1443,389,91
1131,128,316,JK000791,2364,125,312,150,98
1131,306,507,JK000791,2366,60,273,158,92
1131,507,1016,JK000791,2368,545,1054,416,100
1131,595,745,Tafsir02011,1769,405,929,121,28
1131,579,830,Shamela0000922,1259,78,584,179,43
1131,507,969,Tafsir07076,6212,1010,1536,218,47
1131,507,1016,JK007018,825,194,749,411,90
1131,128,316,Shia003744Vols,505,770,959,151,99
1131,151,429,Shia003744Vols,506,743,1462,222,38
1131,128,285,JK009396,1649,1336,1515,126,86
1131,316,507,JK009396,1651,1173,1364,153,100
1131,507,1016,JK009396,1654,400,909,416,100
1131,128,316,Sham19Y0023608,4040,24,212,151,100
1131,316,507,Sham19Y0023608,4042,191,382,153,100
1131,535,1025,Sham19Y0023608,4045,0,490,393,98
1131,628,830,Sham19Y0023608,4047,168,1324,158,16
1131,354,567,Shamela0001340,314,1038,1251,172,100
1131,551,1016,Sham19Y0122173,792,722,1322,209,35
1131,579,752,Meshkat00042488,1773,716,1373,139,25
1131,752,1016,Meshkat00042488,1774,99,1227,213,23
1131,507,969,Shamela0004473,9166,963,1425,377,100
1131,507,1016,Shamela0004473,11835,1007,1516,416,100
1131,579,891,Shia001544Vols,2082,713,1025,255,100
1131,128,507,Shia002356Vols,1278,687,1070,300,97
1131,507,1016,Shia002356Vols,1281,307,807,406,97
1131,636,1016,Tafsir04038,693,653,1320,303,55
1131,541,939,Shia002380Vols,820,498,1627,318,34
1131,507,1018,JK001496,2419,87,598,416,99
1131,541,731,Tafsir02102,1698,241,473,157,81
1131,529,1016,Shamela0008473,1867,66,611,398,89
1131,128,316,Shamela0008473,4848,1063,1252,151,99
1131,276,507,Shamela0008473,4856,0,308,185,75
1131,495,1016,Shamela0008473,4861,228,764,426,97
1131,579,780,Shamela0008473,4862,55,761,157,27
1131,847,969,Shamela0008473,4863,72,378,98,39
1131,579,969,Shia002382Vols,1830,60,1220,310,32
1131,507,752,Shia002382Vols,1831,1083,1506,197,56
1131,590,969,Shia002382Vols,2427,502,1329,302,44
1131,507,1016,Shia002382Vols,2429,159,689,242,42
1131,507,1016,MMS00013,3034,633,1190,412,90
1131,529,862,Tafsir07055,3935,1079,1247,107,37
1131,806,969,Tafsir05047,956,1195,1492,127,53
1131,128,1016,Shamela0023591,6582,341,1229,720,100
1131,128,1016,Shamela0023591,6584,564,1460,710,97
1131,94,316,JK009266,9025,246,514,169,78
1131,266,507,JK009266,9035,101,430,191,72
1131,507,1016,JK009266,9044,775,1282,415,99
1131,836,969,Tafsir10098,1631,1074,1432,106,36
1131,354,489,Zaydiyya0000076BK16,55,335,470,107,100
1131,810,969,JK000458,3336,478,999,115,27
1131,128,316,Shamela0021821,1897,920,1108,151,100
1131,266,507,Shamela0021821,1899,909,1127,164,85
1131,495,1016,Shamela0021821,1901,319,838,421,98
1131,489,628,Shamela0036506,247,38,177,115,100
1131,795,969,Tafsir10066,1976,289,1215,133,17
1131,153,1016,JK009362,8693,437,1306,699,98
1131,507,731,JK009139,1171,373,686,162,63
1131,316,449,Zaydiyya0000274,733,1044,1177,105,100
1131,541,981,Tafsir08060,525,51,1092,351,41
1131,128,862,Rafed0003943Vols,1581,361,1096,595,99
1131,628,752,Shamela0007798,9057,1087,1211,102,100
1131,806,1016,Shamela0007798,9061,612,1378,168,27
1131,795,969,ShamAY0036039,159,296,470,140,100
1131,842,1016,Tafsir06048,1232,0,273,141,63
1131,316,489,ShamAY0002038,410,1392,1564,138,99
1131,628,836,Sham19Y0014404,1562,798,1547,151,25
1131,795,1016,Meshkat00057178,3648,98,786,178,31
1131,316,507,Masaha000554Vols,6361,626,816,149,97
1131,507,752,Masaha000554Vols,6366,1191,1435,197,96
1131,151,1016,QuranAnalysis001,245,427,1293,701,99
1131,128,324,Rafed0001713Vols,2738,35,232,152,95
1131,151,507,Rafed0001713Vols,2740,1138,1532,231,65
1131,523,1016,Rafed0001713Vols,2743,0,494,403,99
1131,806,1016,Tafsir04042,2255,571,1111,163,37
1131,511,1009,Zaydiyya0000361,35,553,1217,193,28
1131,507,699,Tafsir04056,7180,1227,1527,159,64
1131,702,1016,Tafsir04056,7181,71,561,252,63
1131,266,432,Shamela0000041,2626,930,1096,131,100
1131,830,1016,Shamela0000041,2630,1204,1390,151,100
1131,713,830,Shamela0000041,2630,0,117,95,100
1131,511,752,Shia001237Vols,1640,943,1529,198,40
1131,237,489,Shamela0023578,3240,319,571,202,100
1131,489,1016,Shamela0023578,3244,72,599,431,100
1131,628,752,Shamela0023578,3246,141,318,102,70
1131,752,953,Shamela0023578,3246,979,1568,155,32
1132,631,1417,Shia001432Vols,2618,80,727,281,40
1132,987,1174,Shamela0095562,88,1221,1460,74,41
1132,987,1174,Shamela0023628,3497,499,713,69,27
1132,1187,1334,Sham19Y0020891,6463,1191,1371,61,41
1132,1121,1357,Meshkat00042485,6735,1000,1211,89,47
1132,320,1177,Shia002380Vols,819,776,1477,310,36
1132,312,960,Shia002382Vols,1828,1096,1511,215,38
1132,312,960,Shia002382Vols,2425,960,1461,214,34
1132,631,1413,Tafsir10066,1974,73,690,175,20
1132,631,1174,JK009247,33,678,951,141,29
1132,1187,1428,Tafsir08060,524,1071,1258,72,35
1132,1117,1334,Shamela0010273,3402,661,909,61,23
1132,390,1368,Tafsir01006,1485,193,1281,382,37
1132,1114,1357,Rafed0001713Vols,2742,271,617,109,38
1132,838,1187,Tafsir04042,2254,172,472,126,35
1132,1114,1334,Tafsir04056,7173,501,1049,83,20
1132,1114,1407,Shamela0000041,2628,448,885,108,27
1132,1187,1334,JK000876,1582,371,538,72,45
1133,216,494,Shia001432Vols,22992,63,553,158,37
1133,554,1492,Shamela0095562,90,55,1268,307,24
1133,719,1221,Meshkat00042485,6741,327,725,172,34
1133,762,1429,Tafsir02104,614,310,770,210,35
1133,105,820,ShamIbadiyya0000075,936,770,1510,306,38
1133,644,924,Shia002356Vols,1282,4,271,141,52
1133,77,826,Shia002380Vols,820,212,1004,316,39
1133,719,1004,Tafsir02102,3929,15,408,145,40
1133,385,826,Shia002382Vols,1830,4,484,203,42
1133,472,826,Shia002382Vols,2427,492,895,171,41
1133,600,1221,JK000458,3335,276,1025,245,30
1133,411,901,Tafsir01006,1486,899,1610,254,37
1133,1062,1594,Tafsir01006,1487,29,904,226,28
1133,634,1221,Rafed0001713Vols,2744,6,688,251,37
1133,1157,1492,Shamela0000041,2630,484,1236,190,28
1133,1162,1485,Shamela0023578,3246,728,1346,169,30
1133,600,1104,JK000876,1583,657,1502,198,26
1134,523,1107,Shia001432Vols,2523,0,358,277,58
1134,441,629,Shia001432Vols,8312,1039,1227,149,99
1134,25,504,Shamela0023632,3562,1026,1301,222,57
1134,504,816,Shamela0023632,3563,1099,1411,253,100
1134,816,1000,Shamela0023632,3566,1380,1563,146,98
1134,415,739,JK000099,17,579,903,263,100
1134,25,843,JK009268,4429,988,1601,496,74
1134,843,1107,JK009268,4430,0,264,215,100
1134,264,739,Sham19Y0023618,1774,85,476,318,82
1134,663,1107,Sham19Y0023618,1775,428,954,341,80
1134,441,629,Shia004030Vols,1117,89,277,150,100
1134,25,676,Shamela0023628,3500,855,1504,375,56
1134,663,1083,Shamela0023628,3508,513,1446,337,44
1134,398,1107,Rafed0003257Vols,5209,0,710,574,99
1134,422,633,Rafed0003257Vols,5211,85,1017,128,16
1134,415,676,Tafsir09084,2512,488,1248,206,33
1134,403,563,Sham19Y0020891,6472,833,993,125,97
1134,504,629,Sham19Y0020891,6474,794,1168,80,25
1134,667,1262,Sham19Y0020891,6475,0,414,130,25
1134,816,1009,Sham19Y0020891,6479,447,1062,155,31
1134,441,629,Shia001146,603,1245,1432,149,99
1134,482,739,JK009270,5520,693,941,197,94
1134,739,934,JK009270,5524,199,394,153,98
1134,929,1107,JK009270,5527,1149,1327,146,100
1134,264,739,Meshkat0014420,4635,158,549,318,82
1134,739,944,Meshkat0014420,4639,1353,1557,164,99
1134,944,1107,Meshkat0014420,4640,0,163,134,100
1134,422,583,JK000865,771,1119,1490,105,36
1134,383,596,JK006476,1921,1178,1512,167,62
1134,739,1064,ShamAY0036821,1790,259,542,117,35
1134,1189,1513,Meshkat00042485,6745,663,927,102,33
1134,383,629,Sham19Y0147312,1975,406,652,199,100
1134,629,876,Sham19Y0147312,1976,632,879,200,100
1134,441,629,Shia001142Vols,442,1201,1389,149,99
1134,441,629,Rafed0001121,529,28,216,150,100
1134,25,629,JK000791,2368,900,1300,323,66
1134,596,876,JK000791,2372,525,874,228,80
1134,816,1107,JK000791,2373,956,1241,202,85
1134,459,676,Shamela0000922,1260,6,431,171,50
1134,645,956,Shamela0000922,1260,955,1515,182,35
1134,415,563,Tafsir07076,6257,150,298,119,100
1134,383,876,JK007018,826,755,1460,396,69
1134,876,1107,JK007018,827,741,984,188,95
1134,444,563,Tafsir04039,3465,151,449,79,33
1134,459,629,Masaha002070,130,0,170,136,100
1134,383,876,JK009396,1656,788,1596,399,61
1134,876,1107,JK009396,1658,21,252,188,100
1134,379,739,Sham19Y0023608,4049,83,443,290,99
1134,459,563,Sham19Y0023608,4050,973,1319,82,30
1134,739,919,Sham19Y0023608,4051,1435,1614,143,98
1134,919,1107,Sham19Y0023608,4052,0,188,154,100
1134,732,937,Shamela0001340,293,191,398,158,96
1134,383,563,JK000465,4110,420,601,143,97
1134,1183,1483,JK000465,4110,1118,1446,141,48
1134,415,568,Meshkat00042488,1775,120,515,115,36
1134,583,739,Meshkat00042488,1775,1034,1190,128,100
1134,979,1107,Meshkat00042488,1777,197,325,106,100
1134,113,563,ShamAY0033108,1874,394,1422,237,26
1134,431,1505,Shia002356Vols,1283,0,1095,658,67
1134,132,523,Shia002380Vols,821,0,579,195,34
1134,403,563,JK001496,2422,76,238,125,96
1134,1183,1476,JK001496,2422,386,718,154,50
1134,563,739,JK001496,2423,0,542,144,32
1134,816,1009,JK001496,2425,553,942,155,49
1134,462,622,Tafsir02091,2153,120,582,115,31
1134,441,616,Shia001186,475,1097,1272,139,100
1134,383,629,Tafsir02102,3930,473,1437,190,24
1134,383,517,Shamela0008473,4863,1392,1525,108,99
1134,415,876,Shamela0008473,4864,312,1145,368,54
1134,816,1107,Shamela0008473,4866,994,1466,236,61
1134,1107,1513,Shia002382Vols,1832,278,664,132,31
1134,1107,1513,Shia002382Vols,2429,1149,1534,131,31
1134,504,739,Shia002382Vols,2430,78,298,156,79
1134,816,1107,Shia002382Vols,2431,866,1317,226,61
1134,25,739,Shamela0023591,6582,1075,1584,413,71
1134,739,1107,Shamela0023591,6583,0,368,297,99
1134,372,1058,Shamela0023591,6597,903,1601,553,97
1134,383,629,JK009266,9052,256,502,199,100
1134,629,876,JK009266,9055,511,758,200,100
1134,876,1107,JK009266,9062,55,286,188,100
1134,394,629,Shamela0021821,1903,0,235,190,100
1134,586,876,Shamela0021821,1903,979,1304,232,87
1134,766,1107,Shamela0021821,1906,64,427,227,76
1134,529,739,Shamela0007597,116,0,153,119,69
1134,441,629,Masaha000001Vols,170,357,545,150,100
1134,441,629,Shia001122Vols,173,746,934,150,100
1134,459,629,Tafsir10066,1978,966,1597,134,26
1134,59,622,JK009362,8693,1159,1545,299,64
1134,622,1107,JK009362,8694,0,486,394,99
1134,441,629,Shia001148,91,1168,1355,149,99
1134,441,629,Shia001174Vols,1455,1261,1449,149,98
1134,459,563,Shia001174Vols,1463,699,1129,81,23
1134,383,766,JK001420,768,262,726,145,38
1134,459,583,Hindawi086148607,123,1040,1164,98,100
1134,415,563,JK006478,9161,466,926,112,30
1134,89,563,Tafsir08060,525,977,1520,203,37
1134,441,629,PV2024060601,173,746,934,150,100
1134,165,739,Rafed0003943Vols,1584,0,423,344,73
1134,739,876,Rafed0003943Vols,1584,948,1085,109,99
1134,876,1107,Rafed0003943Vols,1585,701,933,188,99
1134,1189,1513,Shamela0010273,3407,954,1557,179,35
1134,459,563,Shamela0007798,9063,26,130,82,100
1134,586,739,Shamela0007798,9064,0,333,126,45
1134,979,1107,Shamela0007798,9073,946,1074,106,100
1134,441,629,Shia004525,124,1368,1556,149,99
1134,466,629,Tafsir06048,1233,31,622,122,25
1134,504,793,Sham19Y0014404,1564,108,1418,204,18
1134,876,1083,Sham19Y0014404,1565,930,1470,168,38
1134,383,622,Masaha000554Vols,6373,441,675,188,97
1134,452,629,Masaha000554Vols,6374,423,1367,138,18
1134,816,1009,Masaha000554Vols,6378,296,486,151,97
1134,25,645,QuranAnalysis001,245,1139,1554,335,66
1134,645,1110,QuranAnalysis001,246,0,465,376,99
1134,264,1513,Rafed0001713Vols,2746,74,1342,557,42
1134,816,1009,Rafed0001713Vols,2749,1079,1273,154,98
1134,441,545,Shia002374Vols,466,1257,1495,77,40
1134,448,629,Shia001431,125,333,513,144,99
1134,444,629,Shia001134,584,913,1098,148,100
1134,459,645,Tafsir04042,2256,171,663,144,36
1134,979,1107,Tafsir07057,5165,902,1419,106,24
1134,25,504,Shamela0000041,2630,1236,1511,222,57
1134,210,676,Shamela0000041,2631,423,976,274,56
1134,739,1013,Shamela0000041,2635,302,582,217,96
1134,25,629,Shamela0023578,3244,445,845,323,66
1134,158,1107,Shamela0023578,3247,372,1584,637,59
1134,793,1030,Shamela0023578,3252,1013,1369,189,66
1135,12,424,Shia001432Vols,2618,843,1341,205,44
1135,353,751,Shamela0095562,92,0,524,130,25
1135,822,1243,Shamela0023628,3508,411,1129,172,24
1135,134,751,Tafsir09084,2512,816,1434,175,26
1135,76,353,Meshkat00042485,6746,1122,1543,156,43
1135,1216,1404,Meshkat00042485,6750,1405,1574,116,72
1135,1085,1404,ShamIbadiyya0000075,938,1071,1537,177,43
1135,1075,1555,Shia002380Vols,821,1274,1596,169,42
1135,134,625,Shia002380Vols,821,560,1052,208,42
1135,173,432,Tafsir02102,3930,1074,1471,146,42
1135,134,653,Shia002382Vols,1832,751,1338,236,42
1135,1014,1555,Shia002382Vols,1833,732,1096,181,38
1135,179,653,Shia002382Vols,2430,306,845,199,39
1135,1216,1555,Shia002382Vols,2431,583,790,136,46
1135,1085,1390,ShamIbadiyya0000050,5927,888,1338,182,48
1135,983,1299,Tafsir05047,957,988,1226,131,47
1135,1000,1207,JK000429,16,55,442,113,33
1135,1000,1216,JK000429,175,370,538,115,61
1135,675,822,Sham19Y0127656,596,709,1239,80,17
1135,134,625,JK000458,3338,87,1059,242,29
1135,1000,1216,JK007070,249,1030,1443,127,34
1135,822,1374,Tafsir08060,526,302,666,215,44
1135,76,625,Tafsir01006,1488,404,1337,255,30
1135,1057,1559,Tafsir01006,1489,279,655,211,48
1135,137,432,Rafed0001713Vols,2747,0,791,200,31
1135,1075,1559,Rafed0001713Vols,2749,86,894,205,27
1135,675,1123,Shamela0000041,2634,1125,1450,133,32
1136,1489,1655,Shia001432Vols,1832,872,1039,138,99
1136,1148,1343,Shia001432Vols,3505,87,286,160,97
1136,1043,1343,Shamela0023632,3569,25,304,214,87
1136,1343,1655,Shamela0023632,3571,115,428,259,99
1136,1165,1655,JK009268,4443,0,491,405,99
1136,1179,1655,Sham19Y0023618,1777,135,612,393,99
1136,1489,1655,JK001137,70,707,874,138,99
1136,1489,1655,JK000382,124,491,658,138,99
1136,1273,1417,Shamela0023628,3512,0,144,118,100
1136,1417,1655,Shamela0023628,3513,632,871,197,99
1136,1095,1489,Rafed0003257Vols,5216,773,1174,323,98
1136,1489,1655,Rafed0003257Vols,5220,544,711,138,99
1136,1043,1343,Sham19Y0020891,6482,333,618,224,91
1136,1489,1655,Sham19Y0020891,6487,9,176,138,99
1136,1489,1655,JK000030,192,1257,1424,138,99
1136,1279,1655,Tafsir09068,1188,257,1238,205,25
1136,1489,1655,JK000362,282,308,475,138,99
1136,1206,1343,JK010001,3086,393,530,111,100
1136,1111,1322,JK009270,5530,1238,1449,170,98
1136,1322,1518,JK009270,5535,1223,1419,159,99
1136,1118,1489,Hindawi013719683,137,1075,1446,305,100
1136,1206,1343,Shamela0005756,9660,287,424,111,100
1136,1043,1160,Meshkat0014420,4644,1216,1579,81,27
1136,1160,1343,Meshkat0014420,4645,0,183,150,100
1136,1417,1655,Meshkat0014420,4648,992,1231,197,99
1136,1322,1489,JK006476,1928,6,211,136,80
1136,1011,1343,Sham19Y0147312,1978,104,391,223,82
1136,1322,1489,Sham19Y0147312,1980,363,529,133,97
1136,1479,1655,Sham19Y0147312,1980,1174,1347,141,96
1136,934,1489,JK000791,2375,467,949,357,77
1136,1489,1655,JK000791,2377,893,1060,138,99
1136,1489,1655,Rafed0003669Vols,170,1394,1561,138,99
1136,1233,1383,Shamela0000922,1262,926,1373,90,22
1136,1206,1343,Tafsir07076,9345,337,474,111,100
1136,1043,1489,JK007018,828,370,805,337,87
1136,1211,1343,JK010763,2,212,344,107,100
1136,1095,1489,JK009396,1659,503,916,324,95
1136,1489,1623,JK009396,1662,1356,1489,111,99
1136,1206,1354,Sham19Y0023608,3327,1259,1403,117,97
1136,1022,1489,Sham19Y0023608,4056,838,1282,346,89
1136,1206,1417,Sham19Y0023608,4058,680,1479,168,25
1136,1489,1655,Sham19Y0023608,4059,771,938,138,99
1136,1179,1417,Sham19Y0023608,4260,464,707,196,97
1136,851,1155,Meshkat00042488,1777,734,1057,117,36
1136,1179,1322,Meshkat00042488,1778,108,548,118,32
1136,1454,1655,Meshkat00042488,1779,301,1229,164,21
1136,1206,1348,Shia003721Vols,83,710,852,113,98
1136,1206,1343,Shamela0009793,6,747,884,111,100
1136,1446,1655,Shamela0022371,279,577,988,106,32
1136,934,1354,Shia002356Vols,1285,913,1576,286,52
1136,1354,1655,Shia002356Vols,1286,0,299,246,98
1136,1215,1343,JK001496,2427,0,128,104,100
1136,1489,1655,JK001496,2429,1002,1170,138,98
1136,1489,1655,JK001333,45,770,937,138,99
1136,1206,1343,Tafsir02102,1860,335,472,111,100
1136,1206,1343,Shamela0008473,1962,667,804,111,100
1136,851,1394,Shamela0008473,4874,1110,1566,301,60
1136,1489,1655,Shamela0008473,4878,341,508,138,99
1136,1179,1383,Shia002382Vols,2433,405,702,168,68
1136,1155,1343,MMS00013,378,574,760,148,96
1136,1489,1655,JK009265,168,268,435,138,99
1136,1489,1655,JK009265,184,992,1160,138,98
1136,827,1435,Shamela0023591,6603,993,1568,360,67
1136,1435,1655,Shamela0023591,6604,0,221,183,99
1136,1111,1337,Shamela0023591,6605,1352,1577,182,98
1136,1337,1655,Shamela0023591,6606,0,319,264,99
1136,1489,1655,JK000371,357,1106,1273,138,99
1136,1043,1343,JK009266,9066,1181,1506,215,81
1136,1251,1655,JK009266,9072,719,1237,303,70
1136,1197,1343,Shamela0037473BK1,32,97,243,114,96
1136,1095,1489,Shamela0021821,1907,720,1114,324,100
1136,1489,1655,Shamela0021821,1909,426,593,138,99
1136,1118,1655,JK009362,8739,477,1015,442,99
1136,1197,1343,Hindawi092028080,14,281,443,114,87
1136,1095,1383,JK001420,768,780,1451,187,34
1136,1454,1604,JK001420,769,73,359,124,52
1136,1043,1574,Rafed0003943Vols,1586,599,1280,404,68
1136,134,341,Shamela0010273,3412,36,338,116,50
1136,1322,1489,Shamela0007798,9081,650,873,136,74
1136,1489,1655,Sham19Y0018567,432,288,455,138,99
1136,1206,1489,Sham19Y0014404,1567,21,1461,209,17
1136,1099,1343,Masaha000554Vols,6384,555,794,188,93
1136,1215,1343,Shamela0008612,113,836,964,101,97
1136,1111,1655,QuranAnalysis001,246,465,1010,445,99
1136,851,1135,Tafsir08090,1631,1237,1476,106,40
1136,1215,1343,Zaydiyya0000473,86,285,413,104,100
1136,1095,1343,Rafed0001713Vols,2751,1354,1601,203,99
1136,1489,1655,Rafed0001713Vols,2755,683,850,138,99
1136,1206,1343,Shamela0006896,186,351,488,111,100
1136,1279,1489,Tafsir04042,2259,61,608,170,38
1136,1155,1337,Tafsir07057,4510,1089,1273,141,94
1136,1239,1489,Tafsir04056,7193,0,1248,204,19
1136,24,608,Shamela0000041,2635,948,1357,229,44
1136,1295,1454,Shamela0000041,2638,0,159,130,100
1136,1443,1655,Shamela0000041,2639,98,309,172,97
1136,1095,1655,Shamela0023578,3254,491,1077,459,95
1137,0,516,Shia001432Vols,1832,1039,1554,413,99
1137,185,516,Shia001432Vols,22611,609,946,258,95
1137,0,329,Shamela0023632,3574,475,803,265,99
1137,329,507,Shamela0023632,3576,204,382,142,100
1137,32,516,Shamela0000894,7948,504,1062,389,86
1137,0,516,JK009268,4443,491,1008,416,99
1137,0,329,Sham19Y0023618,1779,252,580,265,99
1137,83,393,Tafsir06051,58,0,306,248,98
1137,298,447,Shamela0023628,3517,0,149,120,100
1137,64,329,Sham19Y0037562,77,603,862,130,52
1137,0,507,Rafed0003257Vols,5220,711,1217,407,99
1137,0,321,Zaydiyya0000044,179,130,449,259,99
1137,329,481,Masaha001978Vols,92,1449,1600,122,99
1137,32,205,Sham19Y0020891,6491,1071,1247,140,97
1137,152,329,Sham19Y0020891,6493,382,559,143,100
1137,329,516,Sham19Y0020891,6494,540,727,150,100
1137,329,516,JK000030,264,1051,1239,150,99
1137,200,422,JK009270,5547,1306,1524,176,98
1137,32,329,Meshkat0014420,4651,600,895,240,99
1137,379,516,Meshkat0014420,4654,0,137,110,100
1137,329,528,Shamela0006879,56,116,315,149,93
1137,602,1027,Meshkat00042485,6757,745,1425,197,33
1137,26,404,Sham19Y0147312,1981,1223,1598,305,99
1137,404,516,Sham19Y0147312,1982,0,112,90,100
1137,37,255,Masaha000221,147,0,217,177,99
1137,0,523,JK000791,2377,1060,1584,422,99
1137,0,255,Rafed0003669Vols,841,277,531,206,99
1137,32,447,Shamela0022712,53,229,710,288,75
1137,26,329,ShamAY0034342,13,370,595,152,62
1137,200,472,Shia003744Vols,510,1209,1480,218,99
1137,0,295,Sham19Y0029676,890,980,1183,164,68
1137,32,226,JK009396,1664,189,383,154,97
1137,200,516,JK009396,1665,103,420,253,99
1137,126,507,Sham19Y0023608,4062,23,823,305,47
1137,32,329,Sham19Y0023608,4221,1123,1402,183,77
1137,200,329,Hindawi036246035,292,947,1076,103,100
1137,185,355,Meshkat00042488,1781,35,513,132,34
1137,1232,1534,ShamIbadiyya0000075,940,15,314,162,56
1137,13,507,Shia002356Vols,1288,914,1431,383,90
1137,32,507,Noorlib0015842,94,830,1304,381,99
1137,45,393,Tafsir04038,695,958,1605,222,42
1137,329,523,JK001496,2432,1155,1351,156,98
1137,894,1311,Tafsir02102,3935,0,580,185,33
1137,32,273,Shamela0008473,2873,1294,1454,120,63
1137,32,219,Shamela0008473,4880,1024,1226,149,91
1137,208,516,Shamela0008473,4882,1123,1432,247,99
1137,393,516,Shamela0008473,4884,248,657,98,30
1137,602,1513,Shia002382Vols,1835,28,883,324,36
1137,602,1513,Shia002382Vols,2433,70,1104,337,32
1137,32,329,Hindawi059162414,94,582,800,165,69
1137,64,313,JK009265,316,395,785,121,31
1137,200,523,JK009265,362,1235,1559,256,98
1137,64,393,JK000333,66,571,927,248,83
1137,83,393,Tafsir07055,1120,0,410,213,64
1137,0,507,Shamela0023591,6604,221,727,407,99
1137,32,516,Shamela0023591,6613,387,869,387,99
1137,0,334,JK009266,9072,1237,1566,264,97
1137,329,516,JK009266,9086,112,299,150,100
1137,393,523,Zaydiyya0000217,56,663,793,104,100
1137,32,276,Shamela0021821,1910,471,736,177,79
1137,129,523,Shamela0021821,1911,67,563,314,78
1137,192,422,Shia001122Vols,558,208,365,118,65
1137,192,422,Shia002389Vols,3078,811,969,119,65
1137,0,516,JK009362,8739,1015,1528,415,99
1137,32,273,Shia004695Vols,1306,78,311,126,65
1137,401,516,Shia004695Vols,1369,520,926,91,28
1137,192,422,Shia001174Vols,2578,3,161,119,65
1137,393,516,Shamela0009292,175,357,481,98,99
1137,32,523,Zaydiyya0000074,5,6,402,320,80
1137,329,516,JK010127,44,20,209,148,97
1137,200,447,Rafed0003452,56,293,417,88,45
1137,192,422,PV2024060601,558,208,365,118,65
1137,0,200,Rafed0003943Vols,1587,1220,1419,162,99
1137,182,507,Rafed0003943Vols,1588,940,1314,259,86
1137,602,1133,Tafsir01006,1490,942,1579,237,42
1137,32,273,Shamela0012293,523,1297,1537,195,99
1137,329,516,Zaydiyya0000234,3,644,832,150,99
1137,37,295,Sham19Y0018567,366,902,1085,146,70
1137,0,516,Hindawi020604026,177,832,1348,416,100
1137,200,447,ShamAY0002038,283,31,278,198,100
1137,32,255,Masaha000554Vols,2978,1492,1662,96,44
1137,0,200,Masaha000554Vols,6393,388,587,160,97
1137,295,516,Masaha000554Vols,6398,1101,1333,175,92
1137,200,422,JK001262,222,885,1027,103,58
1137,0,516,QuranAnalysis001,246,1010,1526,416,100
1137,32,507,Rafed0001713Vols,2757,446,920,381,99
1137,129,295,Rafed0001713Vols,2758,730,1342,133,26
1137,200,329,Shamela0095735,53,55,184,103,100
1137,32,255,Tafsir07057,3249,540,760,179,98
1137,0,152,Shamela0000041,2640,679,831,123,100
1137,0,507,Shamela0023578,3258,476,982,407,99
1138,688,993,Meshkat00042485,6764,874,1281,191,51
1138,139,1230,Shia002380Vols,823,136,1149,468,42
1138,49,525,Shia002382Vols,1835,919,1546,256,46
1138,528,1233,Shia002382Vols,1836,202,862,281,38
1138,642,1230,Tafsir08060,527,880,1165,181,37
1138,49,525,Tafsir01006,1491,820,1587,248,37
1138,688,1230,Tafsir01006,1492,351,1078,289,43
1138,49,459,JK000876,1589,906,1476,215,45
1139,152,355,EShia0071807,1570,1336,1536,110,56
1139,37,373,Sham19Y0020891,6491,937,1165,170,58
1139,1116,1479,Shamela0008473,4883,689,1165,179,42
1139,152,647,Tafsir08060,527,1243,1596,187,41
1139,26,306,JK000876,1590,955,1461,189,45
1140,394,713,JK000330,214,1022,1341,250,97
1140,374,722,Shia001432Vols,2523,370,732,281,96
1140,227,439,Shamela0023632,3576,322,455,99,59
1140,427,717,Shamela0023632,3578,314,604,232,98
1140,227,713,JK009268,4443,938,1347,329,83
1140,51,252,Sham19Y0023618,1781,851,1168,131,50
1140,374,713,Sham19Y0023618,1782,75,1086,271,33
1140,147,558,Shamela0023628,3518,884,1266,262,70
1140,558,713,Shamela0023628,3520,951,1106,126,100
1140,511,706,Shia001278Vols,91,1357,1667,157,62
1140,263,713,Rafed0003257Vols,5224,903,1471,321,71
1140,227,511,Sham19Y0020891,6496,1103,1564,142,32
1140,511,713,Sham19Y0020891,6498,36,238,165,100
1140,227,431,JK009270,5550,1314,1441,100,61
1140,343,713,Meshkat0014420,4655,1065,1429,287,95
1140,51,285,Meshkat00042485,6775,799,1023,97,38
1140,55,221,Shamela0001466,3824,1146,1420,115,50
1140,374,611,Sham19Y0147312,1984,73,310,187,98
1140,427,713,JK000791,2382,204,432,183,79
1140,374,1016,Shia003744Vols,512,77,709,338,54
1140,7,210,JK000906,10890,1158,1559,137,41
1140,511,717,JK009396,1666,1038,1244,166,99
1140,227,511,Sham19Y0023608,4064,253,800,180,42
1140,511,713,Sham19Y0023608,4065,515,717,165,100
1140,374,713,JK000381,3475,78,417,274,100
1140,55,971,Shia002356Vols,1290,351,1398,491,52
1140,227,474,Shia002380Vols,824,1115,1508,157,50
1140,496,713,Shia002380Vols,825,302,817,173,41
1140,55,221,JK001496,2433,666,939,115,50
1140,427,713,JK001496,2434,577,883,188,67
1140,349,606,JK010552,350,152,418,192,90
1140,408,713,Shamela0008473,4885,885,1480,176,31
1140,227,490,Shia002382Vols,1838,709,1157,160,45
1140,227,579,Shia002382Vols,2437,354,743,232,74
1140,124,263,ShamIbadiyya0000050,5944,0,283,109,46
1140,227,713,Shamela0023591,6604,667,1074,328,83
1140,374,713,Shamela0023591,6618,217,556,274,100
1140,408,713,JK009266,9092,595,878,198,71
1140,408,713,Shamela0021821,1913,220,614,247,77
1140,227,450,JK009362,8739,1459,1603,115,64
1140,450,713,JK009362,8740,0,263,214,100
1140,374,526,Shamela0021499,74,1546,1697,121,99
1140,526,713,Shamela0021499,75,0,187,153,100
1140,55,252,JK006478,9189,231,617,131,40
1140,227,692,Tafsir08060,528,341,1147,260,39
1140,227,539,Rafed0003943Vols,1588,1254,1487,186,74
1140,579,713,Shamela0007798,9098,889,1023,109,100
1140,7,357,Tafsir01006,1494,530,945,155,37
1140,227,453,QuranAnalysis001,246,1457,1604,117,65
1140,453,713,QuranAnalysis001,247,0,260,212,100
1140,55,301,Rafed0001713Vols,2760,73,532,170,45
1140,365,847,Rafed0001713Vols,2760,1088,1569,326,73
1140,490,713,Shamela0000041,2643,257,924,180,33
1140,227,713,Shamela0023578,3258,922,1329,328,83
1141,1038,1315,JK000330,240,0,277,227,100
1141,705,870,Shia001432Vols,1833,0,165,134,100
1141,478,642,Shia001432Vols,1886,565,729,133,100
1141,919,1315,Shia001432Vols,21683,314,714,319,96
1141,403,705,Shamela0023632,3579,1185,1468,215,87
1141,705,970,Shamela0023632,3583,773,1039,215,99
1141,471,613,Shia004012,199,990,1132,111,97
1141,425,678,JK009268,4455,1313,1576,193,83
1141,678,1315,JK009268,4456,0,637,521,100
1141,596,870,Sham19Y0023618,1785,466,741,223,99
1141,970,1315,Sham19Y0023618,1787,676,1398,281,47
1141,478,819,AOCP20251104125,109,1240,1582,274,98
1141,133,596,Shamela0023628,3521,504,1409,229,29
1141,507,815,Shamela0023628,3523,826,1211,205,59
1141,725,970,Shamela0023628,3524,1066,1532,198,52
1141,970,1315,Shamela0023628,3526,753,1098,284,100
1141,455,705,Rafed0003257Vols,5229,804,1061,203,96
1141,705,870,Rafed0003257Vols,5234,7,173,134,99
1141,870,1315,Rafed0003257Vols,5236,232,677,365,100
1141,538,931,Tafsir09083,1681,807,1114,141,43
1141,403,870,Sham19Y0020891,6500,813,1267,370,97
1141,870,1315,Sham19Y0020891,6508,977,1422,365,100
1141,498,870,JK010001,3780,732,1169,121,28
1141,478,613,JK009270,5562,236,371,109,100
1141,613,787,JK009270,5564,958,1132,144,100
1141,787,931,JK009270,5567,283,427,115,100
1141,931,1116,JK009270,5569,1170,1355,152,100
1141,943,1205,Sham19Y0150960,662,125,384,211,98
1141,507,642,Meshkat0014420,4659,0,135,109,100
1141,642,870,Meshkat0014420,4663,554,782,186,100
1141,870,1324,Meshkat0014420,4666,476,929,369,99
1141,685,815,Shia001171,545,36,166,105,99
1141,564,754,JK000343,571,868,1058,155,100
1141,487,815,Sham19Y0147312,1986,770,1272,234,55
1141,870,1315,Sham19Y0147312,1988,956,1401,365,100
1141,870,1315,Sham19Y0014592,847,426,1059,363,69
1141,403,870,JK000791,2383,70,543,353,88
1141,870,1315,JK000791,2386,860,1305,365,100
1141,931,1286,Shamela0021766,137,63,412,285,97
1141,1027,1294,Tafsir07076,386,0,267,219,100
1141,714,870,Zaydiyya0000295Vols,1601,316,473,126,99
1141,169,642,JK009396,1667,1012,1493,201,41
1141,642,870,JK009396,1669,562,790,186,100
1141,870,1151,JK009396,1670,1324,1604,229,99
1141,403,1335,Sham19Y0023608,4067,261,847,382,46
1141,714,873,Sham19Y0023608,4069,891,1455,127,28
1141,870,1315,Sham19Y0023608,4070,399,844,365,100
1141,870,1172,Shamela0021729,44,1286,1587,246,99
1141,870,1238,Shamela0021729,174,107,475,301,100
1141,870,1294,JK000381,6850,987,1411,348,100
1141,870,1238,JK000381,8422,735,1103,301,100
1141,970,1168,Meshkat00042488,1786,309,692,162,51
1141,596,870,JK000162,41,757,913,119,53
1141,870,1315,Shamela0021537,2993,8,198,125,34
1141,870,1315,Shamela0004473,244,405,850,365,100
1141,448,1403,Shia002356Vols,1292,43,691,430,50
1141,931,1138,Shia002356Vols,1294,1336,1541,168,99
1141,49,498,Shia002380Vols,825,661,1106,180,37
1141,870,1056,Shamela0001419,409,1402,1587,152,99
1141,1056,1327,Shamela0001419,410,0,280,218,95
1141,403,1459,JK001496,2435,795,1541,457,48
1141,870,1245,JK001496,2438,1186,1562,307,99
1141,685,819,Shamela0008473,2389,1262,1396,109,100
1141,642,870,Shamela0008473,4892,482,710,186,100
1141,859,1315,Shamela0008473,4894,19,502,374,94
1141,478,658,JK009265,161,1365,1544,146,99
1141,642,870,JK009265,208,387,615,186,100
1141,478,646,JK009265,224,424,592,132,97
1141,714,870,JK009265,363,11,168,126,99
1141,498,714,Tafsir07055,3889,1124,1523,99,25
1141,564,768,Shia001111,244,219,345,86,52
1141,455,1315,Shamela0023591,6622,21,882,702,99
1141,478,1138,Shamela0023591,6623,943,1603,536,99
1141,478,754,JK000371,358,41,266,176,78
1141,582,815,JK009266,9103,955,1226,191,85
1141,870,1315,JK009266,9111,392,837,365,100
1141,943,1205,Zaydiyya0000063,221,951,1213,214,100
1141,455,642,Shamela0021821,1914,147,334,152,100
1141,613,870,Shamela0021821,1915,532,866,210,76
1141,870,1315,Shamela0021821,1916,723,1168,365,100
1141,870,1315,Shamela0007597,289,861,1244,171,34
1141,870,1315,JK000213,295,765,1135,171,34
1141,392,1315,JK009362,8775,244,1187,706,91
1141,870,1324,JK001110,98,107,561,366,98
1141,403,754,JK001420,770,552,1377,184,23
1141,870,1315,Sham19Y0020878,161,1235,1605,171,34
1141,870,1157,Shamela0000107,1214,1371,1657,234,99
1141,870,1315,Shamela0000107,1514,1072,1285,122,32
1141,714,870,Kraken220208041038,52,1095,1251,123,98
1141,840,1004,Zaydiyya0000274,740,942,1107,133,99
1141,642,815,JK009257,984,94,482,140,44
1141,873,1294,AOCP20251104081,498,1108,1518,313,91
1141,705,828,ShamAY0037056,4,923,1046,100,100
1141,403,642,Rafed0003943Vols,1590,1186,1386,163,83
1141,630,935,Rafed0003943Vols,1591,962,1336,244,80
1141,935,1315,Rafed0003943Vols,1592,533,915,311,98
1141,163,613,Shamela0007798,9099,479,940,217,54
1141,7,498,Tafsir01006,1495,612,1134,223,42
1141,642,870,Hindawi020604026,177,602,830,186,100
1141,705,840,Meshkat00057178,3667,398,533,110,100
1141,478,1315,QuranAnalysis001,247,271,1108,684,100
1141,870,1315,Kraken220414225447,176,1147,1600,345,93
1141,49,870,Rafed0001713Vols,2762,425,1558,539,56
1141,870,1258,Rafed0001713Vols,2767,1194,1581,318,99
1141,1068,1294,Shamela0001535,1400,0,226,186,100
1141,1013,1315,Tafsir04042,2268,1142,1487,238,84
1141,870,1294,JK006950,1153,757,1181,348,100
1141,870,1238,JK006950,2723,1004,1372,301,100
1141,607,840,Shamela0000041,2646,0,619,190,37
1141,931,1071,Shamela0000041,2647,1391,1530,115,99
1141,455,705,Shamela0023578,3262,1242,1518,203,90
1141,689,1315,Shamela0023578,3266,274,930,511,95
1141,970,1315,Shamela0023578,3269,108,670,278,60
1142,883,1090,Meshkat0014420,4662,1090,1284,90,51
1142,1007,1295,Meshkat00042485,6786,939,1470,132,28
1142,893,1488,Shia002380Vols,826,924,1414,190,31
1142,855,1439,Shia002382Vols,2440,653,1350,194,29
1143,184,568,Meshkat00042485,6789,751,1400,230,40
1143,681,839,Meshkat00042485,6790,1390,1532,87,65
1143,87,750,Meshkat00042488,1785,342,1279,217,24
1143,112,356,ShamAY0033108,1887,1218,1482,106,44
1143,328,1137,Shia002380Vols,827,24,648,246,31
1143,112,568,Tafsir02091,2166,135,655,167,36
1143,112,860,Tafsir02102,3942,375,1112,294,37
1143,112,568,Shia002382Vols,1841,1180,1510,181,42
1143,1165,1554,Shia002382Vols,1842,988,1392,230,61
1143,248,1190,Shia002382Vols,2441,299,1062,337,38
1143,112,1073,Tafsir08060,529,542,1153,275,32
1143,248,750,Shamela0010273,3432,10,970,251,30
1143,103,713,Tafsir01006,1497,536,1536,304,33
1143,713,1567,Tafsir01006,1498,11,1214,406,41
1143,826,1327,Sham19Y0014404,1573,986,1580,168,26
1143,347,866,Rafed0001713Vols,2767,5,1255,243,22
1144,456,608,Shia001432Vols,1833,178,330,126,100
1144,307,608,Shia001432Vols,24162,897,1211,242,92
1144,257,375,Shia001432Vols,28493,442,559,93,97
1144,7,379,Shamela0023632,3587,424,619,159,52
1144,375,613,Shamela0023632,3589,731,968,193,98
1144,608,940,Shamela0095562,102,979,1349,152,42
1144,7,608,JK009268,4456,560,988,351,71
1144,312,608,Sham19Y0023618,1788,924,1220,242,100
1144,7,375,Shamela0023628,3526,1021,1216,159,52
1144,352,608,Shamela0023628,3528,320,647,210,77
1144,227,637,Rafed0003257Vols,5240,425,827,317,94
1144,257,608,Sham19Y0020891,6512,1192,1543,287,100
1144,312,456,Tafsir09068,1194,1171,1610,116,32
1144,348,608,JK009270,5577,1059,1319,214,100
1144,257,608,Meshkat0014420,4669,683,1034,287,100
1144,375,608,Sham19Y0147312,1990,1174,1407,192,100
1144,257,375,Rafed0001121,313,539,656,93,97
1144,7,569,JK000791,2386,1228,1616,319,69
1144,257,693,JK007018,835,10,497,327,80
1144,257,443,JK009396,1671,1443,1628,150,99
1144,443,637,JK009396,1672,0,193,159,98
1144,257,667,Sham19Y0023608,4073,401,837,317,89
1144,257,595,Meshkat00042488,1787,22,1597,253,19
1144,7,608,Shia002356Vols,1295,99,520,342,69
1144,405,608,Shia002380Vols,828,835,1169,167,60
1144,257,710,JK001496,2440,253,873,343,65
1144,192,625,Shamela0008473,4896,162,626,322,82
1144,257,375,Shia002382Vols,38,0,117,93,97
1144,7,608,Shamela0023591,6622,805,1233,351,71
1144,257,544,Shamela0023591,6630,1388,1674,234,99
1144,227,375,JK009266,9115,626,817,116,75
1144,375,608,JK009266,9118,531,764,192,100
1144,257,637,Shamela0021821,1917,682,1075,311,96
1144,7,608,JK009362,8775,1109,1538,348,70
1144,257,375,JK000467,1204,816,934,95,100
1144,214,569,JK001420,771,638,1129,126,24
1144,257,368,ShamAY0037056,4,1381,1490,88,98
1144,257,608,Rafed0003943Vols,1593,220,572,287,99
1144,80,375,Shamela0007798,9117,282,697,140,33
1144,348,506,Shamela0007798,9120,11,581,130,27
1144,257,375,Masaha000147,20,42,160,95,100
1144,348,548,Sham19Y0014404,1575,514,1526,164,19
1144,384,608,Meshkat00057178,3671,93,538,185,50
1144,248,456,Masaha000554Vols,6423,1330,1540,159,90
1144,7,608,QuranAnalysis001,247,1031,1459,351,71
1144,227,580,Rafed0001713Vols,2769,1256,1664,278,83
1144,580,962,Rafed0001713Vols,2770,0,643,186,35
1144,17,375,Shamela0000041,2648,1122,1368,167,53
1144,352,608,Shamela0000041,2649,1138,1414,210,92
1144,227,698,Shamela0023578,3269,649,1298,367,69
1145,428,570,Shamela0008381,5992,34,177,112,99
1145,359,839,Shia001432Vols,3459,1117,1597,387,99
1145,839,1112,Shia001432Vols,3460,0,273,222,100
1145,424,566,Shia001432Vols,22262,620,762,112,100
1145,336,551,Shamela0023632,3590,1346,1560,170,99
1145,551,831,Shamela0023632,3592,725,1046,230,87
1145,831,1101,Shamela0023632,3593,1338,1607,220,99
1145,359,566,Tafsir03097,1675,980,1515,162,38
1145,191,551,Shamela0095562,103,590,1275,247,44
1145,307,1112,JK009268,4464,146,959,639,94
1145,282,577,Sham19Y0023618,1789,819,1120,198,81
1145,523,792,Sham19Y0023618,1790,205,569,219,73
1145,966,1112,Sham19Y0023618,1791,298,444,120,100
1145,340,738,Shamela0023628,3529,0,398,321,100
1145,582,1035,Shamela0023628,3530,0,657,367,68
1145,336,927,Rafed0003257Vols,5246,43,641,478,98
1145,927,1116,Rafed0003257Vols,5252,1336,1527,152,97
1145,566,721,Shamela0001388,100,663,818,128,100
1145,566,792,Sham19Y0020891,6515,1214,1440,186,100
1145,282,566,Sham19Y0020891,6515,12,291,211,90
1145,792,1112,Sham19Y0020891,6516,289,608,260,99
1145,352,577,Sham19Y0020966,370,155,353,108,53
1145,453,773,JK010001,3814,572,1064,116,24
1145,359,566,JK009270,5582,1230,1435,162,99
1145,718,910,JK009270,5589,937,1129,156,100
1145,910,1112,JK009270,5593,127,329,165,100
1145,336,566,Meshkat0014420,4673,662,902,182,95
1145,566,884,Meshkat0014420,4675,794,1112,262,100
1145,884,1112,Meshkat0014420,4677,947,1175,185,100
1145,0,492,JK006476,1941,167,762,216,37
1145,927,1112,Shia001171,18,872,1052,147,97
1145,197,566,Sham19Y0147312,1991,660,1113,235,61
1145,884,1112,Sham19Y0147312,1992,1156,1384,185,100
1145,551,884,Sham19Y0147312,1992,169,541,274,89
1145,428,927,Shamela0004445,151,513,1012,405,100
1145,282,566,JK000791,2389,1229,1491,194,85
1145,566,1112,JK000791,2390,867,1413,447,100
1145,566,884,Noorlib0038508,36,1100,1418,262,100
1145,148,384,Shamela0021766,4582,380,632,135,56
1145,352,718,Shamela0000922,1269,341,1463,208,21
1145,566,806,Tafsir07076,3408,23,263,197,100
1145,778,1245,JK010427,5,1085,1487,312,79
1145,336,566,JK007018,835,1076,1311,182,97
1145,270,535,JK009396,1672,1397,1669,177,70
1145,523,755,JK009396,1673,1244,1491,178,88
1145,755,1112,JK009396,1674,0,357,292,100
1145,336,566,Sham19Y0023608,4076,478,708,182,100
1145,523,685,Sham19Y0023608,4077,1066,1541,130,33
1145,685,1112,Sham19Y0023608,4078,0,427,350,100
1145,359,592,Hindawi062413635,23,1197,1429,183,99
1145,592,1112,Hindawi062413635,24,0,520,427,100
1145,359,502,JK000381,3703,213,356,113,100
1145,179,725,Meshkat00042488,1788,13,1482,312,24
1145,336,1112,Shia003721Vols,55,42,819,629,99
1145,216,709,ShamIbadiyya0000075,946,0,577,330,63
1145,336,927,Shamela0021537,375,847,1438,478,100
1145,566,884,Shamela0004473,89,998,1316,262,100
1145,669,927,Shamela0004473,6069,0,258,213,100
1145,359,1112,Shamela0004473,11103,191,944,610,100
1145,463,566,Shamela0004473,12822,0,103,82,100
1145,483,1112,Shamela0004473,12824,10,838,405,54
1145,336,1047,Sham19Y0145435,4936,908,1617,575,99
1145,336,927,Shia002356Vols,1297,136,724,474,98
1145,927,1112,Shia002356Vols,1299,471,656,148,98
1145,359,1112,Shamela0010523,260,787,1540,610,100
1145,0,551,Shia002380Vols,828,1000,1525,299,53
1145,282,566,JK001496,2441,560,842,210,91
1145,566,1112,JK001496,2442,0,547,446,99
1145,205,566,Tafsir02102,3944,799,1376,203,39
1145,76,566,Shamela0008473,4899,15,597,276,54
1145,566,1112,Shamela0008473,4900,156,702,447,100
1145,231,599,Shia002382Vols,1844,0,760,261,42
1145,336,566,Shia002382Vols,2444,107,341,181,96
1145,453,773,Tafsir07055,3924,673,1135,114,24
1145,0,566,Tafsir05047,966,600,1324,264,37
1145,205,424,AOCP202502141169Vols,2643,100,511,111,35
1145,274,738,Shamela0023591,6632,1138,1576,338,90
1145,340,927,Shamela0023591,6633,958,1543,465,98
1145,927,1112,Shamela0023591,6637,742,927,151,100
1145,270,518,JK009266,9120,1246,1557,179,69
1145,518,1137,JK009266,9121,0,630,504,98
1145,336,488,Shamela0021821,1918,1379,1530,121,99
1145,495,831,Shamela0021821,1919,443,931,263,66
1145,773,1112,Shamela0021821,1920,488,918,276,78
1145,336,625,Rafed0003793Vols,1139,492,727,121,52
1145,359,615,JK009362,8803,1318,1573,202,99
1145,615,1112,JK009362,8804,0,514,408,96
1145,806,1112,JK001110,65,521,827,250,100
1145,884,1137,Zaydiyya0000075BK9,3,586,839,188,87
1145,359,884,JK009257,986,133,1372,365,36
1145,419,566,JK006478,9211,10,159,115,96
1145,0,751,Tafsir08060,530,257,1150,375,41
1145,191,625,Rafed0003943Vols,1593,519,1378,293,40
1145,806,1062,Rafed0003943Vols,1594,851,1434,209,43
1145,884,1076,Zaydiyya0000075BK1,23,1312,1501,154,98
1145,48,566,Shamela0007798,9123,322,1113,309,47
1145,523,718,Shamela0007798,9125,450,846,159,49
1145,0,424,Tafsir01006,1499,908,1533,210,39
1145,3,551,Tafsir06048,1244,649,1442,294,42
1145,566,773,Sham19Y0018567,721,800,1011,169,97
1145,185,424,Sham19Y0014404,1576,182,590,158,46
1145,359,566,Meshkat00057178,3672,413,1081,162,30
1145,566,773,Masaha000554Vols,2309,516,723,170,100
1145,191,510,QuranAnalysis001,247,1406,1616,166,64
1145,510,1112,QuranAnalysis001,248,0,602,490,100
1145,336,1149,Rafed0001713Vols,2771,766,1569,526,72
1145,927,1112,Rafed0001713Vols,2775,686,871,151,100
1145,453,566,Shamela0022921,165,327,781,90,24
1145,191,424,Tafsir04042,2270,93,331,110,45
1145,718,1116,Zaydiyya0000476,682,177,696,321,75
1145,718,1116,Zaydiyya0000476,688,136,655,321,75
1145,927,1112,Tafsir07057,308,114,299,151,100
1145,221,424,Tafsir02094,4217,1075,1457,96,28
1145,0,625,Shamela0000041,2650,93,867,363,51
1145,778,1088,Shamela0000041,2651,928,1238,253,100
1145,336,1112,Shamela0023578,3272,301,1099,629,97
1145,359,831,Shamela0023578,3273,6,610,381,78
1146,112,563,Shamela0095562,104,0,803,239,34
1146,31,1045,JK009268,4464,398,829,350,42
1146,86,1045,Shamela0023628,3530,0,604,355,40
1146,31,723,Rafed0003257Vols,5246,265,624,292,51
1146,146,434,Shamela0022593,2703,244,602,152,48
1146,1272,1607,Sham19Y0020891,6521,376,662,152,54
1146,369,723,JK009270,5589,937,1129,156,54
1146,31,723,Shamela0004445,151,636,995,292,51
1146,70,1045,JK000791,2390,867,1283,338,42
1146,283,1045,Sham19Y0023608,4078,7,297,235,37
1146,96,1045,Hindawi062413635,24,0,390,318,40
1146,31,1025,JK000818,694,431,1458,417,38
1146,31,1045,Shia003721Vols,55,258,689,350,42
1146,0,690,ShamIbadiyya0000075,946,262,1164,384,44
1146,31,723,Shamela0021537,375,1062,1421,292,51
1146,202,723,Shamela0004473,6069,0,241,197,45
1146,31,1045,Shamela0004473,11103,383,814,350,42
1146,31,1045,Sham19Y0145435,4936,1122,1553,350,42
1146,31,1045,Shamela0010523,260,979,1410,350,42
1146,23,1601,Shia002380Vols,829,0,1297,661,42
1146,70,1045,JK001496,2442,0,415,337,42
1146,1462,1607,JK001496,2445,7,136,98,77
1146,70,1045,Shamela0008473,4900,156,572,338,42
1146,0,697,Shia002382Vols,1844,596,1323,389,55
1146,969,1601,Shia002382Vols,1845,141,567,265,45
1146,70,447,Shia002382Vols,2444,1105,1474,223,66
1146,969,1607,Shia002382Vols,2445,809,1170,245,45
1146,31,1045,JK009266,9121,33,464,350,42
1146,74,447,JK000458,3359,662,1363,223,37
1146,128,1045,JK009362,8804,0,384,299,38
1146,0,741,Tafsir08060,530,738,1590,350,39
1146,0,508,Tafsir01006,1500,343,1140,319,47
1146,1213,1601,Tafsir06048,1246,480,859,155,39
1146,517,697,Sham19Y0014404,1577,1370,1628,104,42
1146,70,424,Sham19Y0014404,1577,469,1093,204,38
1146,146,434,Meshkat00057178,3673,591,1137,118,21
1146,31,1045,QuranAnalysis001,248,41,472,350,42
1146,31,723,Rafed0001713Vols,2771,981,1340,292,51
1146,1272,1607,Rafed0001713Vols,2776,260,1079,224,32
1146,1149,1607,Shamela0000041,2652,364,797,195,42
1146,31,1045,Shamela0023578,3272,538,969,350,42
1146,31,697,Shamela0023578,3273,234,1026,317,39
1146,146,434,JK000876,1600,74,539,132,33
1147,0,370,Shia001432Vols,3460,342,712,300,100
1147,0,186,Shamela0023632,3595,587,773,151,100
1147,0,370,JK009268,4464,1028,1398,300,100
1147,0,120,Sham19Y0023618,1791,513,633,97,100
1147,77,370,Sham19Y0023618,1792,295,595,212,87
1147,77,191,Shamela0023628,3533,1472,1585,93,99
1147,0,120,Rafed0003257Vols,5254,674,794,97,100
1147,110,370,Rafed0003257Vols,5256,532,795,206,95
1147,0,120,Sham19Y0020891,6521,662,782,97,100
1147,0,120,JK009270,5597,290,410,97,100
1147,120,370,JK009270,5599,993,1243,203,100
1147,0,347,Meshkat0014420,4679,1218,1564,281,99
1147,0,120,Shamela0036543,1137,457,577,97,100
1147,1291,1525,Meshkat00042485,6812,827,1104,146,65
1147,0,186,Sham19Y0147312,1993,1191,1377,151,100
1147,120,370,Shamela0000922,1271,815,1311,167,41
1147,0,120,JK009396,1676,740,860,97,100
1147,120,381,JK009396,1678,187,449,211,99
1147,0,120,Sham19Y0023608,4082,356,476,97,100
1147,360,752,Sham19Y0023608,4082,1058,1428,142,34
1147,120,370,Sham19Y0023608,4083,949,1199,203,100
1147,0,378,Hindawi062413635,24,589,963,303,98
1147,0,370,Shia003721Vols,55,888,1277,300,95
1147,0,195,Shamela0004473,11103,1013,1203,154,97
1147,0,120,Shamela0004473,12826,447,567,97,100
1147,370,760,ShamAY0033108,1894,128,649,147,28
1147,0,370,Sham19Y0145435,4937,134,504,300,100
1147,0,370,Shia002356Vols,1299,725,1089,293,97
1147,0,370,Shamela0010523,261,13,383,300,100
1147,77,374,Shia002380Vols,830,122,689,241,52
1147,0,531,JK001496,2445,136,603,163,26
1147,370,760,Tafsir02091,2172,599,1121,147,28
1147,120,370,Shamela0008473,4905,981,1231,203,100
1147,370,787,Shia002382Vols,1845,490,929,190,39
1147,0,370,Shamela0023591,6633,443,813,300,100
1147,0,374,Shamela0023591,6637,996,1370,300,99
1147,0,447,JK009266,9130,851,1288,347,95
1147,0,120,Shamela0021821,1921,730,850,97,100
1147,120,378,Shamela0021821,1922,439,693,206,98
1147,0,120,JK007059,3,1255,1375,97,100
1147,0,370,JK009362,8804,583,966,300,96
1147,0,233,JK001420,772,226,568,158,57
1147,0,120,JK006478,9219,1406,1527,97,99
1147,0,370,Rafed0003943Vols,1595,284,654,300,100
1147,1284,1463,Shamela0010273,3448,95,402,122,51
1147,0,370,Shamela0010273,3449,181,1084,272,37
1147,487,1232,Tafsir01006,1502,262,1218,297,31
1147,0,370,QuranAnalysis001,248,671,1041,300,100
1147,0,479,Rafed0001713Vols,2776,1079,1550,376,97
1147,487,781,Rafed0001713Vols,2777,200,600,142,38
1147,0,233,Zaydiyya0000476,682,868,1286,188,55
1147,0,233,Zaydiyya0000476,688,827,1245,188,55
1147,0,364,Shamela0023578,3272,1168,1531,295,99
1147,370,718,JK000876,1602,323,892,145,28
1148,228,701,JK000330,950,431,690,198,52
1148,179,432,Shamela0023632,3598,465,718,201,100
1148,432,701,Shamela0023632,3601,853,1122,215,100
1148,644,954,Shamela0023632,3603,745,1155,229,70
1148,954,1146,Shamela0023632,3604,916,1110,152,97
1148,432,881,Shamela0000894,727,1134,1566,160,35
1148,701,922,Shamela0000894,738,453,667,135,72
1148,797,922,Shia004012,40,890,1011,98,96
1148,0,236,Shamela0095562,107,457,729,133,55
1148,23,639,JK009268,4470,845,1540,418,68
1148,639,1146,JK009268,4471,0,509,404,99
1148,385,701,Sham19Y0023618,1794,236,618,252,82
1148,644,954,Sham19Y0023618,1795,671,1040,242,82
1148,526,701,JK001137,70,934,1109,137,98
1148,23,385,Shamela0023628,3535,951,1415,233,56
1148,385,580,Shamela0023628,3538,1310,1504,157,99
1148,644,999,Shamela0023628,3540,806,1163,286,99
1148,980,1161,Shamela0023628,3542,86,321,129,69
1148,322,531,Rafed0003257Vols,5260,0,209,166,100
1148,449,943,Rafed0003257Vols,5263,934,1537,367,73
1148,107,710,Shamela0023653,56,531,1098,418,87
1148,747,1011,Tafsir09084,2537,616,1266,212,40
1148,146,432,Sham19Y0020891,6527,0,273,217,95
1148,390,812,JK006889,136,572,1416,223,32
1148,797,1048,JK006889,137,5,643,202,38
1148,385,644,JK009270,5610,95,354,208,100
1148,644,868,JK009270,5615,427,651,174,99
1148,826,1100,JK009270,5618,634,931,204,83
1148,179,432,Meshkat0014420,4684,160,424,201,95
1148,449,701,Meshkat0014420,4688,0,252,202,100
1148,701,954,Meshkat0014420,4691,524,777,204,100
1148,954,1146,Meshkat0014420,4693,478,670,152,98
1148,580,922,JK006476,1952,862,1356,259,66
1148,701,954,Shamela0002300,144,239,383,114,54
1148,432,682,Sham19Y0147312,1999,1218,1467,200,99
1148,661,863,Sham19Y0147312,2001,245,477,141,77
1148,202,1052,Shamela0004445,75,632,1485,678,99
1148,531,701,Shamela0004445,1036,1287,1457,136,100
1148,53,1177,JK000791,2395,5,1044,744,81
1148,797,954,Shamela0022712,344,647,849,127,76
1148,701,954,Shamela0022712,352,590,742,113,53
1148,797,1146,JK001276,104,134,483,280,99
1148,183,701,Shamela0001524,1115,583,1096,402,97
1148,202,954,Shamela0001524,1941,640,1392,601,100
1148,107,710,Shamela0023833,113,944,1495,345,69
1148,432,922,Shamela0000922,1273,26,914,254,34
1148,322,489,Sham19Y0009800,455,0,167,133,100
1148,531,701,Tafsir07076,5411,335,505,136,100
1148,112,701,Shamela0009770,124,531,1082,414,88
1148,701,1048,JK007018,841,815,1179,278,93
1148,341,531,JK009396,1679,0,190,151,100
1148,531,710,JK009396,1682,340,521,140,96
1148,701,1048,JK009396,1683,208,557,281,99
1148,179,531,Sham19Y0023608,4085,439,791,280,100
1148,531,1048,Sham19Y0023608,4089,62,581,417,99
1148,679,927,Sham19Y0023608,4091,361,1190,183,27
1148,202,580,JK000381,3493,705,1340,261,47
1148,585,1146,JK000381,3494,0,856,443,64
1148,706,954,JK000381,4120,1291,1430,109,53
1148,701,954,JK000381,5716,564,753,109,43
1148,580,806,Meshkat00042488,1794,572,1440,176,25
1148,742,927,Meshkat00042488,1795,174,909,140,24
1148,999,1150,Meshkat00042488,1796,79,531,108,30
1148,350,580,Shamela0004473,8803,895,1178,157,68
1148,23,615,Shia002356Vols,1301,720,1461,401,61
1148,615,959,Shia002356Vols,1302,0,345,264,95
1148,922,1146,Shia002356Vols,1305,787,1030,161,81
1148,13,476,Shia002380Vols,830,638,1311,301,50
1148,644,927,Shia002380Vols,831,1025,1531,219,54
1148,797,1064,ShamAY0001202,180,1094,1386,144,54
1148,121,432,JK001496,2448,503,819,220,87
1148,526,701,Shamela0008473,3517,481,656,137,98
1148,531,701,Shamela0008473,4021,737,907,136,100
1148,45,531,Shamela0008473,4907,256,771,326,72
1148,701,854,Shamela0008473,4911,1378,1530,121,99
1148,854,1048,Shamela0008473,4912,0,196,160,98
1148,644,840,Shia002382Vols,1848,94,440,151,55
1148,797,927,AOCP202502141169Vols,2656,49,312,103,48
1148,390,797,Shamela0003055,3820,547,1435,226,30
1148,797,1052,Shamela0003055,3821,58,751,205,36
1148,706,954,JK000378,149,94,233,109,53
1148,107,696,Masaha002028Vols,316,64,600,340,69
1148,0,521,Shamela0023591,6643,1115,1571,309,74
1148,521,1146,Shamela0023591,6644,0,627,500,99
1148,202,954,Shamela0023591,6645,147,899,601,100
1148,954,1146,Shamela0023591,6653,1196,1390,152,97
1148,121,418,JK009266,9140,1168,1515,225,81
1148,418,1154,JK009266,9141,0,741,591,99
1148,112,531,Shamela0021821,1923,277,666,295,88
1148,644,1048,Shamela0021821,1926,855,1352,319,80
1148,526,710,Shamela0021821,1926,9,204,141,90
1148,202,1121,JK009362,8831,552,1490,734,97
1148,954,1146,JK001110,98,588,782,152,97
1148,202,644,Shamela0021499,94,458,1387,311,39
1148,673,1146,Shamela0021499,95,0,669,376,69
1148,350,999,JK001420,773,0,602,266,36
1148,649,849,JK006478,9659,159,358,156,99
1148,202,701,Shamela0009789,43,88,587,397,100
1148,904,1138,Tafsir05045,295,553,959,191,57
1148,364,1048,Rafed0003943Vols,1596,0,1223,545,55
1148,580,881,Shamela0007798,9147,1023,1391,169,56
1148,701,954,Shamela0012293,176,1407,1551,114,54
1148,701,954,Shamela0012293,5781,495,639,114,54
1148,1245,1494,Tafsir09071,1171,823,1187,112,35
1148,7,273,Sham19Y0014404,1581,346,746,148,46
1148,549,922,Sham19Y0014404,1583,322,1206,267,37
1148,747,1048,Meshkat00057178,3687,382,1243,238,34
1148,531,701,Zaydiyya0000075BK4,15,637,807,136,100
1148,7,701,QuranAnalysis001,248,988,1547,442,79
1148,701,1146,QuranAnalysis001,249,0,447,356,98
1148,0,854,Rafed0001713Vols,2780,260,1494,628,60
1148,854,1048,Rafed0001713Vols,2781,0,196,160,98
1148,536,701,Masaha000998Vols,233,1149,1314,132,100
1148,701,927,JK000940,55,1359,1520,86,37
1148,797,954,Tafsir07057,5222,802,1383,128,27
1148,701,954,JK006950,20,888,1077,109,43
1148,313,489,Shamela0000041,2655,1189,1375,129,87
1148,644,927,Shamela0000041,2657,421,704,224,99
1148,112,823,Shamela0023578,3278,749,1510,537,88
1148,823,1458,Shamela0023578,3279,0,420,218,36
1148,927,1146,Shamela0023578,3282,209,454,173,87
1149,482,1382,Shia001432Vols,19616,105,909,279,30
1149,391,788,Shamela0095562,108,500,887,181,45
1149,724,1029,Tafsir09084,2535,644,996,135,44
1149,646,1460,Shamela0022769,1663,101,827,225,25
1149,428,1340,ShamIbadiyya0000075,948,872,1555,259,32
1149,646,1147,Tafsir10066,2001,258,744,138,23
1149,391,1151,Shamela0010273,3451,4,904,285,33
1149,298,1382,Tafsir01006,1504,33,1221,385,31
1149,646,1151,Sham19Y0014404,1582,948,1325,145,30
1149,646,1468,Rafed0001713Vols,2784,97,1236,286,25
1149,718,1340,Tafsir04042,2275,5,795,138,17
1149,1086,1513,Shamela0023578,3280,1281,1500,149,42
1150,412,599,Sham19Y0011326,170,788,977,133,86
1150,399,779,Tafsir09083,1691,542,1082,208,46
1150,35,591,Tafsir09084,2536,745,1154,227,44
1150,718,1053,ShamAY0034059,7604,379,968,149,32
1150,599,1146,Shia002380Vols,831,1087,1537,228,41
1150,35,546,Shamela0008473,4910,831,1480,221,34
1150,599,1208,Shia002382Vols,2449,597,1510,261,30
1150,622,1140,Sham19Y0014404,1583,688,1206,196,33
1150,599,1129,JK000876,1606,579,1460,247,31
1151,814,959,Shia001432Vols,2523,938,1083,112,100
1151,814,1270,Shia001432Vols,5238,905,1383,356,94
1151,843,1068,Shia001432Vols,8156,723,1017,174,75
1151,932,1270,Shamela0023632,3607,896,1234,267,100
1151,932,1175,Tafsir03097,1683,664,1554,186,26
1151,746,1270,JK009268,4471,455,957,373,90
1151,855,1162,Sham19Y0023618,1797,874,1519,196,36
1151,932,1446,Shamela0023628,3544,0,573,274,49
1151,746,1068,Rafed0003257Vols,5271,470,771,215,83
1151,1068,1270,Rafed0003257Vols,5273,349,551,158,100
1151,408,620,Tafsir09084,2538,1051,1501,102,27
1151,814,1270,Sham19Y0020891,6541,1040,1496,357,100
1151,897,1270,JK006889,138,742,1204,156,36
1151,932,1115,JK009270,5625,962,1145,145,100
1151,880,1270,Meshkat0014420,4697,187,577,307,100
1151,746,1012,Sham19Y0147312,2002,722,966,170,80
1151,1016,1270,Sham19Y0147312,2003,1055,1309,200,100
1151,880,1068,ShamAY0035288,5,88,334,149,76
1151,814,959,Shamela0006947,4257,366,511,112,100
1151,814,959,Shamela0006947,6732,1164,1309,112,100
1151,746,1270,JK000791,2399,474,976,373,90
1151,746,1270,JK001276,104,429,932,372,89
1151,746,1052,JK007018,842,1265,1564,202,79
1151,848,1068,Shia003744Vols,519,484,773,173,76
1151,746,1074,JK009396,1687,471,775,215,82
1151,855,1270,JK009396,1689,193,671,198,39
1151,1012,1149,Sham19Y0023608,1815,74,217,108,95
1151,746,1068,Sham19Y0023608,4092,1226,1527,215,83
1151,1012,1270,Sham19Y0023608,4095,59,361,177,75
1151,746,1068,JK000381,3494,802,1117,215,80
1151,936,1215,Meshkat00042488,1797,666,1299,202,40
1151,880,1265,ShamIbadiyya0000075,950,539,1344,297,46
1151,746,1270,Shia002356Vols,1305,976,1482,361,86
1151,843,1115,Shia002380Vols,832,1113,1504,195,61
1151,814,1309,JK001496,2455,897,1476,377,83
1151,959,1206,Tafsir02102,3956,103,512,192,59
1151,746,1103,Shamela0008473,4914,307,647,223,79
1151,1068,1270,Shamela0008473,4917,0,202,158,100
1151,925,1130,Shia002382Vols,1849,1010,1422,150,46
1151,746,1270,Shamela0023591,6644,573,1076,373,89
1151,746,950,Shamela0023591,6653,1336,1518,120,74
1151,950,1270,Shamela0023591,6654,0,320,253,100
1151,814,1074,JK009266,9168,769,1028,200,98
1151,1068,1273,JK009266,9173,1125,1338,159,95
1151,746,1068,Shamela0021821,1927,1223,1523,215,83
1151,959,1296,Shamela0021821,1929,76,616,245,56
1151,843,1068,Masaha000001Vols,402,712,1006,174,75
1151,843,1068,Shia001122Vols,410,375,669,174,75
1151,867,1068,Shia002389Vols,3110,1164,1433,159,74
1151,768,1270,JK009362,8832,0,483,367,91
1151,1068,1270,JK001110,65,909,1111,158,100
1151,746,1012,JK001110,98,728,972,170,80
1151,843,1068,Shia001174Vols,2178,466,760,174,75
1151,746,1068,Shamela0021499,95,615,930,215,80
1151,814,1012,Shamela0011354,68,271,469,154,100
1151,746,959,Shamela0000107,268,642,847,128,75
1151,843,1068,PV2024060601,410,375,669,174,75
1151,746,1120,Rafed0003943Vols,1597,18,543,250,57
1151,746,959,Shamela0010273,3457,792,983,128,75
1151,883,1180,Shamela0010273,3459,1096,1447,212,76
1151,909,1068,Shamela0007798,9158,502,703,127,79
1151,972,1270,Shamela0007798,9159,91,604,235,58
1151,913,1115,Tafsir06048,1250,676,1090,160,48
1151,814,1106,Sham19Y0014404,1585,294,1062,198,31
1151,492,932,Meshkat00057178,3689,257,880,210,36
1151,1068,1273,Meshkat00057178,3690,938,1146,160,98
1151,1106,1278,Zaydiyya0000075BK4,16,0,174,132,97
1151,746,1273,QuranAnalysis001,249,393,898,373,89
1151,848,1206,Shamela0023596,153,615,1042,280,83
1151,848,1270,Rafed0001713Vols,2788,0,422,331,100
1151,835,1068,Shamela0009065,442,0,233,183,100
1151,932,1074,Shamela0009065,501,378,620,109,55
1151,855,1115,Shamela0000041,2660,1195,1445,153,65
1151,746,1270,Shamela0023578,3282,400,903,373,89
1152,240,861,Shia001432Vols,5238,970,1319,219,40
1152,345,861,Shamela0023632,3607,923,1170,194,47
1152,72,821,Tafsir03097,1683,582,1554,245,25
1152,345,901,Shamela0095562,112,258,1482,245,23
1152,240,861,JK009268,4471,567,893,213,40
1152,345,800,Sham19Y0023618,1797,1005,1519,160,26
1152,587,1061,Tafsir09084,2540,110,785,172,27
1152,240,861,Sham19Y0020891,6541,1106,1432,213,40
1152,345,645,JK009270,5625,989,1157,127,53
1152,234,861,Meshkat0014420,4697,181,513,213,40
1152,240,861,JK000791,2399,586,912,213,40
1152,240,861,JK001276,104,542,868,212,40
1152,120,872,Meshkat00042488,1797,410,1299,245,29
1152,28,917,ShamIbadiyya0000075,950,539,1092,294,37
1152,240,861,Shia002356Vols,1305,1091,1420,210,39
1152,207,634,Shia002380Vols,832,1113,1504,142,29
1152,240,861,JK001496,2455,963,1289,213,40
1152,28,1024,Tafsir02091,2180,74,1460,388,30
1152,257,901,Tafsir02102,3956,16,532,245,41
1152,110,634,Shia002382Vols,1849,829,1407,173,26
1152,110,872,Shia002382Vols,2451,554,1236,240,28
1152,240,861,Shamela0023591,6644,686,1012,213,40
1152,345,861,Shamela0023591,6654,9,256,194,47
1152,590,864,Tafsir10098,1651,781,1215,107,27
1152,320,861,Shamela0021821,1929,42,518,224,39
1152,240,861,JK009362,8832,83,419,213,39
1152,554,1056,Shia001174Vols,2185,394,839,179,39
1152,240,634,Rafed0003943Vols,1597,303,538,140,40
1152,378,816,Shamela0010273,3460,223,881,225,39
1152,24,634,Tafsir06048,1250,452,1090,211,29
1152,28,838,Sham19Y0014404,1585,456,1371,258,25
1152,587,920,Meshkat00057178,3690,938,1465,122,25
1152,240,861,QuranAnalysis001,249,505,831,213,40
1152,240,939,Shamela0023596,153,647,1129,256,39
1152,240,861,Rafed0001713Vols,2788,32,358,213,40
1152,28,634,Shamela0000041,2660,841,1445,227,33
1152,240,861,Shamela0023578,3282,513,839,213,40
1152,340,901,Shamela0023578,3286,476,927,213,42
1152,110,584,JK000876,1608,804,1402,188,35
1153,304,606,ShamAY0037152,311,1215,1556,142,45
1153,434,656,Shia001432Vols,1833,343,480,104,57
1153,227,704,Shia001432Vols,2523,1114,1412,218,53
1153,96,384,Shia001432Vols,5239,0,287,232,99
1153,35,259,Shia001432Vols,27103,805,1028,170,95
1153,26,343,Shamela0023632,3609,366,683,254,100
1153,343,656,Shamela0023632,3613,819,1132,259,100
1153,457,624,Tafsir03097,1687,14,591,134,28
1153,26,696,JK009268,4482,799,1495,543,95
1153,122,343,Sham19Y0023618,1800,937,1157,169,95
1153,317,482,Sham19Y0023618,1802,18,225,135,77
1153,482,624,Sham19Y0023618,1802,852,994,117,100
1153,200,343,Shamela0023628,3552,890,1033,115,100
1153,259,696,Shamela0023628,3553,683,1328,358,67
1153,26,304,Rafed0003257Vols,5277,77,362,222,97
1153,304,704,Rafed0003257Vols,5283,14,412,323,98
1153,343,624,Tafsir09084,2544,117,1088,233,28
1153,343,482,Sham19Y0020891,6562,1129,1268,116,100
1153,482,659,Tafsir09068,1203,141,607,145,37
1153,304,544,JK009270,5641,665,905,199,100
1153,532,696,JK009270,5645,728,893,132,98
1153,26,343,Meshkat0014420,4701,573,900,252,96
1153,343,656,Meshkat0014420,4708,282,595,259,100
1153,434,624,JK006476,1963,617,816,157,95
1153,259,482,Sham19Y0147312,2007,1273,1512,168,80
1153,476,696,Sham19Y0147312,2008,633,852,177,99
1153,384,656,Shamela0004445,6986,27,168,106,48
1153,30,259,Zaydiyya0000075BK31,8,1194,1422,171,94
1153,49,227,Sham19Y0018176,510,1249,1434,139,95
1153,349,581,Zaydiyya0000220,106,0,232,193,100
1153,49,227,JK000110,280,1116,1293,140,99
1153,26,280,JK000791,2402,1247,1499,202,99
1153,280,711,JK000791,2403,0,426,321,83
1153,30,233,Sham19Y0009800,330,1372,1576,150,92
1153,262,656,JK007018,846,336,772,309,81
1153,49,227,Sham19Y0018103,1022,764,942,141,100
1153,482,624,Zaydiyya0000295Vols,244,26,658,114,21
1153,26,304,JK009396,1690,827,1130,221,91
1153,304,656,JK009396,1693,1056,1408,291,100
1153,26,304,Sham19Y0023608,4098,438,716,222,100
1153,438,656,Sham19Y0023608,4102,0,218,180,100
1153,359,649,Sham19Y0023608,4104,195,928,151,22
1153,49,227,Shamela0021715,1921,120,298,139,98
1153,421,656,Meshkat00042488,1801,350,1405,182,21
1153,259,624,Shamela0022371,281,689,907,119,37
1153,221,482,Shia002356Vols,1309,0,261,215,100
1153,482,696,Shia002356Vols,1312,18,235,172,96
1153,259,696,Shia002380Vols,834,457,1480,358,42
1153,49,227,PV2024060602,280,1116,1293,140,99
1153,343,482,JK001496,2463,557,697,116,99
1153,482,656,JK001496,2464,560,1076,143,33
1153,49,304,Shamela0008473,4920,0,255,203,100
1153,304,656,Shamela0008473,4927,993,1345,291,100
1153,407,624,Shamela0008473,4928,348,1174,179,26
1153,434,704,Shia002382Vols,1852,1068,1594,213,50
1153,384,656,JK009265,207,843,1026,145,65
1153,343,601,Tafsir05047,975,863,1471,213,42
1153,26,696,Shamela0023591,6664,895,1564,544,99
1153,49,233,Shamela0023591,6665,1371,1554,146,99
1153,233,581,Shamela0023591,6666,0,348,287,100
1153,151,304,JK009266,9191,0,152,121,99
1153,262,482,JK009266,9198,581,850,176,77
1153,482,696,JK009266,9201,1107,1321,174,100
1153,26,304,Shamela0021821,1930,411,687,220,98
1153,324,656,Shamela0021821,1933,0,332,275,100
1153,49,227,Sham19Y0018106,933,413,598,139,95
1153,77,696,JK009362,8866,0,620,501,99
1153,49,343,JK001110,98,1008,1301,234,99
1153,343,669,JK009257,991,267,862,265,54
1153,241,696,Rafed0003943Vols,1600,635,1090,373,100
1153,49,227,Sham19Y0013605,1466,211,389,139,98
1153,407,575,Sham19Y0014404,1588,751,1280,134,30
1153,343,690,Masaha000554Vols,6482,157,511,276,94
1153,42,659,QuranAnalysis001,249,898,1514,498,99
1153,343,581,JK000372,15,1004,1168,129,65
1153,26,482,Rafed0001713Vols,2792,883,1339,370,100
1153,482,699,Rafed0001713Vols,2798,304,521,174,99
1153,206,619,Tafsir04042,2282,371,1588,333,33
1153,343,581,JK006950,2335,990,1160,130,66
1153,227,482,Shamela0000041,2666,970,1225,210,100
1153,317,696,Shamela0000041,2667,254,1035,312,48
1153,200,696,Shamela0023578,3291,693,1189,405,100
1154,167,513,Meshkat00042485,6847,692,1085,127,38
1154,928,1518,JK009257,991,247,731,236,42
1154,275,513,Rafed0001713Vols,2796,770,1287,118,28
1155,606,869,Shia001432Vols,5239,307,571,209,98
1155,606,869,Shia001432Vols,27103,1039,1301,209,98
1155,536,1013,Shamela0023632,3615,464,909,358,93
1155,678,905,Shia000812Vols,46,334,578,176,88
1155,730,869,Tafsir03097,1688,261,854,111,23
1155,665,1013,JK009268,4483,0,348,282,100
1155,560,1034,Sham19Y0023618,1803,775,1350,371,79
1155,520,1394,Shamela0023628,3556,301,1223,536,61
1155,560,1046,Rafed0003257Vols,5286,101,691,362,75
1155,536,1057,Sham19Y0020891,6566,976,1552,387,78
1155,593,1057,Shamela0009759,335,568,1027,365,97
1155,498,1013,JK009270,5645,828,1300,378,91
1155,606,1016,JK009270,5648,119,535,329,97
1155,703,1013,Shamela0005756,4488,122,430,249,99
1155,598,1016,Shamela0005756,15327,1073,1495,329,95
1155,606,1013,Shamela0005756,15509,364,773,325,97
1155,593,998,Shamela0005756,15519,1132,1536,316,95
1155,536,969,Meshkat0014420,4710,1152,1554,324,92
1155,1013,1456,JK000865,788,548,894,114,29
1155,756,1013,JK006476,1966,71,424,200,70
1155,713,1013,Shamela0037361,135,0,305,244,98
1155,587,869,Sham19Y0013771,521,807,1087,215,93
1155,412,1384,Sham19Y0147312,2009,392,1519,491,47
1155,741,1008,JK001417,965,0,553,213,47
1155,678,897,Zaydiyya0000075BK31,11,78,297,176,99
1155,707,1003,Sham19Y0018176,511,0,290,227,95
1155,606,1013,Sham19Y0013550,581,811,1216,327,99
1155,606,1013,Sham19Y0013550,582,50,455,327,99
1155,520,816,JK000791,2407,1275,1578,212,79
1155,816,1394,JK000791,2408,0,628,298,49
1155,724,1013,Shamela0010875,357,0,292,232,97
1155,632,1013,Shamela0010875,361,0,382,304,97
1155,593,1013,Shamela0010875,380,385,804,327,95
1155,593,1013,Shamela0010875,699,759,1178,327,95
1155,713,1142,Shamela0000922,1279,0,444,318,87
1155,730,884,Shia000234Vols,2969,429,583,123,98
1155,536,1069,JK007018,847,369,897,376,84
1155,618,905,Tafsir04039,3520,411,990,186,40
1155,703,995,Sham19Y0018103,1022,948,1247,226,93
1155,536,1013,JK009396,1695,562,1009,360,93
1155,632,1456,Sham19Y0023608,4105,0,561,378,54
1155,606,1057,Zaydiyya0000027,46,454,910,341,93
1155,703,995,Shamela0021715,1921,304,603,226,93
1155,730,920,Sham19Y0016953Vols,1438,24,214,155,100
1155,606,865,Sham19Y0016953Vols,1458,782,1056,205,93
1155,606,849,JK000917,1541,1348,1590,195,99
1155,849,1039,JK000917,1542,0,239,154,79
1155,606,821,JK000381,3427,1241,1455,172,99
1155,536,1123,Meshkat00042488,1802,144,839,425,74
1155,606,1073,Shamela0022371,281,1020,1467,352,93
1155,520,1013,Shia002356Vols,1312,176,645,370,92
1155,438,707,Shia002380Vols,834,1374,1608,156,68
1155,536,1057,JK001496,2465,912,1516,393,77
1155,536,1013,Shamela0008473,4929,961,1408,360,93
1155,498,1456,Shia002382Vols,2455,417,1435,500,51
1155,412,703,Tafsir05047,976,264,712,168,42
1155,606,1013,Shamela0023591,6665,0,405,327,99
1155,498,802,Shamela0023591,6673,1314,1573,205,84
1155,802,1013,Shamela0023591,6674,0,210,171,99
1155,498,844,JK009266,9201,1256,1558,240,86
1155,844,1029,JK009266,9202,0,179,143,95
1155,606,1057,JK009266,9208,163,614,359,97
1155,730,920,Zaydiyya0000063,221,1399,1589,155,100
1155,529,857,Shamela0021821,1934,1263,1566,239,88
1155,857,1394,Shamela0021821,1935,0,604,268,45
1155,606,1069,LAL2013020402,31,937,1328,255,59
1155,703,1003,Sham19Y0018106,933,611,905,230,95
1155,606,1013,JK000196,965,629,1036,329,100
1155,498,1013,JK009362,8866,554,1029,372,88
1155,730,869,Sham19Y0014601,2200,145,284,112,100
1155,606,980,JK001420,775,411,785,302,100
1155,738,877,Shamela0000107,2101,0,139,107,96
1155,652,1142,Zaydiyya0000274,750,0,493,334,75
1155,536,1069,JK006478,9278,105,746,399,76
1155,573,1013,Rafed0003943Vols,1601,453,893,335,94
1155,508,969,Shamela0007798,9179,1103,1522,330,88
1155,774,1013,Shamela0012293,3762,0,242,195,98
1155,786,1013,Shamela0012293,4663,155,384,185,99
1155,536,910,Tafsir06048,1254,51,537,269,68
1155,703,995,Sham19Y0013605,1466,395,694,226,93
1155,536,1057,Sham19Y0014404,1589,456,980,406,94
1155,536,1069,Meshkat00057178,3698,503,1121,404,81
1155,606,1008,Masaha000554Vols,6485,1101,1504,320,97
1155,869,1013,Masaha000554Vols,6488,964,1107,116,98
1155,550,1013,QuranAnalysis001,250,4,444,355,95
1155,606,1069,Shamela0009182,715,455,854,260,59
1155,606,1057,ShamAY0037387,99,882,1380,357,87
1155,550,1437,Rafed0001713Vols,2799,8,1422,508,40
1155,606,1013,JK000122,478,333,740,329,100
1155,606,769,Shamela0000432,5127,1382,1544,130,99
1155,520,719,Tafsir04042,2283,180,621,142,41
1155,678,890,Zaydiyya0000361,122,305,517,172,100
1155,498,1013,Shamela0000041,2667,970,1442,378,91
1155,498,990,Shamela0023578,3291,1124,1570,358,90
1156,1178,1444,Shamela0023632,3617,981,1291,174,69
1156,985,1186,ShamIbadiyya0000193,4519,146,444,145,63
1156,518,897,Shamela0095562,118,140,550,150,40
1156,1224,1548,JK009268,4492,58,440,246,76
1156,789,1191,Shamela0023628,3558,1041,1477,176,44
1156,1146,1354,Shamela0023628,3559,0,364,146,48
1156,1354,1513,Shamela0023628,3562,291,450,129,100
1156,789,1201,Tafsir09084,2546,961,1456,227,51
1156,831,1168,Shamela0000140,285,669,1172,174,40
1156,989,1168,JK009390,7322,887,1161,127,58
1156,989,1102,Sham19Y0001729,1168,1335,1458,84,84
1156,1288,1548,ShamAY0036821,1806,707,964,204,96
1156,1039,1168,Shamela0001466,3903,19,164,96,86
1156,1382,1548,Shamela0001466,3910,781,942,127,94
1156,1272,1548,JK000791,2409,105,382,224,99
1156,831,1191,Shamela0021766,4648,958,1455,185,46
1156,1137,1295,Shamela0021766,4649,0,503,98,23
1156,989,1186,Shamela0021751,6722,736,1040,134,56
1156,1001,1168,JK000232,662,108,425,124,49
1156,989,1168,Sham19Y0127677,5175,9,285,132,61
1156,1224,1444,Sham19Y0023608,4108,1213,1410,150,84
1156,989,1168,JK000485,1032,836,1112,132,61
1156,1272,1548,Shia002356Vols,1314,61,336,221,97
1156,989,1168,JK007043,696,618,888,133,63
1156,127,1310,Shia002380Vols,835,434,1077,320,30
1156,1370,1548,Shia002380Vols,836,26,674,142,27
1156,989,1168,JK000216,429,1062,1329,125,59
1156,1001,1444,Shamela0008473,4932,775,1401,314,59
1156,127,910,Shia002382Vols,2456,435,983,237,33
1156,1001,1164,ShamIbadiyya0000050,6008,1262,1470,92,47
1156,1224,1548,Shamela0023591,6679,121,435,235,90
1156,1295,1548,Shamela0023591,6680,1069,1323,205,99
1156,1224,1382,JK009266,9216,944,1141,118,73
1156,989,1444,Shamela0021821,1936,828,1461,256,43
1156,1295,1548,JK009362,8901,630,883,205,99
1156,989,1168,Shamela0021475,86,946,1222,133,61
1156,985,1168,JK009152,2374,720,1000,133,61
1156,1215,1548,Rafed0003943Vols,1602,794,1092,238,86
1156,0,127,JK000264,1082,475,602,101,100
1156,989,1168,JK008001,2394,109,385,132,61
1156,1168,1548,QuranAnalysis001,250,411,708,232,75
1156,989,1168,Shamela0001438,7414,619,895,132,61
1156,1168,1444,Rafed0001713Vols,2801,333,951,199,39
1156,989,1310,Shamela0000041,2670,428,800,204,60
1156,1382,1548,Shamela0023578,3300,74,241,134,99
1157,0,169,ShamAY0037152,305,784,953,131,100
1157,255,519,Shia001432Vols,2327,0,264,214,99
1157,0,197,Shia001432Vols,2524,20,203,127,79
1157,127,374,Shia001432Vols,8162,624,981,170,57
1157,0,141,Shamela0023632,3620,652,793,109,100
1157,212,519,Shamela0023632,3623,1241,1548,250,100
1157,19,152,Shamela0008353,124,109,242,102,100
1157,0,519,JK009268,4492,440,959,415,100
1157,0,172,Sham19Y0023618,1808,1345,1516,133,99
1157,32,322,Sham19Y0023618,1809,1069,1500,168,48
1157,322,519,Sham19Y0023618,1810,0,197,159,100
1157,212,504,Zaydiyya0000413Vols,1405,552,841,234,98
1157,0,141,Hindawi070427368,19,764,905,109,100
1157,32,197,Shamela0023628,3565,1265,1430,127,100
1157,197,494,Shamela0023628,3566,1175,1471,243,99
1157,0,212,Rafed0003257Vols,5296,1336,1548,165,100
1157,212,397,Rafed0003257Vols,5301,1430,1614,154,99
1157,397,527,Rafed0003257Vols,5302,0,129,97,93
1157,191,527,Zaydiyya0000044,195,538,860,259,94
1157,270,497,Tafsir09084,36,554,775,145,78
1157,212,497,Sham19Y0020891,4345,961,1224,205,87
1157,0,141,Sham19Y0020891,6578,725,866,109,100
1157,141,519,Sham19Y0020891,6587,590,968,306,100
1157,282,472,JK010001,481,920,1110,157,100
1157,212,472,JK010001,2415,175,435,214,100
1157,212,519,JK009270,5667,1136,1443,250,100
1157,141,309,JK000322,53,1184,1520,133,49
1157,212,497,Zaydiyya0000329,7,581,837,205,87
1157,0,141,Meshkat0014420,4719,484,625,109,100
1157,141,519,Meshkat0014420,4723,943,1321,306,100
1157,322,497,JK006476,1973,0,175,142,100
1157,0,245,GVDB20230116,51,1177,1520,184,66
1157,245,519,GVDB20230116,52,0,270,217,97
1157,0,519,ShamAY0036821,1806,964,1478,409,98
1157,212,472,Shamela0029677,1059,897,1157,214,100
1157,212,472,JK000343,581,327,587,214,100
1157,212,497,Shamela0001466,2202,275,542,210,89
1157,19,212,Shamela0001466,3914,488,675,141,93
1157,6,212,Sham19Y0147312,2013,1075,1281,160,100
1157,212,519,Sham19Y0147312,2015,530,837,250,100
1157,197,542,Shamela0004445,65,130,444,255,90
1157,699,871,Shamela0004445,1034,973,1211,131,68
1157,0,185,Sham19Y0014592,2097,1230,1415,143,100
1157,328,534,Sham19Y0013550,499,0,198,160,96
1157,19,534,Sham19Y0013550,583,769,1515,371,61
1157,212,534,Sham19Y0013550,584,13,327,256,97
1157,212,436,JK000087,10,583,807,186,100
1157,0,519,JK000791,2409,382,901,415,100
1157,212,519,Shamela0000922,1282,216,523,250,100
1157,212,519,JK007018,851,915,1223,248,99
1157,191,472,Noorlib0031306,49,550,833,228,97
1157,13,197,Shia003744Vols,521,792,1064,136,65
1157,212,497,ShamAY0038316,80,681,966,233,100
1157,0,162,JK009396,1699,1386,1547,126,99
1157,212,519,JK009396,1704,941,1248,250,100
1157,0,141,Sham19Y0023608,4044,549,690,109,100
1157,0,212,Sham19Y0023608,4111,1076,1288,165,100
1157,212,458,Sham19Y0023608,4116,1302,1547,203,99
1157,212,497,JK000381,888,584,869,233,100
1157,0,141,JK000381,3867,852,991,109,98
1157,0,141,JK000381,3919,1238,1379,109,100
1157,19,169,JK000381,4046,501,651,115,100
1157,0,141,JK000381,5198,1318,1459,109,100
1157,60,152,Meshkat00042488,1806,939,1377,71,21
1157,212,519,Meshkat00042488,1807,879,1187,250,99
1157,0,152,Shamela0004473,4827,151,303,118,100
1157,13,212,Shamela0009086,212,693,1243,72,15
1157,0,212,Shia002356Vols,1314,336,548,165,100
1157,203,519,Shia002356Vols,1317,245,564,251,95
1157,0,152,JK007021,90,1313,1464,118,99
1157,0,141,JK001496,2470,711,854,109,98
1157,141,534,JK001496,2473,922,1311,312,97
1157,212,416,Shamela0008473,240,1378,1581,170,99
1157,19,416,Shamela0008473,1825,934,1599,273,50
1157,0,152,Shamela0008473,4860,643,810,118,91
1157,0,212,Shamela0008473,4937,135,347,165,100
1157,212,494,Shamela0008473,4941,1232,1513,231,99
1157,131,519,Shia002382Vols,2460,584,988,305,92
1157,141,534,JK009265,363,193,579,312,97
1157,282,472,Tafsir07055,513,561,751,157,100
1157,212,472,Tafsir07055,2500,607,867,214,100
1157,6,141,Masaha002028Vols,421,716,961,104,55
1157,0,519,Shamela0023591,6679,435,954,415,100
1157,0,238,Shamela0023591,6680,1323,1560,186,99
1157,238,436,Shamela0023591,6681,0,198,165,100
1157,135,534,JK000371,390,48,439,315,97
1157,19,152,JK000371,424,794,927,102,100
1157,0,212,JK009266,9230,959,1171,165,100
1157,203,519,JK009266,9243,336,662,257,96
1157,6,141,Shamela0010283,3222,98,262,104,82
1157,0,212,Shamela0021821,1938,823,1035,165,100
1157,212,519,Shamela0021821,1941,199,506,250,100
1157,0,519,JK009362,8901,883,1412,415,98
1157,0,519,JK009257,993,57,906,365,53
1157,212,534,JK006478,9301,85,403,256,97
1157,212,519,ShamAY0037056,5,1039,1346,250,100
1157,0,212,Rafed0003943Vols,1602,1092,1304,165,100
1157,212,519,Rafed0003943Vols,1603,1087,1395,250,99
1157,0,185,EShia0086596,52,455,640,143,100
1157,100,534,Shamela0007798,9201,554,1076,328,73
1157,1159,1483,Tafsir01006,1512,710,1307,142,31
1157,212,497,Tafsir06048,1258,741,1224,230,58
1157,197,436,Sham19Y0018567,464,432,671,198,100
1157,212,436,Sham19Y0096629,69,779,1003,186,100
1157,212,519,Sham19Y0014404,1593,452,759,250,100
1157,212,501,Meshkat00057178,3710,1272,1560,236,99
1157,0,519,QuranAnalysis001,250,708,1227,415,100
1157,212,519,Zaydiyya0000474,763,1185,1491,247,99
1157,212,436,Rafed0001713Vols,1801,843,1068,186,99
1157,0,212,Rafed0001713Vols,2804,736,948,165,100
1157,203,519,Rafed0001713Vols,2808,961,1285,255,96
1157,212,397,JK000122,1055,1361,1545,154,99
1157,397,519,JK000122,1056,0,122,96,100
1157,276,519,JK000122,1316,0,243,198,100
1157,212,519,JK000122,1335,856,1163,250,100
1157,141,309,AOCP20251117005,77,1264,1429,133,95
1157,0,141,JK001414,279,33,174,109,100
1157,32,152,Shamela0000041,2675,460,580,92,100
1157,212,519,Shamela0000041,2676,1226,1533,250,100
1157,0,545,Shamela0023578,3300,241,783,421,96
1157,212,497,Shamela0023578,3304,717,1266,225,50
1157,169,519,Noorlib0010584,126,846,1375,279,65
1157,212,519,Noorlib0010584,127,334,642,250,99
1158,909,1400,Shia001432Vols,2620,166,863,229,37
1158,12,294,Meshkat00042485,6867,439,841,142,44
1158,927,1400,Meshkat00042485,6871,403,1132,220,34
1158,340,1069,Tafsir02104,628,162,671,164,25
1158,658,1482,Shia002382Vols,1855,92,677,287,40
1158,658,1482,Shia002382Vols,2458,131,933,285,32
1158,70,1124,Tafsir01006,1513,9,1530,365,25
1158,6,1144,Sham19Y0014404,1591,499,1548,286,23
1158,109,472,Rafed0001713Vols,2804,43,423,124,35
1158,493,631,Rafed0001713Vols,2805,662,1239,83,18
1158,1284,1482,Rafed0001713Vols,2807,248,528,112,45
1159,20,285,Shamela0095562,121,216,537,90,31
1159,902,1469,Tafsir09084,2553,113,661,303,56
1159,1156,1294,Sham19Y0023608,4117,993,1493,95,23
1159,579,811,Meshkat00042488,1807,404,855,112,30
1159,6,880,Shia002380Vols,837,557,1176,213,26
1159,920,1469,Shamela0008473,4942,449,1084,291,46
1159,6,310,Shia002382Vols,1855,685,925,123,52
1159,6,310,Shia002382Vols,2458,941,1181,123,52
1159,933,1134,Masaha002028Vols,489,1271,1520,141,70
1159,113,270,Sham19Y0014404,1592,992,1164,74,42
1159,23,647,Rafed0001713Vols,2807,642,1475,186,21
1159,920,1105,Tafsir07057,5259,413,610,139,84
1160,561,1107,Shia001432Vols,2327,186,580,313,71
1160,731,1310,Shia001432Vols,2524,147,517,266,56
1160,818,978,Shamela0023632,3624,0,160,128,100
1160,978,1314,Shamela0023632,3627,859,1195,267,99
1160,1204,1310,Rafed0000040Vols,175,1304,1410,84,100
1160,561,1310,JK009268,4492,881,1477,474,79
1160,561,851,Sham19Y0023618,1810,119,256,108,47
1160,851,962,Sham19Y0023618,1811,943,1054,89,100
1160,1133,1310,Sham19Y0023618,1812,1265,1442,140,100
1160,803,962,Shamela0023628,3569,770,929,128,100
1160,1164,1310,Shamela0023628,3572,7,153,115,100
1160,894,1310,Rafed0003257Vols,5305,998,1414,333,100
1160,953,1283,Kraken220610012301,173,151,496,239,85
1160,1107,1310,Tafsir09084,2555,513,1225,150,26
1160,383,584,Sham19Y0020891,6591,1038,1340,113,47
1160,894,1107,Sham19Y0020891,6594,1007,1220,172,100
1160,1098,1310,Sham19Y0020891,6597,931,1143,165,98
1160,792,965,JK009270,5671,473,648,139,98
1160,1151,1310,JK009270,5677,417,576,125,100
1160,792,1107,Meshkat0014420,4727,572,887,254,100
1160,1074,1310,Meshkat0014420,4730,928,1181,174,86
1160,561,851,ShamAY0036821,1806,1400,1535,107,46
1160,36,587,Sham19Y0132973,765,1184,1560,164,31
1160,36,818,Tafsir02104,630,0,689,214,26
1160,796,1085,Shamela0001466,3921,1105,1388,224,97
1160,1081,1314,Shamela0001466,3924,541,766,173,94
1160,894,1107,Sham19Y0147312,2017,671,884,172,100
1160,1198,1310,Sham19Y0147312,2018,0,112,89,100
1160,894,1139,Sham19Y0014592,2118,1313,1557,198,99
1160,561,894,JK000791,2409,823,1003,141,53
1160,885,1310,JK000791,2417,31,454,336,99
1160,99,610,JK009313,849,64,338,153,36
1160,1107,1250,ShamAY0036012,84,375,518,113,100
1160,933,1310,JK007018,852,844,1270,296,87
1160,1164,1310,Shia003744Vols,522,1164,1458,115,49
1160,561,926,JK009396,1704,1170,1366,147,51
1160,863,1310,JK009396,1706,243,743,346,87
1160,578,894,Sham19Y0023608,4117,0,163,128,51
1160,894,1310,Sham19Y0023608,4119,977,1393,333,100
1160,916,1111,Meshkat00042488,1809,453,976,157,37
1160,1164,1310,Meshkat00042488,1810,677,1085,115,35
1160,894,1107,Shamela0021537,3976,339,552,172,100
1160,561,1310,Shia002356Vols,1317,486,1079,470,78
1160,36,933,Shia002380Vols,838,0,818,344,36
1160,383,496,JK001496,2475,1462,1617,50,42
1160,894,1107,JK001496,2477,679,892,172,100
1160,1098,1310,JK001496,2478,1191,1406,165,96
1160,748,1111,Shamela0008473,4946,969,1493,283,66
1160,1111,1310,Shamela0008473,4947,0,199,158,100
1160,249,818,Shia002382Vols,1858,5,432,168,28
1160,36,933,Shia002382Vols,2461,641,1253,342,44
1160,1204,1310,Shia002382Vols,2463,775,890,84,92
1160,561,1133,JK009265,363,494,835,254,55
1160,383,592,ShamIbadiyya0000050,6023,805,1093,131,57
1160,561,1310,Shamela0023591,6679,876,1472,474,79
1160,383,606,Shamela0023591,6692,1442,1608,88,46
1160,748,1310,Shamela0023591,6693,11,551,431,95
1160,863,1107,JK009266,9252,504,768,196,92
1160,1155,1310,JK009266,9256,0,155,122,100
1160,894,1107,Zaydiyya0000076BK16,100,281,494,172,100
1160,561,926,Shamela0021821,1941,428,636,149,52
1160,851,1107,Shamela0021821,1942,724,1067,202,73
1160,1074,1310,Shamela0021821,1944,4,290,186,81
1160,561,984,JK009362,8901,1334,1602,212,63
1160,984,1310,JK009362,8902,0,326,261,100
1160,916,1133,Shia001174Vols,2187,1094,1311,176,100
1160,1107,1310,Rafed0002565Vols,90,268,764,161,40
1160,879,1164,JK001420,777,0,375,128,39
1160,894,1098,Zaydiyya0000074,4,280,485,164,99
1160,99,1081,Tafsir08060,537,6,914,348,34
1160,1107,1242,ShamAY0037056,6,329,464,107,100
1160,561,965,Rafed0003943Vols,1603,1317,1567,198,61
1160,965,1310,Rafed0003943Vols,1604,0,345,276,100
1160,67,610,Tafsir01006,1516,17,512,196,35
1160,1164,1310,Sham19Y0014404,1595,1114,1478,115,40
1160,561,978,Meshkat00057178,3713,262,405,110,33
1160,1204,1314,Meshkat00057178,3715,57,167,87,100
1160,561,1092,QuranAnalysis001,250,1149,1526,300,70
1160,1092,1310,QuranAnalysis001,251,0,218,174,100
1160,383,565,Tafsir08090,1655,1333,1546,81,36
1160,561,894,Rafed0001713Vols,2808,1207,1387,141,53
1160,285,592,Rafed0001713Vols,2810,88,507,162,48
1160,885,1221,Rafed0001713Vols,2811,1194,1528,264,97
1160,561,825,Shamela0000041,2676,1455,1565,87,41
1160,36,617,Shamela0000041,2677,238,666,192,37
1160,1158,1310,Shamela0000041,2680,376,826,120,33
1160,36,617,Shamela0023578,3304,939,1266,166,33
1160,748,1360,Shamela0023578,3305,410,1032,454,87
1161,935,1465,Tafsir09084,2555,220,997,242,35
1161,194,804,Meshkat00042485,6886,1010,1573,240,41
1161,469,1234,Shamela0022769,1678,312,1232,286,34
1161,383,1066,Sham19Y0023608,4120,272,1404,265,28
1161,121,1097,JK000818,704,390,1394,253,24
1161,580,948,Meshkat00042488,1809,597,1328,169,28
1161,607,1194,Shamela0008473,4947,294,1203,285,35
1161,22,188,ShamIbadiyya0000050,6025,855,1366,113,26
1161,724,1274,Tafsir05047,981,6,697,262,46
1161,74,509,Tafsir01006,1516,1088,1563,229,53
1161,74,377,Rafed0001713Vols,2811,555,1078,167,37
1162,372,491,JK000330,930,1544,1662,97,99
1162,491,991,JK000330,931,0,302,221,54
1162,503,706,Shia001432Vols,1833,494,696,162,98
1162,303,706,Shamela0023632,3630,974,1365,302,92
1162,706,991,Shamela0023632,3635,110,395,230,100
1162,991,1321,Shamela0095562,125,772,1294,112,21
1162,272,994,JK009268,4510,366,1155,549,81
1162,105,569,Sham19Y0023618,1813,889,1395,255,55
1162,569,795,Sham19Y0023618,1815,706,1192,182,46
1162,349,663,AOCP20251104125,107,641,959,239,93
1162,503,666,Shamela0023628,3576,286,452,129,95
1162,663,830,Shamela0023628,3577,494,661,135,100
1162,799,1026,Shamela0023628,3579,508,822,148,59
1162,349,706,Rafed0003257Vols,5311,907,1272,290,97
1162,358,525,Kraken220610012301,172,834,1003,127,92
1162,303,525,Sham19Y0020891,6600,672,888,167,89
1162,508,706,Sham19Y0020891,6607,184,415,161,85
1162,706,902,Sham19Y0020891,6609,946,1142,158,100
1162,372,540,JK009270,5680,1002,1170,137,100
1162,880,994,JK009270,5694,920,1035,91,99
1162,308,545,Meshkat0014420,4734,115,363,158,76
1162,508,706,Meshkat0014420,4737,1033,1247,161,92
1162,372,706,Shamela0003259,177,730,1310,211,41
1162,551,902,Tafsir02104,632,164,886,268,45
1162,598,795,Sham19Y0147312,2021,565,762,158,100
1162,808,994,Shamela0022769,1681,361,880,137,32
1162,525,663,Shamela0006947,13661,1406,1544,112,100
1162,569,923,Sham19Y0014255,132,592,1098,115,22
1162,105,706,JK000791,2419,732,1365,342,58
1162,112,569,JK009396,1707,1090,1543,245,56
1162,569,706,JK009396,1708,0,137,111,100
1162,706,906,JK009396,1711,927,1126,160,99
1162,380,706,Sham19Y0023608,4123,0,327,265,99
1162,706,902,Sham19Y0023608,4127,670,866,158,100
1162,372,525,Sham19Y0016953Vols,1478,605,983,125,40
1162,491,880,Rafed0003726Vols,1591,875,1082,89,27
1162,122,666,Shia002356Vols,1320,831,1522,318,49
1162,666,830,Shia002356Vols,1321,0,170,128,92
1162,802,994,Shia002356Vols,1323,837,1039,142,84
1162,372,950,JK000235,136,816,982,107,22
1162,1261,1546,Shia002380Vols,839,962,1254,99,29
1162,303,525,JK001496,2480,648,874,161,87
1162,508,706,JK001496,2482,1171,1399,161,86
1162,706,902,JK001496,2484,71,270,158,98
1162,247,698,Shamela0008473,4948,1076,1512,306,79
1162,706,906,Shamela0008473,4952,696,896,159,99
1162,525,706,JK009265,180,1036,1218,147,99
1162,349,994,Shamela0023591,6700,0,647,522,99
1162,372,994,Shamela0023591,6701,606,1230,503,99
1162,303,525,JK009266,9259,1101,1403,173,70
1162,457,706,JK009266,9267,1157,1497,176,64
1162,349,706,Shamela0021821,1945,573,930,291,100
1162,706,902,Shamela0021821,1947,322,520,158,98
1162,372,994,Tafsir07053,259,0,617,491,96
1162,475,902,Tafsir07053,261,73,731,273,44
1162,372,678,Tafsir07053,262,1293,1598,249,99
1162,517,915,Tafsir07053,268,1442,1672,132,39
1162,372,994,JK009362,8939,2,627,503,99
1162,862,991,JK009257,997,254,546,104,44
1162,706,923,ShamAY0037056,7,708,925,175,100
1162,260,525,Rafed0003943Vols,1605,1251,1466,170,76
1162,525,835,Rafed0003943Vols,1606,1020,1331,248,98
1162,830,994,Rafed0003943Vols,1607,1054,1219,132,99
1162,431,617,Shamela0007798,9222,1207,1472,140,65
1162,253,994,QuranAnalysis001,251,191,852,531,87
1162,122,706,Rafed0001713Vols,2815,0,876,377,50
1162,789,994,Rafed0001713Vols,2820,509,768,153,70
1162,663,816,Tafsir04056,1587,669,822,123,100
1162,540,663,Shamela0000041,2683,471,594,100,100
1162,830,950,Shamela0000041,2686,128,248,96,100
1162,349,666,Shamela0023578,3311,805,1149,255,91
1162,663,974,Shamela0023578,3316,667,969,238,95
1163,983,1343,Shia001432Vols,2621,797,1066,152,47
1163,983,1343,Shia001432Vols,5993,1174,1440,136,43
1163,1177,1343,Shamela0095562,127,456,625,96,68
1163,678,871,Meshkat00042485,6899,487,689,106,64
1163,795,1290,Meshkat00042485,6900,949,1385,177,36
1163,983,1290,Shamela0021766,4669,1219,1565,141,43
1163,623,1343,ShamIbadiyya0000075,959,514,1495,297,32
1163,0,332,Shia002380Vols,839,1254,1512,143,50
1163,425,836,Shia002380Vols,840,255,766,189,43
1163,678,836,Shia002382Vols,1861,357,503,86,68
1163,0,335,Shia002382Vols,2464,1126,1485,143,39
1163,506,836,Shia002382Vols,2465,540,995,137,36
1163,983,1398,Shia002382Vols,2466,91,741,196,35
1163,983,1233,ShamIbadiyya0000050,6037,187,432,91,34
1163,537,1343,Tafsir01006,1519,686,1434,322,42
1163,983,1343,Rafed0001713Vols,2819,624,1100,154,32
1163,738,848,Tafsir07057,5273,889,1155,77,36
1164,1051,1371,JK009268,4510,1117,1372,202,79
1164,1364,1512,JK009268,4521,384,672,85,35
1164,1203,1371,Sham19Y0023618,1818,831,999,133,100
1164,1078,1518,Shamela0023628,3583,376,854,250,60
1164,1051,1371,Rafed0003257Vols,5320,922,1177,202,79
1164,1181,1390,JK009270,5697,1028,1235,157,95
1164,1150,1371,Shamela0010517,1832,1040,1261,174,100
1164,1051,1420,JK000791,2424,627,925,211,73
1164,1051,1375,JK009396,1712,1286,1545,204,79
1164,1051,1371,Sham19Y0023608,4130,55,310,202,79
1164,1051,1371,Shia002356Vols,1323,1001,1258,200,78
1164,951,1371,Shia002380Vols,841,891,1438,240,50
1164,825,1234,JK001496,2486,267,705,186,46
1164,1051,1371,Shamela0008473,4956,389,644,202,79
1164,1051,1371,Shamela0023591,6700,609,864,202,79
1164,1051,1371,Shamela0023591,6701,1192,1447,202,79
1164,1184,1371,Shamela0021821,1950,0,227,146,81
1164,1051,1371,Tafsir07053,259,579,831,198,78
1164,1051,1371,JK009362,8939,589,845,202,79
1164,1051,1371,Rafed0003943Vols,1607,1181,1436,202,79
1164,1051,1420,QuranAnalysis001,251,814,1099,209,69
1164,1051,1371,Rafed0001713Vols,2820,730,985,202,79
1164,1051,1371,Shamela0023578,3320,970,1225,202,79
1165,1190,1382,Shamela0009693,196,662,817,126,79
1165,689,1122,Shia001432Vols,2175,1390,1622,175,48
1165,1122,1447,Shia001432Vols,2176,0,325,263,98
1165,814,1016,Shia001432Vols,7062,1104,1306,165,100
1165,689,1016,Shia001432Vols,21683,720,1047,268,100
1165,822,1219,Shia001432Vols,30301,387,794,296,86
1165,793,1254,Shia001432Vols,30397,1076,1513,249,58
1165,418,772,Shamela0023632,3640,1219,1547,256,88
1165,772,1070,Shamela0023632,3643,875,1173,244,100
1165,1070,1334,Shamela0023632,3645,1047,1312,219,99
1165,814,1016,Shia000812Vols,629,1326,1529,165,99
1165,127,518,Shamela0095562,129,403,890,221,49
1165,248,959,JK009268,4522,848,1614,483,74
1165,959,1444,JK009268,4523,0,485,399,100
1165,609,772,JK000903,5,1015,1178,135,100
1165,418,732,Sham19Y0023618,1819,453,735,223,86
1165,858,1298,Sham19Y0023618,1821,951,1392,362,99
1165,1298,1444,Sham19Y0023618,1823,49,195,118,100
1165,858,1183,Shamela0023628,3590,43,403,266,90
1165,1183,1406,Shamela0023628,3591,567,790,184,100
1165,785,1070,Shia003710,87,168,807,233,44
1165,423,772,Rafed0003257Vols,5326,123,456,254,87
1165,772,1122,Rafed0003257Vols,5329,1411,1760,288,99
1165,1122,1444,Rafed0003257Vols,5330,0,323,264,99
1165,981,1455,Zaydiyya0000288,176,0,241,103,22
1165,689,1242,JK000098,705,211,521,118,20
1165,689,944,Sham19Y0020891,6626,368,623,209,100
1165,951,1444,Sham19Y0020891,6630,0,492,404,99
1165,1016,1298,Tafsir09068,1216,405,1211,166,24
1165,1110,1242,JK010001,890,1172,1305,109,99
1165,689,1267,JK010001,3198,826,1047,138,27
1165,499,732,JK010001,3695,607,840,191,100
1165,648,908,JK009270,5710,229,489,215,100
1165,908,1224,JK009270,5713,919,1236,257,98
1165,1219,1455,JK009270,5717,215,449,186,96
1165,689,908,Zaydiyya0000161,85,547,766,180,100
1165,476,772,Meshkat0014420,4751,587,894,243,96
1165,689,944,Meshkat0014420,4755,1076,1323,160,78
1165,944,1242,Meshkat0014420,4760,459,757,246,100
1165,1242,1444,Meshkat0014420,4763,282,484,165,100
1165,814,1016,Shia001171,176,596,799,163,98
1165,689,1242,JK000083,149,1011,1536,122,16
1165,689,1242,JK000083,154,888,1040,117,25
1165,689,858,Masaha002473,172,1263,1432,140,100
1165,772,1070,Shamela0001466,3949,770,1053,230,93
1165,765,944,Sham19Y0147312,2029,1305,1499,147,91
1165,1090,1242,Sham19Y0147312,2032,83,253,124,88
1165,1242,1444,Sham19Y0147312,2033,903,1105,165,100
1165,689,1382,Sham19Y0014592,654,1231,1597,195,29
1165,772,944,Sham19Y0014592,673,37,209,141,100
1165,737,1463,Shia002550Vols,345,0,720,587,98
1165,689,1444,Masaha000221,152,660,1419,617,98
1165,814,1176,Shamela0022720,18,1246,1608,297,99
1165,476,648,JK000791,2426,835,1007,140,100
1165,627,1444,JK000791,2427,449,1306,672,95
1165,814,1016,Shia001384,63,800,1002,164,99
1165,1016,1183,Shamela0000922,1287,630,1571,138,17
1165,689,976,Shia001353,286,839,1432,212,43
1165,1083,1474,JK007018,860,0,418,305,88
1165,689,930,Shia003744Vols,525,1268,1508,197,99
1165,930,1444,Shia003744Vols,526,0,516,423,99
1165,682,908,Shia004092Vols,6862,200,426,180,97
1165,814,1016,Shia004092Vols,8884,380,582,165,100
1165,648,1016,JK009396,1717,187,555,303,100
1165,1016,1455,JK009396,1719,1126,1570,352,96
1165,737,1016,Sham19Y0023608,4136,0,279,229,100
1165,1016,1444,Sham19Y0023608,4139,499,928,352,99
1165,988,1406,Shia002333,128,1069,1381,135,32
1165,609,1016,JK000381,3417,126,533,335,100
1165,589,772,Meshkat00042488,1815,725,1361,148,28
1165,944,1128,Meshkat00042488,1817,62,938,133,18
1165,1183,1444,Meshkat00042488,1818,587,1263,212,38
1165,988,1248,Shamela0023788,336,1378,1638,215,99
1165,1248,1406,Shamela0023788,337,0,137,107,82
1165,814,1016,Shia003636Vols,1256,891,1093,165,100
1165,772,944,ShamAY0000055,154,1272,1444,141,100
1165,814,1110,Masaha002310,34,250,606,215,68
1165,814,1062,Shamela0004473,10737,1419,1666,202,99
1165,0,742,Shia002356Vols,1325,209,1528,410,37
1165,742,1110,Shia002356Vols,1326,0,368,300,98
1165,1090,1444,Shia002356Vols,1329,244,599,276,94
1165,1110,1298,Shamela0001419,545,504,655,108,69
1165,627,944,JK001496,2488,700,1318,261,51
1165,936,1463,JK001496,2490,888,1418,424,95
1165,689,863,AOCP20251104085,1,1614,1786,143,98
1165,814,1016,Shamela0008473,3404,360,562,165,100
1165,476,648,Shamela0008473,4960,1195,1367,140,100
1165,648,1016,Shamela0008473,4962,769,1138,303,99
1165,1053,1493,Shamela0008473,4966,0,430,324,89
1165,15,609,Shia002382Vols,2468,230,1283,292,30
1165,793,1278,Masaha001072,161,948,1400,259,58
1165,689,1183,JK009265,472,1278,1458,129,32
1165,1110,1242,Tafsir07055,945,1155,1288,109,99
1165,689,1267,Tafsir07055,3286,1333,1552,139,27
1165,1110,1298,Tafsir07055,3558,79,394,112,43
1165,499,732,Tafsir07055,3802,156,390,191,99
1165,682,908,Rafed0002654Vols,6547,1274,1500,182,98
1165,814,1016,Rafed0002654Vols,8592,410,612,165,100
1165,689,908,Rafed0000609Vols,35,430,649,180,100
1165,418,732,Shamela0023591,6714,1331,1612,223,86
1165,732,1444,Shamela0023591,6715,0,713,585,99
1165,499,1070,Shamela0023591,6716,1067,1637,468,99
1165,1110,1363,Shamela0023591,6722,1297,1550,209,99
1165,648,1455,JK009266,9300,472,1280,657,98
1165,476,648,Shamela0021821,1951,685,857,140,100
1165,648,1016,Shamela0021821,1952,414,783,303,99
1165,944,1242,Shamela0021821,1954,831,1247,246,71
1165,1234,1463,Shamela0021821,1955,1160,1378,179,95
1165,476,1444,Tafsir07053,273,401,1359,775,97
1165,648,1444,Tafsir07053,275,115,1327,654,65
1165,1242,1406,Tafsir07053,282,934,1338,135,40
1165,1110,1242,Tafsir07053,282,256,389,109,99
1165,689,1070,Shia002371,74,275,1139,312,44
1165,814,1016,Masaha001842Vols,85,115,317,165,100
1165,814,1016,Masaha001842Vols,188,71,273,165,100
1165,446,674,JK009362,8968,1334,1523,153,82
1165,674,1444,JK009362,8969,0,779,632,98
1165,814,1242,Shamela0010463,557,354,782,352,100
1165,814,1016,Shia001174Vols,321,591,792,164,99
1165,689,1242,Shamela0009292,110,852,1007,118,26
1165,609,1016,Shamela0021499,14,791,1198,335,100
1165,1110,1406,JK000065,212,1049,1189,104,43
1165,772,1455,Shia004007,67,58,680,500,88
1165,814,1023,Shia004038,285,1120,1332,165,95
1165,609,772,Shamela0022653,116,217,380,135,100
1165,772,1016,Zaydiyya0000274,758,498,742,200,100
1165,1242,1413,JK009257,1000,993,1527,139,31
1165,858,1334,Tafsir08060,540,454,1418,386,48
1165,689,1303,Rafed0003943Vols,1610,1005,1619,506,99
1165,1298,1447,ShamAY0036039,112,916,1065,118,98
1165,1070,1328,Shamela0012293,4907,1340,1596,213,99
1165,1016,1406,Shamela0012293,4908,291,436,107,33
1165,814,1016,Sham19Y0018567,1361,103,372,163,74
1165,981,1183,Sham19Y0014404,1603,45,697,162,30
1165,772,944,Rafed0003799Vols,2197,886,1057,141,99
1165,988,1328,Masaha000554Vols,6552,1267,1612,268,93
1165,190,988,QuranAnalysis001,251,962,1568,486,74
1165,988,1444,QuranAnalysis001,252,0,456,375,100
1165,1023,1242,SyriacStudies00001,10,0,218,180,99
1165,609,908,Shamela0006886,5,21,321,246,99
1165,714,1016,Zaydiyya0000474,188,0,302,248,100
1165,883,1070,Shia001367,55,0,153,112,72
1165,793,1278,Shia001367,103,329,784,247,58
1165,648,829,Rafed0001713Vols,2827,1462,1642,151,99
1165,829,1447,Rafed0001713Vols,2828,0,616,504,99
1165,858,1242,Shamela0095735,769,0,384,315,100
1165,1260,1437,Kraken220218125253,98,708,889,141,95
1165,689,1016,Tafsir04056,399,16,257,183,68
1165,1016,1162,Tafsir04056,7318,1055,1611,117,25
1165,682,858,Shamela0000041,2690,88,279,146,92
1165,858,1016,Shamela0000041,2691,1128,1286,128,100
1165,944,1242,Shamela0000041,2692,309,757,245,66
1165,1234,1406,Shamela0000041,2693,746,929,142,93
1165,374,772,Shamela0023578,3324,325,1020,290,50
1165,772,1070,Shamela0023578,3327,426,724,244,100
1165,689,1070,Shamela0023578,3333,585,1437,312,44
1165,1070,1444,Shamela0023578,3334,461,836,308,99
1166,539,1337,Shamela0095562,130,708,1554,264,31
1166,603,763,JK009268,4527,76,257,87,54
1166,603,763,Sham19Y0020891,6626,1352,1524,93,56
1166,1246,1427,Shamela0000140,1078,21,194,127,80
1166,229,578,JK000818,708,87,565,148,32
1166,603,965,Shia002356Vols,1327,1001,1310,144,38
1166,200,1171,Shia002380Vols,842,254,1004,286,31
1166,603,1055,JK001496,2489,46,564,160,32
1166,603,952,JK000458,3400,289,742,151,36
1166,539,1240,Shia000181,377,319,1042,238,29
1166,661,884,Shamela0010273,3496,1287,1581,93,32
1166,308,829,Tafsir01006,1522,589,1588,241,29
1166,564,901,Rafed0001713Vols,2828,1063,1623,149,31
1167,96,640,Shamela0000140,1078,194,804,406,77
1167,742,1466,ShamIbadiyya0000075,963,883,1583,236,29
1167,1052,1466,Tafsir01006,1524,1061,1360,157,39
1168,961,1242,Shia001432Vols,2524,666,894,178,77
1168,961,1098,Shia001432Vols,5239,684,822,110,99
1168,898,1098,Shamela0023632,3648,351,526,140,87
1168,1098,1346,Shamela0023632,3650,197,444,200,99
1168,898,1346,JK009268,4523,447,870,341,94
1168,961,1098,Sham19Y0023618,1823,1081,1218,110,100
1168,736,1150,Shamela0023628,3592,1206,1548,231,67
1168,1171,1346,Shamela0023628,3594,927,1184,138,67
1168,961,1346,Rafed0003257Vols,5335,318,702,310,99
1168,869,1098,Sham19Y0020891,6638,1244,1542,148,59
1168,961,1146,JK009270,5720,520,705,150,100
1168,1146,1346,JK009270,5724,705,905,161,100
1168,898,1098,Meshkat0014420,4763,446,621,140,87
1168,1098,1346,Meshkat0014420,4767,1304,1552,201,100
1168,961,1202,Sham19Y0147312,2035,1190,1431,197,100
1168,1171,1346,Sham19Y0147312,2036,1173,1458,140,61
1168,898,1294,JK000791,2427,1268,1638,299,93
1168,961,1346,JK007018,861,362,771,310,93
1168,961,1158,JK009396,1721,1468,1664,160,99
1168,1158,1350,JK009396,1722,0,192,152,98
1168,961,1392,Sham19Y0023608,4143,1110,1565,340,92
1168,961,1098,Sham19Y0016953Vols,1154,251,388,110,100
1168,961,1101,JK000381,6927,1027,1168,112,99
1168,961,1098,Shamela0004473,6332,518,655,110,100
1168,961,1392,Shia002356Vols,1331,129,609,333,83
1168,700,1260,Shia002380Vols,844,765,1620,318,38
1168,939,1510,Shamela0008473,4970,0,637,354,59
1168,975,1273,Shia002382Vols,1869,4,780,225,35
1168,898,1098,Shia002382Vols,2474,660,1206,147,32
1168,898,1346,Shamela0023591,6715,675,1097,340,94
1168,898,1350,Shamela0023591,6723,43,469,341,93
1168,961,1098,JK009266,9331,302,439,110,100
1168,1098,1282,JK009266,9334,1344,1527,149,99
1168,742,1202,Shamela0021821,1956,820,1433,274,47
1168,1171,1354,Shamela0021821,1957,699,943,143,73
1168,898,1257,Tafsir07053,273,1321,1653,267,91
1168,961,1098,Tafsir07053,275,1569,1706,110,100
1168,1098,1346,Tafsir07053,276,257,505,201,100
1168,961,1098,Tafsir07053,283,528,665,110,100
1168,898,1346,JK009362,8969,740,1167,340,93
1168,1042,1346,JK001110,99,0,304,246,100
1168,961,1346,JK009257,1002,414,1064,307,58
1168,898,1346,Rafed0003943Vols,1612,352,774,340,94
1168,994,1195,Sham19Y0014404,1605,280,1001,151,25
1168,898,1346,QuranAnalysis001,252,418,841,341,94
1168,898,1456,Rafed0001713Vols,2838,122,876,411,67
1168,961,1101,JK006950,1230,688,829,112,99
1168,961,1150,JK000090,29,777,966,151,98
1168,742,1036,Shamela0000041,2694,900,1086,130,55
1168,1009,1346,Shamela0023578,3339,37,452,270,80
1168,1009,1278,JK000876,1632,112,983,200,28
1169,1436,1643,Shia001432Vols,1833,767,975,127,75
1169,1261,1569,Shamela0023632,3651,1100,1396,229,90
1169,993,1345,Shamela0095562,134,964,1323,144,34
1169,1173,1660,JK009268,4537,1072,1642,341,67
1169,1418,1569,Sham19Y0023618,1826,1088,1239,123,100
1169,1139,1418,Shamela0023628,3595,295,688,149,40
1169,1390,1660,Shamela0023628,3596,608,879,222,99
1169,1307,1569,Rafed0003257Vols,5340,814,1083,217,97
1169,1345,1660,Tafsir09083,1738,480,819,124,34
1169,1503,1660,Tafsir09084,2571,710,1287,128,27
1169,1418,1569,Sham19Y0020891,6648,600,751,123,100
1169,1487,1614,Tafsir09068,1219,1214,1645,99,28
1169,1436,1643,JK009270,5729,1297,1504,170,100
1169,1436,1569,Meshkat0014420,4773,79,212,108,100
1169,1436,1586,ShamAY0036821,1816,1145,1295,122,100
1169,1418,1550,Sham19Y0147312,2038,792,924,107,100
1169,1307,1660,JK000791,2435,1003,1357,293,99
1169,1307,1569,JK009396,1723,299,590,215,89
1169,1261,1569,Sham19Y0023608,4147,493,782,229,90
1169,1405,1550,Meshkat00042488,1821,438,1128,116,20
1169,1261,1660,Shia002356Vols,1332,447,963,309,71
1169,993,1418,Shia002380Vols,845,101,395,187,49
1169,1418,1569,JK001496,2498,836,989,123,98
1169,1307,1569,Shamela0008473,4972,49,311,217,100
1169,1261,1418,Shia002382Vols,1869,1436,1589,121,92
1169,1261,1660,Shamela0023591,6731,928,1323,307,92
1169,1330,1660,Shamela0023591,6732,1034,1365,274,99
1169,1423,1643,JK009266,9347,884,1140,181,85
1169,1261,1470,Shamela0021821,1957,1432,1629,150,84
1169,1261,1660,Tafsir07053,289,838,1204,289,87
1169,1436,1660,Tafsir07053,291,420,778,182,62
1169,1436,1578,Tafsir07053,294,181,323,109,95
1169,1360,1660,JK009362,9010,0,301,248,99
1169,1375,1647,JK009257,1003,59,964,200,26
1169,1261,1550,Rafed0003943Vols,1614,436,693,213,88
1169,1418,1569,Shamela0007798,9284,386,537,123,100
1169,1418,1569,Meshkat00057178,3741,1403,1554,123,100
1169,972,1660,QuranAnalysis001,252,752,1184,353,62
1169,948,1294,Rafed0001713Vols,2840,1081,1605,135,29
1169,1307,1569,Rafed0001713Vols,2841,149,411,217,100
1169,1436,1660,Shamela0000041,2697,66,321,175,84
1169,1307,1660,Shamela0023578,3340,462,843,293,92
1169,1418,1660,Shamela0023578,3341,763,1551,190,29
1169,1149,1418,JK000876,1633,16,227,137,55
1170,0,191,Shia001432Vols,546,994,1186,153,96
1170,179,318,Shia001432Vols,2327,682,821,110,99
1170,0,179,Shamela0023632,3654,781,960,149,100
1170,179,450,Shamela0023632,3656,248,519,219,100
1170,1148,1652,Shamela0095562,135,741,1511,221,31
1170,16,450,JK009268,4538,0,434,354,99
1170,0,408,Sham19Y0023618,1827,415,822,317,95
1170,61,318,Shamela0023628,3597,1144,1386,198,94
1170,284,450,Shamela0023628,3598,1034,1200,136,100
1170,0,179,Rafed0003257Vols,5343,645,824,149,100
1170,115,460,Rafed0003257Vols,5344,817,1299,272,69
1170,30,262,Tafsir09084,2572,6,665,174,32
1170,179,377,Sham19Y0020891,6652,1070,1268,159,100
1170,0,160,Tafsir09068,1220,276,733,132,34
1170,0,267,JK009270,5733,112,379,215,98
1170,262,450,JK009270,5736,657,845,153,99
1170,0,179,Meshkat0014420,4775,138,317,149,100
1170,179,450,Meshkat0014420,4777,997,1268,219,100
1170,1253,1451,Meshkat00042485,6950,1337,1589,124,57
1170,80,318,Sham19Y0147312,2041,425,663,194,100
1170,179,318,Shamela0004445,7140,192,331,110,99
1170,179,391,Tafsir02067,1080,435,1073,157,30
1170,13,239,Shamela0012820,628,198,410,172,92
1170,0,267,JK000791,2435,1357,1623,218,99
1170,267,450,JK000791,2436,0,183,149,99
1170,80,299,Shamela0000922,1292,211,757,152,34
1170,0,179,JK009396,1724,1289,1468,149,100
1170,179,450,JK009396,1725,1137,1408,218,99
1170,179,318,Sham19Y0023608,3857,108,247,111,100
1170,0,179,Sham19Y0023608,4149,265,444,149,100
1170,179,450,Sham19Y0023608,4151,771,1042,219,100
1170,0,209,Meshkat00042488,1822,476,1058,173,35
1170,262,450,Meshkat00042488,1823,350,1390,154,18
1170,1059,1643,ShamIbadiyya0000075,967,16,1029,320,36
1170,80,284,Shamela0022371,285,271,688,120,31
1170,0,179,Shia002356Vols,1332,963,1137,142,96
1170,101,450,Shia002356Vols,1334,147,498,240,76
1170,0,408,Rafed0001140,427,480,1179,100,13
1170,179,358,Shamela0001038,417,785,966,143,98
1170,115,450,Shia002380Vols,846,249,1201,263,33
1170,0,179,JK001496,2499,1009,1494,148,36
1170,179,377,JK001496,2500,841,1040,158,98
1170,179,318,Shamela0008473,4623,24,163,110,99
1170,115,450,Shamela0008473,4974,1027,1546,266,63
1170,0,191,Shamela0008473,4974,83,273,154,96
1170,1106,1652,Shia002382Vols,1870,894,1520,267,41
1170,239,450,Shia002382Vols,2478,0,974,161,20
1170,179,318,JK009265,363,921,1060,110,99
1170,179,318,JK009265,371,315,454,110,99
1170,0,289,Shamela0023591,6731,1323,1611,236,99
1170,0,179,Shamela0023591,6732,1365,1544,149,100
1170,179,450,Shamela0023591,6737,23,294,219,100
1170,160,450,JK000371,357,253,550,230,95
1170,179,349,JK009266,9355,1356,1526,117,87
1170,0,179,Shamela0021821,1958,1455,1634,149,100
1170,101,460,Shamela0021821,1959,725,1286,285,62
1170,0,424,Tafsir07053,289,1204,1617,334,96
1170,0,450,Tafsir07053,291,778,1468,357,63
1170,0,179,Tafsir07053,295,750,1365,149,29
1170,0,450,JK009362,9010,301,765,365,95
1170,0,164,JK001110,66,0,164,134,98
1170,140,318,JK006478,9392,280,508,122,67
1170,738,1652,Tafsir08060,541,545,1262,295,35
1170,0,450,Rafed0003943Vols,1615,72,522,368,100
1170,61,318,Shamela0007798,9289,1052,1287,131,64
1170,1059,1652,Tafsir01006,1528,47,988,335,41
1170,901,1652,Tafsir09065,569,314,872,295,46
1170,179,358,JK009353,9,385,568,142,97
1170,170,318,Meshkat00057178,3744,313,805,109,28
1170,0,450,QuranAnalysis001,252,1184,1634,368,100
1170,154,408,SyriacStudies00001,13,0,253,204,99
1170,179,318,Shamela0023596,110,1495,1657,103,80
1170,0,450,Rafed0001713Vols,2843,52,502,368,100
1170,170,299,Tafsir07057,5300,915,1054,101,90
1170,101,244,Shamela0000041,2697,1521,1663,117,99
1170,284,450,Shamela0000041,2698,1126,1292,135,99
1170,0,284,Shamela0023578,3340,843,1127,232,100
1170,61,277,Shamela0023578,3342,157,1061,169,23
1170,284,450,Shamela0023578,3343,296,462,136,100
1171,0,474,Shia001432Vols,2622,44,444,212,47
1171,0,438,Shamela0095562,136,8,815,206,27
1171,623,1569,Shamela0023628,3598,529,1174,260,28
1171,865,1362,Tafsir01005,6097,6,203,105,23
1171,0,209,Meshkat00042485,6952,677,985,139,57
1171,1045,1472,Meshkat00042485,6959,256,791,194,39
1171,752,950,Shamela0001466,3972,568,851,130,57
1171,502,1569,ShamIbadiyya0000075,968,286,1575,412,30
1171,582,803,Shia002356Vols,1334,942,1223,113,52
1171,950,1569,Shia002380Vols,846,627,1116,206,35
1171,0,238,Shia002382Vols,1871,36,288,142,60
1171,483,672,JK000458,3410,38,454,120,37
1171,686,1081,Shamela0010273,3512,908,1398,143,28
1171,0,215,Tafsir01006,1528,1168,1480,144,57
1171,302,1236,Tafsir01006,1529,206,1615,444,34
1171,7,589,Tafsir08090,1665,1099,1513,137,27
1171,686,1246,Rafed0001713Vols,2845,79,803,253,37
1171,1209,1569,Tafsir04042,2307,1066,1475,159,36
1171,720,1569,Shamela0000041,2698,638,1266,229,25
1171,149,800,Shamela0023578,3342,157,1114,253,29
1171,244,815,JK000876,1635,5,783,307,45
1172,1049,1265,Shia001432Vols,546,1182,1399,179,98
1172,1372,1578,Shia001432Vols,2327,833,1039,169,100
1172,1049,1265,Shia001432Vols,18698,1408,1624,181,100
1172,89,341,Shamela0023632,3658,459,723,206,94
1172,907,1265,Shamela0023632,3660,12,350,271,91
1172,1265,1424,Shamela0023632,3662,1252,1411,131,100
1172,1085,1265,Zaydiyya0000008,3,0,180,151,100
1172,14,333,Shamela0095562,137,655,1379,231,39
1172,1049,1265,JK009268,104,1093,1309,181,100
1172,70,330,JK009268,4538,415,675,215,100
1172,907,1578,JK009268,4547,567,1299,537,86
1172,70,330,Sham19Y0023618,1829,54,619,213,45
1172,989,1424,Sham19Y0023618,1830,526,1365,343,48
1172,1424,1578,Sham19Y0023618,1831,1483,1637,126,100
1172,1049,1265,JK001137,71,0,216,181,100
1172,70,289,Shamela0023628,3598,1181,1400,181,100
1172,618,1101,Shamela0023628,3600,912,1367,231,46
1172,1049,1321,Shamela0023628,3601,950,1331,223,70
1172,1289,1471,Shamela0023628,3602,1265,1531,150,68
1172,89,450,Rafed0003257Vols,5346,180,768,265,52
1172,951,1265,Rafed0003257Vols,5352,892,1213,261,97
1172,1258,1578,Rafed0003257Vols,5357,256,576,259,98
1172,70,359,Sham19Y0020891,6657,393,1054,223,41
1172,1049,1265,Sham19Y0020891,6661,1180,1396,181,100
1172,1372,1578,Sham19Y0020891,6667,918,1124,169,100
1172,1049,1265,JK000100,349,1262,1444,145,80
1172,1372,1578,JK000030,264,1289,1495,169,100
1172,1070,1232,Hindawi038307359,17,950,1112,128,94
1172,132,330,JK009270,5739,486,684,164,100
1172,974,1120,JK009270,5742,757,903,121,100
1172,1101,1265,JK009270,5747,486,650,130,95
1172,1405,1529,JK009270,5751,1221,1345,102,100
1172,89,330,Meshkat0014420,4781,17,258,199,100
1172,938,1265,Meshkat0014420,4782,1272,1619,267,92
1172,1265,1578,Meshkat0014420,4785,1054,1367,257,100
1172,1049,1265,JK000101,444,47,263,181,100
1172,1265,1405,Shia001171,545,178,318,115,100
1172,1372,1529,JK000083,313,324,484,129,98
1172,637,1120,Tafsir02104,638,953,1507,233,40
1172,70,209,Sham19Y0147312,2043,324,463,115,100
1172,618,1625,Sham19Y0147312,2044,302,839,215,21
1172,176,330,Sham19Y0147312,2044,257,392,112,87
1172,1026,1265,Sham19Y0147312,2045,928,1171,187,86
1172,1265,1578,Sham19Y0147312,2046,679,992,257,100
1172,1049,1265,JK000375,174,557,773,181,100
1172,70,330,JK000791,2436,164,424,215,100
1172,907,1578,JK000791,2442,542,1205,529,94
1172,1265,1405,Shamela0000922,1294,36,325,94,36
1172,1049,1265,JK010427,9,470,686,181,100
1172,89,330,JK009396,1726,1123,1364,199,100
1172,986,1265,JK009396,1727,0,279,232,100
1172,1258,1578,JK009396,1728,1172,1491,260,99
1172,21,330,Sham19Y0023608,4153,664,1079,240,69
1172,951,1265,Sham19Y0023608,4160,4,318,261,100
1172,1258,1578,Sham19Y0023608,4164,104,424,259,97
1172,1049,1265,JK000001,200,499,715,181,100
1172,70,209,Meshkat00042488,1823,1371,1510,115,100
1172,27,330,Meshkat00042488,1824,28,824,221,32
1172,1049,1265,Meshkat00042488,1825,621,1290,176,31
1172,1258,1412,Meshkat00042488,1826,87,241,119,92
1172,1265,1424,Shamela0004473,7697,1208,1367,131,100
1172,1085,1289,Shamela0004473,9169,0,204,170,100
1172,70,333,Shia002356Vols,1334,479,742,214,98
1172,951,1372,Shia002356Vols,1336,60,480,345,98
1172,14,240,Shia002380Vols,846,1116,1516,167,50
1172,685,1022,Shia002380Vols,847,325,517,139,47
1172,70,333,JK001496,2502,51,708,215,39
1172,1049,1265,JK001496,2504,343,559,180,99
1172,1372,1578,JK001496,2507,32,240,168,98
1172,1049,1265,JK000954,27,339,555,181,100
1172,89,289,Tafsir02102,3994,814,1144,135,51
1172,1424,1578,Shamela0008473,3746,499,653,126,100
1172,89,493,Shamela0008473,4976,972,1587,273,53
1172,685,1265,Shamela0008473,4977,574,1336,387,55
1172,1232,1561,Shamela0008473,4979,873,1613,270,44
1172,14,685,Shia002382Vols,1872,163,839,223,27
1172,642,986,Shia002382Vols,1872,1158,1565,134,37
1172,642,1022,Shia002382Vols,2479,421,746,147,45
1172,1327,1578,JK009265,214,0,251,207,100
1172,1372,1578,JK009265,363,1086,1292,168,99
1172,1232,1529,Shamela0010550,71,619,785,76,30
1172,1372,1529,ShamAY0035828,95,322,479,129,100
1172,974,1301,Sham19Y0013572,1062,915,1244,261,96
1172,70,330,Shamela0023591,6732,142,402,215,100
1172,70,356,Shamela0023591,6737,275,549,224,94
1172,907,1578,Shamela0023591,6741,116,778,530,95
1172,974,1372,Shamela0023591,6742,498,896,330,100
1172,1372,1578,Shamela0023591,6746,269,475,169,100
1172,89,370,JK009266,9362,1159,1435,218,90
1172,974,1265,JK009266,9369,858,1127,208,85
1172,1372,1578,JK009266,9376,1349,1555,169,100
1172,89,450,Shamela0021821,1960,1193,1583,269,82
1172,951,1265,Shamela0021821,1961,492,806,261,100
1172,1258,1578,Shamela0021821,1963,201,521,263,100
1172,70,330,Tafsir07053,290,7,264,212,98
1172,80,330,Tafsir07053,297,233,1406,204,21
1172,1049,1265,Hindawi072603951,108,85,301,181,100
1172,70,330,JK009362,9010,746,1012,215,97
1172,974,1301,JK009362,9034,1332,1657,269,99
1172,1301,1578,JK009362,9035,0,279,227,98
1172,974,1265,JK001110,66,198,489,242,100
1172,1289,1550,JK001420,784,579,1173,157,32
1172,1183,1482,JK006478,9414,49,349,245,99
1172,70,359,Rafed0003943Vols,1615,503,796,227,94
1172,907,1289,Rafed0003943Vols,1615,1301,1649,289,91
1172,1289,1581,Rafed0003943Vols,1616,0,292,240,100
1172,1375,1529,Shamela0002908,11,0,154,127,100
1172,1232,1372,Shamela0007798,9304,550,690,115,100
1172,114,289,Sham19Y0014404,1609,1027,1504,102,23
1172,240,995,Sham19Y0014404,1610,5,416,152,22
1172,70,293,Meshkat00057178,3745,1036,1604,182,38
1172,1022,1210,Meshkat00057178,3748,18,647,152,28
1172,977,1578,QuranAnalysis001,253,234,835,497,100
1172,108,333,QuranAnalysis001,253,0,225,184,99
1172,1049,1265,Hindawi097046206,27,1236,1452,181,100
1172,167,356,Rafed0001713Vols,2846,792,1100,142,56
1172,678,1630,Rafed0001713Vols,2847,438,1482,402,34
1172,1265,1581,Rafed0001713Vols,2850,906,1222,258,99
1172,114,333,Tafsir04042,2308,39,793,162,26
1172,1049,1265,Hindawi070638427,198,204,420,181,100
1172,70,1049,Shamela0000041,2699,666,1521,487,51
1172,1022,1232,Shamela0000041,2700,523,816,168,68
1172,1232,1424,Shamela0000041,2701,377,1055,158,28
1172,70,330,Shamela0023578,3343,443,703,215,100
1172,70,754,Shamela0023578,3344,15,656,236,27
1172,951,1360,Shamela0023578,3344,1160,1592,339,94
1172,1360,1581,Shamela0023578,3345,0,221,181,100
1172,333,989,JK000876,1636,516,1535,296,32
1173,56,397,Shia001432Vols,1801,289,534,157,55
1173,995,1593,Shamela0095562,139,5,898,271,33
1173,854,1108,Sham19Y0020891,6664,532,871,105,32
1173,65,397,Meshkat00042485,6967,8,269,154,54
1173,596,916,Meshkat00042485,6969,1054,1577,206,48
1173,1271,1428,Meshkat00042485,6972,506,679,88,62
1173,286,1471,Shia002380Vols,847,685,1463,451,42
1173,799,1108,JK001496,2505,101,542,134,32
1173,286,1244,Shia002382Vols,1873,911,1610,391,44
1173,286,847,Shia002382Vols,2480,386,1152,317,44
1173,754,1108,ShamIbadiyya0000050,6081,900,1503,163,31
1173,870,1108,JK009266,9372,844,1155,100,33
1173,788,916,JK000458,3417,1121,1304,98,66
1173,56,986,Tafsir01006,1531,311,1654,485,41
1173,1128,1471,Tafsir01006,1532,146,554,169,48
1173,388,916,Rafed0001713Vols,2849,662,1630,305,37
1173,1322,1463,Rafed0001713Vols,2850,1301,1491,90,58
1174,1133,1397,Shia001432Vols,1833,1105,1370,207,97
1174,958,1211,Shamela0023632,3665,7,209,155,75
1174,1196,1394,Shamela0023632,3667,1090,1288,159,100
1174,958,1384,JK009268,4547,1278,1653,305,88
1174,1196,1394,Sham19Y0023618,1832,1336,1534,159,100
1174,1032,1196,Sham19Y0023618,1832,0,164,135,100
1174,958,1196,Shamela0023628,3604,721,909,154,78
1174,1139,1394,Shamela0023628,3605,837,1226,205,65
1174,958,1394,Rafed0003257Vols,5357,555,941,313,88
1174,1139,1309,Sham19Y0020891,6673,917,1086,136,99
1174,1190,1394,JK000030,219,516,720,160,98
1174,1116,1394,JK009270,5755,524,800,223,99
1174,1029,1338,Meshkat0014420,4789,1288,1596,251,99
1174,545,720,Meshkat00042485,6979,280,488,115,63
1174,1139,1394,Sham19Y0147312,2049,410,664,206,99
1174,1196,1394,Sham19Y0013550,592,618,1005,159,51
1174,1086,1411,Zaydiyya0000062,2083,961,1344,247,78
1174,958,1394,JK000791,2442,1184,1570,313,88
1174,1139,1394,JK007018,866,906,1168,203,94
1174,1139,1394,JK009396,1731,487,742,206,100
1174,951,1151,Sham19Y0023608,4168,392,807,144,43
1174,1086,1394,Sham19Y0023608,4169,788,1484,248,44
1174,1029,1272,JK000381,4530,401,651,195,96
1174,720,1196,Meshkat00042488,1827,415,1427,205,23
1174,958,1394,Shia002356Vols,1338,613,998,307,85
1174,1139,1309,JK001496,2509,540,714,137,97
1174,1196,1394,Shia001400,37,1137,1310,138,87
1174,958,1139,Shamela0008473,4983,728,1341,136,27
1174,1086,1394,Shamela0008473,4984,766,1376,248,50
1174,958,1394,JK009265,214,230,611,307,86
1174,958,1394,Shamela0023591,6741,757,1143,313,88
1174,958,1394,Shamela0023591,6746,454,840,313,88
1174,1029,1196,JK009266,9384,798,965,137,100
1174,1142,1394,JK009266,9388,385,699,179,70
1174,626,1139,Shamela0021821,1964,895,1423,201,35
1174,1139,1394,Shamela0021821,1965,1123,1377,205,99
1174,1029,1272,JK000351,90,1166,1416,195,96
1174,958,1394,JK009362,9035,258,646,311,87
1174,1106,1362,JK001420,785,13,601,155,33
1174,1139,1394,JK009257,1007,293,983,198,35
1174,1029,1419,Rafed0003943Vols,1616,949,1350,313,96
1174,1086,1268,Shamela0007798,9319,270,518,146,72
1174,1268,1394,Shamela0007798,9324,302,428,101,100
1174,383,720,Tafsir01006,1533,325,1052,187,30
1174,96,979,Sham19Y0014404,1612,89,879,228,22
1174,1211,1394,Sham19Y0014404,1613,751,1106,144,50
1174,1176,1394,Meshkat00057178,3753,844,1129,145,63
1174,1196,1388,Masaha000554Vols,6604,1282,1474,151,95
1174,958,1397,QuranAnalysis001,253,814,1203,313,88
1174,1000,1394,Rafed0001713Vols,2853,1198,1577,307,96
1174,194,761,Rafed0001713Vols,2853,51,730,253,35
1174,958,1196,Shamela0000041,2703,595,783,154,78
1174,1196,1394,Shamela0000041,2704,1136,1388,156,75
1174,958,1151,Shamela0023578,3349,1431,1598,119,75
1174,1151,1427,Shamela0023578,3350,0,265,214,96
1174,1205,1394,Shamela0023578,3352,750,1023,147,66
1174,194,979,JK000876,1639,712,1546,258,29
1175,718,1283,Shamela0095562,141,103,433,168,35
1175,1096,1396,Meshkat00042485,6987,91,466,182,57
1175,1096,1317,Shia002380Vols,849,372,593,145,72
1175,1096,1317,Shia002382Vols,1876,295,532,143,67
1175,1096,1317,Shia002382Vols,2483,763,1000,143,67
1175,695,1207,Tafsir01006,1534,1132,1578,194,40
1175,1096,1317,Sham19Y0014404,1613,937,1261,116,40
1175,1096,1294,Rafed0001713Vols,2855,1180,1503,141,54
1176,327,578,Shia001432Vols,1779,1258,1509,208,99
1176,578,823,Shia001432Vols,3963,651,896,194,99
1176,230,517,Shamela0023632,3669,124,465,206,72
1176,517,778,Shamela0023632,3672,489,748,203,98
1176,304,823,JK009268,4558,7,555,422,94
1176,253,465,Sham19Y0023618,1833,1329,1547,156,84
1176,402,823,Sham19Y0023618,1835,6,473,329,87
1176,253,397,Shamela0023628,3607,617,910,103,41
1176,434,578,Shamela0023628,3609,545,689,118,100
1176,578,823,Shamela0023628,3610,814,1059,195,100
1176,578,712,Shamela0011258,95,315,449,106,100
1176,304,578,Rafed0003257Vols,5363,641,922,228,97
1176,578,823,Rafed0003257Vols,5366,1157,1402,195,100
1176,30,212,Tafsir09084,2579,1146,1370,114,57
1176,253,578,Sham19Y0020891,6677,713,1032,258,93
1176,561,823,Sham19Y0020891,6686,449,710,201,96
1176,327,517,JK009270,5759,1064,1254,161,100
1176,517,693,JK009270,5764,143,320,139,99
1176,693,823,JK009270,5768,43,173,105,100
1176,304,578,Meshkat0014420,4793,946,1231,228,95
1176,578,823,Meshkat0014420,4800,294,539,195,100
1176,387,578,Sham19Y0147312,2051,400,623,157,85
1176,477,823,Sham19Y0147312,2052,147,434,217,78
1176,693,833,Shamela0004445,380,841,980,113,99
1176,578,845,JK000374,97,1021,1288,202,95
1176,253,581,JK000791,2449,744,1051,243,89
1176,578,823,JK000791,2453,323,567,194,99
1176,253,1222,Shamela0021766,4725,5,594,189,17
1176,578,712,Zaydiyya0000295Vols,181,639,773,106,100
1176,419,578,JK009396,1733,0,159,129,98
1176,599,823,JK009396,1736,0,224,179,100
1176,253,578,Sham19Y0023608,4172,328,629,241,89
1176,578,783,Sham19Y0023608,4175,1334,1538,163,99
1176,578,712,JK000381,1416,859,993,106,100
1176,578,712,Meshkat00042488,1830,522,656,106,100
1176,693,823,Shia003721Vols,291,132,262,105,100
1176,627,798,Shamela0004473,11113,363,943,129,27
1176,327,472,Shamela0004473,11399,1535,1679,124,99
1176,693,823,Sham19Y0145435,5076,321,451,105,100
1176,253,878,Shia002356Vols,1341,56,868,469,69
1176,174,402,Shia002380Vols,849,586,799,140,73
1176,591,804,Shia002380Vols,850,520,985,163,44
1176,253,578,JK001496,2510,1137,1475,259,92
1176,878,1053,JK001496,2511,138,566,118,33
1176,561,833,JK001496,2513,269,547,209,94
1176,30,578,Shamela0008473,4986,846,1516,364,60
1176,578,823,Shamela0008473,4989,1107,1353,195,99
1176,627,798,Zaydiyya0000076BK15,19,985,1156,137,100
1176,253,823,Shamela0023591,6752,209,769,437,94
1176,327,823,Shamela0023591,6754,132,628,405,100
1176,245,402,JK009266,9391,918,1115,120,73
1176,402,578,JK009266,9395,697,873,145,100
1176,578,823,JK009266,9401,496,747,195,97
1176,578,712,Zaydiyya0000075BK29,43,289,423,106,100
1176,304,581,Shamela0021821,1967,47,321,227,98
1176,561,833,Shamela0021821,1968,552,873,217,84
1176,581,823,Kraken220413194022,2886,496,739,191,97
1176,320,683,JK009362,9080,1299,1663,291,97
1176,683,823,JK009362,9081,0,140,113,100
1176,241,599,Rafed0003943Vols,1617,1129,1449,258,86
1176,650,823,Rafed0003943Vols,1619,171,344,138,100
1176,578,798,Sham19Y0020642,297,1308,1528,176,100
1176,578,712,Meshkat00057178,3757,666,800,106,100
1176,327,790,QuranAnalysis001,253,1212,1674,379,99
1176,304,899,Rafed0001713Vols,2857,123,603,295,51
1176,578,823,Rafed0001713Vols,2860,261,506,195,100
1176,402,581,Shamela0000432,4764,288,464,143,97
1176,517,712,Shamela0000041,2708,1204,1477,155,71
1176,586,823,Shamela0000041,2709,157,728,189,41
1176,253,541,Shamela0023578,3353,1197,1582,231,71
1176,578,823,Shamela0023578,3358,859,1104,195,100
1176,0,932,JK000876,1641,696,1279,261,29
1177,517,1122,Shia001432Vols,1802,844,1508,284,46
1177,1140,1407,Shamela0095562,143,243,821,130,29
1177,707,1348,Tafsir09083,1745,687,1543,228,31
1177,812,1092,Meshkat00042485,6995,59,436,156,49
1177,110,492,Shamela0001466,3990,443,1146,197,32
1177,817,1211,Shia002380Vols,850,22,552,205,44
1177,454,1122,Shia002382Vols,1877,486,1203,307,46
1177,879,1325,Shia002382Vols,2485,30,452,232,54
1177,812,1472,Tafsir10098,1678,581,1580,239,29
1178,577,754,Shia002185Vols,3739,1161,1339,128,89
1178,623,869,Shamela0023632,3675,1055,1301,196,99
1178,973,1228,Shamela0095562,144,514,949,155,42
1178,353,869,JK009268,4558,530,1023,399,95
1178,473,869,Sham19Y0023618,1836,331,1236,316,43
1178,419,777,Shamela0023628,3611,1197,1555,283,96
1178,553,736,Shamela0008245,1,550,733,147,100
1178,539,754,Rafed0003257Vols,5373,1006,1227,158,89
1178,139,983,Sham19Y0020891,6689,478,923,294,41
1178,449,635,JK009270,5772,867,1053,153,100
1178,401,623,Meshkat0014420,4803,6,228,183,100
1178,623,869,Meshkat0014420,4805,865,1111,197,100
1178,553,736,Shia001171,545,347,532,147,98
1178,494,736,Sham19Y0147312,2054,502,735,169,83
1178,577,736,Sham19Y0014592,1391,400,559,127,100
1178,563,736,Shamela0010518,120,569,742,139,100
1178,494,869,JK000791,2455,796,1184,284,91
1178,553,869,JK009396,1737,981,1297,254,100
1178,553,736,Sham19Y0023608,4180,1225,1408,147,100
1178,473,619,Meshkat00042488,1831,611,1184,93,18
1178,623,800,Meshkat00042488,1832,42,464,97,25
1178,151,701,Shia002356Vols,1343,1121,1573,292,62
1178,701,1169,Shia002356Vols,1344,0,586,323,67
1178,563,736,Shamela0001038,120,257,430,139,100
1178,93,1139,JK001496,2514,622,1469,414,40
1178,577,736,Shia001400,46,525,684,127,100
1178,394,736,JK006896,34,401,742,275,98
1178,553,869,Shamela0008473,4992,830,1146,254,100
1178,553,869,JK009265,208,820,1137,253,99
1178,353,869,Shamela0023591,6752,744,1237,398,95
1178,401,1025,Shamela0023591,6760,369,1090,443,71
1178,494,736,JK009266,9409,1129,1435,184,74
1178,598,869,Shamela0021821,1970,0,271,217,100
1178,353,869,JK009362,9081,115,616,397,93
1178,577,736,JK001110,99,342,501,127,100
1178,353,869,JK001420,786,30,736,229,37
1178,353,675,Rafed0003943Vols,1619,319,618,244,92
1178,353,869,QuranAnalysis001,254,8,501,399,95
1178,353,558,Rafed0001713Vols,2862,218,457,164,84
1178,539,736,Rafed0001713Vols,2863,675,872,154,97
1178,577,736,Zaydiyya0000132,84,976,1135,127,100
1178,473,800,Shamela0000041,2710,386,760,264,86
1178,353,844,Shamela0023578,3358,1079,1546,378,94
1178,869,1218,JK000876,1644,890,1380,200,46
1179,475,632,Shamela0029882,354,1208,1407,90,54
1179,27,281,JK000906,9533,1239,1478,178,87
1179,12,281,JK000906,11199,700,962,209,97
1179,930,1261,Tafsir04003,4079,180,631,146,38
1179,971,1294,Sham19Y0014404,1617,0,536,179,39
1179,475,632,Shamela0001535,1150,741,935,90,55
1179,826,1294,Shamela0000041,2710,784,1347,191,32
1180,635,816,ShamAY0037152,340,1157,1338,143,100
1180,42,405,Shia001432Vols,1826,641,1146,182,41
1180,1136,1253,Shia001432Vols,1833,1463,1579,95,99
1180,635,816,Shia001432Vols,5449,612,793,143,100
1180,635,792,Shia001432Vols,23210,1109,1264,121,97
1180,603,884,Shamela0023632,3677,862,1145,220,97
1180,884,1136,Shamela0023632,3680,775,1027,203,100
1180,1136,1319,Shamela0023632,3682,1109,1292,150,100
1180,235,660,Shamela0095562,145,703,1204,181,38
1180,563,1319,JK009268,4568,179,920,582,93
1180,603,765,Sham19Y0023618,1837,310,467,125,96
1180,965,1153,Sham19Y0023618,1839,1205,1393,154,100
1180,680,853,Shamela0023628,3614,1245,1418,137,100
1180,853,1030,Shamela0023628,3615,751,928,140,100
1180,612,788,Rafed0003257Vols,5377,1463,1646,140,96
1180,927,1136,Rafed0003257Vols,5388,0,209,170,100
1180,1136,1319,Rafed0003257Vols,5393,308,491,150,100
1180,635,811,LMN20251118,58,58,234,138,99
1180,660,1175,Shamela0001388,106,669,1128,78,12
1180,335,499,Sham19Y0020891,6695,1215,1496,95,41
1180,439,788,Sham19Y0020891,6696,772,1071,198,67
1180,635,816,JK009270,1986,1255,1436,142,99
1180,729,867,JK009270,5780,745,884,106,96
1180,863,1066,JK009270,5784,333,536,161,100
1180,1136,1319,JK009270,5790,211,394,150,100
1180,747,1200,ShamAY0034106,325,695,1394,231,37
1180,235,439,Shamela0023624,1716,124,692,133,29
1180,612,816,Meshkat0014420,4807,1084,1299,162,94
1180,816,985,Meshkat0014420,4810,1304,1473,133,100
1180,965,1319,Meshkat0014420,4814,449,855,290,87
1180,635,803,Shamela0026539,38,140,308,133,100
1180,635,803,Shamela0002300,155,1286,1454,133,100
1180,616,788,Shamela0029677,1689,243,411,127,93
1180,42,260,Meshkat00042485,7011,638,986,103,34
1180,635,788,JK000343,723,1086,1239,121,100
1180,312,702,Sham19Y0147312,2056,453,803,142,43
1180,779,932,Sham19Y0147312,2057,1400,1547,117,96
1180,1116,1319,Sham19Y0147312,2059,1264,1494,159,84
1180,898,1049,JK000375,45,1102,1253,120,100
1180,318,863,Zaydiyya0000062,2092,134,813,305,49
1180,635,792,Shamela0006947,7277,487,644,124,100
1180,635,792,Shamela0006947,20539,1060,1217,124,100
1180,660,803,Hindawi017160604,575,0,143,113,100
1180,747,985,Sham19Y0014255,132,1290,1474,80,43
1180,639,742,Zaydiyya0000355,36,954,1065,82,92
1180,482,863,JK000791,2457,108,441,220,72
1180,863,1099,JK000791,2459,1340,1575,189,99
1180,1116,1323,JK000791,2462,301,550,170,83
1180,635,842,Hindawi083828042,9,4,211,164,100
1180,635,747,Tafsir07076,2976,576,688,89,100
1180,635,788,Tafsir07076,8868,322,475,121,100
1180,660,788,Tafsir07076,9387,1200,1328,101,100
1180,289,853,JK009396,1738,963,1493,268,52
1180,863,1136,JK009396,1740,1103,1376,220,100
1180,1136,1291,JK009396,1742,1413,1567,127,99
1180,603,788,Sham19Y0023608,4184,473,653,143,97
1180,1136,1319,Sham19Y0023608,4191,1012,1195,150,100
1180,635,788,JK000381,4918,315,468,121,100
1180,635,788,Shamela0009773,2934,586,750,121,93
1180,639,863,Meshkat00042488,1833,260,1276,169,21
1180,635,788,Shia003636Vols,628,311,464,121,100
1180,12,887,Shia002356Vols,1345,289,1545,402,36
1180,985,1253,Shia002356Vols,1347,1260,1526,215,96
1180,660,788,Shamela0009918,1600,935,1063,101,100
1180,0,660,Shia002380Vols,851,671,1182,268,48
1180,335,788,JK001496,2517,605,1319,245,39
1180,1136,1323,JK001496,2523,617,806,153,98
1180,863,1136,Zaydiyya0000328,384,606,879,217,98
1180,312,819,Shamela0008473,4993,864,1506,253,45
1180,635,747,Shamela0008473,4995,1045,1337,89,38
1180,863,1136,Shamela0008473,4997,217,490,220,100
1180,1039,1319,Shamela0008473,5000,1117,1456,229,82
1180,0,660,Shia002382Vols,1879,427,1206,273,36
1180,0,680,Shia002382Vols,2487,517,1166,259,38
1180,1136,1319,JK009265,208,626,809,150,100
1180,670,803,Tafsir07055,1332,0,133,105,100
1180,294,1334,Shamela0023591,6764,530,1561,639,64
1180,621,893,Shamela0023591,6765,1305,1578,208,93
1180,893,1319,Shamela0023591,6766,0,426,347,100
1180,509,788,JK009266,9414,881,1224,179,66
1180,1136,1319,JK009266,9429,907,1090,150,100
1180,612,863,Shamela0021821,1971,160,411,200,100
1180,863,1136,Shamela0021821,1972,539,812,220,100
1180,1116,1323,Shamela0021821,1973,627,854,167,89
1180,612,1319,Tafsir07053,298,76,777,564,99
1180,621,863,Tafsir07053,299,1184,1426,185,96
1180,660,792,Tafsir07053,303,633,1165,101,24
1180,1136,1319,Tafsir07053,317,393,576,150,100
1180,898,1049,Kraken220413194022,3012,724,874,117,97
1180,628,788,Hindawi030353837,582,250,410,123,97
1180,635,803,Rafed0000185Vols,354,1116,1284,133,100
1180,635,1319,JK009362,9115,156,843,551,99
1180,635,848,JK009362,9147,1387,1599,169,99
1180,848,1319,JK009362,9148,0,474,382,99
1180,863,1010,JK007070,128,537,684,116,100
1180,863,1136,JK001110,66,525,798,220,100
1180,612,932,JK001420,786,797,1514,196,34
1180,612,788,Zaydiyya0000274,767,307,494,140,94
1180,965,1342,JK006478,9483,0,376,296,95
1180,635,792,Shamela0009789,348,204,361,124,100
1180,747,985,ShamAY0037056,8,773,1298,138,30
1180,612,863,Rafed0003943Vols,1621,437,688,200,100
1180,980,1153,Rafed0003943Vols,1622,0,173,143,100
1180,635,747,Shamela0007798,9352,166,427,89,42
1180,1104,1323,Shamela0007798,9360,736,955,180,100
1180,42,660,Tafsir01006,1539,86,982,267,33
1180,0,660,Tafsir06048,1277,213,884,179,25
1180,616,863,Hindawi020604026,173,1309,1560,186,93
1180,1136,1319,Hindawi020604026,177,405,588,150,100
1180,635,747,Meshkat00057178,3763,175,287,89,100
1180,635,788,Shamela0008612,112,691,844,121,100
1180,635,1319,QuranAnalysis001,254,508,1192,551,100
1180,653,788,Shamela0007380,85,0,135,107,100
1180,318,863,Rafed0001713Vols,2865,212,1114,348,47
1180,1136,1319,Rafed0001713Vols,2872,0,183,150,100
1180,635,788,Sham19Y0014579,653,733,886,121,100
1180,280,660,Shamela0000041,2711,26,461,137,33
1180,660,829,Shamela0000041,2711,1292,1461,133,100
1180,829,948,Shamela0000041,2712,908,1027,95,100
1180,688,1136,Shamela0023578,3362,0,448,359,100
1180,1116,1319,Shamela0023578,3366,713,963,167,81
1180,182,645,JK000876,1646,466,1119,202,32
1181,422,690,Shamela0000041,2711,1102,1455,95,24
1181,1192,1503,Shamela0000041,2713,279,1006,138,23
1182,335,1199,Tafsir08060,546,95,527,245,34
1182,1001,1556,Tafsir01006,1542,0,441,200,35
1183,395,574,JK000330,920,217,460,139,72
1183,98,338,Shia001432Vols,1834,77,315,193,98
1183,334,615,Shia001432Vols,2524,1208,1488,224,99
1183,395,597,Shia001432Vols,5911,484,686,160,100
1183,38,304,Shamela0023632,3683,1333,1586,198,90
1183,386,637,Shamela0023632,3687,0,250,198,99
1183,38,504,JK009268,4574,1031,1577,369,82
1183,71,334,Sham19Y0023618,1841,0,756,209,33
1183,334,504,Sham19Y0023618,1842,621,792,131,94
1183,38,222,Shamela0023628,3618,928,1383,144,38
1183,236,479,Shamela0023628,3621,50,460,167,51
1183,470,637,Shamela0023628,3622,864,1030,132,99
1183,75,334,Rafed0003257Vols,5395,1235,1500,211,96
1183,334,516,Rafed0003257Vols,5400,1424,1605,146,99
1183,98,334,Kraken220610012301,254,1033,1267,188,97
1183,395,574,Sham19Y0020891,6096,639,818,142,100
1183,38,334,Sham19Y0020891,6708,317,612,241,99
1183,98,254,JK009270,5793,1041,1197,126,98
1183,249,414,JK009270,5797,530,695,134,100
1183,414,637,JK009270,5802,638,861,177,100
1183,38,249,Hindawi013719683,202,1404,1584,137,78
1183,249,470,Hindawi013719683,203,0,221,178,100
1183,395,637,Zaydiyya0000161,180,455,784,144,51
1183,75,334,Meshkat0014420,4818,1271,1541,212,95
1183,439,637,Meshkat0014420,4823,0,198,158,100
1183,395,574,JK000373,137,935,1121,142,96
1183,395,637,JK000373,199,1323,1565,192,100
1183,395,551,JK000373,246,1058,1214,124,100
1183,395,574,JK000373,320,871,1050,142,100
1183,38,334,Sham19Y0147312,2060,896,1168,223,91
1183,452,637,Sham19Y0147312,2062,892,1077,148,100
1183,452,574,Shamela0004445,2719,1064,1247,95,65
1183,334,539,JK000058,11,343,548,164,100
1183,38,334,JK000791,2463,607,902,227,92
1183,334,637,JK000791,2466,69,372,242,100
1183,334,516,Shamela0023644,1146,1239,1421,146,100
1183,26,334,JK009396,1743,1172,1490,226,80
1183,316,641,JK009396,1746,818,1173,257,90
1183,38,334,Sham19Y0023608,4194,392,676,222,92
1183,334,637,Sham19Y0023608,4197,1160,1462,241,99
1183,452,637,Sham19Y0016953Vols,96,7,192,148,100
1183,395,574,JK000381,3898,20,199,142,100
1183,395,557,Shamela0004473,6713,1384,1545,128,99
1183,38,334,Shia002356Vols,1348,1056,1422,242,80
1183,316,637,Shia002356Vols,1350,553,891,252,92
1183,38,334,JK001496,2524,340,647,230,91
1183,75,670,Shamela0008473,5004,25,752,258,38
1183,316,637,Shamela0008473,5012,16,359,256,93
1183,75,334,JK009265,214,634,894,211,99
1183,98,334,Hindawi020618509,19,127,449,140,46
1183,38,637,Shamela0023591,6772,336,935,464,96
1183,98,641,Shamela0023591,6773,437,978,434,99
1183,38,334,JK009266,9432,888,1246,242,82
1183,334,539,JK009266,9441,421,626,164,100
1183,75,310,Shamela0021821,1974,1266,1500,193,99
1183,310,637,Shamela0021821,1977,88,448,255,88
1183,395,597,Rafed0000185Vols,244,1101,1280,142,88
1183,98,641,JK009362,9181,374,915,434,98
1183,395,574,Shamela0011730,293,1128,1304,140,98
1183,316,625,JK001420,787,600,1086,185,48
1183,98,244,Hindawi020938505Vols,182,1563,1708,120,99
1183,399,637,JK009257,1013,184,796,164,33
1183,334,641,JK009220,67,247,555,242,98
1183,98,363,JK006478,9488,569,834,217,100
1183,38,316,Rafed0003943Vols,1623,1235,1488,208,91
1183,316,637,Rafed0003943Vols,1624,950,1270,255,99
1183,439,551,Shamela0007798,9383,398,510,90,100
1183,98,456,QuranAnalysis001,254,1203,1560,290,99
1183,456,641,QuranAnalysis001,255,0,197,148,93
1183,395,637,Rafed0003489,14,565,817,191,95
1183,75,456,Rafed0001713Vols,2873,821,1202,308,99
1183,452,628,Rafed0001713Vols,2877,1348,1522,139,98
1183,270,414,Shamela0000041,2718,676,816,111,94
1183,75,282,Shamela0023578,3368,1257,1487,157,82
1183,637,1242,Shamela0023578,3369,318,1243,168,18
1183,265,637,Shamela0023578,3372,1129,1499,297,99
1184,237,742,ShamIbadiyya0000075,978,395,740,182,39
1184,100,453,Tafsir08060,546,1122,1437,157,49
1184,319,1562,Tafsir01006,1543,427,1359,351,27
1185,895,1052,JK000436,192,1003,1164,113,88
1185,1111,1524,Shia001432Vols,1834,327,741,331,99
1185,920,1356,Shamela0023632,3689,730,1297,320,68
1185,1356,1524,Shamela0023632,3691,849,1018,134,99
1185,1012,1524,JK009268,4581,666,1303,384,74
1185,1264,1524,Sham19Y0023618,1844,917,1496,208,44
1185,895,1052,Zaydiyya0000413Vols,2691,1111,1278,118,89
1185,1040,1242,Shamela0023628,3624,14,312,154,63
1185,1242,1414,Shamela0023628,3625,323,495,139,100
1185,1207,1524,Rafed0003257Vols,5406,705,1023,254,99
1185,1052,1287,Sham19Y0020891,6721,670,1387,186,32
1185,895,1111,Shamela0011314,302,372,590,136,71
1185,1097,1264,JK009270,5807,739,904,127,93
1185,1264,1438,JK009270,5810,1367,1542,140,99
1185,1207,1434,Kraken22021802055303,8,694,926,177,94
1185,1111,1356,Meshkat0014420,4828,0,244,199,99
1185,1356,1524,Meshkat0014420,4831,657,826,134,99
1185,685,1184,Meshkat00042485,7045,9,595,236,41
1185,783,1356,Sham19Y0147312,2063,471,1148,271,37
1185,1356,1524,Sham19Y0147312,2065,246,415,134,99
1185,650,1057,JK000791,2468,354,824,183,40
1185,1052,1270,JK000791,2468,1289,1507,164,90
1185,1270,1524,JK000791,2469,0,255,204,99
1185,920,1207,Shamela0021766,4757,0,740,220,37
1185,911,1023,JK000906,11255,1446,1568,89,91
1185,805,1287,JK009396,1748,1011,1562,313,63
1185,1287,1524,Sham19Y0023608,4204,1084,1322,191,99
1185,816,1287,Meshkat00042488,1839,0,792,209,25
1185,1291,1482,Meshkat00042488,1840,0,548,154,34
1185,567,1154,Shia002356Vols,1351,765,1595,214,25
1185,1154,1524,Shia002356Vols,1352,0,365,291,97
1185,1023,1524,Tafsir04038,717,194,979,338,51
1185,1356,1524,JK001496,2532,324,810,134,34
1185,685,1057,Shamela0008473,5016,799,1264,189,42
1185,1088,1356,Shamela0008473,5017,284,552,218,100
1185,1356,1524,Shamela0008473,5021,235,404,134,99
1185,1088,1524,JK009265,214,905,1338,349,98
1185,1111,1287,Hindawi020618509,19,127,303,142,100
1185,783,1524,Shamela0023591,6780,509,1257,413,54
1185,1391,1524,Shamela0023591,6781,0,134,106,99
1185,1052,1207,JK009266,9447,876,1093,127,71
1185,1356,1524,JK009266,9455,655,824,134,99
1185,895,1356,Shamela0021821,1979,379,1105,357,60
1185,637,1052,Shamela0007597,369,678,1297,168,29
1185,685,1052,Tafsir10066,2059,847,1087,132,43
1185,1092,1524,JK009362,9207,1111,1558,340,93
1185,1287,1524,Shamela0022653,260,604,842,191,99
1185,1052,1356,Rafed0003943Vols,1626,192,474,230,92
1185,1356,1524,Rafed0003943Vols,1627,1064,1233,134,99
1185,644,1052,Shamela0010273,3557,908,1343,219,51
1185,685,1207,Shamela0007798,9388,135,1216,219,21
1185,1376,1524,Shamela0007798,9393,109,258,118,99
1185,512,1242,Tafsir01006,1544,561,1513,305,34
1185,911,1012,Tafsir09071,1208,590,691,80,100
1185,644,1149,Sham19Y0014404,1624,299,976,239,37
1185,1287,1524,JK000379,17,287,525,191,99
1185,685,1207,Meshkat00057178,3773,51,864,229,29
1185,1356,1524,Meshkat00057178,3775,747,916,134,99
1185,685,1161,Kraken220727035853,5153,627,1050,98,18
1185,920,1524,QuranAnalysis001,255,118,607,391,80
1185,629,1524,Rafed0001713Vols,2879,8,1424,540,44
1185,875,1242,Shamela0000041,2721,48,481,206,49
1185,1264,1489,Shamela0000041,2722,795,1075,171,77
1185,1356,1524,Shamela0000041,2723,97,402,134,55
1185,1052,1291,Shamela0023578,3377,226,891,186,34
1185,1287,1524,Shamela0023578,3380,150,388,191,99
1185,644,1178,JK000876,1652,927,1491,201,32
1186,0,173,Meshkat00042485,7045,460,606,102,66
1186,181,301,Shamela0022769,1710,30,154,65,61
1186,0,250,Shamela0021766,4757,542,770,135,59
1186,0,484,Shia002380Vols,855,874,1448,211,38
1186,0,945,Shia002382Vols,1886,210,1253,346,31
1186,0,313,Shia002382Vols,2495,711,1110,169,45
1186,445,1058,Shia002382Vols,2496,0,581,204,33
1186,4,234,JK000458,3457,651,1304,112,22
1186,0,309,Tafsir08060,547,855,1111,164,61
1186,0,313,Tafsir01006,1544,1164,1534,166,46
1186,571,1445,Tafsir01006,1545,580,1504,350,39
1186,603,1280,Shamela0000041,2722,581,1068,260,45
1187,589,998,Shia001432Vols,2176,670,1079,337,100
1187,752,998,Shia001432Vols,5911,701,948,203,99
1187,743,998,Shia001432Vols,20814,28,283,207,98
1187,209,648,Shia001432Vols,22262,1125,1564,346,97
1187,743,1094,Shia001432Vols,23674,858,1222,231,76
1187,56,222,Shamela0023632,3693,13,179,137,100
1187,222,518,Shamela0023632,3694,1146,1443,234,98
1187,514,796,Shamela0023632,3697,359,641,231,100
1187,796,998,Shamela0023632,3699,1171,1373,167,100
1187,752,1002,Shamela0000894,7767,1051,1297,203,98
1187,52,998,JK009268,4586,282,1262,768,96
1187,213,713,Sham19Y0023618,1846,879,1365,385,95
1187,752,949,Sham19Y0023618,1848,1152,1349,163,100
1187,250,433,Shamela0023628,3629,29,212,145,98
1187,574,761,Shamela0023628,3631,835,1025,143,87
1187,729,949,Shamela0023628,3632,1175,1395,182,100
1187,56,544,Rafed0003257Vols,5414,1135,1630,395,98
1187,580,752,Rafed0003257Vols,5422,613,797,141,92
1187,752,998,Rafed0003257Vols,5424,685,931,203,100
1187,589,752,JK001197,360,645,808,134,100
1187,13,222,Sham19Y0020891,6728,1318,1527,169,97
1187,279,514,Sham19Y0020891,6737,597,833,189,99
1187,589,755,Sham19Y0020891,6740,1101,1267,134,98
1187,589,752,JK000030,251,1097,1260,134,100
1187,234,402,Tafsir09068,1242,555,1087,129,30
1187,56,234,Shamela0023789,563,569,747,138,95
1187,56,222,Shamela0023789,758,1396,1562,137,100
1187,194,351,JK009270,5818,229,386,126,100
1187,351,538,JK009270,5820,1075,1262,141,94
1187,628,824,JK009270,5825,871,1067,159,98
1187,755,998,JK009270,5827,979,1225,176,84
1187,1322,1643,Shamela0000140,1823,1276,1588,241,88
1187,589,752,Shamela0000140,2220,550,713,134,100
1187,56,298,Meshkat0014420,4833,726,979,198,95
1187,298,514,Meshkat0014420,4836,1256,1472,173,100
1187,557,752,Meshkat0014420,4839,0,195,161,100
1187,752,998,Meshkat0014420,4842,885,1131,203,100
1187,279,429,Shamela0002300,220,432,582,121,100
1187,279,514,Shamela0009924,65,680,925,189,95
1187,589,752,JK000083,150,134,297,134,100
1187,752,1011,Shamela0012851,483,172,565,208,63
1187,589,761,Sham19Y0132973,589,461,633,137,97
1187,56,209,Sham19Y0147312,2065,1376,1528,126,99
1187,184,548,Sham19Y0147312,2067,255,601,258,86
1187,514,752,Sham19Y0147312,2069,414,611,151,78
1187,729,998,Sham19Y0147312,2070,953,1218,214,94
1187,589,761,Sham19Y0014592,876,638,810,137,97
1187,589,761,Shamela0006947,8559,829,1001,137,97
1187,655,998,Masaha000221,160,0,763,260,40
1187,56,222,JK000791,2472,221,387,137,100
1187,222,761,JK000791,2473,663,1203,432,98
1187,734,1094,JK000791,2477,1018,1411,233,72
1187,743,1011,JK000365,2144,750,1004,192,86
1187,752,1011,Tafsir07076,639,926,1216,210,86
1187,743,1011,Tafsir07076,1494,423,927,213,50
1187,752,1011,Tafsir07076,2635,335,868,208,46
1187,856,1011,Tafsir07076,4097,0,151,124,96
1187,856,1011,Tafsir07076,4247,1120,1426,124,48
1187,752,1011,Tafsir07076,5257,508,763,210,98
1187,752,1011,Tafsir07076,6476,193,560,209,68
1187,752,1011,Tafsir07076,6664,319,574,210,98
1187,752,1011,Tafsir07076,6861,928,1183,210,98
1187,752,1011,Tafsir07076,7400,676,931,210,98
1187,752,1011,Tafsir07076,7529,131,386,210,98
1187,743,1011,Tafsir07076,7560,549,901,193,65
1187,752,1011,Tafsir07076,8296,406,661,210,98
1187,752,1011,Tafsir07076,8730,420,675,210,98
1187,743,1011,Tafsir07076,8747,1147,1411,214,96
1187,752,1011,Tafsir07076,8805,59,314,210,98
1187,752,998,Shia003744Vols,552,12,258,203,100
1187,161,322,Zaydiyya0000295Vols,163,274,435,131,100
1187,526,752,Zaydiyya0000295Vols,165,284,923,178,33
1187,752,998,ShamAY0038316,127,624,870,203,100
1187,222,548,JK009396,1752,996,1321,254,97
1187,514,752,JK009396,1753,1069,1307,195,100
1187,720,998,JK009396,1755,350,659,215,85
1187,13,222,Sham19Y0023608,4207,752,945,145,84
1187,222,391,Sham19Y0023608,4209,1310,1479,136,100
1187,514,752,Sham19Y0023608,4213,124,362,195,100
1187,752,998,Sham19Y0023608,4215,1329,1575,203,100
1187,526,752,JK000381,1499,589,827,185,94
1187,752,935,JK000381,2680,1401,1583,151,99
1187,514,752,JK000381,3281,1195,1433,195,100
1187,589,752,JK000381,3333,1222,1385,134,100
1187,514,752,JK000381,3417,611,849,195,100
1187,289,429,Shamela0001340,314,1264,1404,109,97
1187,544,752,Meshkat00042488,1843,287,950,167,30
1187,752,949,ShamAY0033108,12,1355,1553,163,99
1187,120,1160,Shia002356Vols,1354,0,1061,797,90
1187,13,222,Shia002380Vols,856,908,1521,160,31
1187,226,592,Shia002380Vols,857,152,1282,288,31
1187,289,429,Shamela0001419,528,325,461,90,81
1187,279,514,JK001496,2536,339,578,189,98
1187,589,752,JK001496,2537,567,732,134,98
1187,752,935,Tafsir02091,12,1436,1618,151,99
1187,13,226,Shamela0008473,5022,31,225,150,86
1187,222,538,Shamela0008473,5025,513,833,248,96
1187,461,752,Shamela0008473,5028,639,1043,237,72
1187,752,998,Shamela0008473,5030,776,1022,203,100
1187,226,464,Shia002382Vols,1889,51,767,168,29
1187,743,968,Hindawi014685395,53,1029,1254,183,98
1187,13,1019,Shamela0023591,6784,104,1082,784,95
1187,79,518,Shamela0023591,6785,194,634,352,99
1187,514,998,Shamela0023591,6790,636,1120,398,100
1187,279,514,JK009266,9464,466,701,189,100
1187,514,998,JK009266,9467,1056,1540,398,100
1187,56,222,Shamela0021821,1985,462,628,137,100
1187,194,514,Shamela0021821,1988,471,834,256,87
1187,461,761,Shamela0021821,1991,1096,1430,234,86
1187,824,1094,Shamela0021821,1994,0,294,175,73
1187,514,752,Kraken220413194022,272,947,1179,181,92
1187,514,752,JK000077,77,533,771,195,100
1187,79,376,JK009362,9222,1382,1680,241,98
1187,376,998,JK009362,9223,0,639,508,97
1187,226,514,Shia001174Vols,2190,323,636,158,60
1187,589,761,Shamela0009292,110,1084,1256,137,97
1187,222,600,Shamela0021499,14,1237,1615,304,99
1187,600,752,Shamela0021499,15,0,152,125,100
1187,213,563,JK000065,205,1366,1583,156,54
1187,222,526,JK006478,9521,539,860,243,94
1187,589,739,JK006478,9529,1470,1621,123,98
1187,734,1011,JK006478,9533,1252,1575,225,83
1187,279,482,ShamAY0037056,9,1271,1473,160,97
1187,56,589,Rafed0003943Vols,1628,662,1196,432,99
1187,580,998,Rafed0003943Vols,1630,543,961,344,99
1187,250,461,Shamela0010273,3568,409,882,170,44
1187,279,514,Shamela0012293,204,1172,1407,189,100
1187,752,998,Shamela0012293,292,903,1149,203,100
1187,279,514,Shamela0012293,1094,34,269,189,100
1187,752,1011,Tafsir06048,964,716,1067,210,71
1187,752,949,JK009237,1919,206,425,163,89
1187,298,429,Rafed0003799Vols,188,415,546,105,100
1187,245,365,Meshkat00057178,3778,490,700,96,57
1187,713,889,Meshkat00057178,3780,1171,1347,145,100
1187,79,998,QuranAnalysis001,255,619,1538,750,100
1187,213,789,Shamela0006886,5,342,916,440,94
1187,514,752,JK000028,269,396,634,195,100
1187,391,628,Sham19Y0020879,377,942,1089,105,55
1187,1160,1643,Rafed0001713Vols,2885,254,794,174,30
1187,222,518,Rafed0001713Vols,2886,909,1206,237,99
1187,499,729,Rafed0001713Vols,2888,1339,1583,188,93
1187,734,998,Rafed0001713Vols,2890,1137,1402,210,96
1187,279,514,ShamAY0035035,7449,1024,1250,182,95
1187,514,761,JK001414,259,1021,1268,198,97
1187,461,669,Shamela0009065,517,941,1514,158,34
1187,734,968,Shamela0000041,2729,837,1237,191,57
1187,56,429,Shamela0023578,3381,153,553,303,93
1187,279,429,Shamela0023578,3385,706,908,121,74
1187,429,998,Shamela0023578,3386,665,1235,466,99
1188,1164,1425,Shamela0000894,6929,261,495,134,66
1188,1164,1312,Shamela0025794,1499,514,666,113,92
1188,948,1425,Shamela0022593,2804,802,1273,145,31
1188,808,1490,Tafsir09083,1761,11,661,189,23
1188,948,1490,Tafsir09084,2601,351,1251,226,29
1188,666,1018,Sham19Y0020891,6737,317,747,186,46
1188,26,165,Shamela0000140,1824,0,124,94,86
1188,1164,1312,Sham19Y0132973,802,248,403,102,85
1188,1164,1312,JK000141,855,612,744,95,83
1188,610,1011,Zaydiyya0000062,2109,969,1514,204,39
1188,1164,1312,Sham19Y0023608,105,1021,1171,98,78
1188,1164,1312,Sham19Y0148271,1462,1003,1156,112,92
1188,798,1011,ShamIbadiyya0000075,980,1040,1471,149,41
1188,1164,1347,Shamela0004473,13744,520,726,127,74
1188,1164,1312,JK000201,27,708,853,100,84
1188,798,1312,ShamAY0033108,1967,598,1416,253,36
1188,798,1018,Shia002380Vols,857,529,706,124,67
1188,1164,1312,PV2024060602,4573,859,991,95,83
1188,636,1018,JK001496,2536,10,491,219,49
1188,984,1490,Shamela0008473,5027,930,1405,211,50
1188,798,1021,Shia002382Vols,1889,181,432,135,55
1188,798,1021,Shia002382Vols,2499,40,291,135,55
1188,1164,1312,Shamela0012884,5272,1182,1332,98,78
1188,1174,1301,Shamela0001417,1167,101,224,88,85
1188,984,1312,ShamIbadiyya0000135,119,256,816,134,26
1188,1164,1312,JK009152,714,517,676,106,85
1188,1164,1312,JK001295,818,1060,1202,99,84
1188,1164,1312,Shamela0007562,14,246,397,100,80
1188,651,1500,Tafsir01006,1547,75,1027,296,30
1188,1164,1312,Shamela0009810,1605,1202,1334,95,83
1188,1153,1312,Masaha000554Vols,6693,971,1134,104,76
1188,798,1419,Shamela0023578,3385,706,1361,235,38
1189,1182,1639,Shamela0095562,156,884,1638,203,28
1189,618,1173,Shamela0095562,156,114,724,219,34
1189,404,810,Shamela0000140,2221,0,397,284,78
1189,0,497,Meshkat00042485,7061,758,1216,200,38
1189,337,1396,Shia002380Vols,858,578,1572,437,38
1189,388,1639,Tafsir01006,1548,0,1495,581,39
1190,383,536,JK000330,202,0,153,125,100
1190,0,309,Shia001432Vols,1834,772,1081,246,99
1190,309,536,Shia001432Vols,2525,131,358,184,100
1190,69,536,Shia001432Vols,22263,113,509,290,77
1190,0,252,Shamela0023632,3700,1358,1610,204,99
1190,309,536,Shamela0023632,3704,186,413,184,100
1190,0,141,JK009268,4594,1515,1655,114,99
1190,141,536,JK009268,4595,0,395,317,100
1190,32,244,Sham19Y0023618,1850,304,685,172,55
1190,244,536,Sham19Y0023618,1851,563,1193,233,46
1190,69,309,JK000146,307,278,518,191,100
1190,0,141,Shamela0023628,3634,193,334,114,100
1190,141,340,Shamela0023628,3634,1251,1451,158,99
1190,0,309,Rafed0003257Vols,5429,238,548,247,99
1190,309,540,Rafed0003257Vols,5434,7,240,185,97
1190,912,1352,Shamela0022593,2811,640,1507,184,25
1190,1063,1359,Tafsir09084,2605,0,441,193,55
1190,0,309,Sham19Y0020891,6746,875,1156,212,85
1190,146,309,Tafsir09068,1246,1249,1429,113,80
1190,0,164,JK009270,5829,1253,1415,132,98
1190,164,309,JK009270,5833,64,209,114,100
1190,0,120,Meshkat0014420,4845,1463,1581,97,98
1190,120,309,Meshkat0014420,4846,0,189,150,100
1190,309,536,Meshkat0014420,4850,219,446,184,100
1190,1125,1341,Shamela0029677,2027,1278,1470,91,43
1190,146,309,Shamela0001466,4039,1216,1409,109,73
1190,17,309,Sham19Y0147312,2071,936,1203,204,87
1190,375,536,Sham19Y0147312,2072,1061,1222,131,100
1190,69,309,Shamela0004445,7068,661,901,191,100
1190,187,309,Zaydiyya0000062,2114,1422,1542,95,96
1190,0,285,JK000791,2478,1190,1475,229,100
1190,274,536,JK000791,2480,984,1246,203,97
1190,175,309,Shamela0022712,53,1144,1278,99,95
1190,313,536,Zaydiyya0000295Vols,162,10,883,181,25
1190,0,588,JK009396,1756,241,643,284,57
1190,285,540,JK009396,1758,565,917,199,70
1190,0,309,Sham19Y0023608,4218,950,1260,247,99
1190,318,536,Sham19Y0023608,4223,0,218,177,100
1190,69,255,JK000381,1779,974,1168,142,90
1190,267,393,Meshkat00042488,1846,138,456,98,39
1190,141,536,Shia002356Vols,1358,2,405,312,96
1190,375,536,Shia002380Vols,860,275,649,131,43
1190,0,248,JK001496,2539,1295,1515,164,79
1190,1171,1529,JK001496,2540,515,852,106,25
1190,94,309,Shamela0008473,5032,0,215,171,100
1190,912,1359,Shamela0008473,5033,98,869,250,41
1190,171,560,Shamela0008473,5034,464,1217,296,48
1190,0,238,JK009265,214,1366,1604,193,99
1190,69,309,JK009265,294,954,1195,190,99
1190,0,536,Shamela0023591,6793,827,1364,431,99
1190,0,540,Shamela0023591,6794,831,1372,432,99
1190,77,309,JK009266,9477,6,238,185,100
1190,309,536,JK009266,9480,698,925,184,100
1190,52,309,Shamela0021821,1995,0,255,204,99
1190,296,536,Shamela0021821,1997,625,905,194,85
1190,0,260,JK009362,9246,1356,1619,210,97
1190,260,553,JK009362,9247,0,306,233,94
1190,0,289,Rafed0003943Vols,1631,663,953,229,98
1190,285,536,Rafed0003943Vols,1632,804,1055,202,100
1190,1112,1352,Shamela0007798,9424,614,974,138,49
1190,164,309,Shamela0007798,9425,1062,1273,114,68
1190,1152,1359,JK008001,379,125,348,97,47
1190,375,536,Meshkat00057178,3786,1124,1285,131,100
1190,28,547,QuranAnalysis001,256,0,526,414,97
1190,0,309,Rafed0001713Vols,2892,373,683,247,99
1190,309,540,Rafed0001713Vols,2894,875,1106,185,99
1190,69,244,Shamela0000041,2730,1393,1568,142,100
1190,206,375,Shamela0000041,2731,890,1349,131,36
1190,0,958,Shamela0023578,3391,531,1439,584,72
1191,1384,1534,Shia001432Vols,4673,108,260,124,98
1191,1322,1534,Shamela0023632,3706,195,400,154,88
1191,1015,1403,Shamela0095562,159,116,570,215,54
1191,1102,1534,JK009268,4600,383,887,226,47
1191,1322,1534,Sham19Y0023618,1852,738,1376,158,30
1191,1015,1466,Shamela0023628,3637,519,1153,232,40
1191,1361,1534,Rafed0003257Vols,5438,1276,1457,143,95
1191,1361,1516,Meshkat0014420,4854,24,190,128,93
1191,0,245,Meshkat00042485,7069,614,911,154,63
1191,1361,1534,Sham19Y0147312,2073,0,174,143,99
1191,1384,1534,Shamela0004445,696,852,1003,124,99
1191,1317,1534,JK000791,2483,138,352,158,86
1191,1015,1410,Shamela0021766,4781,430,973,189,36
1191,1370,1534,Sham19Y0009800,41,582,758,131,90
1191,1322,1534,JK009396,1759,1109,1326,153,75
1191,1322,1534,Sham19Y0023608,4226,81,280,154,88
1191,345,773,JK000465,4339,532,1071,56,8
1191,1384,1534,Sham19Y0145435,6089,1225,1376,124,99
1191,1092,1534,Shia002356Vols,1360,427,914,222,42
1191,0,391,Shia002380Vols,859,1258,1575,186,57
1191,941,1534,Shia002380Vols,860,275,1241,359,41
1191,1361,1534,Shamela0008473,5039,515,689,143,99
1191,0,541,Shia002382Vols,1892,1134,1560,215,47
1191,941,1403,Shia002382Vols,1893,596,1172,248,47
1191,0,554,Shia002382Vols,2503,592,1090,231,45
1191,1015,1431,Shia002382Vols,2504,480,845,212,57
1191,1322,1534,JK009266,9487,543,815,174,77
1191,1361,1534,Shamela0021821,1999,1222,1396,143,99
1191,1384,1534,Sham19Y0005414,229,855,1006,124,99
1191,1384,1534,JK009362,9263,33,184,124,99
1191,345,781,Sham19Y0013252,7196,681,1000,77,20
1191,1322,1534,Rafed0003943Vols,1633,365,551,153,86
1191,0,400,Tafsir01006,1549,985,1520,242,56
1191,1015,1403,Tafsir01006,1550,807,1226,206,52
1191,941,1534,QuranAnalysis001,256,347,669,256,52
1191,330,941,Rafed0001713Vols,2895,0,265,104,18
1191,1015,1230,Rafed0001713Vols,2896,897,1346,143,38
1191,1322,1534,Rafed0001713Vols,2897,57,554,175,42
1191,1102,1466,Shamela0000041,2734,7,201,149,49
1191,941,1403,JK000876,1661,0,638,234,38
1192,0,397,Shia001432Vols,1056,643,858,148,47
1192,0,397,Shia001432Vols,28970,305,501,134,42
1192,79,320,Shamela0023632,3709,788,1029,196,100
1192,0,438,JK009268,4600,887,1321,345,97
1192,79,367,Sham19Y0023618,1853,900,1573,234,42
1192,79,290,Hindawi070427368,20,787,998,172,100
1192,0,158,Shamela0023628,3642,487,645,129,100
1192,116,397,Shamela0023628,3643,132,677,226,51
1192,237,420,AOCP20251117041,595,169,357,142,94
1192,237,426,JK009229,779,256,445,150,100
1192,237,426,Kraken220413030757,152,11,204,149,97
1192,79,426,Rafed0003257Vols,5441,1063,1410,280,100
1192,58,237,Sham19Y0020891,6757,1065,1292,143,77
1192,79,323,Tafsir09068,1251,630,1562,196,25
1192,0,206,JK009270,5842,1346,1551,168,99
1192,283,426,JK009270,5845,0,143,114,100
1192,261,426,Kraken22021817402401,131,0,163,129,96
1192,0,158,Sham19Y0150960,1076,218,375,126,98
1192,0,237,Meshkat0014420,4859,1116,1353,194,100
1192,237,426,Meshkat0014420,4861,11,200,150,100
1192,0,158,Sham19Y0147312,2073,174,332,129,100
1192,151,426,Sham19Y0147312,2074,509,784,217,98
1192,0,158,Shamela0004445,696,1003,1161,129,100
1192,888,1420,Shamela0022769,1718,40,508,121,20
1192,237,426,Masaha001075,168,96,285,150,100
1192,0,648,JK000791,2483,352,1018,378,58
1192,0,173,Sham19Y0009800,41,758,941,138,92
1192,158,445,JK007018,882,854,1169,221,85
1192,0,237,Zaydiyya0000295Vols,158,1274,1656,190,60
1192,0,158,JK009396,1759,1326,1484,129,100
1192,158,426,JK009396,1761,524,792,215,100
1192,58,237,Sham19Y0023608,4229,1038,1283,142,71
1192,0,266,JK000818,728,966,1527,208,45
1192,0,240,Meshkat00042488,1848,1033,1510,193,49
1192,113,397,Meshkat00042488,1849,0,995,226,28
1192,0,306,ShamIbadiyya0000075,984,512,1075,245,52
1192,0,158,Sham19Y0145435,6089,1376,1534,129,100
1192,0,639,Shia002356Vols,1360,914,1553,418,72
1192,79,413,Shia002380Vols,861,199,872,268,49
1192,0,158,Shamela0008473,5039,689,847,129,100
1192,0,426,Shamela0008473,5050,689,1399,341,59
1192,79,413,Shia002382Vols,1897,49,872,267,40
1192,0,158,MMS00013,566,499,656,128,99
1192,0,426,Tafsir05047,1006,84,976,258,35
1192,173,320,JK009266,9495,0,147,119,100
1192,0,158,Shamela0021821,1999,1396,1553,128,99
1192,158,472,Shamela0021821,2004,1049,1352,228,90
1192,0,438,JK009362,9263,184,624,346,97
1192,0,272,JK009257,1020,178,660,214,54
1192,237,445,Shamela0036569,492,22,234,156,93
1192,0,254,Rafed0003943Vols,1633,551,805,207,100
1192,254,426,Rafed0003943Vols,1634,462,634,137,100
1192,0,272,Tafsir06048,1290,818,1258,218,61
1192,293,426,Meshkat00057178,3795,825,954,100,95
1192,0,462,QuranAnalysis001,256,669,1157,362,91
1192,35,323,Rafed0001713Vols,2903,963,1325,228,77
1192,79,237,Tafsir04056,7431,695,1244,130,28
1192,10,367,Shamela0000041,2740,1197,1553,273,91
1192,0,306,Shamela0023578,3400,1268,1573,249,99
1192,306,438,Shamela0023578,3401,0,132,97,93
1193,274,797,Shamela0095562,162,58,494,200,41
1193,78,1010,JK009268,4600,868,1239,292,38
1193,59,658,JK009270,5842,1312,1551,183,37
1193,78,714,Meshkat0014420,4859,1097,1382,204,39
1193,78,1010,JK000791,2483,333,702,289,38
1193,82,689,Zaydiyya0000295Vols,158,1259,1656,220,43
1193,59,797,JK000818,728,932,1551,291,41
1193,78,689,Meshkat00042488,1848,1014,1507,208,31
1193,0,944,ShamIbadiyya0000075,984,382,1186,370,39
1193,78,1010,Shamela0008473,5050,670,1325,328,38
1193,274,1010,Shia002382Vols,1897,49,676,327,48
1193,1088,1455,ShamIbadiyya0000050,6149,830,1181,114,30
1193,78,1010,JK009362,9263,165,537,291,38
1193,78,807,JK009257,1020,159,691,278,41
1193,78,689,Rafed0003943Vols,1633,532,788,200,40
1193,59,791,Tafsir06048,1290,782,1272,242,36
1193,447,696,Tafsir04003,4126,1246,1571,116,36
1193,935,1544,Sham19Y0014404,1634,908,1566,136,18
1193,78,1010,QuranAnalysis001,256,650,1021,292,38
1193,970,1583,Rafed0001713Vols,2905,145,910,223,29
1193,59,998,Shamela0000041,2740,1028,1538,295,36
1193,289,689,Shamela0000041,2741,8,413,191,47
1193,78,866,Shamela0023578,3400,1249,1573,255,39
1193,59,478,Shamela0023578,3409,133,454,157,38
1193,998,1544,JK000876,1664,373,1038,156,22
1194,481,598,Shia001432Vols,2525,458,575,96,100
1194,226,481,Shamela0023632,3711,510,756,187,92
1194,481,606,Shamela0023632,3714,907,1031,102,99
1194,283,598,JK009268,4607,28,343,254,100
1194,422,598,Sham19Y0023618,1855,775,951,142,100
1194,31,221,JK000146,176,985,1254,135,60
1194,312,458,Shamela0023628,3645,689,835,109,93
1194,458,598,Shamela0023628,3646,1162,1302,113,100
1194,260,481,Rafed0003257Vols,5446,302,530,177,96
1194,468,598,Rafed0003257Vols,5450,249,382,101,93
1194,56,226,Tafsir09084,2364,397,587,99,61
1194,44,332,Tafsir09084,2613,990,1340,192,68
1194,59,226,JK000100,39,855,1034,102,63
1194,283,445,JK009270,5850,486,648,127,98
1194,441,598,JK009270,5856,147,304,127,100
1194,44,231,Sham19Y0150960,1457,335,531,141,88
1194,56,231,JK005004,20,458,637,130,88
1194,56,226,Shia002261Vols,87,793,962,130,93
1194,260,974,Meshkat0014420,4864,704,1116,225,36
1194,364,598,Meshkat0014420,4867,203,546,147,52
1194,56,226,JK009390,574,677,839,130,95
1194,67,862,Meshkat00042485,7088,746,1569,226,23
1194,226,481,Sham19Y0147312,2075,175,806,187,35
1194,472,614,Sham19Y0147312,2076,1259,1423,104,78
1194,31,226,Shamela0004445,15,481,675,141,89
1194,40,226,JK000022,344,1163,1376,107,58
1194,27,226,JK000022,1489,578,780,131,76
1194,56,226,Sham19Y0122096,934,337,506,130,93
1194,226,489,JK000791,2488,456,729,199,89
1194,472,606,JK000791,2490,1193,1343,110,89
1194,44,226,Shamela0021766,4788,672,849,133,89
1194,13,226,JK000474,2815,151,347,131,77
1194,67,226,Shamela0021659,423,0,154,124,96
1194,44,231,JK009313,3803,146,330,133,88
1194,56,226,JK009274,282,159,321,130,95
1194,56,226,Sham19Y0127677,490,240,407,129,93
1194,226,704,JK009396,1762,355,747,230,53
1194,441,646,JK009396,1764,179,654,143,37
1194,458,598,Sham19Y0023608,4239,849,1044,113,71
1194,31,226,Shamela0021715,5052,8,216,136,77
1194,441,571,Meshkat00042488,1851,270,724,104,28
1194,56,226,Shamela0004473,8198,440,626,99,59
1194,226,903,Shia002356Vols,1363,408,1445,402,46
1194,226,357,Shia002380Vols,861,958,1473,106,25
1194,59,226,JK006874,21,414,612,102,58
1194,56,226,Shamela0008473,4577,732,921,99,61
1194,44,283,Shamela0008473,5052,1069,1330,157,70
1194,260,704,Shamela0008473,5053,565,916,226,59
1194,481,598,Shamela0008473,5055,291,408,96,100
1194,357,598,JK009265,165,821,1061,194,99
1194,226,598,Shamela0023591,6808,6,381,284,94
1194,450,598,Shamela0023591,6809,0,148,120,100
1194,226,357,JK009266,9499,10,177,88,65
1194,481,606,JK009266,9505,232,362,102,95
1194,56,226,Zaydiyya0000153,214,1006,1198,92,59
1194,56,226,JK007044,306,7,174,129,93
1194,56,226,Shamela0021821,2006,731,928,101,60
1194,226,691,Shamela0021821,2007,27,572,238,45
1194,481,614,Shamela0021821,2009,436,590,109,85
1194,226,598,Tafsir07053,318,941,1295,280,93
1194,276,598,Tafsir07053,319,57,334,136,41
1194,56,226,Shamela0001417,1167,430,593,126,89
1194,283,598,JK009362,9279,1263,1578,254,100
1194,59,226,JK000467,1176,1025,1205,102,63
1194,31,226,Shamela0001426,50,537,753,143,80
1194,332,499,Noorlib0010827,192,554,714,122,93
1194,44,226,JK001295,819,368,554,137,90
1194,481,606,JK006478,9574,1020,1157,103,91
1194,59,226,Kraken220413030759,366,489,680,101,63
1194,226,598,Rafed0003943Vols,1635,294,991,283,48
1194,56,226,JK000799,10,807,1012,107,60
1194,56,226,Shamela0007798,8685,855,1043,99,60
1194,299,481,Shamela0007798,9453,0,182,144,100
1194,481,614,Shamela0007798,9460,573,697,102,93
1194,226,1098,Tafsir01006,1553,469,1150,246,27
1194,56,226,JK008001,2150,846,1008,129,94
1194,276,704,Masaha000554Vols,6731,210,603,187,41
1194,276,598,QuranAnalysis001,256,1098,1420,256,98
1194,56,226,Shamela0001438,1374,769,931,130,95
1194,226,465,Rafed0001713Vols,2905,1031,1535,192,47
1194,260,723,Rafed0001713Vols,2906,112,528,67,10
1194,472,598,Rafed0001713Vols,2908,456,588,103,95
1194,40,226,Shamela0010480,1495,310,526,106,57
1194,458,598,Shamela0000041,2744,391,531,113,100
1194,357,598,Shamela0023578,3413,770,1011,194,100
1194,4,332,JK000876,1664,1196,1414,112,39
1195,832,1000,Shia001432Vols,5911,961,1129,135,100
1195,693,1000,Shamela0023632,3715,888,1193,230,93
1195,727,1122,Hindawi080252614,43,579,974,314,98
1195,191,769,Shamela0095562,164,17,856,299,43
1195,714,1118,JK009268,4610,807,1231,322,93
1195,774,975,JK000440,49,0,295,77,24
1195,367,1140,Shamela0023628,3647,0,894,242,26
1195,816,1016,Shamela0023628,3648,428,628,160,100
1195,727,1118,Rafed0003257Vols,5453,914,1312,315,98
1195,727,1076,Kraken220610012301,1,0,338,252,90
1195,936,1118,JK009270,5867,267,449,146,99
1195,727,902,Meshkat0014420,4869,608,794,141,94
1195,902,1112,Meshkat0014420,4873,1286,1495,169,99
1195,832,1000,Sham19Y0147312,2078,51,219,135,100
1195,564,1248,Zaydiyya0000062,2124,749,1303,328,51
1195,684,1000,JK000791,2491,1012,1332,238,91
1195,936,1137,JK000791,2493,563,930,149,48
1195,1000,1137,JK009336,428,1120,1257,110,100
1195,681,1000,JK007018,884,933,1261,233,83
1195,693,1029,JK009396,1765,839,1171,237,82
1195,239,769,Sham19Y0122173,811,555,997,157,35
1195,888,1034,Meshkat00042488,1853,404,1027,117,23
1195,750,910,Shamela0023788,431,206,366,115,91
1195,727,1332,Shia002356Vols,1365,307,1137,395,57
1195,174,769,Shia002380Vols,862,624,1358,305,43
1195,693,1248,JK001496,2550,122,351,128,26
1195,727,1000,Shamela0008473,5057,261,534,219,99
1195,307,769,Shia002382Vols,1899,113,936,258,34
1195,750,1513,Shia002382Vols,2511,756,1316,196,27
1195,736,1140,JK009266,9508,0,304,103,23
1195,727,1000,Shamela0021821,2010,639,912,219,99
1195,750,1118,JK009362,9290,714,1089,295,97
1195,693,1168,Rafed0003943Vols,1635,1377,1553,132,34
1195,848,1118,Rafed0003943Vols,1636,1156,1426,217,100
1195,693,888,Shamela0007798,9463,567,788,152,84
1195,205,769,Tafsir01006,1554,387,1189,318,43
1195,868,1118,QuranAnalysis001,257,0,250,202,100
1195,727,1256,Rafed0001713Vols,2909,1132,1436,133,27
1195,832,1118,Rafed0001713Vols,2911,295,581,230,100
1195,205,769,Shamela0000041,2744,616,1270,223,34
1195,827,975,Shamela0000041,2745,1374,1522,118,98
1195,394,727,Shamela0023578,3415,919,1147,124,44
1195,727,936,Shamela0023578,3416,1234,1467,168,88
1195,907,1118,Shamela0023578,3418,1046,1526,165,42
1196,0,1023,Shia001432Vols,5928,664,1542,299,26
1196,778,1023,Shia001432Vols,22085,505,648,86,41
1196,645,1023,Tafsir09083,1774,931,1386,166,39
1196,813,1337,Meshkat00042485,7106,572,989,181,33
1196,778,1023,Shia002356Vols,1366,1093,1333,118,48
1196,277,1299,Shia002380Vols,863,228,606,240,28
1196,199,1299,Shia002382Vols,1900,476,910,256,27
1196,285,1299,Shia002382Vols,2512,288,692,237,27
1196,42,335,Tafsir01006,1555,598,854,95,35
1196,948,1337,Tafsir01006,1556,68,301,111,32
1196,42,335,Rafed0001713Vols,2911,892,1324,108,29
1196,813,1268,Rafed0001713Vols,2912,920,1571,146,22
1196,209,1259,Shamela0000041,2746,282,1175,323,30
1197,637,808,ShamAY0035792,764,0,171,138,100
1197,541,808,Shia001432Vols,1904,211,478,214,99
1197,808,1018,Shia001432Vols,2525,614,824,167,99
1197,482,735,Shamela0023632,3720,487,737,184,91
1197,735,1015,Shamela0023632,3723,414,694,228,100
1197,1015,1459,Shamela0095562,167,75,675,178,29
1197,473,1015,JK009268,4618,5,619,424,85
1197,554,716,Sham19Y0023618,1861,95,253,115,90
1197,766,937,Sham19Y0023618,1862,40,211,140,100
1197,482,649,Shamela0023628,3651,935,1205,131,60
1197,649,839,Shamela0023628,3653,519,712,154,98
1197,839,1015,Shamela0023628,3655,852,1028,142,100
1197,518,808,Rafed0003257Vols,5469,493,790,234,97
1197,808,1015,Rafed0003257Vols,5472,1315,1522,167,100
1197,482,673,Sham19Y0020891,6779,527,718,152,100
1197,641,808,Sham19Y0020891,6781,1026,1193,130,95
1197,808,1018,Sham19Y0020891,6783,192,402,166,98
1197,673,808,JK000030,251,1260,1395,111,100
1197,649,766,JK009270,5876,216,333,93,100
1197,787,937,JK009270,5879,0,150,121,99
1197,591,937,ShamAY0034106,331,80,544,140,35
1197,518,735,Meshkat0014420,4877,287,515,173,95
1197,735,1044,Meshkat0014420,4880,467,763,235,93
1197,1320,1525,Meshkat00042485,7111,42,245,114,67
1197,180,678,Sham19Y0147312,2078,756,1348,200,33
1197,652,813,Sham19Y0147312,2079,1131,1291,125,96
1197,251,673,JK000791,2494,889,1258,192,54
1197,673,1087,JK000791,2496,643,1012,296,88
1197,554,716,Shamela0022712,41,898,1011,73,56
1197,466,678,JK009396,1769,383,594,135,71
1197,808,1015,JK009396,1772,30,237,167,100
1197,482,673,Sham19Y0023608,4249,771,952,134,89
1197,673,808,Sham19Y0023608,4251,833,968,111,100
1197,562,716,Shamela0021729,36,677,879,90,48
1197,562,716,JK000381,6842,1078,1262,89,51
1197,305,673,Meshkat00042488,1854,566,1426,190,25
1197,673,813,Meshkat00042488,1855,430,945,111,26
1197,482,1093,Shia002356Vols,1367,709,1534,468,68
1197,1015,1398,Shia002380Vols,863,1172,1454,148,46
1197,562,813,JK001496,2555,680,927,198,97
1197,808,1015,Zaydiyya0000328,552,452,659,166,99
1197,412,673,Shamela0008473,5063,491,858,160,52
1197,624,808,Shamela0008473,5064,905,1163,148,71
1197,1015,1359,Shia002382Vols,1902,368,559,123,42
1197,703,844,JK009265,209,0,147,115,95
1197,353,1015,Shamela0023591,6819,875,1451,435,81
1197,541,1070,Shamela0023591,6820,417,1010,419,87
1197,430,678,JK009266,9522,52,371,164,58
1197,641,813,JK009266,9528,446,632,131,87
1197,412,673,Shamela0021821,2014,751,983,158,77
1197,649,813,Shamela0021821,2016,333,523,129,81
1197,759,1036,Shamela0021821,2017,43,495,215,56
1197,251,954,Shamela0009066,279,114,1048,223,23
1197,673,808,Shia002389Vols,3233,188,468,95,41
1197,251,615,Shamela0036506,272,1139,1542,142,36
1197,615,954,Shamela0036506,273,0,514,79,14
1197,541,780,JK009362,9309,1365,1604,191,99
1197,780,1036,JK009362,9310,0,247,197,94
1197,514,1023,AOCP20251117016Vols,312,553,1055,325,72
1197,527,673,JK010127,44,194,338,107,93
1197,473,750,Rafed0003943Vols,1637,1258,1512,201,89
1197,735,1015,Rafed0003943Vols,1638,1230,1508,222,97
1197,198,426,Shamela0010273,3598,273,586,103,40
1197,482,673,Shamela0007798,9472,633,850,148,84
1197,673,813,Shamela0007798,9476,519,654,111,96
1197,1028,1525,Tafsir01006,1556,980,1548,201,35
1197,159,562,Tafsir01006,1556,460,980,180,36
1197,495,649,Meshkat00057178,3805,35,306,104,48
1197,180,1018,QuranAnalysis001,257,190,738,431,63
1197,482,673,Rafed0001713Vols,2914,271,713,152,43
1197,673,808,Rafed0001713Vols,2916,333,468,111,100
1197,808,1018,Rafed0001713Vols,2917,8,215,167,98
1197,473,673,Shia002374Vols,486,119,578,99,23
1197,562,716,JK006950,1145,876,1060,89,51
1197,649,844,Shamela0000041,2749,1043,1237,156,98
1197,482,1108,Shamela0023578,3421,174,1223,397,41
1198,955,1256,Shia001432Vols,5929,0,228,105,38
1198,1329,1573,Shamela0023632,3725,423,668,182,92
1198,1204,1390,Shamela0095562,169,7,265,87,38
1198,1329,1573,JK009268,4624,20,331,189,75
1198,1429,1573,Sham19Y0023618,1863,949,1094,115,99
1198,1360,1573,Rafed0003257Vols,5480,1254,1475,172,96
1198,703,1008,Tafsir09083,1778,746,1331,182,39
1198,856,1429,JK010001,3990,65,442,126,21
1198,1360,1550,Meshkat0014420,4884,576,777,152,94
1198,0,357,Meshkat00042485,7112,436,905,222,54
1198,856,1003,Meshkat00042485,7115,72,283,107,63
1198,575,1414,Tafsir02104,653,940,1415,194,25
1198,1204,1573,JK000791,2498,921,1233,198,67
1198,1383,1573,Tafsir07076,209,639,829,152,98
1198,1383,1573,Tafsir07076,970,680,870,152,98
1198,1383,1573,Tafsir07076,4171,333,524,153,99
1198,1383,1573,Tafsir07076,4942,651,970,152,59
1198,1383,1573,Tafsir07076,5805,1299,1489,152,98
1198,1383,1568,Tafsir07076,6416,1132,1316,147,99
1198,1227,1573,JK009396,1773,0,357,204,64
1198,1360,1573,Shia002356Vols,1370,139,354,171,98
1198,926,1455,Shamela0010523,316,306,957,156,23
1198,570,1360,Shia002380Vols,864,933,1576,230,30
1198,1360,1573,Shamela0008473,5069,179,395,172,98
1198,0,423,Shia002382Vols,1903,179,601,170,40
1198,570,991,Shia002382Vols,1903,1192,1570,177,45
1198,570,998,Shia002382Vols,2516,23,497,182,39
1198,962,1429,Tafsir07055,4102,0,333,93,18
1198,1285,1573,Shamela0023591,6826,1096,1366,197,84
1198,1376,1573,Shamela0023591,6827,1189,1387,156,97
1198,1324,1451,JK009266,9536,241,433,100,64
1198,123,461,JK000458,3490,258,932,184,34
1198,1360,1573,Shamela0021821,2018,1168,1382,172,99
1198,1360,1573,Shamela0012406,1944,1256,1470,172,99
1198,1383,1573,JK001090,111,1158,1368,153,90
1198,1414,1573,Shamela0000678,30,0,162,125,96
1198,959,1490,JK001420,792,148,729,151,22
1198,1360,1573,Shamela0003118,3717,320,534,172,99
1198,50,430,JK010127,52,370,679,244,78
1198,1204,1573,Rafed0003943Vols,1639,1288,1569,214,71
1198,560,979,Tafsir01006,1557,1081,1641,183,38
1198,0,461,Tafsir01006,1557,50,675,301,55
1198,570,1390,Sham19Y0014404,1641,352,1521,282,25
1198,856,1573,QuranAnalysis001,257,621,935,246,42
1198,861,1400,Tafsir08090,1688,979,1460,174,34
1198,1360,1573,JK000916,12250,713,927,172,99
1198,50,399,Rafed0001713Vols,2916,491,1392,214,30
1198,570,682,Rafed0001713Vols,2917,1126,1361,81,43
1198,878,1573,Rafed0001713Vols,2918,223,1538,395,34
1198,1360,1573,Shamela0000736,4982,158,372,172,99
1198,1376,1557,Hindawi037926480,92,1320,1505,142,94
1198,435,998,Shamela0000041,2751,4,411,143,26
1199,282,453,Shia001432Vols,1886,740,905,132,96
1199,75,453,Shia001432Vols,22839,941,1319,304,99
1199,75,332,Shamela0023632,3729,1249,1506,207,100
1199,332,531,Shamela0023632,3732,71,270,162,100
1199,229,409,Tafsir03097,1738,440,1176,133,22
1199,0,531,JK009268,4624,331,862,430,100
1199,75,308,Sham19Y0023618,1865,133,366,188,100
1199,75,282,Shamela0023628,3663,1233,1550,165,63
1199,294,503,Shamela0023628,3665,111,320,161,95
1199,75,282,Rafed0003257Vols,5485,158,365,168,100
1199,282,531,Rafed0003257Vols,5488,428,677,201,100
1199,1266,1425,Tafsir09083,1780,751,1292,91,20
1199,282,453,Sham19Y0020891,6799,431,602,137,100
1199,237,409,JK010001,3938,554,727,139,98
1199,185,332,JK009270,5891,925,1072,118,100
1199,0,294,Meshkat0014420,4889,1230,1524,231,97
1199,282,531,Meshkat0014420,4895,259,506,201,99
1199,286,453,JK000081,1026,125,292,134,100
1199,268,453,Sham19Y0147312,2084,1375,1550,142,94
1199,75,538,JK000791,2505,60,531,374,97
1199,185,438,Shamela0000922,1315,31,906,203,28
1199,282,409,JK000127,131,571,704,102,95
1199,75,282,JK009396,1776,1249,1456,168,100
1199,278,531,JK009396,1777,518,771,201,98
1199,282,453,Sham19Y0023608,4264,820,991,137,100
1199,202,332,Meshkat00042488,1859,823,1338,102,24
1199,0,650,Shia002356Vols,1370,354,1031,468,83
1199,58,383,Tafsir04038,726,292,1007,254,44
1199,0,229,Shia002380Vols,865,953,1567,181,36
1199,282,453,JK001496,2563,721,892,137,98
1199,58,282,Shamela0008473,5078,608,867,182,86
1199,209,531,Shamela0008473,5079,464,933,261,68
1199,189,383,Shia002382Vols,2518,1039,1406,154,51
1199,282,531,JK009265,208,1148,1397,201,100
1199,282,453,JK009265,364,181,352,137,100
1199,0,282,Hindawi014685395,67,1140,1333,138,60
1199,237,409,Tafsir07055,4050,662,832,138,98
1199,58,282,Tafsir07055,4103,957,1520,182,39
1199,0,229,Shamela0023591,6826,1366,1594,185,99
1199,229,538,Shamela0023591,6827,0,308,249,99
1199,135,531,Shamela0023591,6828,0,396,320,100
1199,282,453,JK009266,9554,15,184,136,98
1199,75,282,Shamela0021821,2022,519,726,168,100
1199,282,538,Shamela0021821,2024,51,304,205,98
1199,286,409,JK009362,8960,599,722,99,100
1199,0,531,JK009362,9323,84,630,430,96
1199,75,282,JK001110,99,845,1052,168,100
1199,317,503,JK001420,793,0,347,151,53
1199,195,456,JK009257,1026,856,1346,197,49
1199,75,308,ShamAY0037056,10,449,681,188,99
1199,45,453,Rafed0003943Vols,1640,0,408,329,100
1199,237,383,Shamela0007798,9501,561,792,118,63
1199,0,543,QuranAnalysis001,257,935,1483,434,97
1199,75,434,Rafed0001713Vols,2923,1146,1504,290,99
1199,282,409,Shamela0095735,933,990,1117,102,100
1199,237,383,Shamela0000041,2757,1341,1487,118,100
1199,75,531,Shamela0023578,3435,989,1445,369,100
1200,497,765,Shamela0001466,4078,664,1081,120,28
1201,721,1408,JK009268,4632,759,1505,184,22
1201,1329,1536,Shamela0023628,3667,243,452,129,70
1201,436,787,Tafsir09083,1783,292,805,177,37
1201,1411,1536,Tafsir01005,6255,1188,1318,92,87
1201,493,718,Meshkat00042485,7131,0,446,139,39
1201,1411,1536,Shamela0001466,4086,747,894,87,72
1201,210,787,Shamela0022769,1737,367,1285,257,32
1201,1411,1536,Shamela0021766,4817,1089,1223,90,82
1201,1411,1532,Shamela0036446,1255,142,263,73,69
1201,0,418,Shia002380Vols,866,138,604,206,51
1201,526,721,Shia002380Vols,867,89,270,104,59
1201,431,647,Shamela0008473,5080,199,716,107,24
1201,526,721,Shia002382Vols,2520,48,229,104,59
1201,1411,1536,JK009266,9559,232,362,90,85
1201,0,320,Tafsir01006,1560,1089,1592,192,47
1201,366,745,Tafsir01006,1561,61,770,223,39
1202,117,309,Shia001432Vols,5911,1268,1460,153,100
1202,187,309,Shia001432Vols,18893,0,122,97,100
1202,301,541,Shia001432Vols,21750,265,503,190,97
1202,64,313,Shamela0023632,3734,358,608,182,92
1202,357,554,Shamela0023632,3737,0,191,151,93
1202,64,541,JK009268,4633,526,1077,377,84
1202,64,309,Sham19Y0023618,1867,836,1387,181,40
1202,64,640,Shamela0023628,3667,693,1197,148,21
1202,94,309,Rafed0003257Vols,5492,339,561,172,96
1202,309,541,Rafed0003257Vols,5497,959,1191,189,100
1202,56,261,Sham19Y0020891,6804,117,326,160,96
1202,549,743,Sham19Y0020891,6804,1198,1537,97,33
1202,220,413,JK009270,5902,814,1007,154,100
1202,94,309,Meshkat0014420,4899,270,496,172,95
1202,309,541,Meshkat0014420,4904,935,1167,189,100
1202,155,435,ShamAY0036821,1835,985,1236,158,70
1202,1012,1292,Meshkat00042485,7138,142,889,118,18
1202,45,309,Sham19Y0147312,2086,282,535,190,87
1202,165,309,Tafsir02067,1120,557,943,111,36
1202,64,309,JK000791,2508,348,597,185,93
1202,309,560,JK000791,2510,1018,1256,194,94
1202,45,257,ShamAY0036012,52,1031,1223,128,66
1202,94,354,Shia003744Vols,564,281,541,208,100
1202,64,301,JK009396,1778,1297,1538,170,81
1202,309,544,JK009396,1781,303,539,191,99
1202,309,541,Sham19Y0023608,4271,1043,1275,189,100
1202,130,309,Meshkat00042488,1861,415,979,123,27
1202,169,467,Shamela0004473,9169,905,1203,239,100
1202,94,560,Shia002356Vols,1375,417,878,362,95
1202,64,261,JK001496,2565,761,972,147,88
1202,549,774,JK001496,2566,91,478,114,36
1202,64,261,Shamela0008473,5082,1324,1510,145,90
1202,301,541,Shamela0008473,5086,780,1020,192,98
1202,64,206,Shamela0023591,6837,1378,1524,100,85
1202,64,309,JK009266,9560,101,403,196,81
1202,309,541,JK009266,9567,159,391,189,100
1202,94,309,Shamela0021821,2027,879,1094,172,100
1202,309,560,Shamela0021821,2029,1134,1400,199,92
1202,64,560,Rafed0003793Vols,1161,996,1342,259,64
1202,293,560,Masaha003390Vols,621,154,408,208,95
1202,117,535,JK009362,9352,1131,1553,336,98
1202,309,541,JK001110,99,1087,1319,189,100
1202,64,313,Rafed0003943Vols,1641,801,1030,183,91
1202,309,541,Rafed0003943Vols,1642,45,277,189,100
1202,103,261,Shamela0007798,9512,0,184,125,85
1202,982,1518,Tafsir01006,1562,453,1107,198,29
1202,190,544,QuranAnalysis001,258,0,354,284,99
1202,64,541,Rafed0001713Vols,2928,487,1276,385,60
1202,64,830,Shamela0000041,2760,841,1427,237,29
1202,336,541,Shamela0000041,2764,370,608,158,81
1202,94,774,Shamela0023578,3442,154,889,289,37
1202,354,594,Shamela0023578,3446,0,224,162,82
1203,45,191,Shamela0095562,174,124,270,96,72
1203,0,120,JK009268,4635,1256,1556,93,38
1203,0,624,Tafsir09084,2628,373,1066,406,70
1203,624,1052,Shamela0000140,1818,818,1162,215,61
1203,215,624,JK009390,754,912,1408,302,74
1203,1128,1487,Meshkat00042485,7142,524,1117,104,18
1203,902,1481,Shamela0022769,1740,83,697,217,34
1203,211,624,JK009313,3809,368,820,296,81
1203,272,624,Sham19Y0127677,543,234,593,274,95
1203,0,191,ShamIbadiyya0000075,992,199,457,128,58
1203,0,624,Shamela0008473,5085,192,903,406,68
1203,272,528,JK000601,11,1103,1428,196,75
1203,528,624,JK000601,12,0,93,72,96
1203,211,624,Shamela0012884,5340,754,1257,309,76
1203,624,1052,JK000458,3502,1057,1535,124,24
1203,1191,1481,JK000458,3503,106,585,153,38
1203,854,1446,Tafsir10066,2092,988,1252,112,22
1203,911,1465,Tafsir01006,1563,28,662,201,28
1203,873,1052,Tafsir06048,1299,201,670,102,27
1203,272,628,Shamela0026389,377,1035,1401,275,94
1203,247,624,JK008001,6257,340,783,293,83
1203,272,624,Shamela0001438,1470,492,834,263,91
1203,230,624,JK000916,26020,896,1344,291,80
1203,45,242,Rafed0001713Vols,2931,439,697,120,53
1203,911,1321,Tafsir04042,2357,1124,1381,91,23
1203,45,204,JK000876,1678,1024,1249,110,60
1204,436,569,Shamela0008381,322,1408,1541,110,100
1204,206,373,Shamela0023632,3739,1400,1589,125,80
1204,373,569,Shamela0023632,3740,0,196,161,100
1204,337,562,Tafsir03097,1741,0,927,176,23
1204,71,276,Shamela0095562,175,0,342,130,44
1204,337,569,JK009268,4639,0,232,190,100
1204,379,569,Sham19Y0023618,1871,354,544,156,100
1204,262,436,JK001137,71,1078,1252,143,100
1204,569,1143,AOCP20251104125,13,1291,1569,212,45
1204,57,379,Shamela0023628,3671,703,1126,192,51
1204,402,553,Shamela0023628,3673,901,1052,123,100
1204,239,402,Hindawi079526926,140,286,449,136,100
1204,239,643,Rafed0003257Vols,5504,40,453,295,86
1204,206,436,Sham19Y0020891,6814,203,433,188,100
1204,436,569,Sham19Y0020891,6822,758,891,110,100
1204,402,569,JK009270,5917,428,595,136,100
1204,239,436,Meshkat0014420,4908,1235,1443,162,94
1204,436,569,Meshkat0014420,4912,56,189,110,100
1204,206,402,Sham19Y0147312,2089,64,238,145,88
1204,379,569,Sham19Y0147312,2090,323,535,156,89
1204,206,436,JK000791,2512,803,1034,174,90
1204,436,576,JK000791,2514,600,739,115,99
1204,5,569,Shia003744Vols,567,1067,1690,347,62
1204,262,436,JK009396,1783,17,191,143,100
1204,436,569,JK009396,1785,196,329,110,100
1204,436,569,Sham19Y0023608,3428,344,477,110,100
1204,206,436,Sham19Y0023608,4274,1013,1234,171,91
1204,436,569,Sham19Y0023608,4277,904,1037,110,100
1204,49,402,Meshkat00042488,1863,441,1357,198,23
1204,379,553,Meshkat00042488,1864,457,1142,119,21
1204,436,569,Shia003721Vols,98,377,510,110,100
1204,63,592,Shia002356Vols,1377,383,1400,349,39
1204,5,311,Shia002380Vols,868,1218,1509,156,51
1204,206,436,JK001496,2569,1245,1488,176,88
1204,379,576,JK001496,2571,603,813,136,78
1204,239,755,Shamela0008473,5091,574,1024,240,49
1204,436,569,Shamela0008473,5095,177,310,110,100
1204,200,373,JK009266,9572,1325,1528,120,72
1204,436,569,JK009266,9581,1024,1157,110,100
1204,239,643,Shamela0021821,2032,271,606,210,55
1204,402,576,Shamela0021821,2035,815,1050,141,73
1204,329,569,Shamela0036506,275,626,1205,157,33
1204,262,569,JK009362,9369,407,713,252,99
1204,5,436,JK001110,99,1198,1427,133,38
1204,141,569,JK001420,794,93,881,261,39
1204,436,569,Hindawi074291969Vols,279,488,621,110,100
1204,206,583,Rafed0003943Vols,1642,934,1289,293,94
1204,262,436,Hindawi091513528,97,1101,1354,143,68
1204,364,576,Shamela0007798,9533,800,1043,173,86
1204,402,569,Meshkat00057178,3829,1053,1333,136,59
1204,5,569,QuranAnalysis001,258,230,667,317,68
1204,239,569,Rafed0001713Vols,2933,1167,1497,272,100
1204,436,569,Tafsir07057,3232,310,443,110,100
1204,436,569,Tafsir07057,5425,479,612,110,100
1204,262,436,Hindawi037926480,93,760,937,143,98
1204,57,379,Shamela0000041,2764,979,1427,203,49
1204,239,734,Shamela0023578,3448,905,1374,217,41
1204,410,569,Shamela0023578,3450,1149,1316,121,88
1205,1326,1499,Shia001432Vols,7180,694,865,96,54
1205,1266,1570,Shia001432Vols,29939,808,1116,238,90
1205,1234,1570,Shamela0023632,3743,665,990,256,93
1205,1028,1536,JK009268,4642,1060,1629,291,55
1205,1234,1487,Sham19Y0023618,1872,1119,1615,187,45
1205,1362,1570,Hindawi070427368,19,1164,1373,171,99
1205,1229,1381,Shamela0023628,3675,6,251,115,58
1205,1270,1484,Rafed0003257Vols,5510,452,673,175,96
1205,637,960,Tafsir09084,2633,1067,1458,227,70
1205,1270,1499,Meshkat0014420,4914,1179,1419,187,95
1205,632,813,Shamela0004445,192,181,388,133,80
1205,1293,1570,JK009158,485,299,713,215,64
1205,1348,1484,Sham19Y0014592,2122,708,844,111,100
1205,640,813,Sham19Y0016714,1119,364,574,125,71
1205,1234,1484,JK000791,2515,675,923,189,91
1205,1362,1570,Sham19Y0009800,392,580,789,171,99
1205,1270,1570,Shia003744Vols,570,777,1078,246,99
1205,637,808,Shia004092Vols,2686,758,953,131,84
1205,1082,1484,JK009396,1785,802,1280,225,54
1205,1348,1570,Meshkat00042488,1865,409,1493,182,20
1205,637,813,Shia003721Vols,103,347,549,132,81
1205,844,1570,Shia002356Vols,1379,355,1178,421,56
1205,272,1326,Shia002380Vols,869,631,1578,393,35
1205,632,894,Shamela0008473,5095,1218,1513,182,73
1205,1270,1484,Shamela0008473,5096,813,1027,175,100
1205,564,1225,Shia002382Vols,2525,178,875,239,31
1205,632,808,JK006474,2730,9,204,132,84
1205,637,808,Rafed0002654Vols,2269,1111,1306,131,84
1205,637,808,Rafed0002654Vols,6172,1133,1323,131,85
1205,1212,1570,Shamela0023591,6851,1071,1421,263,89
1205,1375,1570,Shamela0023591,6852,0,196,161,99
1205,1293,1570,Hindawi071859316,77,853,1131,227,99
1205,1270,1484,Shamela0021821,2037,470,684,175,100
1205,1293,1570,JK009362,9378,939,1216,226,99
1205,1086,1570,Rafed0003943Vols,1644,202,605,276,69
1205,1293,1570,QuranAnalysis001,258,676,954,227,99
1205,1234,1570,Rafed0001713Vols,2937,230,682,275,74
1205,1348,1522,ShamAY0035035,7589,1111,1284,142,99
1205,1234,1394,Shamela0000041,2768,527,667,114,87
1205,1270,1522,Shamela0023578,3452,122,398,206,91
1206,879,1514,Tafsir09084,2636,295,1301,273,30
1206,500,778,Shamela0000140,1076,685,973,220,92
1206,287,508,Shamela0000140,1088,1112,1348,169,82
1206,1340,1588,Shamela0000140,1089,0,607,186,38
1206,726,1386,Meshkat00042485,7156,909,1615,263,34
1206,351,657,Shamela0021715,2386,0,360,247,82
1206,757,1545,ShamIbadiyya0000075,994,409,1061,306,38
1206,726,1109,Rafed0001713Vols,2939,1008,1530,165,32
1207,217,445,Shia004673Vols,1202,284,512,184,100
1207,226,445,Shia001432Vols,5188,593,814,171,96
1207,300,462,Shamela0023632,3747,0,162,123,93
1207,183,741,Shamela0095562,178,736,1358,170,25
1207,183,477,JK009268,4646,868,1414,226,51
1207,183,349,Sham19Y0023618,1874,1068,1253,122,83
1207,972,1159,Shamela0022642,843,1138,1459,110,42
1207,217,445,Rafed0003257Vols,5516,522,757,184,97
1207,183,477,Sham19Y0020891,6830,1146,1289,99,42
1207,217,445,Meshkat0014420,4921,1084,1323,184,95
1207,217,494,JK000791,2519,655,975,198,73
1207,240,445,Hindawi068680686,4,1004,1209,165,100
1207,183,466,JK009396,1788,545,823,202,82
1207,217,576,Shia002356Vols,1381,655,1119,244,62
1207,240,462,Shamela0010523,325,542,771,170,92
1207,183,383,Shia002380Vols,871,576,1119,161,36
1207,217,741,Shamela0008473,5105,1074,1487,254,51
1207,217,445,Shia001406Vols,438,627,855,184,100
1207,183,329,JK009266,9594,1172,1362,117,76
1207,254,425,Zaydiyya0000075BK29,34,375,921,132,30
1207,217,462,Shamela0021821,2042,660,905,189,91
1207,240,388,Hindawi060480728,91,1508,1655,119,99
1207,240,383,Shamela0012935,57,1272,1413,112,97
1207,240,383,Hindawi030353837,484,1361,1504,115,100
1207,262,383,Rafed0000185Vols,11,1342,1463,97,100
1207,240,445,Rafed0000185Vols,280,886,1091,165,100
1207,221,445,JK009362,9392,670,893,169,94
1207,176,543,Shamela0010463,812,111,477,213,66
1207,183,509,Rafed0003943Vols,1645,952,1213,204,77
1207,183,383,Shamela0007798,9554,293,519,157,84
1207,240,445,Hindawi020604026,139,892,1097,165,100
1207,233,445,QuranAnalysis001,258,1064,1275,169,99
1207,183,1297,Tafsir08090,1695,628,1332,196,18
1207,183,445,Rafed0001713Vols,2940,1035,1432,211,65
1207,531,994,Shamela0000041,2773,6,478,111,20
1207,217,383,Shamela0023578,3457,930,1120,134,87
1208,1147,1299,Shia001432Vols,5188,816,968,121,100
1208,1114,1299,Shamela0023632,3750,644,820,132,86
1208,940,1316,JK009268,4655,898,1295,155,38
1208,1114,1299,Sham19Y0023618,1876,1021,1224,135,83
1208,1147,1308,Rafed0003257Vols,5520,452,631,126,88
1208,43,460,Tafsir09084,2639,474,1286,240,34
1208,1170,1299,JK009270,5938,439,568,102,100
1208,1147,1299,Meshkat0014420,4931,202,365,121,93
1208,43,195,Shamela0001466,4111,915,1250,88,31
1208,1170,1293,Masaha000221,166,782,905,97,100
1208,1170,1316,JK000791,2522,0,177,113,81
1208,1114,1299,Shia003744Vols,573,298,486,134,89
1208,1114,1316,JK009396,1791,876,1103,145,78
1208,1114,1319,Sham19Y0023608,4291,28,488,95,22
1208,1163,1319,Shamela0012828,1,138,291,111,91
1208,1147,1299,Shia002356Vols,1383,266,418,121,100
1208,1170,1303,Shamela0010523,326,578,711,104,99
1208,0,336,Shamela0008473,5109,359,811,180,43
1208,725,1342,Shamela0008473,5111,238,762,214,39
1208,1147,1303,Shia001406Vols,438,475,631,121,98
1208,1114,1316,Shamela0023591,6858,1168,1372,144,87
1208,1114,1316,JK009266,9608,731,993,156,75
1208,1147,1316,Shamela0021821,2049,20,198,132,93
1208,1170,1299,Hindawi030353837,490,1446,1575,102,100
1208,1170,1299,JK009362,9403,578,712,102,96
1208,1114,1316,Rafed0003943Vols,1648,0,183,146,90
1208,1114,1308,Shamela0007798,9559,945,1158,141,79
1208,1170,1299,QuranAnalysis001,258,1284,1413,102,100
1208,1147,1299,Rafed0001713Vols,2945,635,787,121,100
1208,43,285,Shamela0000041,2774,851,1334,126,31
1208,1147,1358,Shamela0023578,3468,738,992,145,71
1209,709,958,Shamela0023632,3753,405,648,194,92
1209,709,958,JK009268,4659,510,821,198,76
1209,755,958,Sham19Y0023618,1878,0,203,168,100
1209,739,958,Rafed0003257Vols,5523,426,652,181,96
1209,1131,1586,Tafsir09084,2642,249,690,175,36
1209,709,958,Sham19Y0020891,6849,268,518,205,99
1209,762,994,JK009270,5949,9,232,176,89
1209,739,958,Meshkat0014420,4935,80,310,181,95
1209,762,965,Shia002550Vols,369,1100,1305,167,98
1209,762,965,Shamela0006947,2586,856,1058,167,99
1209,739,958,Shamela0006947,5864,138,357,181,100
1209,739,968,JK000791,2524,466,693,186,98
1209,709,958,Shia003744Vols,574,161,413,191,92
1209,709,958,JK009396,1793,907,1163,190,83
1209,783,1188,Sham19Y0023608,4294,0,476,189,42
1209,739,958,Rafed0003726Vols,1730,1129,1470,135,46
1209,739,958,Shia002356Vols,1385,121,335,173,95
1209,709,958,Shamela0010523,327,447,683,168,82
1209,739,958,Shamela0008473,5116,363,582,181,100
1209,1435,1586,Shamela0008473,5116,1117,1356,113,58
1209,709,965,JK009266,9615,138,482,207,73
1209,739,965,Shamela0021821,2054,345,570,186,99
1209,762,958,JK009362,9414,902,1105,162,96
1209,640,965,Rafed0003943Vols,1649,931,1204,213,79
1209,762,938,QuranAnalysis001,258,1422,1597,145,99
1209,739,958,Rafed0001713Vols,2948,534,753,181,100
1209,739,965,Shamela0023578,3474,715,965,184,89
1210,1251,1460,JK000330,1022,1017,1226,168,100
1210,1318,1435,Shia001432Vols,22631,994,1111,95,100
1210,1028,1460,Shamela0023632,3756,139,562,319,92
1210,1306,1447,Sham19Y0122406,4044,0,154,114,91
1210,1198,1447,Shamela0000894,1305,439,701,199,95
1210,174,559,Shamela0095562,182,279,576,115,31
1210,974,1475,JK009268,4663,659,1210,360,76
1210,1175,1337,Sham19Y0023618,1880,471,696,128,72
1210,1337,1460,Sham19Y0023618,1881,42,165,100,100
1210,1198,1465,Hindawi070427368,6,991,1258,210,98
1210,1198,1460,Hindawi070427368,19,116,378,209,99
1210,1251,1460,Shamela0023628,3697,1153,1362,168,100
1210,1222,1460,Shamela0025794,1644,0,301,191,79
1210,1244,1460,Rafed0003257Vols,5534,568,784,170,98
1210,1198,1447,Sham19Y0017616,386,322,584,199,95
1210,1175,1460,Sham19Y0020891,6856,124,403,217,94
1210,1251,1447,ShamAY0034005,974,805,1036,155,83
1210,1251,1465,JK009270,5967,146,345,152,88
1210,1251,1460,Meshkat0014420,4941,406,615,168,100
1210,1175,1359,Sham19Y0147312,2100,466,688,145,82
1210,1251,1435,Sham19Y0014592,2120,659,843,148,100
1210,1114,1475,JK000791,2527,946,1392,245,62
1210,1251,1447,Shamela0012981,2299,834,1043,157,93
1210,1081,1468,Shamela0001524,1942,149,532,295,95
1210,1251,1460,Shamela0023833,180,466,675,168,100
1210,1179,1468,JK009396,1797,7,284,213,91
1210,1179,1475,Sham19Y0023608,4299,619,938,219,85
1210,1251,1409,JK000381,2288,340,498,126,100
1210,1251,1460,JK000381,3108,498,707,167,99
1210,1198,1350,Meshkat00042488,1872,965,1118,111,92
1210,1251,1409,Sham19Y0020587,109,1098,1256,126,100
1210,1198,1447,JK009141,1304,382,644,199,95
1210,1198,1453,JK007065,1106,456,711,197,97
1210,861,1511,Shia002356Vols,1386,509,1427,401,53
1210,1198,1367,PV2024060602,3601,1274,1461,133,89
1210,1142,1460,JK001496,2585,266,563,221,87
1210,1142,1460,Shamela0008473,5119,1060,1463,255,78
1210,27,526,Shia002382Vols,2534,87,567,128,23
1210,1198,1447,Sham19Y0020638,1295,1143,1405,199,95
1210,1251,1453,Masaha002028Vols,461,713,915,162,100
1210,1198,1447,Sham19Y0013572,1380,724,973,199,100
1210,978,1219,Shamela0023591,6863,1325,1562,151,78
1210,1198,1460,JK009266,9624,1158,1421,210,99
1210,1123,1460,Shamela0021821,2058,972,1438,261,69
1210,1044,1460,Tafsir07053,325,265,662,309,93
1210,1251,1460,Shamela0012935,92,638,845,157,93
1210,1100,1475,JK009362,9426,339,731,292,93
1210,1251,1460,Shamela0011730,624,210,419,167,99
1210,1114,1337,Tafsir08060,559,83,616,172,40
1210,1175,1382,ShamAY0037056,10,1109,1536,104,26
1210,1044,1508,Rafed0003943Vols,1650,723,1140,330,88
1210,1318,1460,Shamela0007798,9584,268,455,115,75
1210,1198,1435,Shamela0007798,9586,197,775,157,32
1210,1198,1447,Shamela0001727,1569,1145,1413,199,92
1210,987,1460,QuranAnalysis001,259,0,389,309,81
1210,871,1251,Rafed0001713Vols,2951,397,1022,206,38
1210,1233,1460,Rafed0001713Vols,2953,268,539,180,83
1210,1251,1435,Tafsir04056,427,161,345,148,100
1210,1198,1359,Tafsir04056,1384,726,887,127,100
1210,1198,1409,Shamela0000041,2786,183,457,166,76
1210,1159,1460,Shamela0023578,3481,1139,1464,239,92
1210,1251,1409,Shamela0023578,3482,1098,1317,126,72
1211,676,1020,Shamela0095562,183,832,1256,153,41
1211,745,1197,JK009268,4669,638,1100,168,34
1211,199,829,Shamela0023628,3697,580,1261,175,23
1211,939,1147,Sham19Y0020891,6858,898,1056,109,63
1211,964,1471,Sham19Y0020891,6859,38,266,96,20
1211,750,1337,Zaydiyya0000062,2159,21,550,218,39
1211,894,1189,JK000906,11495,1100,1302,120,48
1211,829,1134,JK000906,11496,1343,1630,145,51
1211,866,1147,Shia002356Vols,1388,32,263,142,59
1211,886,1147,JK001496,2586,5,239,141,60
1211,750,1147,Shamela0023591,6868,602,1001,191,50
1211,866,1147,JK000458,3522,18,269,148,59
1211,51,503,Tafsir01006,1570,760,1429,160,29
1211,750,1147,Tafsir01006,1571,243,667,178,39
1212,620,823,JK000330,1022,770,1000,146,78
1212,594,823,Shia001432Vols,5830,896,1111,121,60
1212,964,1183,Shamela0023632,3760,156,373,160,86
1212,953,1480,Shamela0095562,184,908,1537,121,19
1212,620,823,Shamela0023628,3698,9,323,141,55
1212,1036,1517,Shamela0023628,3705,986,1394,161,33
1212,620,876,Shamela0022593,2871,138,797,168,32
1212,620,823,Tafsir09083,1801,87,417,147,55
1212,620,823,Masaha001946Vols,142,347,664,143,56
1212,620,953,Tafsir09084,2646,9,496,179,46
1212,964,1191,Sham19Y0020891,6862,1055,1282,160,87
1212,620,823,JK001492,1088,110,426,139,54
1212,1161,1527,Shamela0000140,1676,266,673,194,49
1212,620,823,Kraken230110004547,647,529,823,139,58
1212,620,823,JK007045,881,1036,1291,141,69
1212,620,823,Tafsir02096,2280,1262,1575,139,54
1212,953,1173,Sham19Y0147312,2102,146,353,145,77
1212,604,823,Shamela0004445,1076,1002,1338,148,53
1212,620,823,Sham19Y0014592,2120,971,1283,145,57
1212,784,1191,Zaydiyya0000062,2160,201,620,212,56
1212,993,1165,Shamela0010517,2804,1052,1224,134,98
1212,993,1197,JK000791,2530,99,339,162,84
1212,964,1517,Shamela0021766,4870,915,1468,155,22
1212,644,823,JK009336,3279,187,396,122,72
1212,620,823,Shamela0035100,475,1146,1434,133,55
1212,993,1244,Shia003744Vols,576,557,846,157,61
1212,644,823,JK000657,188,53,252,126,77
1212,608,823,JK000906,11493,28,251,126,65
1212,964,1203,Sham19Y0023608,4303,1052,1275,154,78
1212,1161,1517,Shamela0021715,3304,424,929,192,48
1212,688,876,Sham19Y0017791,1999,5,215,113,69
1212,688,823,Shamela0036446,1197,23,166,104,89
1212,1066,1293,Shamela0012415,261,988,1298,108,43
1212,620,823,JK000465,4443,1151,1475,141,53
1212,620,823,Sham19Y0122257,3323,1022,1314,142,61
1212,1031,1517,Rafed0003726Vols,1738,257,725,129,24
1212,620,823,Shamela0004473,12001,55,377,137,52
1212,993,1183,JK006896,18,34,230,142,90
1212,964,1273,Shamela0008473,5122,1031,1387,172,52
1212,604,823,Shamela0008473,5122,64,382,147,56
1212,993,1165,Shia001406Vols,426,217,390,133,97
1212,604,823,JK006474,2739,975,1305,143,52
1212,684,823,ShamIbadiyya0000050,2122,1247,1395,98,82
1212,620,860,Shamela0012884,5381,457,834,151,50
1212,964,1259,Shamela0023591,6871,685,964,208,87
1212,1060,1517,JK000024,31,0,419,129,23
1212,620,823,Sham19Y0020594,45,946,1270,144,55
1212,159,456,JK000458,3522,526,1075,129,28
1212,926,1238,Shamela0021821,2061,749,1087,170,56
1212,969,1161,JK000484,2712,1026,1218,139,91
1212,993,1155,Zaydiyya0000067,143,1086,1248,129,100
1212,644,823,Tafsir10066,2110,19,205,125,76
1212,620,830,JK001303,196,939,1269,148,56
1212,649,823,Sham19Y0014119,587,0,196,123,77
1212,87,1071,Tafsir08060,559,565,1363,270,26
1212,964,1197,Rafed0003943Vols,1652,1320,1525,164,87
1212,29,456,Tafsir01006,1571,745,1535,177,25
1212,620,871,Shamela0010906,69,678,1021,141,50
1212,594,823,Shia001349Vols,63,385,581,121,63
1212,993,1303,Shamela0008612,262,751,1029,149,50
1212,296,507,Rafed0001713Vols,2954,633,1016,133,41
1212,620,823,JK006838,280,1164,1464,143,59
1212,644,823,Shamela0023685,76,63,262,127,78
1213,1165,1544,JK000330,120,237,617,310,99
1213,1105,1465,Shamela0023632,3763,1154,1548,265,78
1213,819,1332,Shamela0095562,185,853,1454,256,43
1213,1137,1403,JK009268,4681,1295,1591,214,88
1213,1403,1544,JK009268,4682,0,142,116,99
1213,1094,1544,Sham19Y0023618,1884,900,1341,347,92
1213,707,1468,Shamela0023628,3707,209,885,283,35
1213,1325,1544,Shamela0023628,3709,1205,1438,181,93
1213,1142,1544,Rafed0003257Vols,5542,946,1357,329,97
1213,670,848,Sham19Y0020891,6865,404,690,81,34
1213,1105,1544,Sham19Y0020891,6866,5,452,352,96
1213,1165,1426,JK000724,1,874,1135,213,100
1213,4,1022,Shamela0000140,1676,699,1509,583,67
1213,1208,1544,Meshkat0014420,4951,0,337,275,99
1213,1142,1455,JK006476,2093,433,724,151,52
1213,670,830,Meshkat00042485,7199,812,1003,78,43
1213,1094,1465,Sham19Y0147312,2104,1114,1398,197,63
1213,1137,1544,JK000791,2534,897,1305,330,98
1213,1105,1544,Shia003744Vols,585,735,1202,347,89
1213,1285,1544,JK009396,1803,0,260,213,99
1213,1267,1544,Sham19Y0023608,4307,0,278,227,99
1213,699,965,Shamela0021715,3306,0,241,181,82
1213,770,1233,Meshkat00042488,1875,715,1306,165,30
1213,1178,1426,Shamela0004473,11262,0,248,203,100
1213,692,1544,Shia002356Vols,1391,0,897,423,45
1213,1332,1544,Shia002380Vols,876,331,619,175,73
1213,670,848,JK001496,2588,962,1248,82,34
1213,1198,1544,JK001496,2589,0,352,282,97
1213,1142,1465,Shamela0008473,5140,1073,1402,251,89
1213,1332,1544,Shamela0008473,5142,27,240,175,99
1213,770,1429,JK006474,2742,104,635,157,20
1213,1142,1465,Shamela0021821,2068,448,813,264,88
1213,1165,1544,JK009362,9455,275,666,308,96
1213,1105,1544,Rafed0003943Vols,1653,516,932,339,93
1213,670,1191,Tafsir01006,1573,66,570,195,40
1213,1142,1262,Sham19Y0014404,1663,320,776,98,26
1213,1151,1544,QuranAnalysis001,259,537,933,312,96
1213,670,1142,Rafed0001713Vols,2961,27,486,156,31
1213,1142,1455,Rafed0001713Vols,2962,92,406,249,95
1213,707,1304,Shamela0000041,2793,116,589,214,38
1213,1142,1539,Shamela0023578,3497,1121,1543,324,93
1214,118,527,Shia001432Vols,2624,263,737,193,39
1214,118,537,Shamela0095562,185,1098,1464,151,38
1214,1122,1585,Tafsir09084,2653,889,1597,256,40
1214,1109,1284,Shamela0000140,1690,609,835,127,64
1214,137,527,JK006476,2093,854,1533,137,21
1214,466,922,JK000381,5097,579,791,122,31
1214,826,1579,Shia002380Vols,876,150,739,309,45
1214,1293,1585,Shamela0008473,5142,386,877,195,46
1214,0,224,Rafed0003943Vols,1653,932,1118,150,83
1214,0,206,Shamela0023578,3498,6,227,166,92
1215,1359,1517,JK000021,2752,790,1010,114,65
1215,248,442,Shia001432Vols,1834,1094,1287,158,99
1215,182,387,Shamela0023632,3766,1339,1526,147,83
1215,1367,1517,ShamIbadiyya0000193,4799,639,779,95,77
1215,1367,1517,Tafsir09050,4916,1342,1482,95,77
1215,293,452,Tafsir03097,1754,62,611,125,28
1215,121,442,JK009268,4686,193,655,226,59
1215,1359,1517,JK000637,2332,962,1133,101,68
1215,182,471,Shamela0023628,3713,612,842,165,66
1215,225,434,Rafed0003257Vols,5546,1392,1607,171,96
1215,182,446,Sham19Y0020891,6873,389,647,195,91
1215,241,446,JK000030,192,959,1163,163,97
1215,248,446,JK009270,5990,167,365,159,98
1215,225,442,Meshkat0014420,4956,529,757,177,95
1215,1070,1517,Sham19Y0014592,2776,507,929,157,33
1215,248,855,JK000069,81,1185,1537,164,28
1215,1359,1517,Shamela0013041,969,1198,1407,111,66
1215,225,442,Shamela0010517,2804,835,1052,177,100
1215,225,471,JK000791,2536,1011,1289,194,84
1215,313,851,Shamela0012981,2027,375,513,95,22
1215,182,442,Shia003744Vols,590,124,368,187,88
1215,248,887,JK000906,11546,1004,1574,155,20
1215,1359,1517,JK000906,11551,1305,1502,115,71
1215,93,471,JK009396,1805,47,401,228,65
1215,182,457,Sham19Y0023608,4312,253,529,190,77
1215,1359,1517,JK000465,4460,542,720,105,71
1215,248,442,JK001305,645,1271,1465,158,100
1215,1359,1517,JK000883,2050,982,1168,103,70
1215,225,506,Shia002356Vols,1392,1106,1382,186,76
1215,182,1112,Shia002380Vols,876,1089,1611,277,33
1215,182,471,JK001496,2590,770,1083,218,84
1215,225,514,Shamela0008473,5144,624,918,219,89
1215,1367,1517,Shamela0008473,5147,885,1034,110,93
1215,248,1192,Shia002382Vols,1927,798,1452,264,30
1215,248,1116,Shia002382Vols,2543,84,728,257,30
1215,313,846,JK009265,305,790,966,101,24
1215,1367,1517,JK006474,2743,1235,1384,110,93
1215,1380,1517,Shamela0001404,456,662,796,92,79
1215,1380,1517,Shamela0012884,5407,1143,1278,91,79
1215,182,442,Shamela0023591,6878,1159,1415,192,88
1215,241,446,Shamela0023591,6879,0,205,161,97
1215,225,411,Shamela0021821,2070,1287,1472,153,99
1215,241,442,JK009362,9473,1047,1248,160,98
1215,1367,1517,Sham19Y0013252,8480,887,1021,92,78
1215,182,471,Rafed0003943Vols,1654,765,1019,206,87
1215,174,471,Shamela0007798,9596,619,971,211,70
1215,1367,1517,Shamela0007798,9600,698,1252,107,24
1215,42,272,Tafsir01006,1574,743,1112,129,44
1215,225,442,Sham19Y0018567,431,1176,1392,177,99
1215,457,1116,Sham19Y0014404,1665,37,893,266,32
1215,248,442,QuranAnalysis001,259,1062,1256,158,100
1215,225,442,Rafed0001713Vols,2965,115,332,177,100
1215,757,887,Rafed0001713Vols,2966,41,226,92,61
1215,248,851,Shamela0000432,5153,746,1117,162,27
1215,757,871,Tafsir02094,4560,269,569,60,26
1215,662,1123,Shamela0000041,2796,206,1059,220,30
1215,182,580,Shamela0023578,3501,0,602,181,30
1215,1376,1529,Shamela0023578,3503,909,1055,106,88
1216,192,452,JK000436,197,715,1031,152,50
1216,580,713,Shia001432Vols,22839,1332,1465,106,100
1216,438,723,Shamela0023632,3770,1181,1473,205,81
1216,438,728,JK009268,4689,979,1348,219,72
1216,599,713,Sham19Y0023618,1889,150,264,90,100
1216,563,713,Shamela0023628,3716,1219,1369,119,100
1216,481,854,Rafed0003257Vols,5550,265,662,244,71
1216,205,423,Tafsir09084,2656,704,1137,167,46
1216,438,639,Sham19Y0020891,6879,1390,1591,165,99
1216,577,713,Tafsir09068,1277,112,506,106,34
1216,504,713,JK009270,5994,961,1170,169,100
1216,599,713,ShamAY0034106,337,428,771,90,33
1216,481,713,Meshkat0014420,4960,399,642,188,95
1216,504,639,Shamela0002300,29,1215,1350,111,100
1216,504,633,Masaha000221,172,811,940,106,100
1216,280,723,JK000791,2538,746,1223,260,59
1216,504,653,Hindawi028173195,160,432,599,115,85
1216,192,408,JK000906,11554,580,1006,155,43
1216,481,723,JK009396,1807,947,1229,197,85
1216,438,723,Sham19Y0023608,4314,1142,1428,209,85
1216,577,754,Shamela0004473,10809,1315,1507,120,75
1216,205,423,Shamela0009279,35,256,675,167,47
1216,404,713,Shamela0009086,224,882,1171,132,44
1216,497,877,Shia002356Vols,1394,0,492,255,60
1216,438,966,JK001496,2592,529,1371,338,46
1216,205,333,Shamela0008473,5148,1198,1463,103,47
1216,438,817,Shamela0008473,5149,813,1164,241,76
1216,577,713,Sham19Y0013572,853,953,1158,107,65
1216,438,723,Shamela0023591,6883,401,683,208,89
1216,504,713,Shamela0023591,6884,529,738,169,100
1216,481,608,Shamela0021821,2072,1369,1495,105,99
1216,608,723,Shamela0021821,2073,0,114,91,99
1216,504,723,JK009362,9479,149,381,177,93
1216,577,713,JK001110,100,490,626,108,100
1216,205,398,Shamela0010463,829,1142,1523,151,47
1216,413,713,JK001420,798,726,1343,208,39
1216,438,728,Rafed0003943Vols,1655,764,1030,213,88
1216,438,829,Shamela0007798,9603,1020,1421,224,57
1216,404,713,QuranAnalysis001,259,1229,1478,191,77
1216,481,877,Rafed0001713Vols,2967,254,795,274,58
1216,1251,1557,Rafed0001713Vols,2969,392,845,161,42
1216,423,792,Shamela0023578,3505,1193,1496,135,37
1216,577,713,Shamela0023578,3508,872,1008,108,100
1216,807,1555,JK000876,1695,26,1044,258,27
1217,284,444,Shamela0023632,3774,0,164,131,97
1217,1005,1218,Shamela0023632,3775,935,1146,160,87
1217,170,436,JK009268,4693,136,469,205,73
1217,898,1211,JK009268,4694,814,1232,193,53
1217,170,444,Sham19Y0023618,1889,1148,1444,207,86
1217,170,444,Shamela0023628,3718,755,1020,199,89
1217,206,444,Rafed0003257Vols,5553,684,933,187,91
1217,1037,1211,Rafed0003257Vols,5556,285,466,141,95
1217,170,645,Sham19Y0020891,6885,637,1071,284,66
1217,1005,1232,Sham19Y0020891,6887,1014,1264,181,88
1217,988,1295,Shamela0023606,380,1175,1493,190,70
1217,1037,1218,Shamela0023789,880,85,266,144,97
1217,229,425,JK009270,6000,409,605,160,100
1217,1067,1211,JK009270,6003,0,144,117,100
1217,170,320,Meshkat0014420,4964,1205,1540,119,42
1217,1037,1211,Meshkat0014420,4967,530,715,142,94
1217,229,425,Hindawi048607936,266,1254,1450,160,100
1217,105,284,Shamela0021766,4892,1152,1388,105,52
1217,1005,1371,Shamela0021766,4897,376,768,127,28
1217,1005,1232,Tafsir07076,6146,503,693,137,73
1217,1060,1232,Tafsir07076,7721,1055,1214,129,91
1217,229,433,Tafsir07076,8107,24,263,115,61
1217,1060,1232,Tafsir07076,9357,702,861,129,91
1217,105,336,JK009396,1809,1310,1599,143,57
1217,1005,1232,JK009396,1811,465,705,163,75
1217,166,436,Sham19Y0023608,4317,511,784,200,86
1217,1037,1211,Sham19Y0023608,4320,6,180,141,99
1217,150,425,Meshkat00042488,1880,537,1463,193,25
1217,1005,1453,JK000201,4075,661,1065,94,18
1217,206,672,Shia002356Vols,1395,893,1374,262,55
1217,1037,1308,Shia002356Vols,1396,647,924,170,65
1217,170,645,JK001496,2594,650,1115,293,66
1217,1005,1232,JK001496,2595,854,1103,173,82
1217,1060,1211,EShia0071536,426,639,790,122,99
1217,170,680,Shamela0008473,5152,796,1395,295,51
1217,1005,1453,Shamela0008473,5155,569,1134,236,45
1217,1383,1582,Shamela0008473,5157,579,1015,132,38
1217,1383,1567,JK006474,2746,1047,1366,120,46
1217,170,328,JK009266,9667,1010,1224,126,71
1217,1005,1295,JK009266,9672,138,564,210,58
1217,229,425,Sham19Y0026523,4680,599,789,151,94
1217,170,582,Shamela0021821,2074,285,821,229,44
1217,1037,1295,Shamela0021821,2075,447,734,190,75
1217,210,515,JK009362,9487,512,838,179,55
1217,1046,1224,JK009362,9493,1166,1351,139,92
1217,1005,1211,JK001110,100,630,821,142,85
1217,222,566,JK006478,9782,1137,1421,77,18
1217,229,425,JK010127,32,213,371,130,80
1217,170,731,Rafed0003943Vols,1656,257,691,277,53
1217,718,1295,Rafed0003943Vols,1656,1043,1408,230,47
1217,170,466,Shamela0007798,9614,301,622,224,80
1217,170,834,Tafsir01006,1576,615,1117,215,33
1217,1060,1211,Hindawi020604026,144,613,764,123,100
1217,718,1211,QuranAnalysis001,260,30,282,194,49
1217,306,425,QuranAnalysis001,260,0,119,96,100
1217,105,425,Rafed0001713Vols,2969,874,1544,251,46
1217,229,817,Rafed0001713Vols,2970,131,898,198,24
1217,1010,1354,Rafed0001713Vols,2971,441,976,226,49
1217,170,645,Shamela0000041,2799,1153,1541,191,36
1217,261,792,Shamela0023578,3511,0,448,269,54
1217,750,1375,JK000876,1696,453,1055,216,34
1218,1431,1585,Shamela0023632,3778,1330,1480,114,87
1218,1289,1585,JK009268,4701,973,1300,132,36
1218,873,1585,Sham19Y0023618,1892,506,1207,249,30
1218,1461,1585,Rafed0003257Vols,5565,733,865,100,93
1218,1431,1585,Sham19Y0020891,6893,1055,1210,124,99
1218,1484,1585,JK009270,6012,708,810,81,99
1218,1461,1585,Meshkat0014420,4972,1349,1485,100,91
1218,1344,1585,ShamAY0036821,1848,461,678,111,58
1218,1484,1585,Shamela0004445,7133,1516,1618,81,99
1218,1461,1585,JK000791,2540,834,959,100,99
1218,1484,1585,Shamela0023833,213,617,719,81,99
1218,864,1585,JK007018,908,948,1499,285,41
1218,1484,1585,Zaydiyya0000295Vols,108,104,207,81,98
1218,165,299,JK000906,11574,849,1102,85,43
1218,250,509,JK000906,11575,638,989,69,18
1218,1484,1585,Sham19Y0029676,290,712,813,80,98
1218,1431,1585,JK009396,1813,1388,1549,110,75
1218,1431,1585,Sham19Y0023608,4326,437,587,114,87
1218,1431,1585,Meshkat00042488,1883,266,1212,109,14
1218,461,1585,Shia002356Vols,1397,107,1483,399,26
1218,1056,1585,Shia002380Vols,879,957,1583,193,29
1218,1431,1585,JK001496,2598,97,270,117,84
1218,1088,1585,Shamela0008473,5163,1033,1479,210,50
1218,1484,1585,JK009265,364,460,562,81,99
1218,1484,1585,Masaha002028Vols,545,213,315,81,99
1218,1431,1585,Shamela0023591,6894,1157,1319,115,88
1218,1354,1541,JK009266,9681,57,297,101,53
1218,1431,1585,Zaydiyya0000075BK29,12,278,441,110,75
1218,1461,1585,Shamela0021821,2078,783,908,100,99
1218,1477,1585,JK009362,9506,1033,1147,83,91
1218,1484,1585,Hindawi074291969Vols,279,91,193,81,99
1218,1088,1585,Rafed0003943Vols,1657,1137,1519,154,29
1218,204,550,Shamela0010273,3656,355,1213,197,28
1218,469,933,Tafsir01006,1577,1094,1596,107,16
1218,1477,1585,QuranAnalysis001,260,383,492,83,95
1218,873,1502,Tafsir08090,1704,791,1359,161,24
1218,1431,1585,Rafed0001713Vols,2975,173,590,124,36
1218,873,1502,Shamela0000041,2804,246,1316,280,27
1218,1461,1585,Shamela0023578,3521,385,535,100,82
1218,469,936,JK000876,1697,139,501,122,31
1219,1244,1359,Shia001432Vols,4847,1283,1480,65,36
1219,928,1170,Shamela0023628,3734,191,365,114,51
1219,850,1022,Sham19Y0020891,6899,70,242,139,100
1219,564,1359,ShamIbadiyya0000075,1004,390,1196,304,38
1219,584,1315,Shia002380Vols,880,9,432,253,41
1219,258,1340,Shia002382Vols,1938,50,991,333,28
1219,717,1340,Shia002382Vols,2555,39,765,313,47
1219,833,1121,JK009266,9686,184,451,162,60
1219,1170,1359,JK000458,3543,25,571,122,26
1219,356,753,JK009257,1040,1182,1452,120,32
1219,850,1121,Rafed0003943Vols,1658,745,931,145,66
1219,258,662,Shamela0010273,3659,499,1303,195,30
1219,214,504,Tafsir01006,1578,1100,1591,129,31
1219,535,934,Tafsir01006,1579,47,842,215,31
1219,1170,1359,Rafed0001713Vols,2982,729,1164,128,34
1220,1092,1296,Shamela0023632,3783,716,978,156,73
1220,249,840,Shamela0095562,193,1121,1389,152,30
1220,1092,1336,Sham19Y0023618,1894,1210,1454,170,78
1220,1092,1273,Shamela0023628,3738,1130,1545,124,34
1220,1092,1296,Sham19Y0020891,6907,224,427,166,99
1220,249,402,Zaydiyya0000062,2176,336,506,121,83
1220,1092,1329,Zaydiyya0000062,2177,1118,1320,170,85
1220,1092,1302,Sham19Y0023608,4333,1181,1392,147,76
1220,1134,1514,Meshkat00042488,1887,4,418,130,26
1220,927,1344,Shia002356Vols,1401,1091,1604,217,45
1220,1097,1500,Shamela0008473,5176,215,566,213,61
1220,249,407,Rafed0003943Vols,1658,1296,1435,114,87
1220,1092,1336,Rafed0003943Vols,1659,341,538,162,80
1220,1092,1336,Shamela0000041,2815,355,526,140,70
1221,633,892,Shamela0008353,642,185,451,151,69
1221,747,892,Tafsir09050,4949,689,847,113,89
1221,633,892,Shamela0022642,187,842,1145,178,73
1221,633,892,JK000146,143,1122,1401,152,67
1221,633,892,Shamela0025794,2182,354,633,154,68
1221,633,896,Masaha003294,54,356,616,146,66
1221,633,892,JK010001,4130,105,367,150,69
1221,740,892,JK009390,2603,66,233,117,88
1221,633,892,JK000791,2549,1262,1541,152,68
1221,740,892,Shamela0021659,1431,1307,1474,117,88
1221,633,892,JK009313,5722,848,1119,150,68
1221,740,892,JK009274,1013,896,1062,117,89
1221,740,892,Sham19Y0127677,2361,281,448,116,88
1221,747,892,JK000906,11611,68,225,113,89
1221,633,892,JK000465,4495,987,1248,148,68
1221,633,892,Shamela0008473,5181,919,1188,150,67
1221,901,1118,Shamela0008473,5186,701,1310,99,19
1221,633,892,Shamela0026591,17,152,441,176,75
1221,633,892,JK009265,239,1131,1403,152,67
1221,633,892,Tafsir07055,4245,43,310,152,69
1221,633,872,Shamela0012884,5458,1251,1488,131,64
1221,754,892,Sham19Y0018144,2337,152,297,105,91
1221,633,892,Sham19Y0038171,2571,24,633,148,30
1221,633,892,Shamela0001426,51,38,315,154,68
1221,633,896,Shamela0003118,303,119,389,149,63
1221,740,892,JK008001,5605,1150,1315,115,87
1221,740,892,Shamela0001438,4295,970,1137,117,88
1221,633,892,Shamela0001535,6788,809,1072,142,64
1222,0,183,Shamela0023628,3750,206,588,136,44
1222,0,460,Sham19Y0150960,847,249,755,177,36
1222,917,1087,Zaydiyya0000062,2184,335,510,137,94
1222,948,1435,JK000791,2552,251,621,195,47
1222,0,183,Shia002356Vols,1406,11,223,114,61
1222,948,1119,Shia002356Vols,1407,356,572,113,66
1222,743,1215,Shia002380Vols,883,146,535,166,36
1222,0,183,Shia002380Vols,883,115,330,109,63
1222,917,1215,Shia002382Vols,1945,101,257,115,46
1222,938,1215,Shia002382Vols,2562,492,759,170,65
1222,917,1208,Shamela0023591,6913,625,833,162,67
1222,948,1435,Shamela0021821,2087,233,683,214,50
1222,95,460,Tafsir08060,564,482,747,146,48
1222,917,1111,Rafed0003943Vols,1660,328,485,127,80
1222,152,460,Shamela0000041,2819,698,1359,113,17
1222,0,183,Shamela0023578,3551,679,1045,136,46
1222,902,1226,JK000876,1703,877,1430,127,25
1223,998,1199,ShamAY0037152,313,748,971,151,84
1223,998,1199,Shia001432Vols,5920,570,786,150,86
1223,994,1193,Shia001432Vols,5950,640,858,149,85
1223,660,816,Shamela0023632,3789,323,474,110,86
1223,660,1142,Sham19Y0023618,1898,384,857,192,40
1223,660,837,Shamela0023628,3766,368,629,129,62
1223,176,488,Shamela0005455,113,872,1160,189,71
1223,689,1199,Rafed0003257Vols,5591,288,821,283,55
1223,998,1193,Shamela0022593,2906,690,906,144,83
1223,660,816,Sham19Y0020891,6928,462,616,118,96
1223,998,1199,Shamela0011314,311,795,1018,153,85
1223,998,1199,Sham19Y0150960,87,346,561,155,88
1223,358,1199,JK006476,2115,228,726,198,23
1223,689,837,Sham19Y0147312,2123,1288,1435,107,93
1223,998,1193,Shamela0022769,1782,997,1224,145,79
1223,660,833,Zaydiyya0000062,2186,637,806,127,88
1223,671,1165,JK000791,2552,1066,1537,243,53
1223,660,1090,Shamela0021766,4939,1253,1525,105,25
1223,660,816,Sham19Y0023608,4343,1232,1383,110,86
1223,998,1199,ShamAY0033108,1299,328,544,149,85
1223,998,1193,Sham19Y0145435,190,114,330,149,86
1223,689,816,Shia002356Vols,1409,541,668,100,100
1223,998,1193,ShamAY0038638,142,870,1076,141,83
1223,998,1193,ShamAY0038638,207,858,1064,143,85
1223,1010,1199,JK000475,2361,348,550,149,90
1223,655,805,Shia002380Vols,883,853,1432,107,23
1223,998,1199,Tafsir02091,1533,210,426,149,85
1223,660,1193,Shamela0008473,5198,102,574,236,51
1223,998,1199,Shia002382Vols,1946,973,1188,150,87
1223,998,1199,Shia002382Vols,2564,201,415,150,87
1223,998,1199,Shamela0021821,1348,45,261,150,86
1223,998,1469,Shamela0021821,2088,549,960,204,41
1223,998,1193,Shamela0012406,492,308,517,142,82
1223,985,1199,Shia002389Vols,2085,955,1207,158,78
1223,128,313,ShamAY0034447,1441,338,638,107,45
1223,660,837,Rafed0003943Vols,1661,808,962,118,85
1223,998,1193,Shamela0007798,7057,143,362,146,83
1223,998,1193,Shamela0007798,9681,465,681,149,86
1223,1010,1199,JK000735,220,1049,1251,149,90
1223,998,1199,Tafsir04003,2957,23,240,147,84
1223,998,1193,Shia001349Vols,42,39,253,148,86
1223,1010,1193,Rafed0000066,21,95,291,137,86
1223,985,1199,Rafed0001713Vols,1850,860,1090,156,85
1223,684,816,Rafed0001713Vols,2995,499,631,101,97
1223,660,1199,Shamela0000041,2832,989,1509,217,37
1223,732,1324,Shamela0000041,2833,610,841,107,23
1224,224,689,Tafsir09083,1831,863,1226,111,22
1224,110,696,Tafsir09084,2681,67,354,139,28
1224,700,871,Zaydiyya0000062,2188,1173,1360,122,81
1224,755,1266,ShamIbadiyya0000075,1010,1000,1610,141,24
1224,689,871,Tafsir01006,1585,850,1161,94,39
1224,1206,1474,Tafsir01006,1586,330,742,109,28
1225,556,915,Shamela0095562,200,205,621,138,39
1225,556,740,Sham19Y0020891,6942,428,609,130,88
1225,702,904,Zaydiyya0000062,2192,0,513,78,18
1225,1107,1318,Sham19Y0122096,1425,454,709,147,68
1225,556,737,Shia002356Vols,1412,794,1276,124,33
1225,836,1423,Shia002380Vols,886,0,394,178,33
1225,300,495,Shamela0008473,5209,365,623,140,69
1225,167,857,Shia002382Vols,1951,651,1404,123,13
1225,904,1318,Shia002382Vols,1952,123,495,166,40
1225,167,1247,Shia002382Vols,2569,78,1390,304,22
1225,801,1103,ShamIbadiyya0000050,6331,1000,1535,109,21
1225,556,728,Rafed0003943Vols,1665,607,755,115,86
1225,556,862,Shamela0023578,3575,148,632,152,35
1226,680,1109,Shia001432Vols,21849,924,1448,179,35
1226,1140,1326,Shia001432Vols,28747,581,796,134,75
1226,1173,1332,Shamela0025794,3236,874,1056,125,84
1226,1173,1332,Shamela0030774,31,778,952,125,88
1226,1173,1332,Sham19Y0148271,1581,244,427,126,86
1226,1173,1332,Shamela0008473,5212,649,832,126,86
1226,1173,1332,Shamela0001404,483,276,550,126,56
1226,1132,1288,Shamela0012884,5493,1245,1434,114,72
1226,197,395,Shamela0023591,6926,1165,1369,136,82
1226,680,892,Masaha000001Vols,748,921,1133,123,61
1226,1173,1332,ShamAY0033672,39,585,758,124,88
1226,1173,1332,Shamela0003118,4591,236,416,125,85
1226,205,380,Rafed0003943Vols,1666,673,825,122,86
1226,205,530,Tafsir01006,1588,486,910,118,29
1226,1169,1332,Shamela0026568,377,261,435,129,91
1226,205,395,Shamela0000041,2840,15,193,131,84
1226,1173,1332,Shamela0023685,358,257,414,126,98