ms1,b1,e1,id2,ms2,b2,e2,ch_match,matches_percent
3,1643,1815,Rafed0000040Vols,2515,271,437,107,74
4,0,334,Rafed0000040Vols,2515,437,754,157,56
4,0,1517,Kraken210622164501,92,595,1733,790,60
5,1198,1662,Shia003686,5,1088,1536,325,82
5,1198,1653,Noorlib0005343,96,141,613,316,80
6,1396,1585,Shia003686,5,496,682,132,84
6,50,455,Shia003686,6,0,486,278,68
6,455,1085,Shia003686,7,93,782,382,64
6,7,455,Noorlib0005343,96,525,1017,279,63
7,0,462,Shia003686,5,682,1067,244,62
8,1241,1534,Noorlib0023925,30,1132,1504,200,65
9,0,398,Noorlib0023925,31,15,462,284,78
10,605,890,Rafed0000040Vols,2376,1229,1548,222,86
10,897,1111,Rafed0000040Vols,2377,0,214,164,97
11,275,854,Rafed0000040Vols,2378,685,1260,461,98
13,492,1202,Shia001299,137,182,798,330,49
13,492,1202,Shia001334,18,835,1460,340,50
13,492,887,Rafed0001121,485,1179,1560,243,69
13,878,1500,Rafed0001121,486,13,586,360,63
13,492,1027,ShamIbadiyya0000198Vols,800,766,1291,275,54
13,537,1500,Shia001142Vols,390,0,932,581,64
13,492,887,Shia001432Vols,1063,1154,1535,241,67
13,878,1500,Shia001432Vols,1064,13,585,379,68
13,613,759,Shia001432Vols,17728,0,134,106,88
13,492,762,Zaydiyya0000098,600,950,1197,177,77
13,492,892,Shia001153,35,1198,1538,229,68
13,492,1497,Shia004021,26,857,1620,403,43
13,492,759,Shia002389Vols,37,233,466,181,80
13,492,742,Rafed0003537Vols,326,762,994,171,81
13,466,753,Noorlib0023588,9,1165,1478,184,66
13,492,759,Zaydiyya0000042,171,583,835,188,82
13,1233,1464,Zaydiyya0000042,171,786,1034,140,71
13,492,1500,Shia002397Vols,24,247,1224,619,66
13,492,1500,Shia001136,15,475,1460,615,65
13,492,1127,Shia003704,541,958,1502,280,46
13,492,644,Noorlib0005343,92,1320,1459,109,88
14,0,554,Shia001299,137,932,1489,286,51
14,0,865,Shia001334,19,88,845,421,53
14,274,1588,PV2024060601,116,495,1355,442,39
14,408,865,Rafed0001121,246,13,334,221,55
14,0,876,Rafed0001121,486,524,1573,488,51
14,1343,1611,Rafed0001121,487,67,363,173,70
14,342,865,Shia20200618,114,1047,1396,239,53
14,342,865,Shia003710,189,61,406,234,51
14,0,627,Shia001142Vols,390,870,1549,371,61
14,664,1611,Shia001142Vols,391,0,598,324,40
14,0,483,Zaydiyya0000041,2,618,1027,153,34
14,0,876,Shia001432Vols,1064,524,1413,484,58
14,274,1588,Shia001432Vols,1134,263,1113,438,38
14,1304,1611,Shia001432Vols,17728,167,404,133,54
14,390,865,Shia001432Vols,24373,703,1033,227,54
14,12,876,Shia001153,36,565,1488,508,59
14,682,1383,Shia002382Vols,1716,679,995,178,31
14,0,865,Masaha001072,179,573,1332,410,50
14,342,865,Shia004021,19,545,888,236,52
14,3,865,Shia004021,27,9,764,414,51
14,691,1383,Shia002380Vols,752,713,1020,170,30
14,575,1497,Shia002389Vols,2803,374,831,276,36
14,0,382,Shia002397Vols,24,1162,1515,205,62
14,342,1611,Shia002397Vols,25,8,905,504,45
14,274,1588,Shia001122Vols,116,495,1355,442,39
14,516,865,Shia001107Vols,255,385,659,186,59
14,1372,1582,Shia001542Vols,88,1395,1634,136,67
14,307,1497,Shia001542Vols,527,818,1522,397,39
14,120,1611,Shia001136,16,6,1165,615,45
14,656,1594,Shia001136,227,0,531,252,31
14,0,865,Shia003704,542,207,972,427,53
14,318,1588,Shia001174Vols,1153,0,806,421,38
14,516,865,Rafed0001617Vols,121,0,274,186,59
14,342,865,Tafsir04056,2150,542,891,238,52
14,274,1588,Tafsir04056,2153,393,1248,440,38
14,575,1497,Tafsir04056,6827,627,1082,277,36
14,342,865,Masaha002872,267,85,433,233,51
14,274,1588,Masaha000001Vols,114,403,1262,443,39
15,10,1079,Rafed0001121,487,398,1107,466,50
15,107,1079,Shia001142Vols,391,761,1323,388,48
15,10,1079,Shia001432Vols,1065,267,966,466,51
15,0,1045,Shia001153,37,559,1625,673,70
15,10,1079,Shia002397Vols,25,940,1416,287,32
15,599,1188,Shia001136,17,11,412,207,43
15,678,916,Noorlib0005343,92,983,1213,181,94
16,248,684,Shamela0001585,2,242,401,127,35
16,248,684,ShamAY0033710,6,657,816,128,35
16,248,684,JK009321,4,1403,1562,127,35
17,1247,1464,AOCP20251104106,28,178,299,93,54
17,465,1468,Kraken210714194926,403,958,1281,226,29
17,465,1468,ShamAY0033710,6,884,1209,233,30
17,465,1468,JK000028,49,337,658,220,28
17,1285,1456,JK000028,57,813,1260,72,21
17,465,1468,JK009321,5,25,348,228,29
18,5,534,AOCP20251104106,28,291,445,98,22
18,5,106,JK000347,19,423,533,79,91
18,5,538,ShamAY0033710,6,1198,1362,112,26
18,5,538,JK000028,49,647,811,114,26
19,987,1141,Noorlib0023925,33,1235,1403,121,88
19,1263,1445,Noorlib0023925,34,490,689,150,90
20,149,1539,Noorlib0023925,35,0,1594,949,70
20,794,1438,Noorlib0005343,86,960,1584,438,80
21,800,1130,Rafed0000040Vols,2379,0,330,267,99
21,1027,1554,Noorlib0023925,61,652,1402,340,52
22,60,1221,Noorlib0023925,62,0,1479,776,65
23,844,1428,Noorlib0023925,59,253,955,317,54
24,1425,1624,Rafed0000040Vols,2399,1044,1231,148,91
24,928,1240,Noorlib0023588,32,1235,1585,209,72
24,451,1240,Noorlib0023925,41,228,1175,533,66
24,11,216,Noorlib0023925,56,442,653,151,82
25,0,573,Rafed0000040Vols,2399,1231,1577,260,56
25,1457,1579,Rafed0000040Vols,2400,0,122,101,100
26,627,1282,Rafed0000040Vols,2382,649,1193,416,77
27,0,451,Rafed0000040Vols,2381,1284,1649,301,80
28,955,1144,Rafed0000040Vols,2382,42,261,148,82
29,699,887,Rafed0001713Vols,1930,1072,1260,153,100
29,720,887,Sham19Y0023618,1293,0,167,135,100
29,699,887,JK009268,3649,281,470,153,99
29,713,887,Shamela0023591,5398,0,174,141,100
29,699,887,Shamela0023591,5434,205,393,153,100
29,699,887,QuranAnalysis001,170,197,386,153,99
29,699,887,Shamela0023578,2367,947,1135,153,100
29,699,845,JK000373,18,1001,1147,117,100
29,699,887,Shamela0000736,3613,1023,1212,153,99
29,699,887,Tafsir09084,139,429,617,153,100
29,699,839,Shia002356Vols,888,1393,1532,112,99
29,699,887,JK000375,168,599,788,153,99
29,678,887,Shamela0010523,107,70,301,159,84
29,699,887,JK009396,1129,354,543,153,99
29,705,839,Zaydiyya0000295Vols,42,64,198,107,100
29,699,887,JK009266,7171,1037,1226,153,99
29,699,839,Shamela0021766,4301,1097,1236,111,99
29,699,887,Tafsir02102,164,884,1072,153,100
29,685,845,Tafsir02102,728,340,500,128,100
29,699,887,Shamela0037458,3148,846,1035,153,99
29,693,845,Shia001432Vols,7094,1019,1174,122,98
29,693,887,Shia001432Vols,21007,35,229,157,99
29,699,845,Sham19Y0007233,251,1138,1282,115,98
29,699,887,JK000599,13,1201,1396,151,94
29,699,887,Sham19Y0014592,1984,638,827,153,99
29,705,880,Zaydiyya0000003,2,102,278,142,99
29,699,887,Shamela0021821,1397,441,630,153,99
29,699,887,Kraken220413194022,3133,1213,1401,153,100
29,699,887,Shamela0023632,2724,1075,1263,153,100
29,699,887,Sham19Y0009800,477,157,345,153,100
29,699,887,Meshkat0014420,3563,224,413,153,99
29,699,845,JK000082,143,895,1041,117,100
29,699,887,Shamela0008473,193,902,1091,153,99
29,699,887,Shamela0008473,466,489,678,153,99
29,685,845,Shamela0008473,1098,330,490,128,100
29,699,887,Shamela0008473,1654,258,447,153,99
29,699,887,Shamela0008473,2029,256,445,153,99
29,699,887,Shamela0008473,3609,1265,1454,153,99
29,699,887,Sham19Y0147312,1546,1127,1316,153,99
29,699,845,JK010001,211,502,648,117,100
29,699,835,JK010001,2926,1123,1259,109,100
29,699,835,JK010001,3547,177,313,109,100
29,688,887,Sham19Y0023608,2957,902,1115,162,93
29,699,887,JK000330,269,1086,1275,153,99
29,699,887,JK000330,815,467,656,153,99
29,699,887,Shamela0029743,789,445,634,153,99
29,699,887,JK000474,1433,983,1180,153,95
29,688,845,Hindawi070427368,21,848,1021,123,89
29,699,860,JK009270,3623,1354,1515,130,98
29,672,887,Tafsir06051,210,864,1065,163,93
29,699,887,Tafsir06051,593,967,1155,153,100
29,699,887,JK000791,1770,1141,1330,153,99
29,688,887,Shamela0010273,2283,815,1028,162,93
29,699,845,Tafsir07055,217,256,402,117,100
29,699,835,Tafsir07055,3017,1423,1559,109,100
29,699,835,Tafsir07055,3639,285,421,109,100
29,699,887,JK006478,7095,531,722,153,98
29,699,887,Shamela0004445,1132,115,304,153,99
29,699,887,JK000089,63,739,928,153,99
29,699,887,JK009362,6060,954,1151,152,94
29,699,835,JK000465,48,707,843,109,100
29,699,892,Rafed0003943Vols,1222,345,538,154,98
29,699,835,JK010224,1,441,577,109,100
30,858,1017,Sham19Y0020762,1662,1195,1354,123,95
30,865,1227,Shamela0009770,165,1262,1520,199,67
30,865,1017,JK000159,49,339,491,121,98
30,865,1175,Zaydiyya0000142,2542,37,401,244,81
30,865,1124,Masaha002028Vols,415,1201,1514,207,80
30,865,1017,Shia001392Vols,279,938,1092,108,86
30,865,1120,Shamela0009862,94,1207,1516,203,80
30,315,553,Shia001615Vols,1595,503,1006,170,43
30,299,719,Shia001432Vols,4848,1166,1403,170,51
30,865,1069,Shia001432Vols,11801,278,484,151,89
30,865,1136,Zaydiyya0000288,72,1177,1507,156,47
30,865,1180,EShia0086596,51,99,469,248,81
30,966,1227,Sham19Y0132973,752,259,416,119,55
30,299,553,Masaha004568Vols,104,925,1428,178,43
30,865,1069,Hindawi080746828,51,1020,1224,166,99
30,858,1175,MMS00013,1937,554,926,250,82
30,325,810,Noorlib0023588,121,170,446,154,40
30,865,1069,JK001164,13,684,888,163,98
30,858,1017,ShamAY0034447,179,476,635,126,97
30,865,1175,JK009313,825,902,1267,246,82
30,858,1017,JK007021,24,1049,1208,126,97
30,865,1175,Masaha001946Vols,121,1029,1467,243,68
30,865,1017,Shia004456Vols,1147,1157,1309,121,98
30,858,1227,JK006908,8,886,1151,202,67
30,373,513,Shamela0006617,214,1145,1327,88,62
30,865,1175,Shamela0004445,873,1041,1407,246,82
30,865,1175,Shamela0004445,1084,198,563,247,83
30,865,1069,Shia003636Vols,11974,1266,1473,150,88
30,865,1186,Sham19Y0145166,128,985,1364,246,79
30,865,1062,JK007501,17,1303,1504,155,94
30,865,1175,Shamela0023833,152,1066,1432,247,82
31,785,1364,Rafed0002654Vols,1394,713,1173,286,59
31,829,1364,Rafed0002654Vols,3207,1030,1413,265,62
31,785,1364,Shia004092Vols,1819,133,590,291,62
31,829,1364,Shia004092Vols,3588,257,640,265,62
32,64,427,JK000159,53,428,836,232,67
32,68,415,JK006801,1083,404,741,193,63
32,64,423,Zaydiyya0000142,165,408,790,199,59
32,64,427,Shamela0023645,36,243,595,204,62
32,68,370,Kraken22031816264701,229,473,741,157,61
32,64,423,Shia004030Vols,124,598,957,177,52
32,64,423,Shia004030Vols,223,578,942,180,53
32,64,423,Shia004030Vols,887,864,1227,182,56
32,68,427,JK009150,291,716,1061,213,66
32,68,427,Shamela0021765,2272,660,1014,213,64
32,85,517,Rafed0000705Vols,886,656,1041,134,29
32,85,423,Rafed0002654Vols,466,505,844,175,57
32,64,423,Rafed0002654Vols,1222,945,1332,200,59
32,77,423,Rafed0002654Vols,7193,420,775,182,57
32,68,427,ShamAY0034447,380,967,1362,229,69
32,12,427,JK009313,205,343,1055,252,42
32,64,423,Shia004092Vols,1649,506,881,200,60
32,64,415,Masaha001941,85,1066,1438,202,61
32,68,427,Shia004456Vols,1061,790,1153,221,67
32,68,427,JK001303,60,863,1185,196,61
32,68,427,Shia003754Vols,18,447,819,200,55
32,77,423,Shia003754Vols,154,1038,1398,182,57
32,64,427,Masaha003955Vols,253,849,1210,187,54
32,68,427,Shamela0012884,2510,863,1214,209,63
32,68,267,Sham19Y0013666,10,1303,1455,101,62
32,64,423,Masaha002880Vols,185,263,650,199,58
33,231,384,Shamela0009231,258,92,245,123,100
34,654,1242,Rafed0000040Vols,2381,458,1143,456,82
35,350,703,Rafed0001713Vols,650,1057,1406,281,98
35,354,703,Sham19Y0023618,493,487,836,281,100
35,354,703,JK009268,1619,1196,1545,281,100
35,354,716,Shamela0037325,1482,329,691,285,98
35,439,585,JK006476,387,791,937,119,100
35,362,698,Masaha000554Vols,1238,382,716,265,97
35,354,703,Shamela0023591,2599,926,1275,281,100
35,354,703,QuranAnalysis001,49,196,545,281,100
35,354,703,Shamela0023578,1020,997,1349,281,98
35,354,678,Shamela0023578,1024,149,1015,255,36
35,354,716,Shamela0008206,272,170,540,285,96
35,354,703,Shamela0009231,783,55,404,281,100
35,354,703,Rafed0003257Vols,667,575,924,281,100
35,354,703,Rafed0003257Vols,1873,473,822,281,100
35,354,703,Shamela0010517,1791,1084,1433,281,99
35,354,577,Shamela0000041,753,1225,1447,182,99
35,462,711,Shia002356Vols,285,0,247,192,97
35,350,569,Masaha002028Vols,828,183,502,178,68
35,354,703,Rafed0003489,165,330,827,281,70
35,354,556,JK009336,303,92,294,165,100
35,354,703,JK009396,365,869,1218,281,100
35,446,711,Shia001626Vols,476,316,579,209,98
35,354,556,ShamAY0037152,854,1358,1559,165,99
35,362,703,JK009266,3180,517,858,275,100
35,421,703,Tafsir06048,270,6,395,227,72
35,345,711,Shamela0022371,149,571,937,289,97
35,354,723,Shamela0037458,977,254,618,293,98
35,354,616,Shia001432Vols,7088,1273,1534,212,99
35,354,703,Shia001432Vols,28826,335,856,277,65
35,81,246,ShamAY0037387,226,909,1071,124,93
35,354,703,Sham19Y0020891,1699,1205,1554,281,100
35,362,678,Tafsir02104,134,1132,1500,208,62
35,354,703,Shamela0021821,478,505,852,280,99
35,354,556,Shamela0012820,136,250,452,165,100
35,354,703,JK000378,83,203,552,281,100
35,354,660,Shamela0023632,1006,1165,1470,247,99
35,354,653,Meshkat0014420,1294,1201,1498,241,99
35,450,703,Zaydiyya0000148,228,887,1153,195,91
35,354,703,Shamela0008473,1586,777,1126,281,100
35,354,703,Sham19Y0147312,553,77,425,281,99
35,350,723,Shamela0000922,403,1156,1523,293,97
35,421,703,Sham19Y0023608,988,0,282,227,100
35,354,703,Shamela0010283,3361,854,1212,281,97
35,354,633,JK000330,295,1279,1557,226,99
35,354,703,JK000917,538,791,1140,281,100
35,354,703,Shamela0004473,7583,5,375,278,93
35,446,703,Shamela0004473,12851,75,332,206,100
35,446,703,Shamela0004473,14157,1337,1594,206,100
35,354,693,Shamela0029743,231,1144,1482,273,99
35,345,577,JK006950,2367,470,698,186,98
35,354,703,JK000122,562,282,631,281,100
35,502,708,Shamela0007554,38,402,656,130,64
35,354,723,Zaydiyya0000062,410,893,1256,293,98
35,362,703,JK009270,1210,221,562,275,100
35,354,723,JK000791,566,342,717,293,97
35,319,585,Shamela0010273,656,1346,1605,196,90
35,354,596,JK009257,208,1359,1602,197,98
35,354,703,Shamela0007798,3311,293,642,281,100
35,354,723,JK006478,3305,957,1338,295,95
35,354,577,Shia002340,69,973,1196,182,100
35,354,605,Shamela0004445,2873,1224,1516,199,83
35,354,703,Shamela0023628,998,0,349,281,100
35,354,556,JK000367,88,865,1067,165,100
35,354,550,JK009362,2285,1350,1553,157,93
35,350,708,Meshkat00042488,388,587,944,285,99
35,354,703,Rafed0003943Vols,303,678,1027,281,100
35,345,577,JK000381,8065,1057,1285,186,98
35,354,723,Shamela0012884,1620,347,761,293,88
35,354,723,Sham19Y0014404,365,1079,1482,292,89
35,350,577,Shamela0023833,366,428,759,185,68
36,129,420,Rafed0000040Vols,2384,804,1100,212,85
37,0,255,Rafed0001713Vols,477,853,1116,190,92
37,0,231,Sham19Y0023618,373,357,588,182,100
37,0,231,JK009268,1318,543,774,182,100
37,0,231,JK001420,223,1133,1364,182,100
37,0,231,Masaha000554Vols,869,492,722,180,99
37,0,231,Shamela0023591,2088,1001,1232,182,100
37,0,231,QuranAnalysis001,34,6,237,182,100
37,0,231,Shamela0021715,10008,289,520,182,100
37,0,231,Shamela0023578,778,966,1197,182,100
37,0,231,Rafed0003793Vols,415,553,784,182,100
37,0,231,Shamela0009231,630,411,642,182,100
37,0,231,Zaydiyya0000361,1113,50,281,182,100
37,109,231,Rafed0003257Vols,1441,0,122,97,100
37,0,231,Sham19Y0013605,4675,50,281,182,100
37,0,231,Shamela0000041,552,280,511,182,100
37,0,231,Shia002356Vols,207,1246,1478,182,99
37,0,231,JK007018,123,1199,1431,182,99
37,0,231,Shamela0010013,86,784,1015,182,100
37,0,231,Shamela0012293,2560,631,862,182,100
37,0,231,JK009396,280,619,850,182,100
37,0,231,Shamela0001717,3782,338,569,182,100
37,0,231,Sham19Y0018106,4001,498,729,182,100
37,51,231,JK009266,2541,0,180,142,100
37,0,251,Shamela0022371,131,59,309,186,94
37,0,231,Sham19Y0150960,635,589,820,180,98
37,0,231,Shamela0037458,700,742,973,182,100
37,23,231,Shia001432Vols,32764,0,208,163,100
37,0,231,Meshkat00057178,963,1259,1490,182,100
37,0,231,Sham19Y0020891,1335,1252,1483,182,100
37,0,231,Tafsir07076,348,30,261,182,100
37,69,231,JK011090,14,0,161,129,99
37,0,231,Shamela0021821,350,243,474,182,100
37,0,231,Shamela0023632,745,916,1151,182,98
37,0,231,Meshkat0014420,933,725,956,182,100
37,0,231,Masaha000989,327,272,503,182,100
37,37,231,Shamela0008473,1132,0,194,152,100
37,0,231,Sham19Y0147312,425,623,854,182,100
37,0,231,LAL2013020402,44,95,324,180,99
37,0,231,Sham19Y0016584,4450,814,1045,182,100
37,0,231,Sham19Y0023608,698,702,933,182,100
37,0,231,Shia000233,1112,38,269,182,100
37,0,231,Sham19Y0018176,2411,30,261,182,100
37,0,231,Shia002394Vols,742,934,1165,180,98
37,0,231,Sham19Y0018103,3922,726,957,182,100
37,0,231,Zaydiyya0000054,447,706,937,182,100
37,0,231,ShamAY0036821,608,354,585,181,99
37,0,231,Shamela0029743,162,918,1149,182,100
37,0,231,JK000110,1803,22,253,182,100
37,0,231,PV2024060602,1803,22,253,182,100
37,0,231,JK000122,66,317,548,182,100
37,0,269,JK000122,453,828,1087,193,91
37,0,239,JK000122,468,489,728,185,98
37,0,231,Hindawi037926480,273,1222,1453,182,100
37,0,225,Zaydiyya0000062,290,743,968,177,100
37,0,231,JK009270,924,771,1002,182,100
37,0,231,JK000791,398,797,1028,182,100
37,0,255,Sham19Y0014827,253,740,1001,185,90
37,0,231,Shamela0010273,466,1103,1334,182,100
37,0,231,Shamela0007798,2488,565,796,182,100
37,0,231,Shamela0023628,687,1269,1500,182,100
37,0,231,Shamela0009759,107,1079,1310,182,100
37,0,231,Shamela0010463,163,1268,1499,182,100
37,0,231,Meshkat00042488,272,627,858,182,100
37,0,231,Shamela0005756,14511,336,567,182,99
37,0,242,Shamela0005756,15370,390,632,186,97
37,0,231,Rafed0003943Vols,223,1208,1439,182,100
37,0,231,Sham19Y0014404,269,978,1209,182,100
37,0,231,Sham19Y0013550,158,454,685,182,100
40,227,661,Rafed0000040Vols,2387,1230,1655,347,97
40,661,1583,Rafed0000040Vols,2388,0,800,611,79
41,0,1095,Rafed0000040Vols,2388,800,1581,620,68
42,106,1243,Rafed0000040Vols,2389,345,1492,922,97
42,1264,1630,Rafed0000040Vols,2390,670,976,220,73
43,84,515,Rafed0000040Vols,2390,952,1272,249,72
43,962,1309,Rafed0000040Vols,2390,1268,1449,139,48
43,1303,1506,Rafed0000040Vols,2394,184,387,162,99
44,1316,1593,Rafed0000040Vols,2392,245,540,218,93
44,0,358,Rafed0000040Vols,2394,387,745,292,100
45,3,352,Rafed0000040Vols,2392,546,913,283,94
46,920,1159,Rafed0001713Vols,895,417,640,179,92
46,920,1159,Sham19Y0023618,674,1208,1431,179,92
46,920,1159,JK009268,2071,42,265,179,92
46,948,1134,JK001420,389,1257,1444,148,97
46,920,1094,JK006476,536,639,801,125,89
46,948,1186,Masaha000554Vols,1751,228,455,176,91
46,920,1159,Shamela0023591,3307,392,615,179,92
46,920,1159,QuranAnalysis001,73,338,561,179,92
46,948,1159,Rafed0003799Vols,1647,1091,1302,172,100
46,966,1159,Shamela0023578,1266,0,193,158,100
46,948,1159,ShamIbadiyya0000220,162,985,1196,172,100
46,920,1159,Rafed0003257Vols,2498,733,956,179,92
46,948,1159,Shamela0000041,977,469,680,172,100
46,948,1159,Shia002356Vols,406,447,657,171,99
46,948,1186,JK007018,239,790,1020,178,92
46,920,1159,JK009396,509,857,1080,179,92
46,870,1159,Shia001416,172,230,485,131,44
46,948,1159,Tafsir09083,491,261,1074,170,25
46,920,1159,JK009266,4250,1133,1356,179,92
46,948,1159,Tafsir06048,378,404,651,171,85
46,948,1183,Shamela0022371,180,101,327,177,93
46,948,1159,Shamela0037458,1365,617,828,172,100
46,948,1159,Meshkat00057178,1569,551,762,172,100
46,982,1159,Sham19Y0020891,2227,0,177,145,100
46,982,1159,Tafsir07076,3527,29,852,145,21
46,948,1159,Tafsir02067,327,250,656,172,51
46,948,1159,Hindawi046286097,41,244,455,172,100
46,948,1159,Shamela0021821,653,1086,1297,172,100
46,920,1159,Shamela0023632,1399,682,934,181,88
46,948,1159,Meshkat0014420,1839,550,761,172,100
46,948,1159,Shamela0008473,2009,1262,1473,172,100
46,948,1159,Sham19Y0147312,789,935,1146,172,100
46,943,1159,Shamela0000922,537,666,883,175,99
46,948,1094,JK010001,582,424,751,108,41
46,948,1159,Sham19Y0023608,1452,1276,1487,172,100
46,948,1159,JK001496,733,1201,1412,172,100
46,948,1122,JK000917,683,1357,1530,141,99
46,948,1159,ShamAY0036821,958,902,1111,170,99
46,957,1159,ShamAY0036821,963,0,300,134,55
46,920,1159,Shamela0029743,335,1201,1424,179,92
46,870,1159,Shia004020,146,309,517,131,49
46,920,1150,Zaydiyya0000062,584,1321,1537,171,91
46,920,1159,Shia003721Vols,328,824,1047,179,92
46,920,1159,JK009270,1721,286,509,179,92
46,920,1159,JK000791,804,1028,1251,179,92
46,948,1159,Shamela0010273,910,623,834,172,100
46,948,1159,JK009257,280,577,1133,172,37
46,948,1094,Tafsir07055,616,336,662,108,41
46,948,1173,Shamela0007798,4215,1055,1279,176,96
46,948,1159,JK006478,4158,864,1074,172,99
46,920,1159,Shamela0004445,418,1186,1409,179,92
46,920,1159,Shamela0023628,1401,1132,1355,179,92
46,982,1159,Tafsir10066,535,436,893,137,36
46,948,1159,JK009362,3254,549,765,172,97
46,948,1164,Meshkat00042488,553,1085,1301,174,99
46,920,1159,Rafed0003943Vols,473,996,1219,179,92
46,948,1159,Sham19Y0014404,498,516,727,172,100
47,217,980,Rafed0000040Vols,2392,915,1578,531,85
47,980,1417,Rafed0000040Vols,2393,0,427,323,89
48,19,967,Rafed0000040Vols,2393,427,1030,487,63
48,464,944,Shia003686,33,989,1596,289,54
48,944,1403,Shia003686,34,0,469,339,84
48,500,1403,Noorlib0005343,569,46,1197,535,50
49,78,850,Shia003686,34,704,1575,374,43
49,834,1521,Shia003686,35,54,590,324,52
49,370,1521,Noorlib0005343,570,0,1299,637,51
50,204,595,Rafed0000040Vols,2393,1033,1430,315,98
50,1207,1376,Rafed0000040Vols,2393,1408,1569,126,88
50,1376,1581,Rafed0000040Vols,2394,0,199,156,94
52,253,554,Rafed0001713Vols,285,915,1216,241,100
52,253,554,Sham19Y0023618,203,375,676,241,100
52,253,448,JK009268,832,1304,1498,155,99
52,247,554,JK001420,134,521,828,246,100
52,344,554,JK006476,156,972,1180,167,98
52,253,554,Masaha000554Vols,438,957,1258,241,99
52,393,545,Masaha000554Vols,447,771,1138,122,41
52,253,554,Shamela0023591,1335,999,1300,241,100
52,253,554,QuranAnalysis001,17,1057,1357,239,99
52,253,554,Shamela0023578,424,333,634,241,100
52,253,554,Shamela0009231,398,232,532,239,99
52,253,554,Rafed0003257Vols,753,224,525,241,100
52,253,554,Shamela0000041,300,1250,1550,239,99
52,393,536,Shamela0010011,24,1358,1500,113,97
52,326,554,Shia002356Vols,116,0,226,181,99
52,276,554,Rafed0003150Vols,261,856,1177,219,84
52,253,554,JK007018,79,1093,1395,241,99
52,253,554,JK009396,188,333,634,241,100
52,253,554,JK009266,1519,472,773,241,100
52,241,554,Shamela0037458,421,330,636,242,96
52,253,554,Shia001432Vols,4280,384,685,241,100
52,247,554,Meshkat00057178,633,503,1024,244,58
52,253,554,Sham19Y0020891,881,172,473,241,100
52,253,554,Tafsir07076,3777,494,1411,238,32
52,247,554,Kraken210622021806,934,1085,1380,238,93
52,280,554,Tafsir02104,55,787,1353,219,48
52,253,430,Kraken210622021811,139,1259,1435,141,98
52,253,554,Shamela0021821,212,24,324,239,99
52,309,554,Shamela0023632,393,0,245,196,100
52,247,554,Meshkat0014420,557,466,772,244,99
52,253,545,Shamela0008473,781,1270,1560,231,98
52,253,430,Sham19Y0147312,271,1337,1513,141,99
52,241,554,Shamela0000922,184,881,1194,242,96
52,247,430,Shia001373,60,708,885,126,87
52,253,393,Shia004552Vols,484,850,990,111,100
52,253,554,Sham19Y0023608,349,278,579,241,100
52,462,586,Shamela0022869,295,346,511,83,62
52,241,554,Shamela0095735,602,318,643,248,94
52,393,554,Shamela0010283,2552,634,827,130,83
52,283,554,Shamela0004473,495,0,270,215,98
52,253,554,JK010729,84,440,742,241,99
52,253,498,Shia002394Vols,417,1309,1552,195,99
52,253,554,ShamAY0036821,394,622,923,240,99
52,253,554,Shamela0029743,86,222,522,239,99
52,253,545,Zaydiyya0000062,156,165,456,231,98
52,253,554,Shia003721Vols,419,261,562,241,100
52,393,554,Shia003721Vols,422,451,693,130,66
52,253,554,JK009270,542,325,626,241,100
52,335,554,JK000791,223,0,219,176,100
52,253,559,Shamela0010273,246,21,330,244,98
52,367,554,JK009257,91,781,1164,151,48
52,362,554,Shamela0007798,1637,0,191,153,98
52,393,554,Shamela0007798,1645,519,679,128,98
52,253,554,JK006478,1874,862,1165,241,98
52,253,554,Shamela0004445,509,721,1021,239,99
52,393,554,Shamela0004445,512,985,1233,128,63
52,247,501,Shamela0023628,342,1342,1619,202,90
52,253,554,JK009362,1318,978,1285,241,98
52,253,554,JK009362,1319,15,322,241,98
52,253,554,Meshkat00042488,158,416,717,241,100
52,253,554,Rafed0003943Vols,83,475,776,241,100
52,288,563,Shamela0012884,781,0,275,214,97
52,335,554,Sham19Y0014404,169,0,218,174,98
52,253,554,Sham19Y0013550,84,95,396,241,100
53,30,602,Rafed0000040Vols,2395,1031,1600,459,98
53,602,1562,Rafed0000040Vols,2396,0,980,774,97
54,0,590,Rafed0000040Vols,2396,980,1570,481,100
56,32,159,Rafed0001713Vols,613,536,663,99,97
56,32,153,JK009268,1552,749,870,97,100
56,32,153,Shamela0001601,117,1316,1435,95,98
56,14,169,JK001420,276,27,169,112,90
56,32,153,Shamela0023591,2482,372,493,97,100
56,32,153,QuranAnalysis001,45,1280,1401,97,100
56,32,153,Shamela0009231,751,214,335,97,100
56,32,153,Rafed0003257Vols,1759,1362,1483,97,100
56,32,165,Shamela0000041,707,80,212,106,99
56,32,153,Shia002356Vols,267,284,405,97,100
56,9,153,Shamela0022653,157,429,561,106,91
56,14,153,Shamela0022653,182,340,467,102,91
56,32,153,JK009336,972,311,432,97,100
56,32,153,JK009396,343,1058,1179,97,100
56,32,153,JK009266,3034,362,482,97,99
56,32,153,Shamela0022371,144,66,187,97,100
56,32,153,Shamela0009182,308,1013,1134,97,100
56,32,153,Shamela0037458,903,867,988,97,100
56,40,153,Shamela0021821,449,665,778,91,100
56,32,153,Shamela0023632,936,506,627,97,100
56,14,153,Meshkat0014420,1213,41,167,101,89
56,32,153,Shamela0008473,1456,1179,1300,97,100
56,32,153,Sham19Y0147312,528,1057,1177,97,99
56,32,183,Shamela0000922,381,946,1098,98,80
56,32,153,Sham19Y0023608,923,294,415,97,100
56,14,153,JK000917,456,979,1106,102,91
56,32,153,Sham19Y0013231,1126,163,284,97,100
56,32,153,Shamela0029743,217,218,339,97,100
56,9,275,JK000122,696,1232,1605,157,47
56,32,153,JK000122,727,302,423,97,100
56,32,153,JK000122,731,415,536,97,100
56,14,159,JK000122,1182,46,177,105,90
56,32,148,Zaydiyya0000062,383,547,662,93,99
56,32,153,JK009270,1124,1025,1145,97,99
56,32,165,JK000791,522,1016,1148,106,99
56,32,153,Sham19Y0014827,363,733,853,97,99
56,32,153,Shamela0010273,612,698,819,97,100
56,14,153,Shamela0007798,3065,232,359,102,91
56,32,159,Shamela0023628,922,225,351,101,99
56,32,153,Shamela0009759,183,473,594,97,100
56,40,153,Tafsir10066,340,664,777,91,100
56,32,153,Meshkat00042488,361,1071,1192,97,100
56,32,153,Rafed0003943Vols,284,50,171,97,100
56,32,153,JK000381,510,1302,1423,97,100
56,9,153,JK000381,1624,1333,1465,106,91
56,32,153,Shamela0012884,1550,189,310,97,100
56,32,153,Sham19Y0014404,339,525,645,97,99
56,14,153,Rafed0003726Vols,340,117,244,102,91
62,789,1054,Rafed0001713Vols,674,1039,1304,218,100
62,789,1054,Sham19Y0023618,506,149,414,218,100
62,839,1054,JK009268,1645,0,215,177,100
62,789,1032,JK001420,298,87,330,200,100
62,780,1054,JK006476,398,817,1131,213,83
62,789,1045,Masaha000554Vols,1282,1265,1518,207,98
62,789,1054,Shamela0023591,2635,1248,1513,218,100
62,789,1054,QuranAnalysis001,51,80,345,218,100
62,789,1054,Shamela0023578,1048,452,717,218,100
62,789,1054,Shamela0009231,796,445,710,218,100
62,789,1054,Rafed0003257Vols,1925,769,1034,218,100
62,789,1054,Shamela0000041,773,1341,1606,218,100
62,862,1010,Shamela0000041,774,1071,1384,120,46
62,789,1054,Shia002356Vols,294,524,788,217,99
62,835,1054,JK007018,173,0,219,180,100
62,789,1054,JK009396,373,1367,1632,218,100
62,789,1005,JK009266,3266,1378,1593,178,99
62,908,1054,Hindawi013082050,150,0,146,121,100
62,789,1054,Shamela0022371,151,524,789,218,100
62,30,215,Shamela0022371,221,1200,1381,139,93
62,789,1054,Shamela0037458,1011,441,706,218,100
62,871,1054,Shia001432Vols,2475,0,183,151,100
62,789,1054,Meshkat00057178,1222,1155,1420,218,100
62,789,1054,Sham19Y0020891,1744,997,1262,218,100
62,876,1054,Tafsir07076,2656,1106,1284,147,100
62,789,1054,Kraken210622021811,330,137,400,216,97
62,789,1054,Shamela0021821,489,687,952,218,100
62,789,1054,Shamela0023632,1043,981,1246,218,100
62,789,1054,Zaydiyya0000476,281,1025,1290,218,100
62,789,1054,Zaydiyya0000476,298,1359,1624,218,100
62,789,1054,Meshkat0014420,1338,476,741,218,100
62,789,1054,Shamela0008473,1627,632,897,218,100
62,784,1054,Sham19Y0147312,569,571,843,220,98
62,789,1054,Shamela0000922,414,812,1077,218,100
62,789,980,JK000362,1316,1399,1589,157,99
62,789,1054,Sham19Y0023608,1017,1184,1449,218,100
62,789,1054,JK001496,559,509,774,218,100
62,867,1010,JK000330,956,0,143,118,100
62,784,1054,Zaydiyya0000191,37,1353,1629,222,97
62,776,1054,Shamela0004473,14136,94,379,222,95
62,795,1054,Shamela0004473,14146,0,259,213,100
62,789,1062,Shamela0004473,15202,1307,1588,223,96
62,789,1054,ShamAY0036821,748,395,658,216,99
62,789,1054,Shamela0029743,239,475,740,218,100
62,789,1005,JK001263,95,1302,1522,178,97
62,784,1054,Zaydiyya0000220,125,406,682,222,97
62,789,1054,Zaydiyya0000062,424,757,1022,218,100
62,789,1054,JK000791,587,566,830,217,99
62,789,1054,Shamela0010273,677,1317,1582,218,100
62,789,1054,Shamela0007798,3402,790,1055,218,100
62,789,1054,Sham19Y0018567,690,722,987,218,100
62,789,1054,JK006478,3356,740,1006,218,99
62,789,1054,Shamela0023628,1031,795,1060,218,100
62,469,611,JK009158,115,310,466,115,89
62,789,1054,Meshkat00042488,401,1287,1552,218,100
62,789,1054,Shamela0005756,14923,396,661,218,100
62,789,1054,Rafed0003943Vols,311,1376,1641,218,100
62,789,1054,Shamela0012884,1658,1283,1548,218,100
62,784,1054,Sham19Y0014404,376,578,850,220,98
62,789,992,Sham19Y0013550,485,1421,1623,167,99
64,72,814,Rafed0000040Vols,2384,23,558,433,71
64,1225,1564,Rafed0000040Vols,2395,417,694,198,68
65,442,558,JK010491,35,1187,1302,91,99
65,438,558,Rafed0001713Vols,1125,1044,1164,94,100
65,438,564,Sham19Y0023618,844,31,157,99,100
65,438,558,JK009268,2478,10,130,94,100
65,432,564,JK001420,449,839,970,103,99
65,438,558,Shamela0023591,3862,831,951,94,100
65,438,558,Shamela0023591,3900,1092,1212,94,100
65,438,558,QuranAnalysis001,97,615,735,94,100
65,438,672,Shamela0023578,1547,1009,1160,118,63
65,438,558,Rafed0003793Vols,760,1378,1498,94,100
65,438,558,ShamAY0037574,460,1318,1438,94,100
65,438,558,Rafed0003257Vols,2884,1152,1272,94,100
65,438,558,Shamela0000041,1229,216,336,94,100
65,438,558,Shia002356Vols,527,160,280,94,100
65,438,564,JK009396,646,1036,1161,98,99
65,438,558,JK009266,4978,316,436,94,100
65,438,558,Shamela0022371,203,1218,1338,94,100
65,438,558,Shamela0037458,1820,60,180,94,100
65,438,558,Shia001432Vols,3457,991,1111,94,100
65,442,558,Shamela0009783BK1,134,1269,1385,91,100
65,427,558,Hindawi092028080,13,1403,1533,101,98
65,438,558,Sham19Y0020891,2783,1260,1380,94,100
65,438,558,Hindawi062413635,23,271,391,94,100
65,438,558,Tafsir07076,1093,182,302,94,100
65,438,558,Masaha002064Vols,200,695,815,94,100
65,438,558,Hindawi085315384,71,217,337,94,100
65,438,545,Kraken210622021811,131,1382,1490,83,95
65,438,558,Shamela0021821,829,525,645,94,100
65,438,558,Shamela0023632,1785,805,925,94,100
65,427,558,Meshkat0014420,2356,34,165,103,100
65,427,558,Masaha004568Vols,193,1114,1246,98,95
65,438,564,Sham19Y0147312,972,190,315,98,99
65,438,558,Shamela0000922,627,1372,1492,94,100
65,438,558,Sham19Y0023608,1886,1203,1323,94,100
65,438,558,Shamela0029743,450,210,330,94,100
65,438,558,Hindawi019640759,6,0,120,94,100
65,438,553,Zaydiyya0000062,791,65,180,90,100
65,438,558,Shia003721Vols,53,89,209,94,100
65,432,558,Shia003721Vols,66,674,800,99,100
65,438,558,JK009270,2235,1173,1293,94,100
65,438,558,Shamela0010273,1199,798,918,94,100
65,438,558,Shamela0007798,4994,992,1112,94,100
65,438,558,Shamela0004445,145,825,945,94,100
65,432,558,Shamela0004445,157,604,730,99,100
65,442,558,Sham19Y0145435,984,1167,1283,91,100
65,438,558,Sham19Y0145435,4934,939,1059,94,100
65,427,558,Sham19Y0145435,4946,1050,1181,103,100
65,438,564,Meshkat00042488,733,74,199,98,99
65,438,558,Rafed0003943Vols,656,327,447,94,100
65,438,558,Hindawi017506357,94,250,370,94,100
65,438,558,Sham19Y0014404,646,560,680,94,100
65,438,558,Sham19Y0013550,304,783,903,94,100
67,0,444,Rafed0000040Vols,2384,1105,1597,358,86
69,103,237,Shamela0008381,4190,630,776,101,84
69,630,877,Rafed0001713Vols,275,236,483,200,100
69,630,877,Sham19Y0023618,190,233,480,200,100
69,630,877,JK009268,801,799,1046,200,100
69,624,877,JK001420,126,1210,1463,205,100
69,718,867,JK006476,147,128,277,121,100
69,630,886,Masaha000554Vols,417,831,1086,204,98
69,630,877,Shamela0023591,1267,234,481,200,100
69,630,877,QuranAnalysis001,16,896,1143,200,100
69,624,877,JK000088,73,1216,1469,205,100
69,630,877,Shamela0023578,388,777,1024,200,100
69,619,877,Shamela0009231,380,754,1013,204,97
69,630,877,Rafed0003257Vols,727,242,489,200,100
69,630,877,Shamela0000041,278,525,772,200,100
69,630,877,Shia002356Vols,110,303,550,200,100
69,630,877,Tafsir07053,2,643,889,199,99
69,667,877,Tafsir07053,7,588,802,157,90
69,630,877,Tafsir07053,33,306,553,200,100
69,630,877,JK007018,76,107,354,200,100
69,630,877,JK009266,1444,213,460,200,100
69,630,877,Shamela0022371,99,861,1108,200,100
69,630,877,Sham19Y0150960,632,351,597,199,99
69,630,877,Shamela0037458,396,519,766,200,100
69,630,877,Shia001432Vols,32638,571,818,199,99
69,630,877,Meshkat00057178,607,738,985,200,100
69,630,877,Sham19Y0020891,849,921,1168,200,100
69,723,877,JK009237,6021,605,759,125,100
69,630,877,Shamela0021821,200,605,852,200,100
69,630,877,Shamela0023632,363,1199,1446,200,100
69,624,877,Shamela0000894,3851,933,1190,205,98
69,630,877,Meshkat0014420,530,128,375,200,100
69,630,877,Shamela0008473,746,302,549,200,100
69,708,877,Sham19Y0147312,262,0,169,138,100
69,630,877,Shamela0023606,108,133,380,200,100
69,630,877,Shamela0000922,175,689,936,200,100
69,630,877,Sham19Y0023608,324,1038,1285,200,100
69,630,877,JK001496,242,133,381,200,99
69,103,220,JK000917,1175,99,216,96,100
69,630,877,Shia002394Vols,393,629,875,199,99
69,630,877,ShamAY0036821,376,1107,1353,199,99
69,639,877,Shamela0029743,78,0,238,193,100
69,624,877,JK000122,331,1174,1427,205,100
69,619,877,JK000122,1087,1221,1479,209,100
69,630,872,Zaydiyya0000062,146,695,937,196,100
69,630,877,JK009270,505,622,869,200,100
69,708,877,JK000791,207,0,169,138,100
69,630,877,Shamela0010273,231,1224,1471,200,100
69,619,877,Shamela0007798,1501,1095,1353,209,100
69,97,220,Shamela0007798,6885,81,204,98,97
69,630,877,JK006478,1817,1134,1380,200,98
69,630,877,Shamela0023628,316,587,834,200,100
69,630,877,Shamela0009759,79,1108,1355,200,100
69,630,877,Meshkat00042488,149,986,1233,200,100
69,103,225,Shamela0026047,299,1315,1437,96,96
69,630,877,Rafed0003943Vols,80,462,709,200,100
69,634,877,Shamela0012884,714,0,243,197,100
69,694,877,Tafsir07057,520,519,755,149,77
69,630,877,Sham19Y0014404,160,462,709,200,100
69,630,877,Sham19Y0013550,79,478,725,200,100
72,0,574,Kraken220610012301,170,932,1276,172,31
74,802,1050,Shamela0009231,785,389,638,203,99
74,807,1055,Shamela0005756,15082,505,755,202,98
75,525,773,Shamela0009231,785,389,638,203,99
75,530,778,Shamela0005756,15082,505,755,202,98
76,46,184,Shamela0006947,5861,1069,1206,111,99
76,4,184,Shamela0006947,11732,502,676,118,82
76,46,184,Rafed0001713Vols,1167,1359,1497,111,100
76,46,184,Sham19Y0023618,865,1218,1355,111,99
76,40,195,JK001420,462,387,541,121,96
76,46,218,Shamela0023591,3976,652,819,117,86
76,9,184,Shamela0023591,3987,853,1035,117,72
76,46,184,Shamela0023578,1581,92,229,111,99
76,46,184,JK000805,5,448,585,111,99
76,46,184,Rafed0003257Vols,2935,351,489,111,100
76,46,184,Shia002356Vols,546,158,295,111,99
76,40,184,JK007018,324,268,405,111,95
76,46,184,JK009266,5093,404,541,111,99
76,35,184,Shia001432Vols,4684,1361,1509,120,99
76,46,184,Shia001432Vols,31275,1397,1534,111,99
76,46,184,Sham19Y0020891,2889,765,902,111,99
76,46,184,Shamela0023632,1844,290,427,111,99
76,46,184,Zaydiyya0000476,529,937,1074,111,99
76,46,184,Zaydiyya0000476,576,666,803,111,99
76,46,189,Zaydiyya0000148,581,992,1134,112,97
76,46,184,JK001496,994,178,316,111,98
76,46,184,JK010729,166,584,721,111,99
76,46,184,ShamAY0036821,1195,691,828,111,99
76,46,184,ShamAY0036821,1201,760,897,111,99
76,46,184,JK009270,2310,1406,1543,111,99
76,4,184,JK000791,1087,104,282,118,81
76,46,184,Shamela0010273,1242,828,965,111,99
76,46,184,Tafsir09068,593,857,1110,111,53
76,46,184,JK006478,5044,874,1012,111,98
76,46,184,Shamela0023628,1899,1027,1164,111,99
76,46,184,JK009362,4154,1237,1374,111,99
76,35,195,Shamela0011082,1,978,1158,123,84
76,46,184,Meshkat00042488,762,329,467,111,100
76,46,184,Sham19Y0036110,15,4,141,111,99
76,46,184,Sham19Y0013550,308,1423,1560,111,99
77,1001,1217,Noorlib0017761Vols,5,1125,1353,134,63
78,517,700,Hindawi090938482,35,1264,1448,148,99
78,951,1135,Rafed0001713Vols,844,1374,1558,146,100
78,723,939,Rafed0001713Vols,1229,1076,1292,169,100
78,517,700,Rafed0001713Vols,1476,360,543,148,100
78,951,1135,Sham19Y0023618,638,933,1117,146,100
78,723,951,Sham19Y0023618,905,546,774,179,100
78,951,1135,JK009268,1974,393,577,146,100
78,723,939,JK009268,2607,384,600,169,100
78,517,700,JK009268,3020,369,552,148,100
78,951,1184,JK006476,509,911,1167,157,77
78,758,939,JK006476,793,929,1246,121,49
78,1019,1135,Masaha000554Vols,1649,0,116,92,100
78,723,939,Masaha000554Vols,2554,449,661,165,97
78,1011,1135,Shamela0023591,3153,0,124,98,100
78,723,939,Shamela0023591,4095,586,802,169,100
78,723,939,Shamela0023591,4106,346,562,169,100
78,560,700,Shamela0023591,4669,0,140,112,100
78,723,939,Shia001625,45,54,270,169,100
78,951,1135,QuranAnalysis001,68,383,567,146,100
78,723,939,QuranAnalysis001,107,6,222,169,100
78,534,700,QuranAnalysis001,131,0,166,134,100
78,763,939,Shamela0021715,10409,826,1002,137,100
78,951,1135,Shamela0023578,1213,817,1001,146,100
78,723,939,Shamela0023578,1650,773,989,169,100
78,517,715,Shamela0023578,1942,691,887,153,96
78,723,951,Rafed0003793Vols,808,439,694,178,89
78,710,939,Rafed0003793Vols,825,1242,1463,169,94
78,723,939,Hindawi096279749,147,959,1175,169,100
78,517,700,Hindawi093849638,97,287,470,148,100
78,951,1135,Rafed0003257Vols,2422,208,392,146,100
78,723,939,Rafed0003257Vols,3011,1062,1278,169,100
78,517,700,Rafed0003257Vols,3469,1311,1494,148,100
78,763,939,Sham19Y0013605,4832,249,425,137,100
78,951,1176,Shamela0000041,927,30,225,155,86
78,723,873,Shamela0000041,1313,1341,1490,116,99
78,517,700,Shamela0000041,1558,983,1166,148,100
78,517,700,JK000475,1234,612,796,148,99
78,951,1135,Shia002356Vols,379,1024,1208,146,100
78,723,939,Shia002356Vols,575,628,844,169,100
78,517,700,Zaydiyya0000256,464,765,953,148,97
78,723,939,JK007018,347,803,1018,169,99
78,951,1135,Tafsir04038,190,660,967,146,59
78,744,939,Tafsir04038,306,24,229,150,94
78,511,695,ShamAY0035792,164,711,895,145,97
78,517,700,Hindawi019272704,119,408,591,148,100
78,951,1135,JK009396,487,43,227,146,100
78,723,945,JK009396,722,794,1015,173,99
78,763,939,Sham19Y0018106,4123,677,852,137,99
78,758,939,Rafed0000110,96,1203,1387,141,98
78,723,939,JK009266,5298,294,508,168,99
78,517,700,JK009266,6056,763,946,148,100
78,718,945,Tafsir06048,538,485,1034,176,40
78,951,1135,Shamela0022371,173,494,678,146,100
78,517,700,JK000576,332,810,996,148,98
78,832,939,Sham19Y0150960,1032,0,107,84,100
78,951,1135,Shamela0037458,1293,346,530,146,100
78,723,939,Shamela0037458,2000,146,362,169,100
78,552,700,Shamela0037458,2464,0,148,119,100
78,951,1135,Shia001432Vols,1897,974,1158,146,100
78,744,939,Shia001432Vols,3771,886,1091,150,94
78,1004,1135,JK001000,80,0,131,103,100
78,951,1176,Meshkat00057178,1477,711,907,155,86
78,850,951,Meshkat00057178,2106,0,101,80,100
78,517,700,Meshkat00057178,2412,1027,1210,148,100
78,951,1135,Sham19Y0020891,2109,502,686,146,100
78,723,939,Sham19Y0020891,3032,1264,1480,169,100
78,517,700,Sham19Y0020891,3578,1014,1197,148,100
78,517,700,JK000599,62,1056,1239,148,100
78,951,1135,Tafsir07076,123,62,246,146,100
78,945,1135,Tafsir07076,205,217,414,151,96
78,517,700,Tafsir07076,1590,832,1015,148,100
78,517,706,Tafsir07076,1966,1222,1411,149,97
78,517,700,Tafsir07076,9095,65,248,148,100
78,810,939,Shia002380Vols,388,532,780,101,52
78,793,945,Kraken210622021811,340,1260,1410,114,92
78,988,1135,Shia002389Vols,874,102,277,116,84
78,951,1135,Shamela0021821,624,30,214,146,100
78,723,939,Shamela0021821,907,69,285,169,100
78,517,700,Shamela0021821,1091,447,630,148,100
78,951,1135,Shamela0023632,1330,356,540,146,100
78,723,939,Shamela0023632,1926,590,806,169,100
78,517,700,Shamela0023632,2284,780,963,148,100
78,710,932,Zaydiyya0000476,159,317,563,167,83
78,710,932,Zaydiyya0000476,213,48,294,167,83
78,723,939,Zaydiyya0000476,594,537,752,169,99
78,951,1135,Meshkat0014420,1740,952,1136,146,100
78,723,939,Meshkat0014420,2522,29,244,169,99
78,517,700,Meshkat0014420,2975,1003,1186,148,100
78,951,1135,Noorlib0035479,85,666,850,146,100
78,723,909,Shamela0008473,2537,1274,1459,145,99
78,517,710,Shamela0008473,2974,1111,1301,149,95
78,951,1135,Sham19Y0147312,751,365,549,146,100
78,723,945,Sham19Y0147312,1065,626,846,173,99
78,517,700,Sham19Y0147312,1266,1131,1314,148,100
78,939,1147,Shamela0000922,514,1105,1309,151,90
78,723,939,Shamela0000922,674,146,362,169,100
78,511,700,Shamela0000922,783,1274,1463,152,99
78,517,700,ShamAY0032766,13,161,344,148,100
78,951,1135,Sham19Y0023608,1356,940,1124,146,100
78,723,939,Sham19Y0023608,2022,203,419,169,100
78,517,700,Sham19Y0023608,2410,105,288,148,100
78,517,700,Shamela0030592Vols,38,98,282,148,99
78,951,1135,JK001496,686,290,474,146,100
78,723,939,JK001496,1061,1146,1362,169,99
78,763,939,Sham19Y0018176,2491,1223,1399,137,100
78,723,939,Shamela0010283,2429,478,711,169,92
78,718,939,JK000917,935,809,1036,173,97
78,517,682,JK000917,1051,1404,1568,134,99
78,728,939,Sham19Y0018103,4058,0,210,165,99
78,763,939,JK000100,58,1168,1344,137,100
78,951,1135,ShamAY0036821,910,300,484,146,100
78,723,939,ShamAY0036821,1228,41,253,165,97
78,723,939,ShamAY0036821,1229,317,529,165,97
78,951,1135,Shamela0029743,316,111,295,146,100
78,723,939,Shamela0029743,490,1256,1472,169,100
78,517,700,Shamela0029743,605,448,631,148,100
78,763,939,JK000110,1874,848,1024,137,100
78,763,939,PV2024060602,1874,848,1024,137,100
78,517,700,Shamela0010835,51,575,758,148,100
78,473,715,JK000122,828,407,637,161,78
78,517,700,Shamela0025794,4011,1296,1479,148,100
78,723,939,Hindawi019640759,18,635,854,169,98
78,945,1135,Sham19Y0095660,1077,449,647,151,95
78,517,715,ShamAY0038638,103,820,1021,154,95
78,954,1128,Zaydiyya0000062,544,218,392,138,100
78,728,932,Zaydiyya0000062,875,849,1052,159,99
78,517,695,Zaydiyya0000062,1066,378,557,144,99
78,723,939,Shia003721Vols,224,624,840,169,100
78,517,700,Shia003721Vols,343,889,1072,148,100
78,723,939,JK009270,2437,1080,1294,168,99
78,517,700,JK009270,2932,360,543,148,100
78,951,1176,JK000791,769,126,321,155,86
78,723,939,JK000791,1168,114,330,169,100
78,517,690,JK000791,1426,1374,1546,140,99
78,723,939,Shamela0010273,1310,291,507,169,100
78,517,700,Shamela0010273,1652,590,773,148,100
78,763,939,JK009257,430,0,185,130,91
78,517,700,JK009257,538,1204,1387,148,100
78,945,1135,Shamela0007798,4093,671,861,151,100
78,723,939,Shamela0007798,5316,988,1204,169,100
78,511,700,Shamela0007798,6149,305,499,152,96
78,517,700,Shamela0026566,79,338,521,148,100
78,918,1135,JK006478,3970,269,482,157,91
78,728,939,JK006478,5205,0,208,165,97
78,517,700,JK006478,5988,1221,1404,148,100
78,723,939,Shamela0004445,312,1151,1366,169,99
78,517,700,Shamela0004445,434,152,335,148,100
78,511,718,Shamela0004445,439,563,770,157,94
78,945,1176,Rafed0002565Vols,55,905,1259,160,54
78,951,1135,Shamela0023628,1312,687,871,146,100
78,723,869,Shamela0023628,1992,1362,1507,113,99
78,517,700,Shamela0023628,2352,1152,1335,148,100
78,517,700,Hindawi057380918,66,921,1104,148,100
78,723,939,Tafsir04056,2329,1052,1268,169,100
78,723,939,JK009362,4277,523,739,169,99
78,517,700,JK009362,4978,1179,1362,148,100
78,517,695,Zaydiyya0000044,84,232,410,144,100
78,723,939,Sham19Y0145435,5040,474,689,169,99
78,951,1147,Meshkat00042488,520,0,198,146,93
78,710,939,Meshkat00042488,813,1280,1505,174,97
78,517,700,Meshkat00042488,1017,1223,1406,148,100
78,945,1135,Noorlib0010584,7,712,902,147,97
78,945,1135,Noorlib0010584,102,267,462,151,97
78,723,939,Shamela0005756,14887,710,926,169,99
78,718,939,Shamela0005756,14889,1037,1258,173,99
78,723,939,Shamela0005756,14980,927,1143,169,99
78,517,690,Shamela0005756,15439,1307,1479,140,99
78,723,939,Rafed0003943Vols,752,1110,1326,169,100
78,517,700,Rafed0003943Vols,998,354,537,148,100
78,723,939,Sham19Y0014114,93,517,732,169,99
78,511,700,Tafsir07057,3374,802,991,149,97
78,951,1135,Sham19Y0014404,471,177,361,146,100
78,723,939,Sham19Y0014404,706,971,1186,169,99
78,517,700,Sham19Y0014404,853,30,213,148,100
78,951,1147,Sham19Y0013550,250,603,803,146,92
78,723,939,Sham19Y0013550,314,508,724,169,100
79,1279,1434,JK006950,44,440,589,118,93
79,1279,1434,JK000122,339,376,533,120,94
79,1256,1434,JK000122,1156,1187,1363,123,86
79,1279,1434,JK000381,5740,194,343,118,93
85,1401,1517,JK010491,35,1187,1302,91,99
85,1522,1698,Rafed0001713Vols,285,915,1092,141,99
85,1392,1522,Rafed0001713Vols,1125,1039,1169,99,97
85,1522,1698,Sham19Y0023618,203,375,552,141,99
85,1392,1517,Sham19Y0023618,844,26,151,95,97
85,1522,1698,JK009268,832,1304,1481,141,99
85,1392,1522,JK009268,2478,5,135,99,97
85,1517,1698,JK001420,134,521,704,142,96
85,1397,1517,JK001420,449,845,965,94,100
85,1522,1698,Masaha000554Vols,438,957,1135,141,98
85,1522,1698,Shamela0023591,1335,999,1176,141,99
85,1392,1517,Shamela0023591,3862,826,951,95,97
85,1392,1517,Shamela0023591,3900,1087,1212,95,97
85,1522,1698,QuranAnalysis001,17,1057,1234,141,99
85,1392,1522,QuranAnalysis001,97,610,740,99,97
85,1522,1698,Shamela0023578,424,333,510,141,99
85,1392,1517,Shamela0023578,1547,1004,1129,95,97
85,1397,1517,Rafed0003793Vols,760,1378,1498,94,100
85,1345,1517,ShamAY0037574,460,1262,1438,109,80
85,1522,1698,Shamela0009231,398,232,409,141,99
85,1522,1698,Rafed0003257Vols,753,224,401,141,99
85,1397,1522,Rafed0003257Vols,2884,1152,1277,98,100
85,1522,1698,Shamela0000041,300,1250,1427,141,99
85,1397,1517,Shamela0000041,1229,216,336,94,100
85,1397,1522,Shia002356Vols,527,160,285,98,100
85,1522,1698,JK007018,79,1093,1271,141,98
85,1522,1698,JK009396,188,333,510,141,99
85,1397,1517,JK009396,646,1036,1156,94,100
85,1522,1698,JK009266,1519,472,649,141,99
85,1392,1522,JK009266,4978,311,441,99,97
85,1397,1527,Shamela0022371,203,1218,1348,100,98
85,1517,1698,Shamela0037458,421,330,513,143,97
85,1397,1522,Shamela0037458,1820,60,185,98,100
85,1392,1522,Shia001432Vols,3457,986,1116,99,97
85,1522,1698,Shia001432Vols,4280,384,561,141,99
85,1401,1517,Shamela0009783BK1,134,1269,1385,91,100
85,1522,1698,Meshkat00057178,633,724,901,141,99
85,1392,1522,Hindawi092028080,13,1403,1538,101,94
85,1522,1698,Sham19Y0020891,881,172,349,141,99
85,1397,1522,Sham19Y0020891,2783,1260,1385,98,100
85,1392,1522,Hindawi062413635,23,266,396,99,97
85,1397,1517,Tafsir07076,1093,182,302,94,100
85,1522,1698,Tafsir07076,3777,494,1045,140,31
85,1392,1522,Masaha002064Vols,200,690,820,99,97
85,1392,1522,Hindawi085315384,71,212,342,99,97
85,1397,1504,Kraken210622021811,131,1382,1490,83,95
85,1522,1698,Kraken210622021811,139,1259,1435,141,98
85,1522,1698,Shamela0021821,212,24,201,141,99
85,1392,1522,Shamela0021821,829,520,650,99,97
85,1392,1517,Shamela0023632,1785,800,925,95,97
85,1522,1698,Meshkat0014420,557,472,649,141,99
85,1397,1517,Meshkat0014420,2356,45,165,94,100
85,1397,1517,Masaha004568Vols,193,1126,1246,94,100
85,1522,1698,Shamela0008473,781,1270,1447,141,99
85,1522,1698,Sham19Y0147312,271,1337,1513,141,100
85,1397,1517,Sham19Y0147312,972,190,310,94,100
85,1522,1698,Shamela0000922,184,894,1071,141,99
85,1397,1517,Shamela0000922,627,1372,1492,94,100
85,1470,1698,Shia001373,60,656,885,135,73
85,1522,1662,Shia004552Vols,484,850,990,111,100
85,1522,1698,Sham19Y0023608,349,278,455,141,99
85,1397,1522,Sham19Y0023608,1886,1203,1328,98,100
85,1522,1698,Shamela0095735,602,343,520,141,99
85,1522,1698,JK010729,84,440,618,141,98
85,1522,1698,Shia002394Vols,417,1309,1486,141,99
85,1522,1698,ShamAY0036821,394,622,800,141,98
85,1522,1698,Shamela0029743,86,222,399,141,99
85,1392,1522,Shamela0029743,450,205,335,99,97
85,1397,1522,Hindawi019640759,6,0,125,98,100
85,1522,1698,Zaydiyya0000062,156,165,342,141,99
85,1397,1522,Zaydiyya0000062,791,65,191,98,98
85,1392,1522,Shia003721Vols,53,84,214,99,97
85,1397,1517,Shia003721Vols,66,680,800,94,100
85,1522,1698,Shia003721Vols,419,261,438,141,99
85,1522,1698,JK009270,542,325,502,141,99
85,1392,1517,JK009270,2235,1168,1293,95,97
85,1522,1698,Shamela0010273,246,21,198,141,99
85,1397,1517,Shamela0010273,1199,798,918,94,100
85,1392,1517,Shamela0007798,4994,987,1112,95,97
85,1522,1698,JK006478,1874,862,1039,141,98
85,1392,1522,Shamela0004445,145,820,950,99,97
85,1397,1517,Shamela0004445,157,610,730,94,100
85,1522,1698,Shamela0004445,509,721,898,141,99
85,1522,1698,Shamela0023628,342,1372,1549,141,99
85,1522,1698,JK009362,1318,978,1161,141,96
85,1517,1698,JK009362,1319,0,198,144,90
85,1401,1517,Sham19Y0145435,984,1167,1283,91,100
85,1392,1522,Sham19Y0145435,4934,934,1064,99,97
85,1397,1517,Sham19Y0145435,4946,1061,1181,94,100
85,1522,1698,Meshkat00042488,158,416,593,141,99
85,1397,1517,Meshkat00042488,733,74,194,94,100
85,1522,1698,Rafed0003943Vols,83,475,652,141,99
85,1397,1522,Rafed0003943Vols,656,327,452,98,100
85,1397,1517,Hindawi017506357,94,250,370,94,100
85,1392,1517,Sham19Y0014404,646,547,680,97,93
85,1522,1698,Sham19Y0013550,84,95,272,141,99
85,1397,1517,Sham19Y0013550,304,783,903,94,100
86,236,415,Shamela0007798,7852,373,552,143,98
87,1058,1183,Rafed0001713Vols,543,972,1097,101,100
87,198,384,Rafed0001713Vols,1908,817,1003,148,100
87,1058,1183,Sham19Y0023618,418,166,291,101,100
87,198,384,Sham19Y0023618,1284,328,514,148,100
87,1058,1183,JK009268,1430,1063,1188,101,100
87,198,384,JK009268,3622,387,573,148,100
87,1051,1183,JK001420,251,41,172,102,96
87,198,384,JK001420,644,213,359,116,78
87,198,384,Masaha000554Vols,4113,702,882,143,96
87,1058,1166,Shamela0023591,2301,1498,1605,87,99
87,198,384,Shamela0023591,5395,1264,1450,148,100
87,198,384,Shamela0023591,5408,485,671,148,100
87,1058,1188,QuranAnalysis001,39,278,408,102,97
87,1058,1188,Shamela0023578,870,1243,1373,102,97
87,198,384,Shamela0023578,2350,980,1166,148,100
87,198,384,Rafed0003793Vols,970,700,886,148,100
87,1058,1183,Shamela0009231,691,610,735,101,100
87,211,334,JK009236,695,1342,1465,98,100
87,198,384,Rafed0003257Vols,4083,798,984,148,100
87,1058,1188,Shamela0000041,638,633,763,102,97
87,198,384,Shamela0000041,1920,282,468,148,100
87,1058,1192,Shia002356Vols,236,1316,1448,101,93
87,198,384,Shia002356Vols,879,1112,1297,147,99
87,1058,1183,JK007018,140,1000,1125,101,100
87,198,384,JK007018,539,1168,1355,148,99
87,1046,1183,Tafsir04038,107,1290,1430,104,87
87,211,371,ShamIbadiyya0000075,679,1306,1519,127,74
87,198,384,Shamela0010523,98,1087,1273,148,100
87,1058,1183,JK009396,314,994,1119,101,100
87,198,384,JK009396,1117,722,908,148,100
87,1058,1183,Tafsir09083,294,985,1341,101,35
87,1058,1183,JK009266,2805,765,890,101,100
87,1058,1188,Shamela0037458,810,1216,1346,102,97
87,198,384,Shamela0037458,3119,1138,1324,148,100
87,1046,1188,Shia001432Vols,2472,955,1096,106,93
87,198,384,Shia001432Vols,3905,419,605,148,100
87,1058,1192,Shia001432Vols,7087,1128,1275,106,89
87,1033,1183,Shia001432Vols,11646,993,1148,114,90
87,198,384,Shamela0009783BK1,296,199,423,148,83
87,1058,1183,Meshkat00057178,1062,79,204,101,100
87,198,384,Meshkat00057178,2822,517,703,148,100
87,1058,1183,Sham19Y0020891,1476,1084,1209,101,100
87,198,384,Sham19Y0020891,4617,1271,1457,148,100
87,198,344,Hindawi046307961,158,856,1002,117,100
87,198,344,Tafsir07076,6312,955,1101,117,100
87,1058,1183,Tafsir10098,303,690,815,101,100
87,1066,1183,Shia002380Vols,144,180,359,94,65
87,198,344,Rafed0003376Vols,1102,0,146,117,100
87,1033,1188,Shamela0021821,399,718,865,107,86
87,198,384,Shamela0021821,1384,1186,1372,148,100
87,1058,1183,Shamela0023632,845,1149,1274,101,100
87,198,384,Shamela0023632,2707,591,777,148,100
87,1058,1183,Meshkat0014420,1071,526,651,101,100
87,198,384,Meshkat0014420,3538,502,688,148,100
87,1058,1183,Shamela0008473,1299,512,637,101,100
87,198,384,Shamela0008473,3586,1097,1283,148,100
87,1058,1183,Sham19Y0147312,478,1073,1198,101,100
87,198,384,Sham19Y0147312,1537,706,892,148,100
87,1058,1183,Shamela0000922,343,466,591,101,100
87,198,393,Shamela0000922,947,231,424,148,95
87,198,384,JK010001,1561,145,331,148,100
87,198,344,JK010001,2782,1276,1422,117,100
87,198,384,Shia004552Vols,72,357,543,148,100
87,198,384,MMS00013,2726,1232,1418,148,100
87,1058,1188,Sham19Y0023608,808,788,918,102,97
87,198,384,Sham19Y0023608,2934,911,1097,148,100
87,198,384,JK001496,1664,48,237,148,98
87,198,384,Shamela0010283,2451,463,912,148,41
87,198,384,JK000917,1224,1284,1470,148,100
87,1058,1188,Shia002394Vols,854,1295,1425,102,97
87,1058,1188,ShamAY0036821,664,32,162,102,97
87,1058,1188,Shamela0029743,185,1377,1507,102,97
87,198,384,Shamela0029743,781,180,366,148,100
87,198,384,Hindawi019640759,26,968,1158,148,97
87,198,384,Sham19Y0095660,1756,233,419,148,100
87,1058,1177,Zaydiyya0000062,333,1176,1295,96,100
87,198,384,Zaydiyya0000062,1449,1308,1493,146,98
87,198,379,Shia003721Vols,259,1368,1548,144,99
87,1058,1227,JK009270,1002,116,280,113,83
87,219,384,JK009270,3592,0,165,131,100
87,1058,1183,JK000791,457,473,598,101,100
87,198,384,JK000791,1758,412,598,148,100
87,1058,1183,Shamela0010273,537,0,125,101,100
87,198,384,Shamela0010273,2257,909,1095,148,100
87,198,384,Tafsir07055,1626,1136,1322,148,100
87,198,344,Tafsir07055,2872,1071,1217,117,100
87,1058,1183,Shamela0007798,2785,1426,1550,101,99
87,198,384,Shamela0007798,7174,104,290,148,100
87,198,384,JK006478,7058,1111,1300,148,98
87,198,384,Shamela0004445,348,495,681,148,100
87,1058,1192,Shamela0023628,806,239,371,101,93
87,198,384,Shamela0023628,2709,125,311,148,100
87,1046,1183,JK000028,105,988,1124,105,95
87,198,371,ShamAY0035035,6986,716,890,138,99
87,1058,1183,JK009362,2015,1025,1150,101,100
87,198,384,JK009362,6058,552,741,148,98
87,198,384,Sham19Y0145435,1122,132,356,148,83
87,198,384,Sham19Y0145435,5050,407,593,148,100
87,1058,1183,Meshkat00042488,312,489,614,101,100
87,1058,1183,Rafed0003943Vols,253,528,653,101,100
87,198,384,Rafed0003943Vols,1211,1010,1196,148,100
87,1058,1183,Sham19Y0014404,302,114,239,101,100
87,198,384,Sham19Y0014404,1090,427,613,148,100
87,198,384,Sham19Y0013550,426,1138,1324,148,100
87,198,384,Sham19Y0013550,428,1085,1271,148,100
88,313,656,JK000122,1097,1189,1532,281,100
90,123,482,Shia003686,14,1022,1488,190,47
90,123,475,Noorlib0005343,136,640,1094,191,48
98,1152,1514,Shia003686,14,368,694,236,75
98,1174,1481,Noorlib0005343,136,0,304,198,68
101,109,1473,Shia003686,12,173,1648,954,76
101,1455,1619,Shia003686,13,0,166,127,93
101,109,786,Noorlib0005343,134,871,1616,475,76
101,786,1619,Noorlib0005343,135,0,893,571,72
102,0,638,Shia003686,13,176,848,457,79
102,0,638,Noorlib0005343,135,903,1579,455,80
108,673,1572,Shia003686,15,0,1043,634,72
109,0,500,Shia003686,15,1043,1552,301,64
109,473,1022,Shia003686,16,0,407,233,45
110,872,1411,Shia003686,8,991,1502,296,60
111,0,249,Shia003686,9,170,434,166,78
111,223,556,Shia003686,9,1151,1513,252,84
111,528,1547,Shia003686,10,28,1168,668,69
112,0,251,Shia003686,10,1168,1501,173,60
114,1295,1541,Rafed0000040Vols,2380,548,793,203,99
115,1297,1437,Rafed0000040Vols,2380,804,943,114,99
116,1189,1400,Rafed0000040Vols,2380,1428,1617,144,83
117,1143,1246,Rafed0003489,5,572,675,82,100
117,1143,1246,Shia001432Vols,4187,1210,1313,82,100
117,1138,1246,Shia001432Vols,4878,1003,1111,85,99
117,1124,1246,Shamela0007798,7218,1115,1232,89,92
117,1127,1246,Shamela0012884,3892,237,352,89,94
118,476,602,Sham19Y0133357,1003,612,738,97,98
120,506,647,Rafed0001713Vols,1282,436,577,107,95
120,500,647,Sham19Y0023618,933,1065,1211,109,93
120,500,647,JK009268,2694,1135,1281,109,93
120,500,647,ShamAY0036031,181,1083,1230,112,95
120,506,638,Masaha000554Vols,2685,40,384,107,38
120,500,647,Shamela0023591,4215,641,787,109,93
120,500,647,Shamela0023591,4233,1284,1430,109,93
120,506,647,Hindawi059616186Vols,1704,1413,1554,107,95
120,500,647,QuranAnalysis001,112,664,810,109,93
120,500,647,Shamela0023578,1714,758,904,109,93
120,506,647,Rafed0003257Vols,3093,1140,1281,107,95
120,500,647,Shia002356Vols,601,998,1144,109,93
120,500,647,Shamela0012293,1122,434,581,112,95
120,500,630,ShamIbadiyya0000075,453,1010,1152,102,89
120,506,647,JK009396,758,522,663,107,95
120,500,647,JK009266,5461,1010,1156,109,93
120,506,638,Tafsir06048,569,1464,1616,104,84
120,500,647,Shamela0037458,2103,134,280,109,93
120,506,647,Shia001432Vols,537,1121,1262,107,95
120,506,647,Shia001432Vols,18696,1040,1177,104,92
120,506,638,JK000379,88,495,627,107,100
120,506,638,Tafsir05047,423,445,608,95,73
120,506,638,Meshkat00057178,2185,1131,1263,107,100
120,506,647,Sham19Y0021575,152,27,168,107,95
120,500,630,Shia002380Vols,406,573,743,97,71
120,500,647,Shamela0023632,1998,174,320,109,93
120,500,647,Meshkat0014420,2623,588,734,109,93
120,494,647,JK001110,43,321,468,111,90
120,506,647,Rafed0003537Vols,279,1342,1483,107,95
120,506,647,Shamela0008473,2647,430,571,107,95
120,500,647,Sham19Y0147312,1115,195,342,108,91
120,500,638,ShamAY0033108,954,1313,1509,106,66
120,506,647,JK000362,965,1133,1274,107,95
120,506,647,Sham19Y0023608,2113,302,443,107,95
120,506,647,Shamela0004473,2752,879,1020,107,95
120,506,647,Shamela0004473,6246,1518,1659,107,95
120,506,647,Shamela0004473,9336,1254,1395,107,95
120,494,647,Shamela0004473,10552,302,455,116,94
120,511,647,Shamela0004473,11096,0,136,103,94
120,494,647,JK000100,350,303,450,111,90
120,500,630,Zaydiyya0000062,918,676,806,102,96
120,506,626,JK009270,2548,1453,1572,97,99
120,500,647,JK000791,1213,92,238,109,93
120,506,647,Shamela0010273,1390,47,188,107,95
120,500,647,Shamela0004445,31,1362,1509,112,95
120,506,647,Shamela0023628,2080,1210,1351,107,95
120,506,647,JK009362,4414,860,1001,107,95
120,506,638,Meshkat00042488,858,1409,1541,107,100
120,506,647,Shia001171,16,16,157,107,95
120,506,647,Rafed0003943Vols,814,450,591,107,95
120,500,647,Tafsir07057,3245,1444,1591,112,95
120,506,647,Rafed0003726Vols,738,1163,1304,107,95
125,1120,1567,Rafed0000040Vols,184,904,1377,209,47
125,1120,1567,Shia001153,144,342,813,209,47
125,379,1314,Shia004021,217,768,1652,401,43
125,349,1577,Masaha004568Vols,226,131,1330,552,45
125,349,756,Shia004092Vols,12647,166,654,215,47
125,1238,1498,Noorlib0005343,579,1176,1419,157,74
125,418,773,Noorlib0005343,579,120,456,168,52
126,959,1388,Rafed0000040Vols,2395,0,429,350,99
130,105,1403,Shia003686,11,66,1565,854,66