id,book,alignments,ch_match
JK000001,0505Ghazali.IhyaCulumDin,1,107
JK000021,0458Bayhaqi.ShucabIman,4,471
JK000022,0430AbuNucaymIsbahani.HilyatAwliya,3,509
JK000030,0581IbnKharratIshbili.CaqibaFiDhikrMawt,2,197
JK000050,0281IbnAbiDunya.Hawatif,1,115
JK000098,1327AhmadIbrahimCisa.TawdihMaqasid,1,154
JK000110,0256Bukhari.Sahih,34,6130
JK000130,0303Nasai.SunanSughra,4,630
JK000134,0852IbnHajarCasqalani.TahdhibTahdhib,1,101
JK000170,1252IbnCabidinDimashqi.RaddMuhtar,1,107
JK000201,1353IbnCabdRahimMubarakfuri.TuhfatAhwadhi,16,2342
JK000216,1120IbnMuhammadBurhanDinDimashqi.BayanWaTacrif,3,331
JK000221,0597IbnJawzi.TahqiqFiAhadithKhilaf,2,336
JK000299,0861IbnHumam.SharhFathQadir,2,344
JK000384,0395IbnMandahMuhammad.Iman,1,213
JK000386,0728IbnTaymiyya.SharhCumdatFiqh,2,274
JK000410,0647CabdWahidMarrakushi.Mucjib,1,116
JK000412,0240KhalifaIbnKhayyat.Tarikh,1,81
JK000458,0982IbnMuhammadAbuSucud.IrshadCaqlSalim,1,148
JK000475,0303Nasai.SunanKubra,9,1665
JK000481,0287IbnAbiCasim.AhadWaMathani,5,817
JK000482,0241IbnHanbal.FadailSahaba,1,97
JK000532,0748Dhahabi.TadhkiratHuffaz,1,212
JK000533,0852IbnHajarCasqalani.IsabaFiTamyiz,17,2415
JK000653,0307IbnHarunRuyani.Musnad,2,323
JK000657,0535QawwamSunna.DalailNubuwwa,9,1530
JK000669,0303Nasai.KhasaisAmirMumininCali,1,125
JK000734,0804IbnMulaqqin.KhulasatBadrMunir,3,464
JK000753,0911Suyuti.TabaqatHuffaz,1,133
JK000778,0463IbnCabdBarr.IsticabFiMacrifatAshab,15,2507
JK000785,0211CabdRazzaqSancani.Musannaf,2,431
JK000786,0235IbnAbiShayba.Musannaf,4,706
JK000791,0597IbnJawzi.ZadMasir,6,1228
JK000910,0597IbnJawzi.Adhkiya,1,148
JK000911,0630IbnAthirCizzDin.Kamil,8,1061
JK000916,0571IbnCasakir.TarikhDimashq,59,11274
JK000917,0543IbnCarabiIshbili.AhkamQuran,5,1059
JK000918,0369AbuShaykhIsbahani.AkhlaqNabi,1,168
JK000927,0362AbuFarajIsbahani.Aghani,2,230
JK000940,0769IbnCabdAllahTaqiDinShibli.AkamMarjan,1,187
JK000977,0430AbuNucaymIsbahani.MusnadMustakhrajCalaSahihMuslim,4,786
JK001012,1250Shawkani.TuhfatDhakirin,2,210
JK001036,1250Shawkani.IrshadThiqat,2,247
JK001082,1383CabdHayyKattani.FahrasFaharis,1,171
JK001093,0920IbnKhalilZaynDinMalati.GhayatSul,1,201
JK001164,0779IbnHabibHalabi.MuqtafaMinSiratMustafa,2,191
JK001173,0748Dhahabi.MuntaqaMinMinhajIctidal,1,161
JK001236,0745IbnMuhammadTaqiDinIbnImam.SilahMumin,1,129
JK001239,0911Suyuti.ShamailSharifa,2,263
JK001263,0377IbnAhmadCasqalani.TanbihWaRadd,1,280
JK001293BK1,0748Dhahabi.MizanIctidal,1,237
JK001296,0231IbnSallamJumahi.TabaqatFuhulShucara,1,164
JK001297,0509IbnShahridarDaylami.Firdaws,1,124
JK001324,0974IbnHajarHaytami.SawaciqMuhriqa,1,93
JK001325,1315Salawi.IstiqsaLiAhkbar,1,220
JK001330,0874IbnTaghribirdi.NujumZahira,2,304
JK001429,0643DiyaDinMuqaddasi.FadailAcmal,1,157
JK001472,0804IbnMulaqqin.GhayatSul,5,632
JK003504,0249Azraqi.AkhbarMakka,1,138
JK003609,0764Safadi.WafiBiWafayat,12,1917
JK005004,0911Suyuti.LaaliMasnuca,3,427
JK005005,0963IbnMuhammadIbnCiraqKanani.TanzihSharica,1,151
JK005018,0748Dhahabi.TalkhisMawducatIbnJawzi,1,163
JK006476,0489IbnMuhammadSamcani.TafsirQuran,2,170
JK006801,0852IbnHajarCasqalani.MatalibCaliya,2,419
JK006833,0290IbnAhmadIbnHanbal.Sunna,1,129
JK006838,0458Bayhaqi.DalailNubuwwa,29,5085
JK006897,1206IbnCabdWahhab.Hadith,2,298
JK006900,0542IbnBassamShantarini.Dhakhira,1,116
JK006908,0609AbuCabbasJarrawi.HamasaMaghribiyya,2,268
JK006919,0502RaghibIsbahani.MuhadaratUdaba,1,118
JK007011,0732IbnYacqubJanadi.SulukFiTabaqat,1,110
JK007016,0310IbnAhmadDulabi.KunaWaAsma,3,497
JK007036,0686IbnZakariyaManbiji.LubabFiJamc,1,142
JK007040,0370AbuMansurAzhari.TahdhibLugha,2,227
JK007054,0763IbnMuflihHanbaliMuqaddasi.AdabSharciyya,1,72
JK007063,0597IbnJawzi.Tabsira,2,300
JK007065,0488IbnFutuhHumaydi.JamcBaynaSahihayn,25,3964
JK007097,0842IbnNasirDinDimashqi.TawdihMushtabih,1,90
JK007106,0246HishamSulami.HadithHisham,1,139
JK007107,0676Nawawi.KhulasatAhkam,3,328
JK007114,1004ShamsDinRamli.HashiyatRamli,1,219
JK007116,0806IbnHusaynZaynDinCiraqi.TaqribAsanid,1,144
JK007128,0597IbnJawzi.KashfMushkil,3,425
JK009207,0327AbuBakrKharaiti.HawatifJinan,1,182
JK009218,0483IbnAhmadSarakhsi.SharhSiyarKabir,1,125
JK009237,0638IbnCarabi.FutuhatMakkiyya,1,116
JK009242,0597IbnJawzi.WafaBiAhwalMustafa,21,3634
JK009266,0800IbnCadilHanbali.LubabFiCulumKitab,5,724
JK009306,1100MuhammadItlidi.IclamNas,1,182
JK009324,0449IbnBattalQurtubi.SharhSahihBukhari,9,1447
JK009340,0456IbnHazm.RisalaFiFutuhIslam,1,98
JK009390,1423CabbasAhmadSaqr.JamicAhadith,23,3666
JK009408,0430AbuNucaymIsbahani.MacrifatSahaba,17,3036
JK010344,0346Mascudi.MurujDhahab,8,1267
JK010473,1102NurDinYusi.MuhadaratFiLugha,1,128
JK010629,0656IbnFadlMuzaffarCiraqi.NagratIghrid,1,63
JK010666,0337IbnIshaqZajjaji.Akhbar,1,290
JK010732,0597IbnMubarakBaghdadi.MuntahaTalab,1,117
JK010766,1102NurDinYusi.ZahrAkam,3,275
JK011068,0833IbnJazari.ManaqibAsadGhalib,5,624
JK011225,1014MullaCaliQari.SharhMusnadAbiHanifa,1,133
JK011273,0327AbuBakrKharaiti.IctilalQulub,1,114
JK011633,0340IbnAcrabiBasri.Mucjam,1,99
Kraken21050704,0709Tijani.TuhfatCarus,1,107
Kraken210528100217,0334Azdi.TarikhMawsil,1,217
Kraken210630005153,0749IbnFadlAllahCumari.MasalikAbsar,13,2014
Kraken210713085803,0711IbnManzurIfriqi.TahdhibKhawass,1,129
Kraken220208041040,1031CabdRaufMunawi.KawakibDurriyya,1,182
Kraken22021606121900,0377IbnAhmadFarisi.MasailShiraziyyat,1,168
Kraken220216061221,1014MullaCaliQari.MinahRawdAzhar,1,127
Kraken22021606123201,0885BurhanDinBiqaci.NukatWaFawaid,1,158
Kraken22021802055100,0745IbnHamzaMuayyadBiLlahTalibi.TamhidFiSharh,1,156
Kraken220218125253,0814IbnNahhas.MasharicAshwaq,5,658
Kraken220218125255,1283SafaDinBandaniji.JamicAnwar,1,109
Kraken22021817402401,0586Jacdi.TabaqatFuqahaYaman,1,162
Kraken220308195640,0697IbnWasil.TarikhSalihi,1,212
Kraken22031816264701,1007Saktawari.MuhadaratAwail,1,115
Kraken220413030759,0776MuhammadIbnHasanWasiti.MajmacAhbab,3,590
Kraken220413030834,0845Maqrizi.Durar,2,176
Kraken220413030928,0852IbnHajarCasqalani.BadhlMacun,1,160
Kraken22041319410300,0973IbnHajarHaythami.Cumda,7,1165
Kraken220413194118,0902Sakhawi.Istijlab,1,133
Kraken220413194132,0973IbnHajarHaythami.MinahMakkiyya,6,1032
Kraken220413202213,0656IbnYusufSarsari.MukhtarMadaih,2,368
Kraken220413202840,0613CaliIbnZafir.AkhbarDuwalMunqatica,3,387
Kraken220602101901,0292Yacqubi.MushakalatNas,1,205
MMS00001,0821Qalqashandi.Maathir,2,297
MMS00005,0833Shaybi.Sharaf,1,114
MMS00013,0845Maqrizi.KhabarCanBashar,4,571
MMS00016,0852IbnHajarCasqalani.Badhl,1,148
Masaha000554Vols,1450NasirMakarimShirazi.AmthalFiTafsir,2,408
Masaha000955Vols,0393IbnHammadJawhari.SihahTajLugha,1,142
Masaha001838,0497IbnFarajIbnTallacQurtubi.AqdiyatRasul,1,208
Masaha001863,0806IbnHusaynZaynDinCiraqi.AlfiyyatSira,4,507
Masaha001864Vols,0845Maqrizi.ImtacAsmac,156,24207
Masaha001946Vols,0893IbnAbiBakrHadari.BahjatMahafil,15,2314
Masaha001954,0654SibtIbnJawzi.TadhkiratKhawass,1,87
Masaha001961Vols,0966HusaynDiyarbakri.TarikhKhamis,121,22253
Masaha002028Vols,0581AbuQasimSuhayli.RawdUnuf,67,11377
Masaha002064Vols,0450IbnMuhammadCasimi.CasalMusaffa,3,503
Masaha002066,0819CizzDinIbnJamaca.GhurarWaDurar,2,307
Masaha002308Vols,0734IbnSayyidNas.CuyunAthar,39,6647
Masaha002336,0483IbnMuhammadIbnMaghaziliWasiti.ManaqibCali,1,172
Masaha002349,0320IbnMuhammadBayhaqi.Mahasin,1,139
Masaha002867,0767CizzDinIbnJamaca.MukhtasarKabir,12,2167
Masaha002872,0905IbnCabdRahmanIjiShafici.FadailThaqalayn,5,808
Masaha002880Vols,0722IbrahimIbnSacdDin.FaraidSamtayn,2,211
Masaha002979Vols,0538JarAllahZamakhshari.RabicAbrar,4,621
Masaha003032,0911Samhudi.WasailWusul,2,356
Masaha003104,0750IbnYusufZarandi.NazmDurar,4,1067
Masaha003294,0410IbnMardawayh.ManaqibCali,2,321
Masaha003296Vols,0300IbnSulaymanKufi.ManaqibImam,2,294
Masaha003390Vols,0436SharifMurtada.Amali,1,203
Masaha003492Vols,0538JarAllahZamakhshari.FaiqFiGharib,3,516
Masaha003682Vols,0573NashwanHimyari.ShamsCulum,2,165
Masaha003955Vols,0699IbnCabdMalikMurjani.BahjatNufus,9,1709
Masaha004105Vols,0827IbnIshaqKhwarizmi.ItharatTarghib,3,572
Masaha004217,0988QutbDinNahrawani.IclamBiAclam,2,190
Masaha004387Vols,0885CumarIbnFahdMakki.IthafWura,31,6281
Masaha004395Vols,0902Sakhawi.TuhfaLatifa,7,1593
Masaha004561Vols,0283AbuIshaqThaqafi.Gharat,1,104
Masaha004845,0744IbnCabdHadi.FadailSham,1,289
Masaha004846,0930IbnIyas.NuzhatUmam,1,175
Masaha005108Vols,0329IbnCumarKashshi.Rijal,1,177
Noorlib0031306,0322AbuHatimRazi.AclamNubuwwa,2,179
Rafed0000040Vols,1450JacfarSubhani.BuhuthFiMilalWaNihal,1,99
Rafed0000185Vols,1450JacfarSubhani.SayyidMursalin,5,775
Rafed0001140,0415QadiCabdJabbar.MutashabihQuran,1,162
Rafed0001713Vols,0988FathAllahKashani.ZubdatTafasir,1,124
Rafed0001792Vols,0730NizamDinNaysaburi.GharaibQuran,2,357
Rafed0002209Vols,0832TaqiFasi.CiqdThamin,114,44449
Rafed0002341Vols,1370MuhammadRaghibTabbakh.IclamNubala,1,221
Rafed0002654Vols,1019NurAllahTustari.IhqaqHaqq,33,4949
Rafed0002905Vols,1393MuhammadTahirIbnCashurTunisi.TahrirWaTanwir,5,903
Rafed0003257Vols,1431MuhammadHusaynFadlAllah.TafsirMinWahyQuran,2,406
Rafed0003376Vols,0631SayfDinAmidi.AbkarAfkar,1,124
Rafed0003489,0774IbnKathir.MucjizatNabi,10,1750
Rafed0003571Vols,0456IbnHazm.FisalFiMilal,2,319
Rafed0003799Vols,1450NasirMakarimShirazi.NafahatQuran,1,88
Rafed0003902Vols,1332IbnMuhammadJamalDinQasimi.MahasinTawil,13,2412
Sham19Y0001734,0739CalaDinIbnBalban.Ihsan,14,2395
Sham19Y0006684,0474IbnKhalafBaji.MuntaqaSharhMuwatta,3,504
Sham19Y0007233,0783IbnHadida.MisbahMudi,7,1042
Sham19Y0009763,1349MuhammadCabdCazizKhawli.AdabNabawi,1,166
Sham19Y0009800,1394MuhammadAbuZuhra.KhatimNabiyyin,16,2992
Sham19Y0011151,0773BahaDinSubki.CarusAfrah,1,108
Sham19Y0011194,0600CabdGhaniMuqaddasi.CumdatAhkam,1,107
Sham19Y0011326,1317KhayrDinAlusi.FathAllahHamid,1,285
Sham19Y0011402,0264AbuZurcaRazi.CilalWaSualat,1,178
Sham19Y0013223,0656IbnCabdQawiMundhiri.TarghibWaTarhib,5,899
Sham19Y0013231,0468IbnAhmadWahidiNaysaburi.TafsirBasit,5,760
Sham19Y0013241,0606IbnAthirMajdDin.Shafi,1,164
Sham19Y0013252,0804IbnMulaqqin.Tawdih,66,12188
Sham19Y0013253,0536IbnCaliMazariTamimi.MuclimBiFawaidMuslim,1,126
Sham19Y0013572,0560WazirIbnHubayraShaybani.Ifsah,12,1685
Sham19Y0013577,0623AbuQasimRafici.SharhKabir,8,1453
Sham19Y0013605,0786ShamsDinKirmani.Kawakib,37,6004
Sham19Y0013614,0685NasirDinBaydawi.TuhfatAbrar,5,722
Sham19Y0013631,0986IbnCaliFattani.MajmacBihar,1,74
Sham19Y0013637,0776JamalDinSurramarri.NahjRashad,7,1407
Sham19Y0013665,0321IbnDuraydAzdi.Mujtana,5,918
Sham19Y0013666,0651Bunasi.KanzKuttab,1,116
Sham19Y0013667,0855BadrDinCayni.NukhabAfkar,5,932
Sham19Y0013769,0804IbnMulaqqin.IclamBiFawaid,7,835
Sham19Y0013771,0852IbnHajarCasqalani.IntiqadIctirad,1,183
Sham19Y0013785,1240CuthmanIbnJamic.FawaidMuntakhabat,5,821
Sham19Y0014032,0732IbnCumarBurhanDinJacbari.RusukhAhbar,2,371
Sham19Y0014075,0723IbnFuwati.MajmacAdab,1,90
Sham19Y0014114,0430AbuHasanHufi.Burhan,1,128
Sham19Y0014119,0510IbnMascudBaghawi.MasabihSunna,25,3694
Sham19Y0014309,1182IbnIsmacilSancani.Tahbir,7,923
Sham19Y0014313,0899Rajraji.RafcNiqab,2,363
Sham19Y0014328,1348MuhammadSulaymanMansurpuri.RahmatCalamin,6,1237
Sham19Y0014404,0928MujirDinCulaymi.FathRahman,1,119
Sham19Y0014462,0463IbnCabdBarr.TaqassiHadithFiMuwatta,3,572
Sham19Y0014512,0458YahyaIbnSacidAntaki.Tarikh,1,108
Sham19Y0014579,1377MuhammadKhidrHusayn.AcmalKamila,1,164
Sham19Y0014580,0772IbnHasanJamalDinIsnawi.MuhimmatFiSharhRawda,1,137
Sham19Y0014591,0478AbuHasanLakhmi.Tabsira,2,220
Sham19Y0014592,1061NajmDinGhazzi.HusnTanabbuh,6,1233
Sham19Y0014601,1346KhalilAhmadSaharanpuri.BadhlMajhud,13,2079
Sham19Y0014827,0825IbnNurDin.TaysirBayan,3,464
Sham19Y0016364,0717CabbasSafadi.NuzhatMalikWaMamluk,1,180
Sham19Y0016555,0774IbnKathir.MusnadCumarIbnKhattab,6,1038
Sham19Y0016584,0893IbnIsmacilShihabDinKurani.KawtharJari,32,5478
Sham19Y0016599,0734IbnSayyidNas.NafhShadhi,2,258
Sham19Y0016618,1188ShamsDinSaffarini.LawaihAnwar,1,181
Sham19Y0016684,0827BadrDinDamaminiMakhzumi.MasabihJamic,19,3045
Sham19Y0016714,0855BadrDinCayni.MaqasidNahwiyya,1,130
Sham19Y0016772,1088IbnAhmadKhalwati.HashiyaCalaMuntahaIradat,1,107
Sham19Y0016817,0879IbnQutlubugha.MajmucRasail,1,172
Sham19Y0016826,0778NazirJaysh.TamhidQawacid,2,271
Sham19Y0016946,0388AbuSulaymanKhattabi.AclamHadith,5,820
Sham19Y0016976,0727MuzhiriZaydani.Mafatih,15,2433
Sham19Y0017048,1228MahmudMaqdishSafaqsi.NuzhatAnzar,2,296
Sham19Y0017063,0803SadrDinMunawi.KashfManahij,17,2771
Sham19Y0017077,0328IbnQasimAnbari.Addad,1,87
Sham19Y0017097,0920IbnKhalilZaynDinMalati.NaylAmal,1,101
Sham19Y0017104,0633BattalRukabi.NazmMustaczab,1,158
Sham19Y0017350,0734IbnCaliTajDinFakihani.RiyadAfham,3,423
Sham19Y0017437,1188ShamsDinSaffarini.KashfLitham,3,467
Sham19Y0017531,0909IbnMabrid.TakhrijSaghirWaTahbirKabir,1,136
Sham19Y0017533,0909IbnMabrid.IdahTuruqIstiqama,1,129
Sham19Y0017581,0728IbnTaymiyya.Tisciniyya,2,372
Sham19Y0017616,0656IbnCabdQawiMundhiri.MukhtasarSahihMuslim,12,1983
Sham19Y0017724,0911Suyuti.SharhShawahidMughni,1,73
Sham19Y0017729,0581IbnKharratIshbili.AhkamSughra,6,956
Sham19Y0017747,1119IbnMuhammadMaghribi.BadrTamam,6,944
Sham19Y0017757,0852IbnHajarCasqalani.BulughMaram,1,148
Sham19Y0017791,0854IbnMalak.SharhMasabih,14,2212
Sham19Y0017798,0751IbnQayyimJawziyya.AclamMuwaqqicin,7,737
Sham19Y0017806,1179AhmadShafici.IclamMultazam,1,101
Sham19Y0017811,0805SirajDinBulqini.Fawaid,3,368
Sham19Y0017816,0756TaqiDinSubki.SayfMaslul,3,770
Sham19Y0017878,0902Sakhawi.AjwibaMurdiyya,3,560
Sham19Y0017879,0510CawtabiSuhari.Ibana,1,112
Sham19Y0017885,0510IbnMascudBaghawi.TahdhibFiqhShafici,2,296
Sham19Y0017903,0581IbnKharratIshbili.AhkamWusta,14,2250
Sham19Y0017908,0902Sakhawi.Intihad,2,422
Sham19Y0018100,0702IbnDaqiqCidQushayri.SharhIlmamBiAhadith,1,160
Sham19Y0018103,0831ShamsDinBirmawi.Lamic,38,6358
Sham19Y0018106,0926ZakariyyaAnsari.MinhatBari,37,6686
Sham19Y0018144,0316IbnIshaqIsfaraini.Musnad,16,2410
Sham19Y0018147,0736IbnDawadari.KanzDurar,5,591
Sham19Y0018159,0751IbnQayyimJawziyya.TuruqHukmiyya,1,217
Sham19Y0018169,0751IbnQayyimJawziyya.Furusiyya,2,299
Sham19Y0018176,0911Suyuti.Tawshih,37,6701
Sham19Y0018194,0489Waqqashi.TacliqCalaMuwatta,3,552
Sham19Y0018259,0792SadrDinIbnAbiCizzAdhraci.Tanbih,1,285
Sham19Y0018272,1070MuhammadKibrit.SirajMunir,1,205
Sham19Y0018274,0874IbnImamKamiliyya.TaysirWusul,1,141
Sham19Y0018315,0911Suyuti.ZiyadatCalaMawducat,1,228
Sham19Y0018328,0728IbnTaymiyya.Istighatha,4,539
Sham19Y0018337,0751IbnQayyimJawziyya.TibyanFiAqsamQuran,2,286
Sham19Y0018567,0403AbuCabdAllahHalimi.MinhajFiShucabIman,3,601
Sham19Y0018569,0661Turibishti.Muyassar,1,115
Sham19Y0018608,0499IbnSimnani.RawdatQudat,2,426
Sham19Y0018611,0852IbnHajarCasqalani.MuwafaqatKhubrKhabar,1,139
Sham19Y0018612,0751IbnQayyimJawziyya.IghathatLahfan,1,132
Sham19Y0018632,0751IbnQayyimJawziyya.IjtimacJuyush,1,200
Sham19Y0019188,0682CabdRahmanIbnQudama.SharhKabir,2,198
Sham19Y0019228,0885IbnSulaymanCalaDinMardawi.Insaf,1,108
Sham19Y0019230,0805SirajDinBulqini.TadribFiFiqhShafici,3,414
Sham19Y0020561,0804IbnMulaqqin.CujalatMuhtaj,2,307
Sham19Y0020587,0728IbnTaymiyya.Iman,1,116
Sham19Y0020589,1033MarciKarmi.GhayatMuntaha,2,263
Sham19Y0020591,1138IbnCabdHadiNurDinSindi.FathWadud,6,1007
Sham19Y0020594,0776JamalDinSurramarri.KhasaisSayyidCalamin,11,2220
Sham19Y0020638,0581IbnKharratIshbili.JamcBaynSahihayn,23,3843
Sham19Y0020647,0744IbnCabdHadi.MajmucRasail,1,172
Sham19Y0020699,0695AbuBarakatIbnMunajja.MumticFiSharhMuqnic,4,519
Sham19Y0020761,0762MughultayIbnQilij.Inaba,1,226
Sham19Y0020868,1450IbrahimNahhas.JamicIbnHanbalCilalHadith,3,460
Sham19Y0020879,1450KhalidRibat.JamicIbnHanbalCaqida,1,158
Sham19Y0020881,1450KhalidRibat.JamicIbnHanbalRijal,2,236
Sham19Y0020891,0743SharafDinTibi.FutuhGhayb,6,1119
Sham19Y0020944,0656IbnCabdQawiMundhiri.MukhtasarSunanAbiDawud,6,1006
Sham19Y0021525,0643IbnSalahShahrazuri.SharhMushkilWajiz,1,186
Sham19Y0022884,0783IbnMajidMaqdisi.Muqarrar,1,120
Sham19Y0023590,1431MuhammadSayyidTantawi.TafsirWasit,12,2514
Sham19Y0023608,1371AhmadMustafaMaraghi.Tafsir,4,934
Sham19Y0023618,0873AbuZaydThacalibi.JawahirHisan,3,418
Sham19Y0023625,1057IbnCallan.FutuhatRabbaniyya,4,568
Sham19Y0023644,0654SibtIbnJawzi.MiratZaman,16,1968
Sham19Y0026094,0510AbuKhattabKalwadhani.Hidaya,1,143
Sham19Y0029560,0947BamakhramaHimyari.QiladatNahr,29,5321
Sham19Y0029676,1362CabdQadirIskandarani.MajallatHaqaiq,6,1040
Sham19Y0032181,0693ShihabDinKhuyi.AqsaAmal,1,151
Sham19Y0032381,0762MughultayIbnQilij.DurrManzur,3,696
Sham19Y0032476,0831ShamsDinBirmawi.FawaidSaniyya,1,146
Sham19Y0036110,0856IbnDawudHanbali.KanzAkbar,1,228
Sham19Y0036114,0255CabdAllahDarimi.Sunan,1,122
Sham19Y0037618,0852IbnHajarCasqalani.MatalibCaliyya,46,8747
Sham19Y0038155,1422CabdCazizSalman.MajmucatQasaid,1,233
Sham19Y0038171,1205MurtadaZabidi.TakhrijAhadithIhyaCulumDin,11,1682
Sham19Y0073348,1363CabdRahmanBarquqi.MajallatBayan,2,312
Sham19Y0095660,1450MultipleAuthors.MaqalatMawqicDorar,1,215
Sham19Y0096918,1450YasirCabdRahman.MawsucatAkhlaq,3,507
Sham19Y0120922,0542IbnCaliDiyaDinIbnShajari.Amali,2,332
Sham19Y0122096,1182IbnIsmacilSancani.Tanwir,2,270
Sham19Y0122187,0471CabdQahirJurjani.DarjDurar,4,710
Sham19Y0122232,0513AbuWafaIbnCaqil.WadihFiUsulFiqh,3,659
Sham19Y0122255,0974IbnHajarHaytami.AshrafWasail,5,1063
Sham19Y0122256,0763IbnMuflihHanbaliMuqaddasi.UsulFiqh,3,659
Sham19Y0122257,0743SharafDinTibi.SharhMishkat,17,2832
Sham19Y0122397,0470IbnMuhammadIbnMandahIsbahani.Mustakhraj,4,752
Sham19Y0122401,0543IbnCarabiIshbili.QabasFiSharhMuwatta,3,346
Sham19Y0122402,0569AbuIshaqIbnQurqul.MatalicAnwar,2,210
Sham19Y0122406,0544QadiCiyad.IkmalMuclim,21,3284
Sham19Y0123510,0623AbuQasimRafici.SharhMusnadShafici,2,283
Sham19Y0123608,0852IbnHajarCasqalani.TalkhisHabir,6,583
Sham19Y0123665,0543IbnCarabiIshbili.MasalikFiSharhMuwatta,1,103
Sham19Y0127654,0676Nawawi.IrshadTullabHaqaiq,1,131
Sham19Y0127656,0656AbuCabbasAnsariQurtubi.IkhtisarSahihBukhari,17,2681
Sham19Y0127657,0463IbnCabdBarr.MasailMustaghriba,1,67
Sham19Y0127660,0532IbnCabadaDani.Ima,6,990
Sham19Y0127663,0458AbuYaclaIbnFarra.TacliqKabir,1,245
Sham19Y0127677,0911Suyuti.JamicKabir,49,7891
Sham19Y0127698,0928MujirDinCulaymi.TarikhMuctabar,5,642
Sham19Y0127700,0797IbnCaquli.Rasf,17,2670
Sham19Y0127713,1171CuthmanKamakhi.Muhayya,2,264
Sham19Y0131003,0909IbnMabrid.DurrNaqi,10,1210
Sham19Y0131336,0458Bayhaqi.Khilafiyyat,2,300
Sham19Y0131521,0844IbnHusaynIbnRaslanRamli.SharhSunanAbiDawud,9,1626
Sham19Y0132415,0893IbnIsmacilShihabDinKurani.DurarLawamic,1,322
Sham19Y0132416,0817MajdDinFiruzabadi.SafarSacada,1,144
Sham19Y0132524,0656AbuCabbasAnsariQurtubi.Mufhim,13,1974
Sham19Y0132963,0852IbnHajarCasqalani.NukatCalaSahihBukhari,2,361
Sham19Y0132971,0463IbnCabdBarr.Istighna,2,215
Sham19Y0145166,1337CabdQadirMajlisi.NuzhatAfkar,38,5900
Sham19Y0145212,1052CabdHaqqDihlawi.LumcatTanqih,15,2230
Sham19Y0145435,1411MuhammadTahirBarnaji.SahihWaDacifTarikhTabari,39,6689
Sham19Y0146127,0748Dhahabi.Muhadhdhab,20,3246
Sham19Y0147065,1033MarciKarmi.GhidhaArwah,1,124
Sham19Y0147104,0756TaqiDinSubki.Ibhaj,4,660
Sham19Y0147312,0643MuntajibHamadhani.FaridFiIcrab,28,7279
Sham19Y0147313,0805BahramDamiri.TahbirMukhtasar,2,312
Sham19Y0147597,1393MuhammadTahirIbnCashurTunisi.JamharatMaqalat,2,452
Sham19Y0148271,0597IbnJawzi.JamicMasanid,12,1909
Sham19Y0148486,0458Bayhaqi.SunanKubra,24,4289
Sham19Y0149213,0748Dhahabi.TadhhibTahdhib,4,1464
Sham19Y0149697,1302IbnSalimMajlisi.LawamicDurar,2,272
Sham19Y0150639,0911Suyuti.MirqatSucud,2,216
Sham19Y0150676,0942KhalilTatai.JawahirDurar,1,118
Sham19Y0150960,1150IbnCaqila.Ziyada,2,283
Sham19Y0150962,1323RashidAhmadGanguhi.KawkabDurri,4,508
Sham19Y0150966,1093CabdQadirBaghdadi.SharhAbyatMughni,2,333
ShamAY0000029,1405IbrahimQattan.TaysirTafsir,3,404
ShamAY0000958,1450TullabKSU.IkmalTahdhibTarajimSaqita,2,484
ShamAY0001202,1354RashidRida.WahyMuhammadi,1,154
ShamAY0001226,0597IbnJawzi.NawasikhQuran,1,129
ShamAY0001760,1450MuhammadIsmacilMuqaddam.CuluwwHimma,1,171
ShamAY0007299,1408JawadCali.MufassalFiTarikhCarab,3,370
ShamAY0031578,0606FakhrDinRazi.MafatihGhayb,1,182
ShamAY0031806,0422QadiCabdWahhabThaclabi.Macuna,1,94
ShamAY0032249,0902Sakhawi.JawahirWaDurar,1,85
ShamAY0032376,0972IbnMahmudAmirBadishahBukhari.TaysirTahrir,1,277
ShamAY0032379,0388AbuSulaymanKhattabi.GharibHadith,4,458
ShamAY0032665,0316IbnIshaqIsfaraini.Mustakhraj,13,2075
ShamAY0032746,0680IbnSabuni.AhadithMuntaqatArbacun,1,148
ShamAY0032778,0643DiyaDinMuqaddasi.DhikrCaqabatayn,1,124
ShamAY0032781,0408IbnIbrahimJurjani.Amali,2,290
ShamAY0032826,0852IbnHajarCasqalani.GharaibMinMusannadFirdaws,2,426
ShamAY0032903,0643DiyaDinMuqaddasi.CawaliAsanid,1,188
ShamAY0032921,0389Makhladi.Fawaid,1,153
ShamAY0032956,0648IbnKhalilHalabi.AhadithSubaciyyat,1,194
ShamAY0033108,0360Tabarani.Tafsir,2,492
ShamAY0033181,1014MullaCaliQari.FathBabCinaya,2,459
ShamAY0033182,1304CabdHayyLaknawi.CumdatRicaya,1,123
ShamAY0033522,0911Suyuti.TanwirHawalik,5,795
ShamAY0033531,1329MuhammadAshrafCazimabadi.CawmMacbud,15,2650
ShamAY0033538,0734IbnSayyidNas.AhadithCawal,1,178
ShamAY0033548,0740ZaynabBintKamal.AhadithMuwafaqat,1,192
ShamAY0033552,0902Sakhawi.Ilmam,1,157
ShamAY0033556,0633IbnHasanIbnDihyaKalbi.AyatBayyinat,2,299
ShamAY0033586,0842IbnNasirDinDimashqi.Majalis,1,134
ShamAY0033595,0698IbnFaraGhassani.NuzhatAbsar,3,653
ShamAY0033660,0911Suyuti.RafcShanHubshan,1,117
ShamAY0033729,0671AbuCabdAllahQurtubi.TadhkarFiAfdalAdhkar,1,136
ShamAY0033760,0671AbuCabdAllahQurtubi.TadhkiraFiAhwalMawta,3,402
ShamAY0033793,0500IbnAhmadSarrajBaghdadi.MasaricCushshaq,1,80
ShamAY0033794,1008DawudAntaki.TazyinAswaq,1,114
ShamAY0033885,0507IbnQaysarani.HujjaCalaTarikMahajja,2,256
ShamAY0033910,0911Suyuti.SharhSunanNasai,5,898
ShamAY0033926,0807NurDinHaythami.BughyatBahith,1,176
ShamAY0033945,0405HakimNaysaburi.Mustadrak,12,2326
ShamAY0033956,0463IbnCabdBarr.JamicBayan,1,226
ShamAY0033975,0702IbnDaqiqCidQushayri.IlmamBiAhadith,2,527
ShamAY0034005,0517AbuNucaymHaddadIsbahani.JamicSahihayn,11,1813
ShamAY0034041,0405HakimNaysaburi.MacrifatCulumHadith,2,587
ShamAY0034050,0204Shafici.TafsirShafici,1,119
ShamAY0034052,0538JarAllahZamakhshari.Kashshaf,1,205
ShamAY0034054,1281IbnMuhammadShawkani.TafsirFathQadir,5,1138
ShamAY0034059,1127IsmacilHaqqiBurusawi.RuhBayan,8,1120
ShamAY0034068,0977KhatibShirbini.SirajMunir,8,1165
ShamAY0034073,0885BurhanDinBiqaci.NazmDurar,1,158
ShamAY0034134,0852IbnHajarCasqalani.NataijAfkar,1,228
ShamAY0034138,0597IbnJawzi.Mawducat,3,530
ShamAY0034182,0456IbnHazm.IhkamFiUsulAhkam,1,235
ShamAY0034199,0730IbnAhmadCalaDinBukhari.KashfAsrar,1,123
ShamAY0034230,0914IbnYahyaWansharisi.Micyar,2,300
ShamAY0034249,0450AbuHasanMawardi.HawiKabir,7,1387
ShamAY0034251BK3,0676Nawawi.RawdatTalibin,4,635
ShamAY0034282,0319IbnMundhirNaysaburi.AwsatFiSunan,4,897
ShamAY0034377,1450WalidHusayn.AhadithWaAtharIbnTaymiyya,1,148
ShamAY0034383,0728IbnTaymiyya.RafcMalam,1,136
ShamAY0034430,0751IbnQayyimJawziyya.HidayatHayara,2,341
ShamAY0034434,0535QawwamSunna.MabcathWaMaghazi,6,1062
ShamAY0034435,0705SharafDinDimyatti.NisaRasul,3,589
ShamAY0034438,0432Mustaghfiri.DalailNubuwwa,1,212
ShamAY0034441,1206IbnCabdWahhab.MukhtasarSira,48,8393
ShamAY0034443,1345IbnCafifiKhudari.NurYaqin,5,633
ShamAY0034447,0842IbnNasirDinDimashqi.JamicAthar,49,9016
ShamAY0034657,1450QasimCaliSacd.JamharatTarajimFuqahaMalikiyya,2,288
ShamAY0034660,0656IbnCabdQawiMundhiri.TakmilaLiWafayatNaqala,1,126
ShamAY0034662,1010TaqiDinGhazzi.TabaqatSaniya,3,583
ShamAY0034808,0852IbnHajarCasqalani.ArbacunaFiRadacMujrim,1,135
ShamAY0034809,1450MuhammadKhalafSalama.BulughArab,1,106
ShamAY0035000,1422CabdCazizSalman.IqazUliHimam,1,176
ShamAY0035035,1205MurtadaZabidi.IthafSada,15,2520
ShamAY0035249,0303Nasai.CishratNisa,1,152
ShamAY0035250,0695IbnAbiJamra.MukhtasarSahihBukhari,1,194
ShamAY0035288,0728IbnTaymiyya.Imama,4,582
ShamAY0035746,0786IbnMuhammadBabarti.SharhWasiyyatAbiHanifa,1,176
ShamAY0035950,0911Suyuti.Shafi,4,607
ShamAY0035955,1317KhayrDinAlusi.FajrSatic,10,1310
ShamAY0035961,1138IbnCabdHadiNurDinSindi.HashiyaCalaSahihBukhari,1,141
ShamAY0036107,1450MuhammadMascadYaqut.AkhlaqNabawiyya,1,273
ShamAY0036197,0833QadiShammac.MatalicTamam,1,243
ShamAY0036481,0576AbuTahirSilafi.Barahin,1,157
ShamAY0036509,0795IbnRajabHanbali.DhammKhamr,2,420
ShamAY0036736,0468IbnAhmadWahidiNaysaburi.AsbabNuzul,4,816
ShamAY0036836,0899Rajraji.TanbihCatshan,1,181
ShamAY0037021,0947BamakhramaHimyari.Nisba,1,125
ShamAY0037109,1209SulaymanBakShawi.SakabAdab,2,353
ShamAY0037134,0902Sakhawi.IclanBiTawbikh,2,307
ShamAY0037293,1245CabdAllahIbnFudi.ManzumatMisbahRawi,2,301
ShamAY0037386,0911Suyuti.IsraWaMicraj,1,210
ShamAY0038014,0775IbnAbiWafa.JawahirMudiya,1,178
ShamAY0038067,0227IbnMansurKhurasani.Sunan,1,242
ShamAY0038083,0430AbuNucaymIsbahani.MustakhrajCalaSahihBukhari,1,269
ShamAY0038189,0911Suyuti.DhaylTabaqatHuffaz,1,133
ShamAY0038329,0751IbnQayyimJawziyya.KafiyaShafiya,1,160
ShamAY0038350,0751IbnQayyimJawziyya.RisalaIlaAhadIkhwan,1,204
ShamAY0038393,0751IbnQayyimJawziyya.RawdatMuhibbin,1,115
ShamAY0038405,0817MajdDinFiruzabadi.Maghanim,8,1330
ShamAY0038409,0988QutbDinNahrawani.TarikhMadina,2,462
ShamAY0038413,0816AbuBakrMaraghi.TahqiqNusra,13,2854
ShamAY0038419,0950Anonymous.CumdatAkhbarMukhtar,2,290
ShamAY0038472,0728IbnTaymiyya.SiyasaSharciyya,1,153
ShamAY0038516,0751IbnQayyimJawziyya.DaWaDawa,1,112
ShamAY0038637,0507AbuBakrShashi.ShamailNubuwwa,2,409
ShamAY0038638,0311IbnBajirBajiri.JamicMusnad,1,264
ShamAY0038640,0458AbuYaclaIbnFarra.CuddaFiUsulFiqh,1,123
ShamIbadiyya0000109,1332QutbAtfayyish.SharhNilWaShifaCalil,6,996
ShamIbadiyya0000115,0928AbuCabbasShammakhi.Siyar,1,87
ShamIbadiyya0000193,1332QutbAtfayyish.Tafsir,3,500
ShamIbadiyya0000229,1332NurDinSalimi.MacarijAmal,1,142
ShamIbadiyya0000279,1361SacidIbnNasirGhaythi.IdahTawhid,1,100
ShamIbadiyya0000433,1332NurDinSalimi.SharhJamicSahih,4,631
ShamIbadiyya0000438,1088AbuSitta.HashiyatTartib,7,1543
ShamIbadiyya0000482,0750IsmacilJaytali.ManasikHajj,2,233
ShamIbadiyya0000942,1364CamirIbnKHamisMaliki.GhayatMatlub,1,161
Shamela0000041,0510IbnMascudBaghawi.Tafsir,15,2530
Shamela0000091,1101IbCabdAllahKharshi.SharhMukhtasarSayyidiKhalil,1,109
Shamela0000137,0795IbnRajabHanbali.FathBariFiSharhSahihBukhari,3,426
Shamela0000140,1057IbnCallan.DalilFalihin,2,312
Shamela0000170,0728IbnTaymiyya.JawabSahih,7,1304
Shamela0000315,0821Qalqashandi.QalaidJuman,1,230
Shamela0000347,0852IbnHajarCasqalani.TaghliqTacliq,1,93
Shamela0000427BK2,0855BadrDinCayni.BinayaSharhHidaya,2,270
Shamela0000432,1450DarIftaMisriyya.FatawaDarIfta,4,537
Shamela0000492,0418WazirMaghribi.Inas,1,114
Shamela0000551,1122MuhammadZurqani.SharhCalaMuwatta,11,1471
Shamela0000580,0776IbnAbiHajala.DiwanSababa,1,116
Shamela0000618,0296MuhammadIbnJarrah.Waraqa,1,115
Shamela0000623BK1,0429AbuMansurThacalibi.NathrNazm,1,114
Shamela0000700,0279Tirmidhi.MukhtasarShamailMuhammadiyya,1,313
Shamela0000728,0599IbnYahyaDabbi.BughyatMultamis,1,116
Shamela0000736,0463KhatibBaghdadi.TarikhBaghdad,8,1040
Shamela0000738,0297IbnDawudZahiri.Zahra,1,177
Shamela0000761,0650IbnMuhammadRadiDinSaghani.CubabZakhir,2,261
Shamela0000767,0456IbnHazm.MuhallaBiAthar,5,769
Shamela0000772,0354IbnCabdAllahBazzaz.Fawaid,3,651
Shamela0000782,1420MuhammadNasirDinAlbani.SahihWaDacifSunanTirmidhi,5,831
Shamela0000788,0763IbnHudhaylAndalusi.HilyatFursan,1,91
Shamela0000791,0911Suyuti.MisbahZujaja,4,839
Shamela0000894,1450MawqicIslam.Fatawa,8,1522
Shamela0000927,0728IbnTaymiyya.MinhajSunna,6,903
Shamela0000956,0256Bukhari.TarikhKabir,1,109
Shamela0001001,0694MuhibbDinTabari.Dhakhair,2,197
Shamela0001003,0764IbnShakirKutubi.FawatWafayat,4,420
Shamela0001025,0487AbuCubaydBakri.FaslMaqal,1,135
Shamela0001038,0456IbnHazm.Rasail,2,213
Shamela0001043,0900AbuCabdAllahHimyari.RawdMictar,1,174
Shamela0001391,0902Sakhawi.QawlBadic,1,111
Shamela0001404,0885BurhanDinBiqaci.MasacidNazar,1,268
Shamela0001438,1450DarIftaMisriyya.JamicAhadith,21,3536
Shamela0001442,0388AbuSulaymanKhattabi.MacalimSunan,5,909
Shamela0001515,1290RifacaTahtawi.NihayatIjaz,28,6007
Shamela0001673,0852IbnHajarCasqalani.FathBari,50,7737
Shamela0001680,0412Sulami.SualatLiDaruqutni,1,159
Shamela0001686,0230IbnSacd.TabaqatKubra,53,8966
Shamela0001687,0711IbnManzurIfriqi.LisanCarab,4,448
Shamela0001717,0684ShihabDinQarafi.Dhakhira,1,157
Shamela0001719,0463IbnCabdBarr.TamhidMuwatta,8,1421
Shamela0001727,0261Muslim.Sahih,18,2792
Shamela0001733,0360Tabarani.MucjamKabir,18,3273
Shamela0001875,0643DiyaDinMuqaddasi.SunanWaAhkamCanMustafa,14,2413
Shamela0001975,0911Suyuti.FathKabir,2,331
Shamela0002102,0852IbnHajarCasqalani.CujabFiBayanAsbab,1,92
Shamela0002247,0911Suyuti.LubabNuqul,4,867
Shamela0002331,0241IbnHanbal.CilalWaMacrifa,2,250
Shamela0002569,1014MullaCaliQari.JamcWasail,6,976
Shamela0002671,1250Shawkani.FawaidMajmuca,1,176
Shamela0002863,0458Bayhaqi.MacrifatSunanWaAthar,5,702
Shamela0002911,0597IbnJawzi.GharibHadith,1,120
Shamela0003055,1450CulamaNajd.DurarSaniyya,2,239
Shamela0003118,0711IbnManzurIfriqi.MukhtasarTarikhDimashq,42,7536
Shamela0003485,1307Qannawji.HusnUswa,1,139
Shamela0003565,1004ShamsDinRamli.NihayatMuhtaj,1,115
Shamela0003722,0742Mizzi.TahdhibKamal,18,4127
Shamela0004289,0581IbnKharratIshbili.AhkamSharciyya,11,1831
Shamela0004445,0774IbnKathir.Bidaya,90,15837
Shamela0004473,1450JamicaIslamiyya.MajallaJIMN,17,2771
Shamela0005363,0480IbnHilalSabi.HafawatNadira,1,84
Shamela0005406,0829IbnMuhammadGharnatiQaysi.HadaiqAzahir,1,116
Shamela0005455,1232IbnKhatibCumari.RawdaFayha,1,84
Shamela0005539,0854IbnDiyaMakki.TarikhMakka,5,1001
Shamela0005583,0312IbnCaliTusi.MukhtasarAhkam,1,172
Shamela0005742,0488IbnFutuhHumaydi.JadhwatMuqtabis,1,115
Shamela0005756,0855BadrDinCayni.CumdatQari,60,11088
Shamela0005803,0578IbnBashkuwal.GhawamidAsma,2,239
Shamela0005815,0463KhatibBaghdadi.AsmaMubhama,3,552
Shamela0005816,0354IbnHibbanBusti.Thiqat,10,1947
Shamela0005922,0804IbnMulaqqin.BadrMunir,18,3083
Shamela0005923,0628IbnQattanFasi.BayanWahm,1,166
Shamela0005996,0507IbnQaysarani.IdahIshkal,1,162
Shamela0006025,0463KhatibBaghdadi.MuwaddihAwham,1,176
Shamela0006172,0880IbnAhmadShamsDinAsyuti.JawahirCuqud,1,152
Shamela0006222,0370IbnCaliJassas.MukhtasarIkhtilafCulama,2,358
Shamela0006227,0699ShihabDinIshbiliLakhmi.MukhtasarKhilafiyyat,3,491
Shamela0006289,0772IbnHasanJamalDinIsnawi.TamhidFiTakhrijFuruc,1,121
Shamela0006446,0535QawwamSunna.HujjaFiBayanMahajja,1,209
Shamela0006517,0671AbuCabdAllahQurtubi.IclamBimaFiDinNasara,5,866
Shamela0006590,0911Suyuti.KhasaisKubra,29,5361
Shamela0006610,1276IbnAhmadRibaciSancani.FathGhaffar,4,629
Shamela0006617,1111CabdMalikCasimi.SamtNujum,70,13226
Shamela0006624,0749ZaynDinIbnWardi.Tarikh,3,442
Shamela0006630,0658IbnAbbar.HullaSiyara,1,116
Shamela0006649,0741IbnYahyaAndalusiMalaqi.TamhidWaBayan,2,250
Shamela0006667,0845Maqrizi.Suluk,3,378
Shamela0006669,0874IbnTaghribirdi.MawridLatafa,16,4659
Shamela0006676,1037CabdQadirCaydarus.TarikhNurSafir,5,1959
Shamela0006700,0597IbnJawzi.TalqihFuhum,21,4207
Shamela0006850,0699IbnCabdRahmanQazwiniShafici.MukhtasarShucabIman,1,171
Shamela0006870,0597IbnJawzi.DhammHawa,1,113
Shamela0006896,0429AbuMansurThacalibi.ThimarQulub,1,125
Shamela0006947,1354RashidRida.Manar,8,1429
Shamela0007012,0276IbnQutaybaDinawari.GharibHadith,1,321
Shamela0007268,0620IbnQudamaMaqdisi.IthbatSifatCuluww,1,119
Shamela0007289,0728IbnTaymiyya.MajmucFatawa,2,255
Shamela0007341,0720IbnSaigh.LamhaFiSharhMulha,1,219
Shamela0007349,0802IbnMusaAbnasi.ShadhaFayyah,1,175
Shamela0007360,0968IbnAhmadAbuNajaHajjawi.Iqnac,1,305
Shamela0007370,0370IbnCaliJassas.AhkamQuran,1,172
Shamela0007375,0574ShuhdaBintAhmad.Cumda,1,141
Shamela0007435,0623AbuQasimRafici.Tadwin,1,138
Shamela0007485,1206IbnCabdWahhab.AhadithFiFitan,1,103
Shamela0007566,1250Shawkani.BahthMusaffir,1,249
Shamela0007663,1349IbnSahmanKhathcami.SawaciqMursala,1,85
Shamela0007798,0310Tabari.JamicBayan,7,1399
Shamela0007808,0665AbuShama.SharhHadithMuqtafa,1,301
Shamela0007853,0421AbuSacdAbi.NathrDurr,2,497
Shamela0007891,0510IbnMascudBaghawi.SharhSunna,15,2407
Shamela0008176,1014MullaCaliQari.MirqatMafatih,24,4227
Shamela0008316,0852IbnHajarCasqalani.NukatCalaIbnSalah,1,151
Shamela0008353,1188ShamsDinSaffarini.LawamicAnwar,3,454
Shamela0008360,0741KhatibTabrizi.MishkatMasabih,17,2847
Shamela0008362,0832TaqiFasi.ShifaGharam,10,1414
Shamela0008381,1450LajnaDaima.Fatawa,2,254
Shamela0008473,0774IbnKathir.TafsirQuran,16,3055
Shamela0008476,1389MuhammadAlShaykh.FatawaWaRasail,1,80
Shamela0008477,0279IbnAbiKhaythama.TarikhKabir,2,463
Shamela0008505,0285IbnYazidMubarrad.KamilFiLugha,1,84
Shamela0008514,1225IbnGhannamMalikiNajdi.CiqdThamin,1,193
Shamela0008540,0855BadrDinCayni.SharhSunanAbiDawud,2,287
Shamela0008544,0762MughultayIbnQilij.SharhSunanIbnMaja,1,188
Shamela0008635,1031CabdRaufMunawi.FathSamawi,1,228
Shamela0008657,0694MuhibbDinTabari.RiyadNadira,5,1023
Shamela0008658,0327IbnAbiHatimRazi.Tafsir,6,1347
Shamela0008959,0910MuhammadIbnZahiraQurashi.ManhalMahul,2,310
Shamela0009059BK1,0974IbnHajarHaytami.TuhfatMuhtaj,1,116
Shamela0009076,0463KhatibBaghdadi.MuttafiqWaMuftariq,1,120
Shamela0009082,0385Daraqutni.CilalWarida,1,152
Shamela0009091,0768Yafici.MiratJinan,3,602
Shamela0009096,0515IbnHibatAllah.MajmucLatif,1,178
Shamela0009200,0418HibatAllahLalikai.SharhUsulIctiqad,3,623
Shamela0009222,0604AbuDharrKhushani.ImlaMukhtasar,1,223
Shamela0009241,0774IbnKathir.FusulMinSira,7,1101
Shamela0009242,1250Shawkani.NaylAwtar,14,1876
Shamela0009270,0458Bayhaqi.AsmaWaSifat,2,279
Shamela0009305,0325IbnCabdSamadBaghdadi.Amali,1,164
Shamela0009329,0911Suyuti.TadribRawi,1,152
Shamela0009384,0620IbnQudamaMaqdisi.RiqqaWaBuka,1,135
Shamela0009429,0821Qalqashandi.SubhAcsha,3,489
Shamela0009567,0807NurDinHaythami.GhayatMaqsad,7,1028
Shamela0009607,1206Muradi.SilkDurar,1,145
Shamela0009627,0973CabdWahhabShacrani.LawaqihAnwar,1,118
Shamela0009642,0543IbnIbrahimHamadhaniJurqani.Abatil,2,356
Shamela0009697,0256Bukhari.KhalqAfcal,1,165
Shamela0009701,0953IbnTulun.IclamSailin,2,201
Shamela0009702,0676Nawawi.TahdhibAsma,18,3655
Shamela0009728,0456IbnHazm.JawamicSira,3,257
Shamela0009752,1331IbnAmirCabdQadirJazairi.NukhbatCiqd,2,365
Shamela0009768,0450AbuHasanMawardi.AclamNubuwwa,4,869
Shamela0009770,0634AbuRabicHimyari.Iktifa,30,5661
Shamela0009773,0279Baladhuri.AnsabAshraf,10,1775
Shamela0009783BK1,0310Tabari.Tarikh,24,4008
Shamela0009783BK4,0310Tabari.MuntakhabMinDhayl,5,1326
Shamela0009790,0789IbnMuhammadKhuzaci.TakhrijDalalat,8,1141
Shamela0009795,0930IbnCumarBahraqHadrami.HadaiqAnwar,4,855
Shamela0009804,1304CabdHayyLaknawi.TacliqMumajjad,1,202
Shamela0009808,0282IbnAbiUsamaTamimi.Cawali,1,194
Shamela0009810,1138IbnCabdHadiNurDinSindi.HashiyaCalaIbnMajah,2,327
Shamela0009823,0956IbnCumarShamsDinSafiri.MajalisWacziyya,8,1714
Shamela0009855,0434IbnAhmadHarawi.Masmucat,1,134
Shamela0009856,0817MajdDinFiruzabadi.BasairDhawiTamyiz,1,91
Shamela0009862,0151IbnIshaq.Sira,5,1148
Shamela0009873,1044IbnBurhanDinHalabi.SiraHalabiyya,36,5859
Shamela0009898,0354IbnHibbanBusti.Sira,11,2237
Shamela0009918,1014MullaCaliQari.SharhShifa,13,2150
Shamela0009978,0774IbnKathir.TuhfatTalib,1,145
Shamela0010283,0733Nuwayri.NihayatArab,58,9620
Shamela0010322,0761IbnKaykaldiCalai.Tanbihat,1,154
Shamela0010447,0705SharafDinDimyatti.ArbacunaAbdal,1,208
Shamela0010480,0643DiyaDinMuqaddasi.AhadithMukhatara,2,407
Shamela0010496,0584IbnMunqidhShayzari.LubabAdab,1,116
Shamela0010512,0940IbnQasimMuhyiDinAmasi.RawdAkhyar,1,120
Shamela0010517,1450MusaCaffana.Fatawa,6,771
Shamela0010529,0395AbuHilalCaskari.Awail,2,282
Shamela0010532,0335Suli.AkhbarRadi,1,124
Shamela0010549,0792SadrDinIbnAbiCizzAdhraci.SharhCaqidaTahawiyya,1,108
Shamela0010637,0430AbuNucaymIsbahani.DalailNubuwwa,16,3042
Shamela0010639,0676Nawawi.Adhkar,1,106
Shamela0010646,0562IbnHamdun.TadhkiraHamduniyya,2,383
Shamela0010657,0744IbnCabdHadi.TanqihTahqiq,2,345
Shamela0010664,0808MuhammadDamiri.HayatHayawanKubra,8,1445
Shamela0010695,0463IbnCabdBarr.Durar,4,739
Shamela0010739,1307Qannawji.LuqtatCajlan,1,90
Shamela0010803,0510IbnMascudBaghawi.AnwarFiShamailNabi,13,2400
Shamela0010806,0380Khalidiyyan.AshbahWaNazair,1,81
Shamela0010826,0761IbnKaykaldiCalai.BughyatMultamis,1,166
Shamela0010835,0492AbuHasanKhulci.Fawaid,1,204
Shamela0010895,1244IbnHamadAlMucammar.MinhatQaribMujib,2,507
Shamela0010906,0748Dhahabi.SiyarAclamNubala,39,6410
Shamela0011036,0806IbnHusaynZaynDinCiraqi.TarhTarthib,6,786
Shamela0011092,1014MullaCaliQari.TasliyyatAcma,1,219
Shamela0011099,1206IbnCabdWahhab.TafsirAyatMinQuran,1,110
Shamela0011146,1242IbnMuhammadIbnCabdWahhabNajdi.JawabAhlSunna,1,108
Shamela0011363,0795IbnRajabHanbali.LataifMacarif,1,128
Shamela0011385,0742Mizzi.TuhfatAshraf,2,326
Shamela0011406,0737IbnMuhammadIbnHajjFasi.Madkhal,1,201
Shamela0011428,0762IbnYusufZaylaci.NasbRaya,2,287
Shamela0011435,0790IbnMusaGharnatiShatibi.Muwafaqat,1,122
Shamela0011437,1250Shawkani.IrshadFuhul,1,209
Shamela0011468BK2,0957ShihabDinRamli.HashiyaCalaAsnaMatalib,1,199
Shamela0011484,0739SafiDinHanbali.Marasid,1,146
Shamela0011492,0624IbnIbrahimBahaDinMuqaddasi.HadithCisaIbnMaryam,1,155
Shamela0011498,0756TaqiDinSubki.Fatawa,1,130
Shamela0011566,0845Maqrizi.Mawaciz,2,218
Shamela0011682,0776LisanDinIbnKhatib.Ihata,1,96
Shamela0011686,0347IbnYunusSadafi.Tarikh,1,158
Shamela0011728,0911Suyuti.Itqan,2,287
Shamela0011766,0292Bahshal.TarikhWasit,2,314
Shamela0011789,0615MuwaffaqDinShafici.MurshidZuwwar,1,149
Shamela0011809,0709IbnAbiFathShamsDinBacli.MatlacCalaAbwabMuqnic,1,250
Shamela0011816,0803IbnMusaJamalDinMalati.MuctasarMinMukhtasar,2,300
Shamela0011997,0911Suyuti.TarikhKhulafa,7,1007
Shamela0012002,0668IbnHusaynJacfariHashimi.Takhjil,4,890
Shamela0012014,0676Nawawi.RiyadSalihin,6,807
Shamela0012027,1326IbnMuhammadHindiSahsayani.SiyanatInsan,3,635
Shamela0012031,0597IbnJawzi.SifatSafwa,8,1349
Shamela0012129,0276IbnQutaybaDinawari.Macarif,2,238
Shamela0012205,0245MuhammadIbnHabib.Muhabbar,1,186
Shamela0012220,0852IbnHajarCasqalani.ItrafMusnadMuctali,3,384
Shamela0012289,0580IbnCimrani.InbaFiTarikhKhulafa,1,120
Shamela0012293,1421MuhammadCuthaymin.MajmucFatawa,5,724
Shamela0012318,0400IbnTahirMaqdisi.BadWaTarikh,1,181
Shamela0012320,0808IbnKhaldun.Tarikh,2,162
Shamela0012396,0421Miskawayh.Tajarib,2,259
Shamela0012398,1089IbnCimad.Shadharat,6,966
Shamela0012399,1450CabdKarimKhudayr.SharhMuwattaMalik,5,673
Shamela0012402,1408CumarKahhala.MucjamQabail,1,179
Shamela0012403,0277IbnSufyanFasawi.MacrifaWaTarikh,1,140
Shamela0012406,0597IbnJawzi.Muntazam,41,6556
Shamela0012579,0365IbnCadiJurjani.KamilFiDucafa,1,128
Shamela0012703,0794BadrDinZarkashi.IjabaLiIrad,1,135
Shamela0012715,0732AbuFida.MukhtasarFiAkhbar,1,133
Shamela0012722,0726Yunini.DhaylMiratZaman,1,105
Shamela0012750,0571IbnCasakir.MucjamShuyukh,2,291
Shamela0012824,0911Suyuti.UnmudhajLabib,1,235
Shamela0012845,0578IbnBashkuwal.Mustaghithin,1,159
Shamela0012848,0280IbnTayfur.BallaghatNisa,2,567
Shamela0012862,0807NurDinHaythami.KashfAstar,1,122
Shamela0012884,0911Suyuti.DurrManthur,15,2961
Shamela0012935,1369MuhammadRida.Muhammad,19,2690
Shamela0012981,0292AbuBakrBazzar.BahrZakhkhar,3,612
Shamela0012991,0256Bukhari.AdabMufrad,1,193
Shamela0013027,0243HannadIbnSari.Zuhd,1,109
Shamela0013034,0444AbuCamrDani.SunanWarida,2,233
Shamela0013035,0360AbuBakrAjurri.Sharica,4,990
Shamela0013066,0335IbnKulaybShashi.Musnad,1,180
Shamela0013068,0360Tabarani.MucjamSaghir,1,153
Shamela0013073,0338AbuJacfarNahhas.NasikhWaMansukh,1,247
Shamela0013178,0351IbnQanic.MucjamSahaba,1,140
Shamela0021476,0387IbnSamcunBaghdadi.Amali,1,104
Shamela0021479,0381AbuQasimJawhari.MusnadMuwatta,2,292
Shamela0021481,0395IbnMandahMuhammad.MacrifatSahaba,3,408
Shamela0021493,0535QawwamSunna.SiyarSalaf,3,490
Shamela0021495,0204Shafici.Musnad,1,164
Shamela0021525,1346LuisShikhuYasuci.ShucaraNasraniyya,1,113
Shamela0021547,0864IbnAhmadJalalDinMahalli.SharhWaraqatFiUsulFiqh,1,103
Shamela0021550,0806IbnHusaynZaynDinCiraqi.Mughni,1,107
Shamela0021598,1204SulaymanJamal.Hashiya,3,454
Shamela0021599,1221IbnMuhammadBujayrimiMisri.TuhfatHabib,1,160
Shamela0021605,0879IbnMuhammadIbnAmirHajj.TaqrirWaTahbir,1,275
Shamela0021623,0957ShihabDinRamli.FatawaRamli,1,116
Shamela0021642,1051IbnYunusBuhutiHanbali.KashshafQinac,1,158
Shamela0021654,1156IbnMuhammadAbuSacidKhadimi.BariqaMahmudiyya,2,427
Shamela0021659,0911Suyuti.SahihWaDacif,3,461
Shamela0021660,1031CabdRaufMunawi.FaydQadir,5,766
Shamela0021677,1243IbnSacdRahyabaniSuyuti.MatalibUliNuha,3,370
Shamela0021693,1051IbnYunusBuhutiHanbali.SharhMuntahaIradat,1,129
Shamela0021713,0751IbnQayyimJawziyya.ZadMacad,23,4001
Shamela0021715,0923AhmadQastallani.IrshadSari,52,9253
Shamela0021721,0558IbnAbiKhayrCimraniYamani.BayanFiMadhhabShafici,1,141
Shamela0021723,0911Suyuti.HawiLiFatawi,2,202
Shamela0021735,0520IbnRushdJadd.Muqaddimat,1,135
Shamela0021743,0772ShamsDinHanbaliZarqashi.SharhCalaMukhtasarKhiraqi,1,149
Shamela0021744,0861IbnHumam.FathQadir,2,352
Shamela0021751,0520IbnRushdJadd.BayanWaTahsil,5,664
Shamela0021765,0840ShihabDinBusiri.IthafKhayra,6,1033
Shamela0021766,1225ThanaAllahPanipati.TafsirMazhari,21,3880
Shamela0021809,0774IbnKathir.JamicMasanid,15,2762
Shamela0021821,0468IbnAhmadWahidiNaysaburi.WasitFiTafsir,2,467
Shamela0022547,0321Tahawi.SharhMushkilAthar,8,1322
Shamela0022579,0272IbnIshaqFakihi.AkhbarMakka,2,596
Shamela0022593,0437MakkiIbnHammushQaysi.Hidaya,2,330
Shamela0022657,0267HammadIbnIshaq.TarikatNabi,1,156
Shamela0022721,1308IbnKhalilHindiCuthmani.IzharHaqq,1,280
Shamela0022769,1316IbnCumarBantaniJawi.MarahLabid,1,232
Shamela0022797,0728IbnTaymiyya.JamicMasail,2,404
Shamela0022848,0748Dhahabi.TanqihTahqiq,1,141
Shamela0022868,0584IbnMusaHazimi.IctibarFiNasikhWaMansukh,1,196
Shamela0022881,0450AbuHasanMawardi.AhkamSultaniyya,1,128
Shamela0022882,0761IbnKaykaldiCalai.ItharatFawaid,3,699
Shamela0023100,0317AbuQasimBaghawi.MucjamSahaba,5,1069
Shamela0023163,0633IbnHasanIbnDihyaKalbi.AdaMaWajaba,1,111
Shamela0023578,0427AbuIshaqThaclabi.KashfWaBayan,10,1981
Shamela0023587,0338AbuJacfarNahhas.IcrabQuran,1,93
Shamela0023591,0745AbuHayyanGharnati.TafsirBahrMuhit,2,313
Shamela0023593,0553BayanHaqqNaysaburi.IjazBayan,2,302
Shamela0023614,0150MuqatilIbnSulayman.TafsirMuqatil,1,127
Shamela0023623,1250Shawkani.FathQadir,6,1363
Shamela0023628,0741KhazinBaghdadi.LubabTawil,16,2689
Shamela0023632,0541IbnCatiyyaAndalusi.MuharrarWajiz,1,120
Shamela0023644,0407IbnMuhammadKharkushi.SharafMustafa,40,5964
Shamela0023645,0544QadiCiyad.ShifaBiTacrif,14,3071
Shamela0023647,0279Tirmidhi.ShamailMuhammadiyya,1,296
Shamela0023675,1132IbnAhmadAbuMadyanFasi.MustacdhabIkhbar,4,676
Shamela0023680,0207Waqidi.Maghazi,6,900
Shamela0023685,0923AhmadQastallani.MawahibLaduniyya,159,30605
Shamela0023695,0911Samhudi.WafaWafa,13,2397
Shamela0023700,0630IbnAthirCizzDin.UsdGhaba,27,3968
Shamela0023718,0346Mascudi.TanbihWaIshraf,2,194
Shamela0023735,0626YaqutHamawi.MucjamBuldan,3,428
Shamela0023777,1450CabdKarimKhudayr.SharhSunanTirmidhi,1,92
Shamela0023789,0328IbnCabdRabbihi.CiqdFarid,5,596
Shamela0023833,0213IbnHisham.SiraNabawiyya,32,5305
Shamela0023849,0487AbuCubaydBakri.MasalikWaMamalik,1,108
Shamela0025794,0241IbnHanbal.Musnad,20,3194
Shamela0025800,0606IbnAthirMajdDin.MucjamJamic,35,5677
Shamela0025841,0748Dhahabi.CibarFiKhabar,3,691
Shamela0026324,0852IbnHajarCasqalani.IthafMahara,3,355
Shamela0026366,0613AbuYumnKindi.CawaliMalik,1,212
Shamela0026389,0771TajDinSubki.MucjamShuyukh,1,139
Shamela0026430,0353IbnHarunDimashqi.SifatNabi,3,541
Shamela0026484,0645TilimsaniBurri.Jawhara,12,1721
Shamela0026507,0409CabdGhaniAzdi.Ghawamis,1,177
Shamela0026554,0643DiyaDinMuqaddasi.SifatNabi,1,307
Shamela0026560,0636IbnYusufBirzaliIshbili.SulukTariqSalaf,1,210
Shamela0026568,1122MuhammadZurqani.SharhCalaMawahib,149,29280
Shamela0026662,0642IbnNajjar.DurraThamina,1,149
Shamela0026668,0313IbnIshaqSarraj.Musnad,3,583
Shamela0026722,0701SharafDinYunini.Mashyakha,2,539
Shamela0026731,0816AbuBakrMaraghi.Mashyakha,3,1313
Shamela0026764,0686AbuYamanIbnCasakir.IthafZair,1,418
Shamela0028107,0179MalikIbnAnas.Muwatta,4,733
Shamela0028453,0256ZubayrIbnBakkar.AkhbarMuwaffaqiyyat,2,179
Shamela0028925,0360Tabarani.HadithDabb,3,522
Shamela0029677,0840IbnWazirYamani.CawasimWaQawasim,2,310
Shamela0029743,0905IbnCabdRahmanIjiShafici.Tafsir,1,231
Shamela0029751,0426IbnAhmadIbnShadhan.Juz,2,407
Shamela0029779,0359AbuBakrNasibi.Fawaid,1,180
Shamela0029867,0360AbuBakrAnbari.Hadith,1,121
Shamela0029937,0643DiyaDinMuqaddasi.ManaqibJacfarIbnAbiTalib,1,100
Shamela0029967,1450MuhammadCijajKhatib.AbuHurayra,1,175
Shamela0029988,0496IbnNajahAndalusi.MukhtasarTabyin,1,203
Shamela0030327,0733IbnJamacaBadrDinHamawi.Mashyakha,3,730
Shamela0030358,0909IbnMabrid.IkhtilafBaynaRuwatBukhari,1,118
Shamela0030435,0413IbnTalhaNaccali.Fawaid,2,285
Shamela0030592Vols,0492AbuHasanKhulci.Khulciyyat,1,204
Shamela0031372,0911Samhudi.KhulasatWafa,4,781
Shamela0031382,0821Qalqashandi.NihayatArab,1,106
Shamela0031457,1206IbnCabdWahhab.MukhtasarZadMacad,4,841
Shamela0035100,0748Dhahabi.TarikhIslam,38,6309
Shamela0036357,0852IbnHajarCasqalani.LisanMizan,1,139
Shamela0036446,1094IbnSulaymanRudani.JamcFawaid,16,2995
Shamela0036506,0535QawwamSunna.IcrabQuran,2,217
Shamela0036515,0762MughultayIbnQilij.IkmalTahdhib,1,301
Shamela0036543,1250Shawkani.FathRabbaniMinFatawa,3,386
Shamela0036569,1292IbnIbrahimMaghribi.QurratCaynBiFatawa,1,122
Shamela0037063,1372KurdCali.KhitatSham,1,97
Shamela0037325,1450Maghrawi.MawsucatMawaqifSalaf,3,488
Shamela0037458,1307Qannawji.FathBayan,4,760
Shamela0037713,0716NajmDinTufi.Intisarat,1,116
Shamela0037834,0224QasimIbnSallam.NasikhWaMansukh,1,105
Shamela0037837,0435MuhallabAndalusi.MukhtasarNasih,13,2099
Shamela0038160,0550IbnNasirAbuFadlSallami.TanbihCalaAlfaz,1,227
Shamela0095735,0795IbnRajabHanbali.MajmucRasail,1,269
Shamela0095829,0911Suyuti.ManahilSafa,1,154
Shamela0096178,1450MuhammadCijajKhatib.SunnaQablaTadwin,1,154
Shamela0096239,1041BurhanDinMaliki.BahjaMahafil,1,335
Shamela0096283,0893IbnAhmadZaynDinSharji.TajridSarih,15,2437
Shamela0096551,0804IbnMulaqqin.MustadrakDhahabi,1,113
Shamela0096878,0844ShamsDinMisri.MiftahSacidiyya,2,455
Shamela0117359,0275AbuDawudSijistani.Sunan,5,740
Shamela9007669,1360IbnQasimMakhluf.ShajaratNur,1,115
Shia000007,0413ShaykhMufid.MasailSarwiyya,1,88
Shia000163VolsBK2,0966ShahidThani.MasalikAfham,1,169
Shia000317Vols,1266MuhammadHasanNajafiJawahiri.JawahirKalam,1,175
Shia000820Vols,0204Shafici.Umm,4,599
Shia000841Vols,0676Nawawi.Majmuc,2,287
Shia001148,0381IbnBabawayhSaduq.MacaniAkhbar,1,143
Shia001174Vols,1081MuhammadSalihMazandarani.SharhUsulKafi,5,649
Shia001187Vols,1104IbnHasanHurrCamili.WasailShica,1,165
Shia001285,0400IbnJarirTabariSaghir.Mustarshid,1,183
Shia001341,0560IbnHamzaTusi.ThaqibFiManaqib,1,172
Shia001344Vols,0573IbnHibatAllahQutbDinRawandi.Kharaij,2,350
Shia001349Vols,0588IbnShahrAshub.ManaqibAlAbiTalib,2,254
Shia001353,0600IbnHasanIbnBitriq.Cumda,2,313
Shia001368,0664IbnTawus.TaraifFiMacrifatMadhahib,1,132
Shia001369,0664IbnTawus.MujtanaMinDucaMujtaba,1,168
Shia001373,0664IbnTawus.SacdSucud,1,190
Shia001395Vols,0910IbnAbiJumhurAhsai.CawaliLaali,1,172
Shia001404,1019NurAllahTustari.SawarimMuhraqa,1,193
Shia001421Vols,1107HashimBahrani.HilyatAbrar,2,298
Shia001423Vols,1107HashimBahrani.MadinatMacajiz,2,354
Shia001432Vols,1111Majlisi.BiharAnwar,25,4187
Shia001551,1121Mahuzi.Arbacuna,1,164
Shia001553,1200HaydarCaliIbnMuhammadShirwani.ManaqibAhlBayt,1,139
Shia001615Vols,1405CaliShahrudi.MustadrakSafinatBihar,3,342
Shia001626Vols,1450MurtadaCaskari.AhadithCaisha,5,829
Shia001657Vols,1450MurtadaCaskari.CabdAllahIbnSaba,1,211
Shia001663Vols,1450MurtadaCaskari.MacalimMadrasatayn,2,364
Shia001731Vols,0273IbnMaja.Sunan,2,366
Shia001764Vols,0676Nawawi.MinhajFiSharhMuslim,12,2060
Shia001782Vols,0807NurDinHaythami.MajmacZawaid,18,3110
Shia001913Vols,0238IbnRahawayh.Musnad,2,402
Shia001919,0246AhmadDawraqi.MusnadSacdIbnAbiWaqqas,1,209
Shia001949,0282IbnAbiUsamaTamimi.BughyaBahith,1,177
Shia001960,0287IbnAbiCasim.Sunna,1,147
Shia001976Vols,0307AbuYaclaMawsili.Musnad,8,1034
Shia002003Vols,0321Tahawi.SharhMacaniAthar,3,652
Shia002009,0330IbnIsmacilMahamili.Amali,1,103
Shia002032,0360Tabarani.AhadithTiwal,2,498
Shia002034Vols,0360Tabarani.MucjamAwsat,3,525
Shia002066,0360Tabarani.Awail,1,105
Shia002117,0463IbnCabdBarr.InbahCalaQabail,2,391
Shia002119Vols,0463IbnCabdBarr.IstidhkarJamic,3,642
Shia002175,0360Ramhurmuzi.AmthalHadith,1,120
Shia002183,0620IbnQudamaMaqdisi.Tawwabin,1,234
Shia002185Vols,0656IbnAbiHadid.SharhNahjBalagha,1,196
Shia002218Vols,0762IbnYusufZaylaci.TakhrijAhadith,8,1493
Shia002231Vols,0807NurDinHaythami.MawaridZaman,4,558
Shia002242,0852IbnHajarCasqalani.QawlMusaddad,1,138
Shia002261Vols,0911Suyuti.JamicSaghir,1,164
Shia002265Vols,0975MuttaqiHindi.KanzCummal,23,3715
Shia002294Vols,1162IbnMuammadAbuFidaCajluni.KashfKhafa,3,578
Shia002298,1345IbnJacfarKattani.NazmMutanathir,2,292
Shia002341Vols,0460ShaykhTusi.Tibyan,1,191
Shia002356Vols,0548IbnHasanTabarsi.TafsirJawamicJamic,1,93
Shia002359Vols,0548IbnHasanTabarsi.TafsirMajmacBayan,4,667
Shia002406Vols,1402SayyidTabatabai.TafsirMizan,5,1039
Shia002550Vols,0480IbnAhmadHakimHaskani.ShawahidTanzil,1,87
Shia002616Vols,0671AbuCabdAllahQurtubi.JamicLiAhkamQuran,29,4680
Shia002669,0911Suyuti.TafsirJalalayn,2,447
Shia002702Vols,1270ShihabDinAlusi.RuhMacani,9,1745
Shia002942,0741KhatibTabrizi.Ikmal,1,163
Shia002992Vols,1413TajDinKhui.MucjamRijal,1,268
Shia003021,1450MuhammadJawahiri.MufidMinMucjamRijal,1,167
Shia003026Vols,1424MuhammadCaliAbtahi.TahdhibMaqal,1,131
Shia003153,0511IbnMandahYahya.JuzFihiDhikr,2,273
Shia003348,0871IbnFahdMakki.LahzAlhaz,1,179
Shia003444,0700IbnAbiBakrAnsariBurri.JawharaFiNasab,1,132
Shia003461Vols,0262CumarIbnShabba.TarikhMadina,3,432
Shia003470,0228IbnHammadKhuzaci.Fitan,1,128
Shia003636Vols,1371MuhsinAminCamili.AcyanShica,14,2218
Shia003656Vols,1450MuhammadHadiYusufi.MawsucatTarikhIslam,10,1585
Shia003691,0494HakimJushami.TanbihGhafilin,1,87
Shia003695Vols,0548IbnHasanTabarsi.IclamWara,4,492
Shia003697,0568MuwaffaqKhwarazmi.Manaqib,2,299
Shia003701,0606FakhrDinRazi.CismatAnbiya,1,216
Shia003702,0652IbnTalhaKamalDinNasibi.MatalibSaul,2,301
Shia003704,0664IbnHatimCamiliShami.DurrNazim,1,148
Shia003707Vols,0693IbnAbiFathIrbili.KashfGhumma,1,173
Shia003721Vols,0774IbnKathir.QisasAnbiya,1,210
Shia003727Vols,0855IbnSabbaghMakki.FusulMuhimma,1,90
Shia003729Vols,0871IbnAhmadShamsDinBacuni.JawahirMatalib,3,424
Shia003732Vols,0942IbnYusufShami.SubulHuda,143,23504
Shia003752Vols,1313MuhammadBaqirKajuri.KhasaisFatimiyya,1,218
Shia003754Vols,1294IbnIbrahimQunduzi.YanabicMawadda,3,509
Shia003764Vols,1359CabbasQummi.Kuna,1,126
Shia003895Vols,0224QasimIbnSallam.GharibHadith,2,226
Shia003923Vols,0606IbnAthirMajdDin.NihayaFiGharib,2,225
Shia003957Vols,0817MajdDinFiruzabadi.QamusMuhit,1,112
Shia003961Vols,1085FakhrDinTurayhi.MajmacBahrayn,1,111
Shia003965Vols,1205MurtadaZabidi.TajCarus,4,487
Shia004030Vols,1107HashimBahrani.GhayatMaram,3,310
Shia004092Vols,1411SayyidMarcashi.SharhIhqaq,31,4543
Shia004266Vols,1450Milani.TashyidMurajacat,1,156
Tafsir02091,0360Tabarani.TafsirKabir,3,589
Tafsir02096,1241IbnMuhammadKhalwatiSawi.HashiyaCalaTafsirJalalayn,5,1097
Tafsir02100,0303Nasai.Tafsir,1,266
Tafsir03092,0437IbnHammushQayruwani.Hidaya,2,340
Tafsir04042,1350SultanCaliShahGanabadhi.TafsirBayanSacada,1,85
Tafsir06049,1332QutbAtfayyish.HamayanZad,19,3387
Tafsir07055,1393MuhammadAminShanqiti.AdwaBayan,1,181
Tafsir08090,0745AbuHayyanGharnati.TafsirNahrMadd,2,342
Tafsir09050,1332QutbAtfayyish.TaysirTafsir,3,511
Tafsir09068,1404IbrahimQattan.TaysirTafsir,3,452
Tafsir09083,1450MuhammadCaliSabuni.SafwatTafasir,3,565
Tafsir09084,1450MuhammadCaliSabuni.MukhtasarTafsirIbnKathir,12,2303
Tafsir09085,1450MuhammadCaliSabuni.TafsirAyatAhkam,1,120
Tafsir10098,1376CabdRahmanSacdi.TaysirKarimRahman,1,259
Zaydiyya0000013,0430MuwaffaqHusaynJurjani.Ictibar,1,79
Zaydiyya0000015,1407CaliIbnMuhammadCujri.MiftahSacada,1,125
Zaydiyya0000035,1111IbnNasirMuhalla.MatmahAmal,1,160
Zaydiyya0000037Vols,1055AhmadSharafi.AliMudia,11,1728
Zaydiyya0000062,0810IbnHadi.JawharShaffaf,1,159
Zaydiyya0000063,0839MahdiAhmadIbnYahya.BahrZakhkhar,6,1452
Zaydiyya0000067,1450QasimIbnAhmadHusayni.MansubatWaMandubat,1,168
Zaydiyya0000077Vols,0614MansurCabdAllah.Majmuc,1,122
Zaydiyya0000087,0353AbuCabbasHasani.Masabih,2,449
Zaydiyya0000098,1428MajdDinMuayyadi.LawamicAnwar,1,177
Zaydiyya0000133,1269MansurAhmad.SafinaMunajjiya,1,139
Zaydiyya0000142,1390CabdHusaynAmini.Ghadir,5,584
Zaydiyya0000161,1377SharafDinCamili.NassWaIjtihad,1,96
Zaydiyya0000162,0749MuayyadYahya.Intisar,1,113
Zaydiyya0000185,1450MuhammadTijaniSamawi.ThummaIhtadayt,1,133
Zaydiyya0000265,0900ImamHadiCizzDinIbnHasan.MicrajIlaKashfAsrar,1,132
Zaydiyya0000288,1450Anonymous.AnwarYaqin,1,146
Zaydiyya0000295Vols,1062CabdAllahSharafi.MasabihSatica,1,208
Zaydiyya0000342,0499MurshidYahyaIbnShajari.Amali,1,125
Zaydiyya0000373Vols,0728IbnMutahharZaydi.CuqudCiqyan,2,286
Zaydiyya0000379,1317KhayrDinAlusi.JalaCaynayn,1,114
Zaydiyya0000398,1190IbnQasimShuhari.BulughArab,1,171
Zaydiyya0000405,1372AhmadIbnMuhammadRahuni.RafcKhasasa,2,176
Zaydiyya0000407,1097CaliIbnSalahIbnCaliTabari.Kafil,1,137
Zaydiyya0000454,1450MuhammadSadiqNajmi.AdwaCalaSahihayn,1,220
Zaydiyya0000457,0411MuayyadAhmad.Tabsira,1,109
Zaydiyya0000461,1431BadrDinHuthi.GharaSarica,5,824
Zaydiyya0000468,1431BadrDinHuthi.ZiyaratQubur,1,109
eScr20112411,0709IbnCataAllahSikandari.TanwirFiIsqatTadbir,1,105