id,book,alignments,ch_match
Hindawi048608631,1450MarwaCabdFattahShahata.AsrarMuclana,1,116